#Parameters = {d=0.23881909547739; l2=4.7763819095477; lambda=9.5527638190955; r=0.032183261306533}
#"Frequency / GHz"	"S1,1 (lambda=9.55276) [Re]"	"S1,1 (lambda=9.55276) [Im]"	"Ref.Imp. [Re]"	"Ref.Imp. [Im]"
#-----------------------------------------------------------------------------------------------------------
25.000000000000	0.20114395022392	-0.55159878730774	65.000000000000	0.00000000000000
25.010000228882	0.19959509372711	-0.55061775445938	65.000000000000	0.00000000000000
25.020000457764	0.19804769754410	-0.54962974786758	65.000000000000	0.00000000000000
25.030000686646	0.19650167226791	-0.54863494634628	65.000000000000	0.00000000000000
25.040000915527	0.19495688378811	-0.54763305187225	65.000000000000	0.00000000000000
25.049999237061	0.19341379404068	-0.54662412405014	65.000000000000	0.00000000000000
25.059999465942	0.19187192618847	-0.54560834169388	65.000000000000	0.00000000000000
25.069999694824	0.19033180177212	-0.54458534717560	65.000000000000	0.00000000000000
25.079999923706	0.18879322707653	-0.54355531930923	65.000000000000	0.00000000000000
25.090000152588	0.18725639581680	-0.54251831769943	65.000000000000	0.00000000000000
25.100000381470	0.18572117388248	-0.54147416353226	65.000000000000	0.00000000000000
25.110000610352	0.18418762087822	-0.54042297601700	65.000000000000	0.00000000000000
25.120000839233	0.18265579640865	-0.53936475515366	65.000000000000	0.00000000000000
25.129999160767	0.18112593889236	-0.53829926252365	65.000000000000	0.00000000000000
25.139999389648	0.17959789931774	-0.53722673654556	65.000000000000	0.00000000000000
25.149999618530	0.17807154357433	-0.53614711761475	65.000000000000	0.00000000000000
25.159999847412	0.17654731869698	-0.53506028652191	65.000000000000	0.00000000000000
25.170000076294	0.17502503097057	-0.53396636247635	65.000000000000	0.00000000000000
25.180000305176	0.17350493371487	-0.53286516666412	65.000000000000	0.00000000000000
25.190000534058	0.17198684811592	-0.53175681829453	65.000000000000	0.00000000000000
25.200000762939	0.17047078907490	-0.53064137697220	65.000000000000	0.00000000000000
25.209999084473	0.16895709931850	-0.52951866388321	65.000000000000	0.00000000000000
25.219999313354	0.16744552552700	-0.52838879823685	65.000000000000	0.00000000000000
25.229999542236	0.16593633592129	-0.52725166082382	65.000000000000	0.00000000000000
25.239999771118	0.16442939639091	-0.52610737085342	65.000000000000	0.00000000000000
25.250000000000	0.16292496025562	-0.52495574951172	65.000000000000	0.00000000000000
25.260000228882	0.16142278909683	-0.52379697561264	65.000000000000	0.00000000000000
25.270000457764	0.15992324054241	-0.52263092994690	65.000000000000	0.00000000000000
25.280000686646	0.15842609107494	-0.52145773172379	65.000000000000	0.00000000000000
25.290000915527	0.15693159401417	-0.52027714252472	65.000000000000	0.00000000000000
25.299999237061	0.15543983876705	-0.51908940076828	65.000000000000	0.00000000000000
25.309999465942	0.15395058691502	-0.51789438724518	65.000000000000	0.00000000000000
25.319999694824	0.15246413648129	-0.51669210195541	65.000000000000	0.00000000000000
25.329999923706	0.15098057687283	-0.51548254489899	65.000000000000	0.00000000000000
25.340000152588	0.14949963986874	-0.51426571607590	65.000000000000	0.00000000000000
25.350000381470	0.14802168309689	-0.51304173469543	65.000000000000	0.00000000000000
25.360000610352	0.14654669165611	-0.51181042194366	65.000000000000	0.00000000000000
25.370000839233	0.14507447183132	-0.51057183742523	65.000000000000	0.00000000000000
25.379999160767	0.14360560476780	-0.50932598114014	65.000000000000	0.00000000000000
25.389999389648	0.14213983714581	-0.50807285308838	65.000000000000	0.00000000000000
25.399999618530	0.14067724347115	-0.50681233406067	65.000000000000	0.00000000000000
25.409999847412	0.13921740651131	-0.50554484128952	65.000000000000	0.00000000000000
25.420000076294	0.13776151835918	-0.50426983833313	65.000000000000	0.00000000000000
25.430000305176	0.13630822300911	-0.50298768281937	65.000000000000	0.00000000000000
25.440000534058	0.13485875725746	-0.50169831514359	65.000000000000	0.00000000000000
25.450000762939	0.13341268897057	-0.50040161609650	65.000000000000	0.00000000000000
25.459999084473	0.13196982443333	-0.49909767508507	65.000000000000	0.00000000000000
25.469999313354	0.13053090870380	-0.49778643250465	65.000000000000	0.00000000000000
25.479999542236	0.12909507751465	-0.49646815657616	65.000000000000	0.00000000000000
25.489999771118	0.12766326963902	-0.49514248967171	65.000000000000	0.00000000000000
25.500000000000	0.12623488903046	-0.49380970001221	65.000000000000	0.00000000000000
25.510000228882	0.12481036782265	-0.49246954917908	65.000000000000	0.00000000000000
25.520000457764	0.12338959425688	-0.49112233519554	65.000000000000	0.00000000000000
25.530000686646	0.12197279930115	-0.48976778984070	65.000000000000	0.00000000000000
25.540000915527	0.12055981904268	-0.48840615153313	65.000000000000	0.00000000000000
25.549999237061	0.11915069818497	-0.48703736066818	65.000000000000	0.00000000000000
25.559999465942	0.11774570494890	-0.48566132783890	65.000000000000	0.00000000000000
25.569999694824	0.11634466052055	-0.48427814245224	65.000000000000	0.00000000000000
25.579999923706	0.11494760960340	-0.48288792371750	65.000000000000	0.00000000000000
25.590000152588	0.11355482786894	-0.48149049282074	65.000000000000	0.00000000000000
25.600000381470	0.11216637492180	-0.48008590936661	65.000000000000	0.00000000000000
25.610000610352	0.11078227311373	-0.47867423295975	65.000000000000	0.00000000000000
25.620000839233	0.10940211266279	-0.47725549340248	65.000000000000	0.00000000000000
25.629999160767	0.10802665352821	-0.47582963109016	65.000000000000	0.00000000000000
25.639999389648	0.10665567964315	-0.47439670562744	65.000000000000	0.00000000000000
25.649999618530	0.10528902709484	-0.47295674681664	65.000000000000	0.00000000000000
25.659999847412	0.10392696410418	-0.47150975465775	65.000000000000	0.00000000000000
25.670000076294	0.10256976634264	-0.47005569934845	65.000000000000	0.00000000000000
25.680000305176	0.10121680051088	-0.46859472990036	65.000000000000	0.00000000000000
25.690000534058	0.099868558347225	-0.46712669730186	65.000000000000	0.00000000000000
25.700000762939	0.098525308072567	-0.46565172076225	65.000000000000	0.00000000000000
25.709999084473	0.097186878323555	-0.46416980028152	65.000000000000	0.00000000000000
25.719999313354	0.095853321254253	-0.46268090605736	65.000000000000	0.00000000000000
25.729999542236	0.094524443149567	-0.46118518710136	65.000000000000	0.00000000000000
25.739999771118	0.093200743198395	-0.45968255400658	65.000000000000	0.00000000000000
25.750000000000	0.091882035136223	-0.45817300677299	65.000000000000	0.00000000000000
25.760000228882	0.090568162500858	-0.45665672421455	65.000000000000	0.00000000000000
25.770000457764	0.089259803295135	-0.45513349771500	65.000000000000	0.00000000000000
25.780000686646	0.087956584990025	-0.45360350608826	65.000000000000	0.00000000000000
25.790000915527	0.086658321321011	-0.45206677913666	65.000000000000	0.00000000000000
25.799999237061	0.085365504026413	-0.45052328705788	65.000000000000	0.00000000000000
25.809999465942	0.084077961742878	-0.44897305965424	65.000000000000	0.00000000000000
25.819999694824	0.082795836031437	-0.44741612672806	65.000000000000	0.00000000000000
25.829999923706	0.081519283354282	-0.44585251808167	65.000000000000	0.00000000000000
25.840000152588	0.080248020589352	-0.44428226351738	65.000000000000	0.00000000000000
25.850000381470	0.078982420265675	-0.44270533323288	65.000000000000	0.00000000000000
25.860000610352	0.077722527086735	-0.44112187623978	65.000000000000	0.00000000000000
25.870000839233	0.076468169689178	-0.43953177332878	65.000000000000	0.00000000000000
25.879999160767	0.075219489634037	-0.43793520331383	65.000000000000	0.00000000000000
25.889999389648	0.073976643383503	-0.43633207678795	65.000000000000	0.00000000000000
25.899999618530	0.072739467024803	-0.43472248315811	65.000000000000	0.00000000000000
25.909999847412	0.071508206427097	-0.43310645222664	65.000000000000	0.00000000000000
25.920000076294	0.070282801985741	-0.43148398399353	65.000000000000	0.00000000000000
25.930000305176	0.069063402712345	-0.42985510826111	65.000000000000	0.00000000000000
25.940000534058	0.067850038409233	-0.42821988463402	65.000000000000	0.00000000000000
25.950000762939	0.066642768681049	-0.42657828330994	65.000000000000	0.00000000000000
25.959999084473	0.065441429615021	-0.42493045330048	65.000000000000	0.00000000000000
25.969999313354	0.064246349036694	-0.42327630519867	65.000000000000	0.00000000000000
25.979999542236	0.063057489693165	-0.42161595821381	65.000000000000	0.00000000000000
25.989999771118	0.061874780803919	-0.41994938254356	65.000000000000	0.00000000000000
26.000000000000	0.060698371380568	-0.41827669739723	65.000000000000	0.00000000000000
26.010000228882	0.059528291225433	-0.41659781336784	65.000000000000	0.00000000000000
26.020000457764	0.058364693075418	-0.41491287946701	65.000000000000	0.00000000000000
26.030000686646	0.057207506150007	-0.41322186589241	65.000000000000	0.00000000000000
26.040000915527	0.056056678295135	-0.41152480244637	65.000000000000	0.00000000000000
26.049999237061	0.054912552237511	-0.40982183814049	65.000000000000	0.00000000000000
26.059999465942	0.053774956613779	-0.40811285376549	65.000000000000	0.00000000000000
26.069999694824	0.052643951028585	-0.40639799833298	65.000000000000	0.00000000000000
26.079999923706	0.051519550383091	-0.40467721223831	65.000000000000	0.00000000000000
26.090000152588	0.050401806831360	-0.40295064449310	65.000000000000	0.00000000000000
26.100000381470	0.049290958791971	-0.40121826529503	65.000000000000	0.00000000000000
26.110000610352	0.048186842352152	-0.39948013424873	65.000000000000	0.00000000000000
26.120000839233	0.047089505940676	-0.39773631095886	65.000000000000	0.00000000000000
26.129999160767	0.045999165624380	-0.39598670601845	65.000000000000	0.00000000000000
26.139999389648	0.044915676116943	-0.39423158764839	65.000000000000	0.00000000000000
26.149999618530	0.043839264661074	-0.39247080683708	65.000000000000	0.00000000000000
26.159999847412	0.042769782245159	-0.39070451259613	65.000000000000	0.00000000000000
26.170000076294	0.041707351803780	-0.38893267512321	65.000000000000	0.00000000000000
26.180000305176	0.040652114897966	-0.38715541362762	65.000000000000	0.00000000000000
26.190000534058	0.039603821933270	-0.38537266850471	65.000000000000	0.00000000000000
26.200000762939	0.038562972098589	-0.38358455896378	65.000000000000	0.00000000000000
26.209999084473	0.037529047578573	-0.38179114460945	65.000000000000	0.00000000000000
26.219999313354	0.036502640694380	-0.37999239563942	65.000000000000	0.00000000000000
26.229999542236	0.035483412444592	-0.37818840146065	65.000000000000	0.00000000000000
26.239999771118	0.034471407532692	-0.37637919187546	65.000000000000	0.00000000000000
26.250000000000	0.033467020839453	-0.37456485629082	65.000000000000	0.00000000000000
26.260000228882	0.032469917088747	-0.37274536490440	65.000000000000	0.00000000000000
26.270000457764	0.031480323523283	-0.37092083692551	65.000000000000	0.00000000000000
26.280000686646	0.030498171225190	-0.36909127235413	65.000000000000	0.00000000000000
26.290000915527	0.029523596167564	-0.36725673079491	65.000000000000	0.00000000000000
26.299999237061	0.028556535020471	-0.36541724205017	65.000000000000	0.00000000000000
26.309999465942	0.027597110718489	-0.36357286572456	65.000000000000	0.00000000000000
26.319999694824	0.026645360514522	-0.36172366142273	65.000000000000	0.00000000000000
26.329999923706	0.025701219215989	-0.35986965894699	65.000000000000	0.00000000000000
26.340000152588	0.024764817208052	-0.35801094770432	65.000000000000	0.00000000000000
26.350000381470	0.023836176842451	-0.35614749789238	65.000000000000	0.00000000000000
26.360000610352	0.022915251553059	-0.35427942872047	65.000000000000	0.00000000000000
26.370000839233	0.022002242505550	-0.35240679979324	65.000000000000	0.00000000000000
26.379999160767	0.021097006276250	-0.35052958130836	65.000000000000	0.00000000000000
26.389999389648	0.020199663937092	-0.34864789247513	65.000000000000	0.00000000000000
26.399999618530	0.019310237839818	-0.34676170349121	65.000000000000	0.00000000000000
26.409999847412	0.018428765237331	-0.34487119317055	65.000000000000	0.00000000000000
26.420000076294	0.017555274069309	-0.34297630190849	65.000000000000	0.00000000000000
26.430000305176	0.016689792275429	-0.34107711911201	65.000000000000	0.00000000000000
26.440000534058	0.015832349658012	-0.33917370438576	65.000000000000	0.00000000000000
26.450000762939	0.014982976019382	-0.33726608753204	65.000000000000	0.00000000000000
26.459999084473	0.014141699299216	-0.33535438776016	65.000000000000	0.00000000000000
26.469999313354	0.013308546505868	-0.33343848586082	65.000000000000	0.00000000000000
26.479999542236	0.012483549304307	-0.33151865005493	65.000000000000	0.00000000000000
26.489999771118	0.011666731908917	-0.32959482073784	65.000000000000	0.00000000000000
26.500000000000	0.010858201421797	-0.32766702771187	65.000000000000	0.00000000000000
26.510000228882	0.010057904757559	-0.32573536038399	65.000000000000	0.00000000000000
26.520000457764	0.0092657934874296	-0.32379984855652	65.000000000000	0.00000000000000
26.530000686646	0.0084820482879877	-0.32186061143875	65.000000000000	0.00000000000000
26.540000915527	0.0077065406367183	-0.31991764903069	65.000000000000	0.00000000000000
26.549999237061	0.0069394498132169	-0.31797099113464	65.000000000000	0.00000000000000
26.559999465942	0.0061807264573872	-0.31602078676224	65.000000000000	0.00000000000000
26.569999694824	0.0054303933866322	-0.31406697630882	65.000000000000	0.00000000000000
26.579999923706	0.0046884031035006	-0.31210970878601	65.000000000000	0.00000000000000
26.590000152588	0.0039550024084747	-0.31014895439148	65.000000000000	0.00000000000000
26.600000381470	0.0032299191225320	-0.30818480253220	65.000000000000	0.00000000000000
26.610000610352	0.0025134726893157	-0.30621737241745	65.000000000000	0.00000000000000
26.620000839233	0.0018053937237710	-0.30424657464027	65.000000000000	0.00000000000000
26.629999160767	0.0011059970129281	-0.30227261781693	65.000000000000	0.00000000000000
26.639999389648	0.00041501611121930	-0.30029544234276	65.000000000000	0.00000000000000
26.649999618530	-0.00026738084852695	-0.29831519722939	65.000000000000	0.00000000000000
26.659999847412	-0.00094110076315701	-0.29633188247681	65.000000000000	0.00000000000000
26.670000076294	-0.0016062632203102	-0.29434555768967	65.000000000000	0.00000000000000
26.680000305176	-0.0022627750877291	-0.29235628247261	65.000000000000	0.00000000000000
26.690000534058	-0.0029106147121638	-0.29036408662796	65.000000000000	0.00000000000000
26.700000762939	-0.0035498300567269	-0.28836911916733	65.000000000000	0.00000000000000
26.709999084473	-0.0041802618652582	-0.28637132048607	65.000000000000	0.00000000000000
26.719999313354	-0.0048020947724581	-0.28437083959579	65.000000000000	0.00000000000000
26.729999542236	-0.0054151704534888	-0.28236767649651	65.000000000000	0.00000000000000
26.739999771118	-0.0060194698162377	-0.28036189079285	65.000000000000	0.00000000000000
26.750000000000	-0.0066151050850749	-0.27835357189178	65.000000000000	0.00000000000000
26.760000228882	-0.0072019235230982	-0.27634277939796	65.000000000000	0.00000000000000
26.770000457764	-0.0077799046412110	-0.27432948350906	65.000000000000	0.00000000000000
26.780000686646	-0.0083491606637836	-0.27231383323669	65.000000000000	0.00000000000000
26.790000915527	-0.0089095421135426	-0.27029591798782	65.000000000000	0.00000000000000
26.799999237061	-0.0094611579552293	-0.26827567815781	65.000000000000	0.00000000000000
26.809999465942	-0.010003987699747	-0.26625323295593	65.000000000000	0.00000000000000
26.819999694824	-0.010537886992097	-0.26422864198685	65.000000000000	0.00000000000000
26.829999923706	-0.011062898673117	-0.26220196485519	65.000000000000	0.00000000000000
26.840000152588	-0.011579068377614	-0.26017320156097	65.000000000000	0.00000000000000
26.850000381470	-0.012086379341781	-0.25814253091812	65.000000000000	0.00000000000000
26.860000610352	-0.012584807351232	-0.25610989332199	65.000000000000	0.00000000000000
26.870000839233	-0.013074276968837	-0.25407540798187	65.000000000000	0.00000000000000
26.879999160767	-0.013554952107370	-0.25203910470009	65.000000000000	0.00000000000000
26.889999389648	-0.014026571996510	-0.25000107288361	65.000000000000	0.00000000000000
26.899999618530	-0.014489360153675	-0.24796135723591	65.000000000000	0.00000000000000
26.909999847412	-0.014943178743124	-0.24591997265816	65.000000000000	0.00000000000000
26.920000076294	-0.015388010069728	-0.24387700855732	65.000000000000	0.00000000000000
26.930000305176	-0.015824012458324	-0.24183255434036	65.000000000000	0.00000000000000
26.940000534058	-0.016250994056463	-0.23978663980961	65.000000000000	0.00000000000000
26.950000762939	-0.016668992117047	-0.23773932456970	65.000000000000	0.00000000000000
26.959999084473	-0.017078049480915	-0.23569063842297	65.000000000000	0.00000000000000
26.969999313354	-0.017478093504906	-0.23364068567753	65.000000000000	0.00000000000000
26.979999542236	-0.017869215458632	-0.23158949613571	65.000000000000	0.00000000000000
26.989999771118	-0.018251344561577	-0.22953714430332	65.000000000000	0.00000000000000
27.000000000000	-0.018624516204000	-0.22748365998268	65.000000000000	0.00000000000000
27.010000228882	-0.018988659605384	-0.22542913258076	65.000000000000	0.00000000000000
27.020000457764	-0.019343864172697	-0.22337360680103	65.000000000000	0.00000000000000
27.030000686646	-0.019690057262778	-0.22131711244583	65.000000000000	0.00000000000000
27.040000915527	-0.020027227699757	-0.21925976872444	65.000000000000	0.00000000000000
27.049999237061	-0.020355455577374	-0.21720159053802	65.000000000000	0.00000000000000
27.059999465942	-0.020674673840404	-0.21514262259007	65.000000000000	0.00000000000000
27.069999694824	-0.020984916016459	-0.21308293938637	65.000000000000	0.00000000000000
27.079999923706	-0.021286163479090	-0.21102261543274	65.000000000000	0.00000000000000
27.090000152588	-0.021578447893262	-0.20896169543266	65.000000000000	0.00000000000000
27.100000381470	-0.021861698478460	-0.20690023899078	65.000000000000	0.00000000000000
27.110000610352	-0.022135999053717	-0.20483827590942	65.000000000000	0.00000000000000
27.120000839233	-0.022401276975870	-0.20277591049671	65.000000000000	0.00000000000000
27.129999160767	-0.022657616063952	-0.20071315765381	65.000000000000	0.00000000000000
27.139999389648	-0.022904941812158	-0.19865007698536	65.000000000000	0.00000000000000
27.149999618530	-0.023143380880356	-0.19658677279949	65.000000000000	0.00000000000000
27.159999847412	-0.023372765630484	-0.19452325999737	65.000000000000	0.00000000000000
27.170000076294	-0.023593220859766	-0.19245958328247	65.000000000000	0.00000000000000
27.180000305176	-0.023804767057300	-0.19039583206177	65.000000000000	0.00000000000000
27.190000534058	-0.024007292464375	-0.18833205103874	65.000000000000	0.00000000000000
27.200000762939	-0.024200906977057	-0.18626827001572	65.000000000000	0.00000000000000
27.209999084473	-0.024385591968894	-0.18420459330082	65.000000000000	0.00000000000000
27.219999313354	-0.024561276659369	-0.18214103579521	65.000000000000	0.00000000000000
27.229999542236	-0.024728111922741	-0.18007768690586	65.000000000000	0.00000000000000
27.239999771118	-0.024885982275009	-0.17801456153393	65.000000000000	0.00000000000000
27.250000000000	-0.025034995749593	-0.17595177888870	65.000000000000	0.00000000000000
27.260000228882	-0.025175116956234	-0.17388932406902	65.000000000000	0.00000000000000
27.270000457764	-0.025306286290288	-0.17182728648186	65.000000000000	0.00000000000000
27.280000686646	-0.025428630411625	-0.16976571083069	65.000000000000	0.00000000000000
27.290000915527	-0.025542084127665	-0.16770467162132	65.000000000000	0.00000000000000
27.299999237061	-0.025646653026342	-0.16564418375492	65.000000000000	0.00000000000000
27.309999465942	-0.025742430239916	-0.16358435153961	65.000000000000	0.00000000000000
27.319999694824	-0.025829372927547	-0.16152518987656	65.000000000000	0.00000000000000
27.329999923706	-0.025907455012202	-0.15946675837040	65.000000000000	0.00000000000000
27.340000152588	-0.025976711884141	-0.15740913152695	65.000000000000	0.00000000000000
27.350000381470	-0.026037219911814	-0.15535236895084	65.000000000000	0.00000000000000
27.360000610352	-0.026088902726769	-0.15329648554325	65.000000000000	0.00000000000000
27.370000839233	-0.026131829246879	-0.15124155580997	65.000000000000	0.00000000000000
27.379999160767	-0.026166031137109	-0.14918765425682	65.000000000000	0.00000000000000
27.389999389648	-0.026191459968686	-0.14713478088379	65.000000000000	0.00000000000000
27.399999618530	-0.026208145543933	-0.14508303999901	65.000000000000	0.00000000000000
27.409999847412	-0.026216138154268	-0.14303247630596	65.000000000000	0.00000000000000
27.420000076294	-0.026215452700853	-0.14098310470581	65.000000000000	0.00000000000000
27.430000305176	-0.026206044480205	-0.13893501460552	65.000000000000	0.00000000000000
27.440000534058	-0.026187984272838	-0.13688825070858	65.000000000000	0.00000000000000
27.450000762939	-0.026161279529333	-0.13484284281731	65.000000000000	0.00000000000000
27.459999084473	-0.026125935837626	-0.13279889523983	65.000000000000	0.00000000000000
27.469999313354	-0.026081979274750	-0.13075637817383	65.000000000000	0.00000000000000
27.479999542236	-0.026029441505671	-0.12871542572975	65.000000000000	0.00000000000000
27.489999771118	-0.025968303903937	-0.12667603790760	65.000000000000	0.00000000000000
27.500000000000	-0.025898622348905	-0.12463828921318	65.000000000000	0.00000000000000
27.510000228882	-0.025820367038250	-0.12260220944881	65.000000000000	0.00000000000000
27.520000457764	-0.025733638554811	-0.12056787312031	65.000000000000	0.00000000000000
27.530000686646	-0.025638399645686	-0.11853530257940	65.000000000000	0.00000000000000
27.540000915527	-0.025534646585584	-0.11650457233191	65.000000000000	0.00000000000000
27.549999237061	-0.025422446429729	-0.11447571218014	65.000000000000	0.00000000000000
27.559999465942	-0.025301802903414	-0.11244878172874	65.000000000000	0.00000000000000
27.569999694824	-0.025172768160701	-0.11042383313179	65.000000000000	0.00000000000000
27.579999923706	-0.025035304948688	-0.10840091109276	65.000000000000	0.00000000000000
27.590000152588	-0.024889497086406	-0.10638006776571	65.000000000000	0.00000000000000
27.600000381470	-0.024735312908888	-0.10436134040356	65.000000000000	0.00000000000000
27.610000610352	-0.024572791531682	-0.10234478861094	65.000000000000	0.00000000000000
27.620000839233	-0.024401953443885	-0.10033045709133	65.000000000000	0.00000000000000
27.629999160767	-0.024222858250141	-0.098318397998810	65.000000000000	0.00000000000000
27.639999389648	-0.024035500362515	-0.096308633685112	65.000000000000	0.00000000000000
27.649999618530	-0.023839890956879	-0.094301238656044	65.000000000000	0.00000000000000
27.659999847412	-0.023636061698198	-0.092296250164509	65.000000000000	0.00000000000000
27.670000076294	-0.023424074053764	-0.090293720364571	65.000000000000	0.00000000000000
27.680000305176	-0.023203885182738	-0.088293686509132	65.000000000000	0.00000000000000
27.690000534058	-0.022975580766797	-0.086296208202839	65.000000000000	0.00000000000000
27.700000762939	-0.022739158943295	-0.084301307797432	65.000000000000	0.00000000000000
27.709999084473	-0.022494636476040	-0.082309052348137	65.000000000000	0.00000000000000
27.719999313354	-0.022242059931159	-0.080319471657276	65.000000000000	0.00000000000000
27.729999542236	-0.021981436759233	-0.078332625329494	65.000000000000	0.00000000000000
27.739999771118	-0.021712822839618	-0.076348543167114	65.000000000000	0.00000000000000
27.750000000000	-0.021436208859086	-0.074367277324200	65.000000000000	0.00000000000000
27.760000228882	-0.021151658147573	-0.072388872504234	65.000000000000	0.00000000000000
27.770000457764	-0.020859183743596	-0.070413358509541	65.000000000000	0.00000000000000
27.780000686646	-0.020558798685670	-0.068440809845924	65.000000000000	0.00000000000000
27.790000915527	-0.020250512287021	-0.066471248865128	65.000000000000	0.00000000000000
27.799999237061	-0.019934434443712	-0.064504705369473	65.000000000000	0.00000000000000
27.809999465942	-0.019610511139035	-0.062541238963604	65.000000000000	0.00000000000000
27.819999694824	-0.019278798252344	-0.060580894351006	65.000000000000	0.00000000000000
27.829999923706	-0.018939329311252	-0.058623708784580	65.000000000000	0.00000000000000
27.840000152588	-0.018592160195112	-0.056669712066650	65.000000000000	0.00000000000000
27.850000381470	-0.018237272277474	-0.054718960076571	65.000000000000	0.00000000000000
27.860000610352	-0.017874712124467	-0.052771493792534	65.000000000000	0.00000000000000
27.870000839233	-0.017504530027509	-0.050827343016863	65.000000000000	0.00000000000000
27.879999160767	-0.017126714810729	-0.048886559903622	65.000000000000	0.00000000000000
27.889999389648	-0.016741348430514	-0.046949174255133	65.000000000000	0.00000000000000
27.899999618530	-0.016348421573639	-0.045015234500170	65.000000000000	0.00000000000000
27.909999847412	-0.015947980806231	-0.043084777891636	65.000000000000	0.00000000000000
27.920000076294	-0.015540070831776	-0.041157834231853	65.000000000000	0.00000000000000
27.930000305176	-0.015124683268368	-0.039234455674887	65.000000000000	0.00000000000000
27.940000534058	-0.014701891690493	-0.037314672023058	65.000000000000	0.00000000000000
27.950000762939	-0.014271705411375	-0.035398524254560	65.000000000000	0.00000000000000
27.959999084473	-0.013834172859788	-0.033486049622297	65.000000000000	0.00000000000000
27.969999313354	-0.013389315456152	-0.031577281653881	65.000000000000	0.00000000000000
27.979999542236	-0.012937160208821	-0.029672266915441	65.000000000000	0.00000000000000
27.989999771118	-0.012477746233344	-0.027771033346653	65.000000000000	0.00000000000000
28.000000000000	-0.012011119164526	-0.025873618200421	65.000000000000	0.00000000000000
28.010000228882	-0.011537290178239	-0.023980064317584	65.000000000000	0.00000000000000
28.020000457764	-0.011056304909289	-0.022090403363109	65.000000000000	0.00000000000000
28.030000686646	-0.010568190366030	-0.020204668864608	65.000000000000	0.00000000000000
28.040000915527	-0.010072996839881	-0.018322896212339	65.000000000000	0.00000000000000
28.049999237061	-0.0095707364380360	-0.016445126384497	65.000000000000	0.00000000000000
28.059999465942	-0.0090614585205913	-0.014571385458112	65.000000000000	0.00000000000000
28.069999694824	-0.0085451938211918	-0.012701709754765	65.000000000000	0.00000000000000
28.079999923706	-0.0080219767987728	-0.010836137458682	65.000000000000	0.00000000000000
28.090000152588	-0.0074918358586729	-0.0089747020974755	65.000000000000	0.00000000000000
28.100000381470	-0.0069548147730529	-0.0071174325421453	65.000000000000	0.00000000000000
28.110000610352	-0.0064109461382031	-0.0052643627859652	65.000000000000	0.00000000000000
28.120000839233	-0.0058602634817362	-0.0034155261237174	65.000000000000	0.00000000000000
28.129999160767	-0.0053028045222163	-0.0015709541039541	65.000000000000	0.00000000000000
28.139999389648	-0.0047386032529175	0.00026932026958093	65.000000000000	0.00000000000000
28.149999618530	-0.0041676964610815	0.0021052677184343	65.000000000000	0.00000000000000
28.159999847412	-0.0035901190713048	0.0039368551224470	65.000000000000	0.00000000000000
28.170000076294	-0.0030059078708291	0.0057640518061817	65.000000000000	0.00000000000000
28.180000305176	-0.0024150987155735	0.0075868261046708	65.000000000000	0.00000000000000
28.190000534058	-0.0018177293241024	0.0094051519408822	65.000000000000	0.00000000000000
28.200000762939	-0.0012138364836574	0.011218993924558	65.000000000000	0.00000000000000
28.209999084473	-0.00060345325618982	0.013028327375650	65.000000000000	0.00000000000000
28.219999313354	1.3384325939114e-05	0.014833118766546	65.000000000000	0.00000000000000
28.229999542236	0.00063663319451734	0.016633344814181	65.000000000000	0.00000000000000
28.239999771118	0.0012662556255236	0.018428970128298	65.000000000000	0.00000000000000
28.250000000000	0.0019022199558094	0.020219972357154	65.000000000000	0.00000000000000
28.260000228882	0.0025444929488003	0.022006323561072	65.000000000000	0.00000000000000
28.270000457764	0.0031930299010128	0.023787990212440	65.000000000000	0.00000000000000
28.280000686646	0.0038477871567011	0.025564949959517	65.000000000000	0.00000000000000
28.290000915527	0.0045087411999702	0.027337176725268	65.000000000000	0.00000000000000
28.299999237061	0.0051758503541350	0.029104642570019	65.000000000000	0.00000000000000
28.309999465942	0.0058490685187280	0.030867315828800	65.000000000000	0.00000000000000
28.319999694824	0.0065283663570881	0.032625183463097	65.000000000000	0.00000000000000
28.329999923706	0.0072137024253607	0.034378208220005	65.000000000000	0.00000000000000
28.340000152588	0.0079050352796912	0.036126371473074	65.000000000000	0.00000000000000
28.350000381470	0.0086023295298219	0.037869643419981	65.000000000000	0.00000000000000
28.360000610352	0.0093055609613657	0.039608005434275	65.000000000000	0.00000000000000
28.370000839233	0.010014667175710	0.041341431438923	65.000000000000	0.00000000000000
28.379999160767	0.010729618370533	0.043069891631603	65.000000000000	0.00000000000000
28.389999389648	0.011450385674834	0.044793367385864	65.000000000000	0.00000000000000
28.399999618530	0.012176930904388	0.046511840075254	65.000000000000	0.00000000000000
28.409999847412	0.012909188866615	0.048225279897451	65.000000000000	0.00000000000000
28.420000076294	0.013647140003741	0.049933671951294	65.000000000000	0.00000000000000
28.430000305176	0.014390761964023	0.051636982709169	65.000000000000	0.00000000000000
28.440000534058	0.015139992348850	0.053335197269917	65.000000000000	0.00000000000000
28.450000762939	0.015894792973995	0.055028293281794	65.000000000000	0.00000000000000
28.459999084473	0.016655130311847	0.056716255843639	65.000000000000	0.00000000000000
28.469999313354	0.017420966178179	0.058399055153131	65.000000000000	0.00000000000000
28.479999542236	0.018192267045379	0.060076672583818	65.000000000000	0.00000000000000
28.489999771118	0.018968965858221	0.061749089509249	65.000000000000	0.00000000000000
28.500000000000	0.019751081243157	0.063416279852390	65.000000000000	0.00000000000000
28.510000228882	0.020538523793221	0.065078236162663	65.000000000000	0.00000000000000
28.520000457764	0.021331261843443	0.066734932363033	65.000000000000	0.00000000000000
28.530000686646	0.022129243239760	0.068386353552341	65.000000000000	0.00000000000000
28.540000915527	0.022932481020689	0.070032469928265	65.000000000000	0.00000000000000
28.549999237061	0.023740885779262	0.071673281490803	65.000000000000	0.00000000000000
28.559999465942	0.024554440751672	0.073308750987053	65.000000000000	0.00000000000000
28.569999694824	0.025373095646501	0.074938870966434	65.000000000000	0.00000000000000
28.579999923706	0.026196811348200	0.076563633978367	65.000000000000	0.00000000000000
28.590000152588	0.027025545015931	0.078183010220528	65.000000000000	0.00000000000000
28.600000381470	0.027859300374985	0.079796969890594	65.000000000000	0.00000000000000
28.610000610352	0.028697980567813	0.081405535340309	65.000000000000	0.00000000000000
28.620000839233	0.029541593044996	0.083008639514446	65.000000000000	0.00000000000000
28.629999160767	0.030390013009310	0.084606327116489	65.000000000000	0.00000000000000
28.639999389648	0.031243298202753	0.086198523640633	65.000000000000	0.00000000000000
28.649999618530	0.032101392745972	0.087785251438618	65.000000000000	0.00000000000000
28.659999847412	0.032964181154966	0.089366495609283	65.000000000000	0.00000000000000
28.670000076294	0.033831693232059	0.090942226350307	65.000000000000	0.00000000000000
28.680000305176	0.034703873097897	0.092512436211109	65.000000000000	0.00000000000000
28.690000534058	0.035580746829510	0.094077095389366	65.000000000000	0.00000000000000
28.700000762939	0.036462150514126	0.095636226236820	65.000000000000	0.00000000000000
28.709999084473	0.037348125129938	0.097189769148827	65.000000000000	0.00000000000000
28.719999313354	0.038238584995270	0.098737776279449	65.000000000000	0.00000000000000
28.729999542236	0.039133585989475	0.10028014332056	65.000000000000	0.00000000000000
28.739999771118	0.040032915771008	0.10181695967913	65.000000000000	0.00000000000000
28.750000000000	0.040936704725027	0.10334814339876	65.000000000000	0.00000000000000
28.760000228882	0.041844844818115	0.10487370938063	65.000000000000	0.00000000000000
28.770000457764	0.042757242918015	0.10639365017414	65.000000000000	0.00000000000000
28.780000686646	0.043674007058144	0.10790792107582	65.000000000000	0.00000000000000
28.790000915527	0.044594943523407	0.10941654443741	65.000000000000	0.00000000000000
28.799999237061	0.045520085841417	0.11091952025890	65.000000000000	0.00000000000000
28.809999465942	0.046449404209852	0.11241680383682	65.000000000000	0.00000000000000
28.819999694824	0.047382824122906	0.11390839517117	65.000000000000	0.00000000000000
28.829999923706	0.048320349305868	0.11539429426193	65.000000000000	0.00000000000000
28.840000152588	0.049261897802353	0.11687449365854	65.000000000000	0.00000000000000
28.850000381470	0.050207428634167	0.11834898591042	65.000000000000	0.00000000000000
28.860000610352	0.051156934350729	0.11981774866581	65.000000000000	0.00000000000000
28.870000839233	0.052110314369202	0.12128080427647	65.000000000000	0.00000000000000
28.879999160767	0.053067635744810	0.12273809313774	65.000000000000	0.00000000000000
28.889999389648	0.054028797894716	0.12418964505196	65.000000000000	0.00000000000000
28.899999618530	0.054993767291307	0.12563544511795	65.000000000000	0.00000000000000
28.909999847412	0.055962495505810	0.12707546353340	65.000000000000	0.00000000000000
28.920000076294	0.056934900581837	0.12850975990295	65.000000000000	0.00000000000000
28.930000305176	0.057911064475775	0.12993824481964	65.000000000000	0.00000000000000
28.940000534058	0.058890853077173	0.13136096298695	65.000000000000	0.00000000000000
28.950000762939	0.059874232858419	0.13277791440487	65.000000000000	0.00000000000000
28.959999084473	0.060861170291901	0.13418906927109	65.000000000000	0.00000000000000
28.969999313354	0.061851669102907	0.13559442758560	65.000000000000	0.00000000000000
28.979999542236	0.062845699489117	0.13699395954609	65.000000000000	0.00000000000000
28.989999771118	0.063843183219433	0.13838769495487	65.000000000000	0.00000000000000
29.000000000000	0.064844042062759	0.13977561891079	65.000000000000	0.00000000000000
29.010000228882	0.065848268568516	0.14115774631500	65.000000000000	0.00000000000000
29.020000457764	0.066855922341347	0.14253401756287	65.000000000000	0.00000000000000
29.030000686646	0.067866861820221	0.14390446245670	65.000000000000	0.00000000000000
29.040000915527	0.068881019949913	0.14526912570000	65.000000000000	0.00000000000000
29.049999237061	0.069898456335068	0.14662793278694	65.000000000000	0.00000000000000
29.059999465942	0.070919036865234	0.14798092842102	65.000000000000	0.00000000000000
29.069999694824	0.071942836046219	0.14932805299759	65.000000000000	0.00000000000000
29.079999923706	0.072969704866409	0.15066935122013	65.000000000000	0.00000000000000
29.090000152588	0.073999658226967	0.15200480818748	65.000000000000	0.00000000000000
29.100000381470	0.075032621622086	0.15333443880081	65.000000000000	0.00000000000000
29.110000610352	0.076068624854088	0.15465821325779	65.000000000000	0.00000000000000
29.120000839233	0.077107585966587	0.15597617626190	65.000000000000	0.00000000000000
29.129999160767	0.078149490058422	0.15728823840618	65.000000000000	0.00000000000000
29.139999389648	0.079194299876690	0.15859447419643	65.000000000000	0.00000000000000
29.149999618530	0.080241940915585	0.15989489853382	65.000000000000	0.00000000000000
29.159999847412	0.081292413175106	0.16118943691254	65.000000000000	0.00000000000000
29.170000076294	0.082345657050610	0.16247813403606	65.000000000000	0.00000000000000
29.180000305176	0.083401657640934	0.16376097500324	65.000000000000	0.00000000000000
29.190000534058	0.084460400044918	0.16503797471523	65.000000000000	0.00000000000000
29.200000762939	0.085521787405014	0.16630911827087	65.000000000000	0.00000000000000
29.209999084473	0.086585797369480	0.16757443547249	65.000000000000	0.00000000000000
29.219999313354	0.087652474641800	0.16883388161659	65.000000000000	0.00000000000000
29.229999542236	0.088721662759781	0.17008751630783	65.000000000000	0.00000000000000
29.239999771118	0.089793391525745	0.17133526504040	65.000000000000	0.00000000000000
29.250000000000	0.090867586433887	0.17257721722126	65.000000000000	0.00000000000000
29.260000228882	0.091944292187691	0.17381329834461	65.000000000000	0.00000000000000
29.270000457764	0.093023434281349	0.17504356801510	65.000000000000	0.00000000000000
29.280000686646	0.094104923307896	0.17626798152924	65.000000000000	0.00000000000000
29.290000915527	0.095188774168491	0.17748656868935	65.000000000000	0.00000000000000
29.299999237061	0.096274957060814	0.17869932949543	65.000000000000	0.00000000000000
29.309999465942	0.097363397479057	0.17990626394749	65.000000000000	0.00000000000000
29.319999694824	0.098454125225544	0.18110737204552	65.000000000000	0.00000000000000
29.329999923706	0.099547058343887	0.18230266869068	65.000000000000	0.00000000000000
29.340000152588	0.10064218193293	0.18349215388298	65.000000000000	0.00000000000000
29.350000381470	0.10173942148685	0.18467582762241	65.000000000000	0.00000000000000
29.360000610352	0.10283873230219	0.18585368990898	65.000000000000	0.00000000000000
29.370000839233	0.10394021868706	0.18702572584152	65.000000000000	0.00000000000000
29.379999160767	0.10504367202520	0.18819199502468	65.000000000000	0.00000000000000
29.389999389648	0.10614921152592	0.18935245275497	65.000000000000	0.00000000000000
29.399999618530	0.10725665092468	0.19050715863705	65.000000000000	0.00000000000000
29.409999847412	0.10836602747440	0.19165605306625	65.000000000000	0.00000000000000
29.420000076294	0.10947739332914	0.19279918074608	65.000000000000	0.00000000000000
29.430000305176	0.11059060692787	0.19393651187420	65.000000000000	0.00000000000000
29.440000534058	0.11170563101768	0.19506810605526	65.000000000000	0.00000000000000
29.450000762939	0.11282246559858	0.19619393348694	65.000000000000	0.00000000000000
29.459999084473	0.11394107341766	0.19731399416924	65.000000000000	0.00000000000000
29.469999313354	0.11506141722202	0.19842833280563	65.000000000000	0.00000000000000
29.479999542236	0.11618352681398	0.19953688979149	65.000000000000	0.00000000000000
29.489999771118	0.11730725318193	0.20063976943493	65.000000000000	0.00000000000000
29.500000000000	0.11843270808458	0.20173686742783	65.000000000000	0.00000000000000
29.510000228882	0.11955969035625	0.20282827317715	65.000000000000	0.00000000000000
29.520000457764	0.12068828940392	0.20391397178173	65.000000000000	0.00000000000000
29.530000686646	0.12181841582060	0.20499396324158	65.000000000000	0.00000000000000
29.540000915527	0.12295008450747	0.20606823265553	65.000000000000	0.00000000000000
29.549999237061	0.12408326566219	0.20713685452938	65.000000000000	0.00000000000000
29.559999465942	0.12521789968014	0.20819975435734	65.000000000000	0.00000000000000
29.569999694824	0.12635391950607	0.20925702154636	65.000000000000	0.00000000000000
29.579999923706	0.12749135494232	0.21030859649181	65.000000000000	0.00000000000000
29.590000152588	0.12863014638424	0.21135452389717	65.000000000000	0.00000000000000
29.600000381470	0.12977024912834	0.21239480376244	65.000000000000	0.00000000000000
29.610000610352	0.13091167807579	0.21342943608761	65.000000000000	0.00000000000000
29.620000839233	0.13205440342426	0.21445848047733	65.000000000000	0.00000000000000
29.629999160767	0.13319836556911	0.21548184752464	65.000000000000	0.00000000000000
29.639999389648	0.13434350490570	0.21649965643883	65.000000000000	0.00000000000000
29.649999618530	0.13548982143402	0.21751184761524	65.000000000000	0.00000000000000
29.659999847412	0.13663730025291	0.21851842105389	65.000000000000	0.00000000000000
29.670000076294	0.13778591156006	0.21951945126057	65.000000000000	0.00000000000000
29.680000305176	0.13893561065197	0.22051490843296	65.000000000000	0.00000000000000
29.690000534058	0.14008642733097	0.22150476276875	65.000000000000	0.00000000000000
29.700000762939	0.14123819768429	0.22248908877373	65.000000000000	0.00000000000000
29.709999084473	0.14239099621773	0.22346791625023	65.000000000000	0.00000000000000
29.719999313354	0.14354477822781	0.22444115579128	65.000000000000	0.00000000000000
29.729999542236	0.14469949901104	0.22540892660618	65.000000000000	0.00000000000000
29.739999771118	0.14585515856743	0.22637115418911	65.000000000000	0.00000000000000
29.750000000000	0.14701169729233	0.22732788324356	65.000000000000	0.00000000000000
29.760000228882	0.14816908538342	0.22827915847301	65.000000000000	0.00000000000000
29.770000457764	0.14932730793953	0.22922495007515	65.000000000000	0.00000000000000
29.780000686646	0.15048635005951	0.23016528785229	65.000000000000	0.00000000000000
29.790000915527	0.15164622664452	0.23110014200211	65.000000000000	0.00000000000000
29.799999237061	0.15280674397945	0.23202957212925	65.000000000000	0.00000000000000
29.809999465942	0.15396803617477	0.23295357823372	65.000000000000	0.00000000000000
29.819999694824	0.15513008832932	0.23387219011784	65.000000000000	0.00000000000000
29.829999923706	0.15629269182682	0.23478537797928	65.000000000000	0.00000000000000
29.840000152588	0.15745602548122	0.23569317162037	65.000000000000	0.00000000000000
29.850000381470	0.15861998498440	0.23659560084343	65.000000000000	0.00000000000000
29.860000610352	0.15978448092937	0.23749268054962	65.000000000000	0.00000000000000
29.870000839233	0.16094957292080	0.23838436603546	65.000000000000	0.00000000000000
29.879999160767	0.16211517155170	0.23927074670792	65.000000000000	0.00000000000000
29.889999389648	0.16328132152557	0.24015179276466	65.000000000000	0.00000000000000
29.899999618530	0.16444797813892	0.24102750420570	65.000000000000	0.00000000000000
29.909999847412	0.16561509668827	0.24189792573452	65.000000000000	0.00000000000000
29.920000076294	0.16678258776665	0.24276307225227	65.000000000000	0.00000000000000
29.930000305176	0.16795055568218	0.24362292885780	65.000000000000	0.00000000000000
29.940000534058	0.16911889612675	0.24447755515575	65.000000000000	0.00000000000000
29.950000762939	0.17028753459454	0.24532689154148	65.000000000000	0.00000000000000
29.959999084473	0.17145662009716	0.24617101252079	65.000000000000	0.00000000000000
29.969999313354	0.17262595891953	0.24700988829136	65.000000000000	0.00000000000000
29.979999542236	0.17379555106163	0.24784362316132	65.000000000000	0.00000000000000
29.989999771118	0.17496548593044	0.24867211282253	65.000000000000	0.00000000000000
30.000000000000	0.17613559961319	0.24949544668198	65.000000000000	0.00000000000000
30.010000228882	0.17730592191219	0.25031360983849	65.000000000000	0.00000000000000
30.020000457764	0.17847645282745	0.25112661719322	65.000000000000	0.00000000000000
30.030000686646	0.17964716255665	0.25193449854851	65.000000000000	0.00000000000000
30.040000915527	0.18081806600094	0.25273728370667	65.000000000000	0.00000000000000
30.049999237061	0.18198898434639	0.25353488326073	65.000000000000	0.00000000000000
30.059999465942	0.18316009640694	0.25432747602463	65.000000000000	0.00000000000000
30.069999694824	0.18433125317097	0.25511494278908	65.000000000000	0.00000000000000
30.079999923706	0.18550245463848	0.25589737296104	65.000000000000	0.00000000000000
30.090000152588	0.18667367100716	0.25667473673820	65.000000000000	0.00000000000000
30.100000381470	0.18784494698048	0.25744709372520	65.000000000000	0.00000000000000
30.110000610352	0.18901623785496	0.25821441411972	65.000000000000	0.00000000000000
30.120000839233	0.19018745422363	0.25897669792175	65.000000000000	0.00000000000000
30.129999160767	0.19135859608650	0.25973406434059	65.000000000000	0.00000000000000
30.139999389648	0.19252967834473	0.26048645377159	65.000000000000	0.00000000000000
30.149999618530	0.19370064139366	0.26123383641243	65.000000000000	0.00000000000000
30.159999847412	0.19487152993679	0.26197627186775	65.000000000000	0.00000000000000
30.170000076294	0.19604219496250	0.26271381974220	65.000000000000	0.00000000000000
30.180000305176	0.19721278548241	0.26344645023346	65.000000000000	0.00000000000000
30.190000534058	0.19838321208954	0.26417419314384	65.000000000000	0.00000000000000
30.200000762939	0.19955335557461	0.26489701867104	65.000000000000	0.00000000000000
30.209999084473	0.20072332024574	0.26561501622200	65.000000000000	0.00000000000000
30.219999313354	0.20189304649830	0.26632815599442	65.000000000000	0.00000000000000
30.229999542236	0.20306247472763	0.26703646779060	65.000000000000	0.00000000000000
30.239999771118	0.20423164963722	0.26773995161057	65.000000000000	0.00000000000000
30.250000000000	0.20540052652359	0.26843863725662	65.000000000000	0.00000000000000
30.260000228882	0.20656909048557	0.26913258433342	65.000000000000	0.00000000000000
30.270000457764	0.20773725211620	0.26982167363167	65.000000000000	0.00000000000000
30.280000686646	0.20890508592129	0.27050608396530	65.000000000000	0.00000000000000
30.290000915527	0.21007257699966	0.27118572592735	65.000000000000	0.00000000000000
30.299999237061	0.21123966574669	0.27186065912247	65.000000000000	0.00000000000000
30.309999465942	0.21240627765656	0.27253088355064	65.000000000000	0.00000000000000
30.319999694824	0.21357254683971	0.27319642901421	65.000000000000	0.00000000000000
30.329999923706	0.21473832428455	0.27385729551315	65.000000000000	0.00000000000000
30.340000152588	0.21590363979340	0.27451351284981	65.000000000000	0.00000000000000
30.350000381470	0.21706841886044	0.27516511082649	65.000000000000	0.00000000000000
30.360000610352	0.21823275089264	0.27581202983856	65.000000000000	0.00000000000000
30.370000839233	0.21939650177956	0.27645438909531	65.000000000000	0.00000000000000
30.379999160767	0.22055974602699	0.27709212899208	65.000000000000	0.00000000000000
30.389999389648	0.22172240912914	0.27772530913353	65.000000000000	0.00000000000000
30.399999618530	0.22288458049297	0.27835392951965	65.000000000000	0.00000000000000
30.409999847412	0.22404603660107	0.27897801995277	65.000000000000	0.00000000000000
30.420000076294	0.22520691156387	0.27959761023521	65.000000000000	0.00000000000000
30.430000305176	0.22636722028255	0.28021267056465	65.000000000000	0.00000000000000
30.440000534058	0.22752688825130	0.28082326054573	65.000000000000	0.00000000000000
30.450000762939	0.22868582606316	0.28142932057381	65.000000000000	0.00000000000000
30.459999084473	0.22984410822392	0.28203099966049	65.000000000000	0.00000000000000
30.469999313354	0.23100171983242	0.28262817859650	65.000000000000	0.00000000000000
30.479999542236	0.23215863108635	0.28322097659111	65.000000000000	0.00000000000000
30.489999771118	0.23331484198570	0.28380933403969	65.000000000000	0.00000000000000
30.500000000000	0.23447024822235	0.28439334034920	65.000000000000	0.00000000000000
30.510000228882	0.23562496900558	0.28497293591499	65.000000000000	0.00000000000000
30.520000457764	0.23677891492844	0.28554821014404	65.000000000000	0.00000000000000
30.530000686646	0.23793204128742	0.28611913323402	65.000000000000	0.00000000000000
30.540000915527	0.23908440768719	0.28668573498726	65.000000000000	0.00000000000000
30.549999237061	0.24023595452309	0.28724804520607	65.000000000000	0.00000000000000
30.559999465942	0.24138666689396	0.28780606389046	65.000000000000	0.00000000000000
30.569999694824	0.24253654479980	0.28835979104042	65.000000000000	0.00000000000000
30.579999923706	0.24368552863598	0.28890925645828	65.000000000000	0.00000000000000
30.590000152588	0.24483373761177	0.28945451974869	65.000000000000	0.00000000000000
30.600000381470	0.24598093330860	0.28999555110931	65.000000000000	0.00000000000000
30.610000610352	0.24712730944157	0.29053238034248	65.000000000000	0.00000000000000
30.620000839233	0.24827277660370	0.29106503725052	65.000000000000	0.00000000000000
30.629999160767	0.24941731989384	0.29159346222878	65.000000000000	0.00000000000000
30.639999389648	0.25056093931198	0.29211780428886	65.000000000000	0.00000000000000
30.649999618530	0.25170356035233	0.29263800382614	65.000000000000	0.00000000000000
30.659999847412	0.25284525752068	0.29315406084061	65.000000000000	0.00000000000000
30.670000076294	0.25398597121239	0.29366603493690	65.000000000000	0.00000000000000
30.680000305176	0.25512570142746	0.29417395591736	65.000000000000	0.00000000000000
30.690000534058	0.25626438856125	0.29467773437500	65.000000000000	0.00000000000000
30.700000762939	0.25740212202072	0.29517748951912	65.000000000000	0.00000000000000
30.709999084473	0.25853878259659	0.29567322134972	65.000000000000	0.00000000000000
30.719999313354	0.25967442989349	0.29616492986679	65.000000000000	0.00000000000000
30.729999542236	0.26080906391144	0.29665264487267	65.000000000000	0.00000000000000
30.739999771118	0.26194259524345	0.29713639616966	65.000000000000	0.00000000000000
30.750000000000	0.26307505369186	0.29761615395546	65.000000000000	0.00000000000000
30.760000228882	0.26420646905899	0.29809197783470	65.000000000000	0.00000000000000
30.770000457764	0.26533672213554	0.29856389760971	65.000000000000	0.00000000000000
30.780000686646	0.26646590232849	0.29903182387352	65.000000000000	0.00000000000000
30.790000915527	0.26759403944016	0.29949593544006	65.000000000000	0.00000000000000
30.799999237061	0.26872086524963	0.29995611310005	65.000000000000	0.00000000000000
30.809999465942	0.26984667778015	0.30041244626045	65.000000000000	0.00000000000000
30.819999694824	0.27097135782242	0.30086493492126	65.000000000000	0.00000000000000
30.829999923706	0.27209478616714	0.30131354928017	65.000000000000	0.00000000000000
30.840000152588	0.27321711182594	0.30175840854645	65.000000000000	0.00000000000000
30.850000381470	0.27433827519417	0.30219945311546	65.000000000000	0.00000000000000
30.860000610352	0.27545818686485	0.30263671278954	65.000000000000	0.00000000000000
30.870000839233	0.27657693624496	0.30307021737099	65.000000000000	0.00000000000000
30.879999160767	0.27769452333450	0.30349996685982	65.000000000000	0.00000000000000
30.889999389648	0.27881082892418	0.30392599105835	65.000000000000	0.00000000000000
30.899999618530	0.27992591261864	0.30434828996658	65.000000000000	0.00000000000000
30.909999847412	0.28103971481323	0.30476689338684	65.000000000000	0.00000000000000
30.920000076294	0.28215229511261	0.30518186092377	65.000000000000	0.00000000000000
30.930000305176	0.28326362371445	0.30559310317039	65.000000000000	0.00000000000000
30.940000534058	0.28437373042107	0.30600073933601	65.000000000000	0.00000000000000
30.950000762939	0.28548249602318	0.30640468001366	65.000000000000	0.00000000000000
30.959999084473	0.28658998012543	0.30680510401726	65.000000000000	0.00000000000000
30.969999313354	0.28769624233246	0.30720186233521	65.000000000000	0.00000000000000
30.979999542236	0.28880107402802	0.30759507417679	65.000000000000	0.00000000000000
30.989999771118	0.28990471363068	0.30798467993736	65.000000000000	0.00000000000000
31.000000000000	0.29100704193115	0.30837073922157	65.000000000000	0.00000000000000
31.010000228882	0.29210799932480	0.30875331163406	65.000000000000	0.00000000000000
31.020000457764	0.29320758581161	0.30913233757019	65.000000000000	0.00000000000000
31.030000686646	0.29430589079857	0.30950784683228	65.000000000000	0.00000000000000
31.040000915527	0.29540282487869	0.30987989902496	65.000000000000	0.00000000000000
31.049999237061	0.29649838805199	0.31024846434593	65.000000000000	0.00000000000000
31.059999465942	0.29759258031845	0.31061363220215	65.000000000000	0.00000000000000
31.069999694824	0.29868543148041	0.31097531318665	65.000000000000	0.00000000000000
31.079999923706	0.29977688193321	0.31133356690407	65.000000000000	0.00000000000000
31.090000152588	0.30086693167686	0.31168845295906	65.000000000000	0.00000000000000
31.100000381470	0.30195558071136	0.31203994154930	65.000000000000	0.00000000000000
31.110000610352	0.30304294824600	0.31238803267479	65.000000000000	0.00000000000000
31.120000839233	0.30412873625755	0.31273278594017	65.000000000000	0.00000000000000
31.129999160767	0.30521324276924	0.31307420134544	65.000000000000	0.00000000000000
31.139999389648	0.30629622936249	0.31341230869293	65.000000000000	0.00000000000000
31.149999618530	0.30737778544426	0.31374707818031	65.000000000000	0.00000000000000
31.159999847412	0.30845797061920	0.31407859921455	65.000000000000	0.00000000000000
31.170000076294	0.30953663587570	0.31440678238869	65.000000000000	0.00000000000000
31.180000305176	0.31061401963234	0.31473174691200	65.000000000000	0.00000000000000
31.190000534058	0.31168979406357	0.31505346298218	65.000000000000	0.00000000000000
31.200000762939	0.31276413798332	0.31537190079689	65.000000000000	0.00000000000000
31.209999084473	0.31383702158928	0.31568717956543	65.000000000000	0.00000000000000
31.219999313354	0.31490844488144	0.31599923968315	65.000000000000	0.00000000000000
31.229999542236	0.31597834825516	0.31630811095238	65.000000000000	0.00000000000000
31.239999771118	0.31704685091972	0.31661385297775	65.000000000000	0.00000000000000
31.250000000000	0.31811383366585	0.31691637635231	65.000000000000	0.00000000000000
31.260000228882	0.31917932629585	0.31721580028534	65.000000000000	0.00000000000000
31.270000457764	0.32024329900742	0.31751209497452	65.000000000000	0.00000000000000
31.280000686646	0.32130575180054	0.31780529022217	65.000000000000	0.00000000000000
31.290000915527	0.32236674427986	0.31809538602829	65.000000000000	0.00000000000000
31.299999237061	0.32342618703842	0.31838241219521	65.000000000000	0.00000000000000
31.309999465942	0.32448416948318	0.31866636872292	65.000000000000	0.00000000000000
31.319999694824	0.32554054260254	0.31894728541374	65.000000000000	0.00000000000000
31.329999923706	0.32659539580345	0.31922516226768	65.000000000000	0.00000000000000
31.340000152588	0.32764878869057	0.31950002908707	65.000000000000	0.00000000000000
31.350000381470	0.32870057225227	0.31977188587189	65.000000000000	0.00000000000000
31.360000610352	0.32975080609322	0.32004070281982	65.000000000000	0.00000000000000
31.370000839233	0.33079960942268	0.32030659914017	65.000000000000	0.00000000000000
31.379999160767	0.33184671401978	0.32056954503059	65.000000000000	0.00000000000000
31.389999389648	0.33289232850075	0.32082957029343	65.000000000000	0.00000000000000
31.399999618530	0.33393639326096	0.32108661532402	65.000000000000	0.00000000000000
31.409999847412	0.33497905731201	0.32134065032005	65.000000000000	0.00000000000000
31.420000076294	0.33601975440979	0.32159215211868	65.000000000000	0.00000000000000
31.430000305176	0.33705919981003	0.32184040546417	65.000000000000	0.00000000000000
31.440000534058	0.33809691667557	0.32208594679832	65.000000000000	0.00000000000000
31.450000762939	0.33913311362267	0.32232859730721	65.000000000000	0.00000000000000
31.459999084473	0.34016785025597	0.32256823778152	65.000000000000	0.00000000000000
31.469999313354	0.34120088815689	0.32280516624451	65.000000000000	0.00000000000000
31.479999542236	0.34223219752312	0.32303950190544	65.000000000000	0.00000000000000
31.489999771118	0.34326207637787	0.32327079772949	65.000000000000	0.00000000000000
31.500000000000	0.34429049491882	0.32349914312363	65.000000000000	0.00000000000000
31.510000228882	0.34531703591347	0.32372507452965	65.000000000000	0.00000000000000
31.520000457764	0.34634211659431	0.32394802570343	65.000000000000	0.00000000000000
31.530000686646	0.34736561775208	0.32416829466820	65.000000000000	0.00000000000000
31.540000915527	0.34838736057281	0.32438594102859	65.000000000000	0.00000000000000
31.549999237061	0.34940761327744	0.32460072636604	65.000000000000	0.00000000000000
31.559999465942	0.35042625665665	0.32481279969215	65.000000000000	0.00000000000000
31.569999694824	0.35144326090813	0.32502222061157	65.000000000000	0.00000000000000
31.579999923706	0.35245850682259	0.32522913813591	65.000000000000	0.00000000000000
31.590000152588	0.35347238183022	0.32543307542801	65.000000000000	0.00000000000000
31.600000381470	0.35448434948921	0.32563465833664	65.000000000000	0.00000000000000
31.610000610352	0.35549494624138	0.32583332061768	65.000000000000	0.00000000000000
31.620000839233	0.35650378465652	0.32602959871292	65.000000000000	0.00000000000000
31.629999160767	0.35751107335091	0.32622304558754	65.000000000000	0.00000000000000
31.639999389648	0.35851654410362	0.32641410827637	65.000000000000	0.00000000000000
31.649999618530	0.35952070355415	0.32660228013992	65.000000000000	0.00000000000000
31.659999847412	0.36052286624908	0.32678827643394	65.000000000000	0.00000000000000
31.670000076294	0.36152368783951	0.32697141170502	65.000000000000	0.00000000000000
31.680000305176	0.36252266168594	0.32715219259262	65.000000000000	0.00000000000000
31.690000534058	0.36352008581161	0.32733029127121	65.000000000000	0.00000000000000
31.700000762939	0.36451587080956	0.32750591635704	65.000000000000	0.00000000000000
31.709999084473	0.36550992727280	0.32767909765244	65.000000000000	0.00000000000000
31.719999313354	0.36650246381760	0.32784962654114	65.000000000000	0.00000000000000
31.729999542236	0.36749330163002	0.32801774144173	65.000000000000	0.00000000000000
31.739999771118	0.36848226189613	0.32818356156349	65.000000000000	0.00000000000000
31.750000000000	0.36946970224380	0.32834678888321	65.000000000000	0.00000000000000
31.760000228882	0.37045556306839	0.32850760221481	65.000000000000	0.00000000000000
31.770000457764	0.37143975496292	0.32866594195366	65.000000000000	0.00000000000000
31.780000686646	0.37242218852043	0.32882189750671	65.000000000000	0.00000000000000
31.790000915527	0.37340307235718	0.32897540926933	65.000000000000	0.00000000000000
31.799999237061	0.37438222765923	0.32912656664848	65.000000000000	0.00000000000000
31.809999465942	0.37535974383354	0.32927531003952	65.000000000000	0.00000000000000
31.819999694824	0.37633550167084	0.32942172884941	65.000000000000	0.00000000000000
31.829999923706	0.37730970978737	0.32956570386887	65.000000000000	0.00000000000000
31.840000152588	0.37828224897385	0.32970741391182	65.000000000000	0.00000000000000
31.850000381470	0.37925302982330	0.32984673976898	65.000000000000	0.00000000000000
31.860000610352	0.38022217154503	0.32998377084732	65.000000000000	0.00000000000000
31.870000839233	0.38118970394135	0.33011844754219	65.000000000000	0.00000000000000
31.879999160767	0.38215547800064	0.33025082945824	65.000000000000	0.00000000000000
31.889999389648	0.38311964273453	0.33038094639778	65.000000000000	0.00000000000000
31.899999618530	0.38408210873604	0.33050882816315	65.000000000000	0.00000000000000
31.909999847412	0.38504290580750	0.33063435554504	65.000000000000	0.00000000000000
31.920000076294	0.38600200414658	0.33075773715973	65.000000000000	0.00000000000000
31.930000305176	0.38695940375328	0.33087879419327	65.000000000000	0.00000000000000
31.940000534058	0.38791510462761	0.33099764585495	65.000000000000	0.00000000000000
31.950000762939	0.38886925578117	0.33111429214478	65.000000000000	0.00000000000000
31.959999084473	0.38982161879539	0.33122870326042	65.000000000000	0.00000000000000
31.969999313354	0.39077228307724	0.33134093880653	65.000000000000	0.00000000000000
31.979999542236	0.39172133803368	0.33145099878311	65.000000000000	0.00000000000000
31.989999771118	0.39266866445541	0.33155888319016	65.000000000000	0.00000000000000
32.000000000000	0.39361426234245	0.33166456222534	65.000000000000	0.00000000000000
32.009998321533	0.39455825090408	0.33176812529564	65.000000000000	0.00000000000000
32.020000457764	0.39550057053566	0.33186957240105	65.000000000000	0.00000000000000
32.029998779297	0.39644110202789	0.33196881413460	65.000000000000	0.00000000000000
32.040000915527	0.39738005399704	0.33206596970558	65.000000000000	0.00000000000000
32.049999237061	0.39831724762917	0.33216103911400	65.000000000000	0.00000000000000
32.060001373291	0.39925280213356	0.33225399255753	65.000000000000	0.00000000000000
32.069999694824	0.40018662810326	0.33234488964081	65.000000000000	0.00000000000000
32.080001831055	0.40111881494522	0.33243367075920	65.000000000000	0.00000000000000
32.090000152588	0.40204927325249	0.33252042531967	65.000000000000	0.00000000000000
32.099998474121	0.40297803282738	0.33260509371758	65.000000000000	0.00000000000000
32.110000610352	0.40390512347221	0.33268773555756	65.000000000000	0.00000000000000
32.119998931885	0.40483054518700	0.33276835083961	65.000000000000	0.00000000000000
32.130001068115	0.40575429797173	0.33284693956375	65.000000000000	0.00000000000000
32.139999389648	0.40667629241943	0.33292350172997	65.000000000000	0.00000000000000
32.150001525879	0.40759658813477	0.33299803733826	65.000000000000	0.00000000000000
32.159999847412	0.40851530432701	0.33307066559792	65.000000000000	0.00000000000000
32.169998168945	0.40943220257759	0.33314123749733	65.000000000000	0.00000000000000
32.180000305176	0.41034755110741	0.33320984244347	65.000000000000	0.00000000000000
32.189998626709	0.41126111149788	0.33327651023865	65.000000000000	0.00000000000000
32.200000762939	0.41217303276062	0.33334124088287	65.000000000000	0.00000000000000
32.209999084473	0.41308316588402	0.33340400457382	65.000000000000	0.00000000000000
32.220001220703	0.41399168968201	0.33346483111382	65.000000000000	0.00000000000000
32.229999542236	0.41489857435226	0.33352375030518	65.000000000000	0.00000000000000
32.240001678467	0.41580367088318	0.33358073234558	65.000000000000	0.00000000000000
32.250000000000	0.41670706868172	0.33363583683968	65.000000000000	0.00000000000000
32.259998321533	0.41760882735252	0.33368906378746	65.000000000000	0.00000000000000
32.270000457764	0.41850894689560	0.33374038338661	65.000000000000	0.00000000000000
32.279998779297	0.41940727829933	0.33378982543945	65.000000000000	0.00000000000000
32.290000915527	0.42030403017998	0.33383744955063	65.000000000000	0.00000000000000
32.299999237061	0.42119896411896	0.33388313651085	65.000000000000	0.00000000000000
32.310001373291	0.42209228873253	0.33392706513405	65.000000000000	0.00000000000000
32.319999694824	0.42298394441605	0.33396911621094	65.000000000000	0.00000000000000
32.330001831055	0.42387384176254	0.33400934934616	65.000000000000	0.00000000000000
32.340000152588	0.42476215958595	0.33404776453972	65.000000000000	0.00000000000000
32.349998474121	0.42564868927002	0.33408439159393	65.000000000000	0.00000000000000
32.360000610352	0.42653355002403	0.33411923050880	65.000000000000	0.00000000000000
32.369998931885	0.42741668224335	0.33415228128433	65.000000000000	0.00000000000000
32.380001068115	0.42829820513725	0.33418351411819	65.000000000000	0.00000000000000
32.389999389648	0.42917802929878	0.33421298861504	65.000000000000	0.00000000000000
32.400001525879	0.43005615472794	0.33424073457718	65.000000000000	0.00000000000000
32.409999847412	0.43093264102936	0.33426672220230	65.000000000000	0.00000000000000
32.419998168945	0.43180742859840	0.33429098129272	65.000000000000	0.00000000000000
32.430000305176	0.43268048763275	0.33431345224380	65.000000000000	0.00000000000000
32.439998626709	0.43355190753937	0.33433425426483	65.000000000000	0.00000000000000
32.450000762939	0.43442150950432	0.33435335755348	65.000000000000	0.00000000000000
32.459999084473	0.43528962135315	0.33437070250511	65.000000000000	0.00000000000000
32.470001220703	0.43615597486496	0.33438640832901	65.000000000000	0.00000000000000
32.479999542236	0.43702059984207	0.33440035581589	65.000000000000	0.00000000000000
32.490001678467	0.43788358569145	0.33441266417503	65.000000000000	0.00000000000000
32.500000000000	0.43874490261078	0.33442330360413	65.000000000000	0.00000000000000
32.509998321533	0.43960452079773	0.33443233370781	65.000000000000	0.00000000000000
32.520000457764	0.44046241044998	0.33443963527679	65.000000000000	0.00000000000000
32.529998779297	0.44131872057915	0.33444529771805	65.000000000000	0.00000000000000
32.540000915527	0.44217327237129	0.33444941043854	65.000000000000	0.00000000000000
32.549999237061	0.44302615523338	0.33445179462433	65.000000000000	0.00000000000000
32.560001373291	0.44387739896774	0.33445262908936	65.000000000000	0.00000000000000
32.569999694824	0.44472694396973	0.33445185422897	65.000000000000	0.00000000000000
32.580001831055	0.44557482004166	0.33444944024086	65.000000000000	0.00000000000000
32.590000152588	0.44642105698586	0.33444541692734	65.000000000000	0.00000000000000
32.599998474121	0.44726556539536	0.33443993330002	65.000000000000	0.00000000000000
32.610000610352	0.44810834527016	0.33443272113800	65.000000000000	0.00000000000000
32.619998931885	0.44894957542419	0.33442407846451	65.000000000000	0.00000000000000
32.630001068115	0.44978901743889	0.33441379666328	65.000000000000	0.00000000000000
32.639999389648	0.45062690973282	0.33440199494362	65.000000000000	0.00000000000000
32.650001525879	0.45146310329437	0.33438864350319	65.000000000000	0.00000000000000
32.659999847412	0.45229744911194	0.33437374234200	65.000000000000	0.00000000000000
32.669998168945	0.45313030481339	0.33435738086700	65.000000000000	0.00000000000000
32.680000305176	0.45396143198013	0.33433946967125	65.000000000000	0.00000000000000
32.689998626709	0.45479092001915	0.33432000875473	65.000000000000	0.00000000000000
32.700000762939	0.45561870932579	0.33429908752441	65.000000000000	0.00000000000000
32.709999084473	0.45644485950470	0.33427673578262	65.000000000000	0.00000000000000
32.720001220703	0.45726931095123	0.33425280451775	65.000000000000	0.00000000000000
32.729999542236	0.45809212327003	0.33422744274139	65.000000000000	0.00000000000000
32.740001678467	0.45891329646111	0.33420065045357	65.000000000000	0.00000000000000
32.750000000000	0.45973268151283	0.33417233824730	65.000000000000	0.00000000000000
32.759998321533	0.46055051684380	0.33414265513420	65.000000000000	0.00000000000000
32.770000457764	0.46136668324471	0.33411142230034	65.000000000000	0.00000000000000
32.779998779297	0.46218109130859	0.33407884836197	65.000000000000	0.00000000000000
32.790000915527	0.46299397945404	0.33404475450516	65.000000000000	0.00000000000000
32.799999237061	0.46380513906479	0.33400934934616	65.000000000000	0.00000000000000
32.810001373291	0.46461462974548	0.33397248387337	65.000000000000	0.00000000000000
32.819999694824	0.46542245149612	0.33393424749374	65.000000000000	0.00000000000000
32.830001831055	0.46622860431671	0.33389461040497	65.000000000000	0.00000000000000
32.840000152588	0.46703314781189	0.33385354280472	65.000000000000	0.00000000000000
32.849998474121	0.46783596277237	0.33381110429764	65.000000000000	0.00000000000000
32.860000610352	0.46863716840744	0.33376738429070	65.000000000000	0.00000000000000
32.869998931885	0.46943673491478	0.33372220396996	65.000000000000	0.00000000000000
32.880001068115	0.47023457288742	0.33367574214935	65.000000000000	0.00000000000000
32.889999389648	0.47103083133698	0.33362787961960	65.000000000000	0.00000000000000
32.900001525879	0.47182554006577	0.33357873558998	65.000000000000	0.00000000000000
32.909999847412	0.47261846065521	0.33352822065353	65.000000000000	0.00000000000000
32.919998168945	0.47340974211693	0.33347639441490	65.000000000000	0.00000000000000
32.930000305176	0.47419941425323	0.33342322707176	65.000000000000	0.00000000000000
32.939998626709	0.47498738765717	0.33336874842644	65.000000000000	0.00000000000000
32.950000762939	0.47577366232872	0.33331304788589	65.000000000000	0.00000000000000
32.959999084473	0.47655838727951	0.33325597643852	65.000000000000	0.00000000000000
32.970001220703	0.47734141349792	0.33319771289825	65.000000000000	0.00000000000000
32.979999542236	0.47812288999557	0.33313807845116	65.000000000000	0.00000000000000
32.990001678467	0.47890266776085	0.33307722210884	65.000000000000	0.00000000000000
33.000000000000	0.47968071699142	0.33301505446434	65.000000000000	0.00000000000000
33.009998321533	0.48045721650124	0.33295175433159	65.000000000000	0.00000000000000
33.020000457764	0.48123207688332	0.33288711309433	65.000000000000	0.00000000000000
33.029998779297	0.48200526833534	0.33282124996185	65.000000000000	0.00000000000000
33.040000915527	0.48277688026428	0.33275413513184	65.000000000000	0.00000000000000
33.049999237061	0.48354676365852	0.33268582820892	65.000000000000	0.00000000000000
33.060001373291	0.48431506752968	0.33261629939079	65.000000000000	0.00000000000000
33.069999694824	0.48508173227310	0.33254560828209	65.000000000000	0.00000000000000
33.080001831055	0.48584678769112	0.33247363567352	65.000000000000	0.00000000000000
33.090000152588	0.48661005496979	0.33240053057671	65.000000000000	0.00000000000000
33.099998474121	0.48737192153931	0.33232623338699	65.000000000000	0.00000000000000
33.110000610352	0.48813202977180	0.33225074410439	65.000000000000	0.00000000000000
33.119998931885	0.48889052867889	0.33217406272888	65.000000000000	0.00000000000000
33.130001068115	0.48964744806290	0.33209627866745	65.000000000000	0.00000000000000
33.139999389648	0.49040266871452	0.33201730251312	65.000000000000	0.00000000000000
33.150001525879	0.49115630984306	0.33193719387054	65.000000000000	0.00000000000000
33.159999847412	0.49190828204155	0.33185595273972	65.000000000000	0.00000000000000
33.169998168945	0.49265870451927	0.33177357912064	65.000000000000	0.00000000000000
33.180000305176	0.49340739846230	0.33169007301331	65.000000000000	0.00000000000000
33.189998626709	0.49415454268456	0.33160540461540	65.000000000000	0.00000000000000
33.200000762939	0.49490004777908	0.33151972293854	65.000000000000	0.00000000000000
33.209999084473	0.49564400315285	0.33143287897110	65.000000000000	0.00000000000000
33.220001220703	0.49638622999191	0.33134496212006	65.000000000000	0.00000000000000
33.229999542236	0.49712699651718	0.33125591278076	65.000000000000	0.00000000000000
33.240001678467	0.49786600470543	0.33116582036018	65.000000000000	0.00000000000000
33.250000000000	0.49860343337059	0.33107465505600	65.000000000000	0.00000000000000
33.259998321533	0.49933931231499	0.33098241686821	65.000000000000	0.00000000000000
33.270000457764	0.50007361173630	0.33088910579681	65.000000000000	0.00000000000000
33.279998779297	0.50080609321594	0.33079478144646	65.000000000000	0.00000000000000
33.290000915527	0.50153714418411	0.33069941401482	65.000000000000	0.00000000000000
33.299999237061	0.50226652622223	0.33060297369957	65.000000000000	0.00000000000000
33.310001373291	0.50299435853958	0.33050554990768	65.000000000000	0.00000000000000
33.319999694824	0.50372064113617	0.33040708303452	65.000000000000	0.00000000000000
33.330001831055	0.50444525480270	0.33030757308006	65.000000000000	0.00000000000000
33.340000152588	0.50516825914383	0.33020710945129	65.000000000000	0.00000000000000
33.349998474121	0.50588959455490	0.33010560274124	65.000000000000	0.00000000000000
33.360000610352	0.50660949945450	0.33000314235687	65.000000000000	0.00000000000000
33.369998931885	0.50732761621475	0.32989966869354	65.000000000000	0.00000000000000
33.380001068115	0.50804436206818	0.32979524135590	65.000000000000	0.00000000000000
33.389999389648	0.50875937938690	0.32968983054161	65.000000000000	0.00000000000000
33.400001525879	0.50947278738022	0.32958346605301	65.000000000000	0.00000000000000
33.409999847412	0.51018476486206	0.32947611808777	65.000000000000	0.00000000000000
33.419998168945	0.51089507341385	0.32936781644821	65.000000000000	0.00000000000000
33.430000305176	0.51160377264023	0.32925865054131	65.000000000000	0.00000000000000
33.439998626709	0.51231092214584	0.32914847135544	65.000000000000	0.00000000000000
33.450000762939	0.51301646232605	0.32903739809990	65.000000000000	0.00000000000000
33.459999084473	0.51372039318085	0.32892540097237	65.000000000000	0.00000000000000
33.470001220703	0.51442283391953	0.32881247997284	65.000000000000	0.00000000000000
33.479999542236	0.51512372493744	0.32869863510132	65.000000000000	0.00000000000000
33.490001678467	0.51582306623459	0.32858392596245	65.000000000000	0.00000000000000
33.500000000000	0.51652067899704	0.32846835255623	65.000000000000	0.00000000000000
33.509998321533	0.51721674203873	0.32835185527802	65.000000000000	0.00000000000000
33.520000457764	0.51791143417358	0.32823449373245	65.000000000000	0.00000000000000
33.529998779297	0.51860439777374	0.32811623811722	65.000000000000	0.00000000000000
33.540000915527	0.51929587125778	0.32799711823463	65.000000000000	0.00000000000000
33.549999237061	0.51998573541641	0.32787719368935	65.000000000000	0.00000000000000
33.560001373291	0.52067410945892	0.32775637507439	65.000000000000	0.00000000000000
33.569999694824	0.52136093378067	0.32763475179672	65.000000000000	0.00000000000000
33.580001831055	0.52204620838165	0.32751229405403	65.000000000000	0.00000000000000
33.590000152588	0.52272987365723	0.32738894224167	65.000000000000	0.00000000000000
33.599998474121	0.52341198921204	0.32726484537125	65.000000000000	0.00000000000000
33.610000610352	0.52409261465073	0.32713985443115	65.000000000000	0.00000000000000
33.619998931885	0.52477169036865	0.32701414823532	65.000000000000	0.00000000000000
33.630001068115	0.52544921636581	0.32688760757446	65.000000000000	0.00000000000000
33.639999389648	0.52612519264221	0.32676023244858	65.000000000000	0.00000000000000
33.650001525879	0.52679967880249	0.32663211226463	65.000000000000	0.00000000000000
33.659999847412	0.52747261524200	0.32650318741798	65.000000000000	0.00000000000000
33.669998168945	0.52814394235611	0.32637351751328	65.000000000000	0.00000000000000
33.680000305176	0.52881389856339	0.32624307274818	65.000000000000	0.00000000000000
33.689998626709	0.52948230504990	0.32611185312271	65.000000000000	0.00000000000000
33.700000762939	0.53014910221100	0.32597991824150	65.000000000000	0.00000000000000
33.709999084473	0.53081446886063	0.32584717869759	65.000000000000	0.00000000000000
33.720001220703	0.53147822618484	0.32571378350258	65.000000000000	0.00000000000000
33.729999542236	0.53214055299759	0.32557958364487	65.000000000000	0.00000000000000
33.740001678467	0.53280127048492	0.32544469833374	65.000000000000	0.00000000000000
33.750000000000	0.53346055746078	0.32530909776688	65.000000000000	0.00000000000000
33.759998321533	0.53411841392517	0.32517278194427	65.000000000000	0.00000000000000
33.770000457764	0.53477466106415	0.32503572106361	65.000000000000	0.00000000000000
33.779998779297	0.53542947769165	0.32489800453186	65.000000000000	0.00000000000000
33.790000915527	0.53608280420303	0.32475957274437	65.000000000000	0.00000000000000
33.799999237061	0.53673458099365	0.32462048530579	65.000000000000	0.00000000000000
33.810001373291	0.53738486766815	0.32448068261147	65.000000000000	0.00000000000000
33.819999694824	0.53803372383118	0.32434025406837	65.000000000000	0.00000000000000
33.830001831055	0.53868108987808	0.32419916987419	65.000000000000	0.00000000000000
33.840000152588	0.53932696580887	0.32405734062195	65.000000000000	0.00000000000000
33.849998474121	0.53997135162354	0.32391491532326	65.000000000000	0.00000000000000
33.860000610352	0.54061430692673	0.32377183437347	65.000000000000	0.00000000000000
33.869998931885	0.54125583171844	0.32362815737724	65.000000000000	0.00000000000000
33.880001068115	0.54189580678940	0.32348379492760	65.000000000000	0.00000000000000
33.889999389648	0.54253429174423	0.32333880662918	65.000000000000	0.00000000000000
33.900001525879	0.54317146539688	0.32319325208664	65.000000000000	0.00000000000000
33.909999847412	0.54380702972412	0.32304704189301	65.000000000000	0.00000000000000
33.919998168945	0.54444116353989	0.32290023565292	65.000000000000	0.00000000000000
33.930000305176	0.54507398605347	0.32275277376175	65.000000000000	0.00000000000000
33.939998626709	0.54570525884628	0.32260477542877	65.000000000000	0.00000000000000
33.950000762939	0.54633516073227	0.32245621085167	65.000000000000	0.00000000000000
33.959999084473	0.54696357250214	0.32230699062347	65.000000000000	0.00000000000000
33.970001220703	0.54759055376053	0.32215726375580	65.000000000000	0.00000000000000
33.979999542236	0.54821604490280	0.32200694084167	65.000000000000	0.00000000000000
33.990001678467	0.54884028434753	0.32185605168343	65.000000000000	0.00000000000000
34.000000000000	0.54946297407150	0.32170459628105	65.000000000000	0.00000000000000
34.009998321533	0.55008429288864	0.32155260443687	65.000000000000	0.00000000000000
34.020000457764	0.55070418119431	0.32140001654625	65.000000000000	0.00000000000000
34.029998779297	0.55132263898849	0.32124695181847	65.000000000000	0.00000000000000
34.040000915527	0.55193978548050	0.32109332084656	65.000000000000	0.00000000000000
34.049999237061	0.55255550146103	0.32093918323517	65.000000000000	0.00000000000000
34.060001373291	0.55316966772079	0.32078447937965	65.000000000000	0.00000000000000
34.069999694824	0.55378264188766	0.32062929868698	65.000000000000	0.00000000000000
34.080001831055	0.55439406633377	0.32047358155251	65.000000000000	0.00000000000000
34.090000152588	0.55500423908234	0.32031735777855	65.000000000000	0.00000000000000
34.099998474121	0.55561304092407	0.32016065716743	65.000000000000	0.00000000000000
34.110000610352	0.55622041225433	0.32000342011452	65.000000000000	0.00000000000000
34.119998931885	0.55682641267776	0.31984573602676	65.000000000000	0.00000000000000
34.130001068115	0.55743110179901	0.31968754529953	65.000000000000	0.00000000000000
34.139999389648	0.55803436040878	0.31952890753746	65.000000000000	0.00000000000000
34.150001525879	0.55863618850708	0.31936973333359	65.000000000000	0.00000000000000
34.159999847412	0.55923682451248	0.31921014189720	65.000000000000	0.00000000000000
34.169998168945	0.55983608961105	0.31905010342598	65.000000000000	0.00000000000000
34.180000305176	0.56043398380280	0.31888958811760	65.000000000000	0.00000000000000
34.189998626709	0.56103050708771	0.31872859597206	65.000000000000	0.00000000000000
34.200000762939	0.56162571907043	0.31856715679169	65.000000000000	0.00000000000000
34.209999084473	0.56221967935562	0.31840530037880	65.000000000000	0.00000000000000
34.220001220703	0.56281214952469	0.31824299693108	65.000000000000	0.00000000000000
34.229999542236	0.56340354681015	0.31808009743690	65.000000000000	0.00000000000000
34.240001678467	0.56399333477020	0.31791713833809	65.000000000000	0.00000000000000
34.250000000000	0.56458199024200	0.31775352358818	65.000000000000	0.00000000000000
34.259998321533	0.56516927480698	0.31758958101273	65.000000000000	0.00000000000000
34.270000457764	0.56575536727905	0.31742501258850	65.000000000000	0.00000000000000
34.279998779297	0.56634002923965	0.31726038455963	65.000000000000	0.00000000000000
34.290000915527	0.56692343950272	0.31709513068199	65.000000000000	0.00000000000000
34.299999237061	0.56750553846359	0.31692957878113	65.000000000000	0.00000000000000
34.310001373291	0.56808644533157	0.31676340103149	65.000000000000	0.00000000000000
34.319999694824	0.56866610050201	0.31659695506096	65.000000000000	0.00000000000000
34.330001831055	0.56924438476563	0.31643015146255	65.000000000000	0.00000000000000
34.340000152588	0.56982153654099	0.31626284122467	65.000000000000	0.00000000000000
34.349998474121	0.57039725780487	0.31609550118446	65.000000000000	0.00000000000000
34.360000610352	0.57097196578979	0.31592732667923	65.000000000000	0.00000000000000
34.369998931885	0.57154500484467	0.31575939059258	65.000000000000	0.00000000000000
34.380001068115	0.57211709022522	0.31559064984322	65.000000000000	0.00000000000000
34.389999389648	0.57268804311752	0.31542137265205	65.000000000000	0.00000000000000
34.400001525879	0.57325756549835	0.31525212526321	65.000000000000	0.00000000000000
34.409999847412	0.57382607460022	0.31508204340935	65.000000000000	0.00000000000000
34.419998168945	0.57439303398132	0.31491225957870	65.000000000000	0.00000000000000
34.430000305176	0.57495898008347	0.31474173069000	65.000000000000	0.00000000000000
34.439998626709	0.57552373409271	0.31457096338272	65.000000000000	0.00000000000000
34.450000762939	0.57608717679977	0.31439983844757	65.000000000000	0.00000000000000
34.459999084473	0.57664948701859	0.31422838568687	65.000000000000	0.00000000000000
34.470001220703	0.57721054553986	0.31405660510063	65.000000000000	0.00000000000000
34.479999542236	0.57777047157288	0.31388446688652	65.000000000000	0.00000000000000
34.490001678467	0.57832914590836	0.31371203064919	65.000000000000	0.00000000000000
34.500000000000	0.57888668775558	0.31353923678398	65.000000000000	0.00000000000000
34.509998321533	0.57944315671921	0.31336614489555	65.000000000000	0.00000000000000
34.520000457764	0.57999831438065	0.31319272518158	65.000000000000	0.00000000000000
34.529998779297	0.58055233955383	0.31301900744438	65.000000000000	0.00000000000000
34.540000915527	0.58110523223877	0.31284496188164	65.000000000000	0.00000000000000
34.549999237061	0.58165699243546	0.31267064809799	65.000000000000	0.00000000000000
34.560001373291	0.58220762014389	0.31249597668648	65.000000000000	0.00000000000000
34.569999694824	0.58275705575943	0.31232103705406	65.000000000000	0.00000000000000
34.580001831055	0.58330529928207	0.31214573979378	65.000000000000	0.00000000000000
34.590000152588	0.58385252952576	0.31197017431259	65.000000000000	0.00000000000000
34.599998474121	0.58439862728119	0.31179434061050	65.000000000000	0.00000000000000
34.610000610352	0.58494347333908	0.31161817908287	65.000000000000	0.00000000000000
34.619998931885	0.58548730611801	0.31144174933434	65.000000000000	0.00000000000000
34.630001068115	0.58603012561798	0.31126502156258	65.000000000000	0.00000000000000
34.639999389648	0.58657169342041	0.31108802556992	65.000000000000	0.00000000000000
34.650001525879	0.58711224794388	0.31091070175171	65.000000000000	0.00000000000000
34.659999847412	0.58765166997910	0.31073313951492	65.000000000000	0.00000000000000
34.669998168945	0.58819001913071	0.31055524945259	65.000000000000	0.00000000000000
34.680000305176	0.58872723579407	0.31037709116936	65.000000000000	0.00000000000000
34.689998626709	0.58926355838776	0.31019866466522	65.000000000000	0.00000000000000
34.700000762939	0.58979856967926	0.31001994013786	65.000000000000	0.00000000000000
34.709999084473	0.59033268690109	0.30984094738960	65.000000000000	0.00000000000000
34.720001220703	0.59086573123932	0.30966168642044	65.000000000000	0.00000000000000
34.729999542236	0.59139770269394	0.30948215723038	65.000000000000	0.00000000000000
34.740001678467	0.59192854166031	0.30930233001709	65.000000000000	0.00000000000000
34.750000000000	0.59245842695236	0.30912226438522	65.000000000000	0.00000000000000
34.759998321533	0.59298729896545	0.30894190073013	65.000000000000	0.00000000000000
34.770000457764	0.59351503849030	0.30876126885414	65.000000000000	0.00000000000000
34.779998779297	0.59404188394547	0.30858036875725	65.000000000000	0.00000000000000
34.790000915527	0.59456759691238	0.30839920043945	65.000000000000	0.00000000000000
34.799999237061	0.59509235620499	0.30821779370308	65.000000000000	0.00000000000000
34.810001373291	0.59561604261398	0.30803608894348	65.000000000000	0.00000000000000
34.819999694824	0.59613877534866	0.30785411596298	65.000000000000	0.00000000000000
34.830001831055	0.59666055440903	0.30767184495926	65.000000000000	0.00000000000000
34.840000152588	0.59718132019043	0.30748936533928	65.000000000000	0.00000000000000
34.849998474121	0.59770101308823	0.30730658769608	65.000000000000	0.00000000000000
34.860000610352	0.59821981191635	0.30712357163429	65.000000000000	0.00000000000000
34.869998931885	0.59873759746552	0.30694022774696	65.000000000000	0.00000000000000
34.880001068115	0.59925436973572	0.30675664544106	65.000000000000	0.00000000000000
34.889999389648	0.59977024793625	0.30657282471657	65.000000000000	0.00000000000000
34.900001525879	0.60028505325317	0.30638870596886	65.000000000000	0.00000000000000
34.909999847412	0.60079908370972	0.30620434880257	65.000000000000	0.00000000000000
34.919998168945	0.60131204128265	0.30601969361305	65.000000000000	0.00000000000000
34.930000305176	0.60182398557663	0.30583477020264	65.000000000000	0.00000000000000
34.939998626709	0.60233515501022	0.30564957857132	65.000000000000	0.00000000000000
34.950000762939	0.60284525156021	0.30546411871910	65.000000000000	0.00000000000000
34.959999084473	0.60335445404053	0.30527839064598	65.000000000000	0.00000000000000
34.970001220703	0.60386270284653	0.30509236454964	65.000000000000	0.00000000000000
34.979999542236	0.60437011718750	0.30490610003471	65.000000000000	0.00000000000000
34.990001678467	0.60487651824951	0.30471956729889	65.000000000000	0.00000000000000
35.000000000000	0.60538196563721	0.30453270673752	65.000000000000	0.00000000000000
