#Parameters = {d=0.2569095477387; l2=5.138190954774; lambda=10.276381909548; r=0.034621130653267}
#"Frequency / GHz"	"S1,1 (lambda=10.2764) [Re]"	"S1,1 (lambda=10.2764) [Im]"	"Ref.Imp. [Re]"	"Ref.Imp. [Im]"
#-----------------------------------------------------------------------------------------------------------
25.000000000000	-0.012463716790080	-0.25364315509796	65.000000000000	0.00000000000000
25.010000228882	-0.012989873997867	-0.25145974755287	65.000000000000	0.00000000000000
25.020000457764	-0.013505671173334	-0.24927417933941	65.000000000000	0.00000000000000
25.030000686646	-0.014011142775416	-0.24708645045757	65.000000000000	0.00000000000000
25.040000915527	-0.014506321400404	-0.24489666521549	65.000000000000	0.00000000000000
25.049999237061	-0.014991064555943	-0.24270488321781	65.000000000000	0.00000000000000
25.059999465942	-0.015465461649001	-0.24051119387150	65.000000000000	0.00000000000000
25.069999694824	-0.015929497778416	-0.23831565678120	65.000000000000	0.00000000000000
25.079999923706	-0.016383251175284	-0.23611836135387	65.000000000000	0.00000000000000
25.090000152588	-0.016826476901770	-0.23391936719418	65.000000000000	0.00000000000000
25.100000381470	-0.017259372398257	-0.23171876370907	65.000000000000	0.00000000000000
25.110000610352	-0.017681909725070	-0.22951661050320	65.000000000000	0.00000000000000
25.120000839233	-0.018093958497047	-0.22731296718121	65.000000000000	0.00000000000000
25.129999160767	-0.018495706841350	-0.22510793805122	65.000000000000	0.00000000000000
25.139999389648	-0.018886813893914	-0.22290162742138	65.000000000000	0.00000000000000
25.149999618530	-0.019267676398158	-0.22069402039051	65.000000000000	0.00000000000000
25.159999847412	-0.019638057798147	-0.21848526597023	65.000000000000	0.00000000000000
25.170000076294	-0.019998040050268	-0.21627537906170	65.000000000000	0.00000000000000
25.180000305176	-0.020347489044070	-0.21406449377537	65.000000000000	0.00000000000000
25.190000534058	-0.020686591044068	-0.21185263991356	65.000000000000	0.00000000000000
25.200000762939	-0.021015213802457	-0.20963992178440	65.000000000000	0.00000000000000
25.209999084473	-0.021333334967494	-0.20742638409138	65.000000000000	0.00000000000000
25.219999313354	-0.021641125902534	-0.20521213114262	65.000000000000	0.00000000000000
25.229999542236	-0.021938456222415	-0.20299719274044	65.000000000000	0.00000000000000
25.239999771118	-0.022225305438042	-0.20078168809414	65.000000000000	0.00000000000000
25.250000000000	-0.022501735016704	-0.19856566190720	65.000000000000	0.00000000000000
25.260000228882	-0.022767726331949	-0.19634920358658	65.000000000000	0.00000000000000
25.270000457764	-0.023023426532745	-0.19413235783577	65.000000000000	0.00000000000000
25.280000686646	-0.023268535733223	-0.19191525876522	65.000000000000	0.00000000000000
25.290000915527	-0.023503294214606	-0.18969790637493	65.000000000000	0.00000000000000
25.299999237061	-0.023727584630251	-0.18748040497303	65.000000000000	0.00000000000000
25.309999465942	-0.023941552266479	-0.18526282906532	65.000000000000	0.00000000000000
25.319999694824	-0.024145167320967	-0.18304525315762	65.000000000000	0.00000000000000
25.329999923706	-0.024338304996490	-0.18082773685455	65.000000000000	0.00000000000000
25.340000152588	-0.024521101266146	-0.17861035466194	65.000000000000	0.00000000000000
25.350000381470	-0.024693446233869	-0.17639321088791	65.000000000000	0.00000000000000
25.360000610352	-0.024855630472302	-0.17417630553246	65.000000000000	0.00000000000000
25.370000839233	-0.025007201358676	-0.17195980250835	65.000000000000	0.00000000000000
25.379999160767	-0.025148697197437	-0.16974367201328	65.000000000000	0.00000000000000
25.389999389648	-0.025279667228460	-0.16752804815769	65.000000000000	0.00000000000000
25.399999618530	-0.025400396436453	-0.16531300544739	65.000000000000	0.00000000000000
25.409999847412	-0.025510916486382	-0.16309858858585	65.000000000000	0.00000000000000
25.420000076294	-0.025610946118832	-0.16088488698006	65.000000000000	0.00000000000000
25.430000305176	-0.025700900703669	-0.15867193043232	65.000000000000	0.00000000000000
25.440000534058	-0.025780502706766	-0.15645983815193	65.000000000000	0.00000000000000
25.450000762939	-0.025849850848317	-0.15424866974354	65.000000000000	0.00000000000000
25.459999084473	-0.025908967480063	-0.15203846991062	65.000000000000	0.00000000000000
25.469999313354	-0.025957936421037	-0.14982929825783	65.000000000000	0.00000000000000
25.479999542236	-0.025996772572398	-0.14762124419212	65.000000000000	0.00000000000000
25.489999771118	-0.026025338098407	-0.14541439712048	65.000000000000	0.00000000000000
25.500000000000	-0.026043783873320	-0.14320880174637	65.000000000000	0.00000000000000
25.510000228882	-0.026052037253976	-0.14100453257561	65.000000000000	0.00000000000000
25.520000457764	-0.026050234213471	-0.13880164921284	65.000000000000	0.00000000000000
25.530000686646	-0.026038294658065	-0.13660021126270	65.000000000000	0.00000000000000
25.540000915527	-0.026016335934401	-0.13440030813217	65.000000000000	0.00000000000000
25.549999237061	-0.025984337553382	-0.13220196962357	65.000000000000	0.00000000000000
25.559999465942	-0.025942211970687	-0.13000530004501	65.000000000000	0.00000000000000
25.569999694824	-0.025890180841088	-0.12781034410000	65.000000000000	0.00000000000000
25.579999923706	-0.025828018784523	-0.12561717629433	65.000000000000	0.00000000000000
25.590000152588	-0.025755992159247	-0.12342587113380	65.000000000000	0.00000000000000
25.600000381470	-0.025674099102616	-0.12123645097017	65.000000000000	0.00000000000000
25.610000610352	-0.025582171976566	-0.11904904246330	65.000000000000	0.00000000000000
25.620000839233	-0.025480424985290	-0.11686365306377	65.000000000000	0.00000000000000
25.629999160767	-0.025368843227625	-0.11468036472797	65.000000000000	0.00000000000000
25.639999389648	-0.025247391313314	-0.11249925941229	65.000000000000	0.00000000000000
25.649999618530	-0.025116093456745	-0.11032038927078	65.000000000000	0.00000000000000
25.659999847412	-0.024975003674626	-0.10814381390810	65.000000000000	0.00000000000000
25.670000076294	-0.024824211373925	-0.10596959292889	65.000000000000	0.00000000000000
25.680000305176	-0.024663744494319	-0.10379777103662	65.000000000000	0.00000000000000
25.690000534058	-0.024493459612131	-0.10162845253944	65.000000000000	0.00000000000000
25.700000762939	-0.024313552305102	-0.099461674690247	65.000000000000	0.00000000000000
25.709999084473	-0.024124043062329	-0.097297489643097	65.000000000000	0.00000000000000
25.719999313354	-0.023924931883812	-0.095135949552059	65.000000000000	0.00000000000000
25.729999542236	-0.023716202005744	-0.092977151274681	65.000000000000	0.00000000000000
25.739999771118	-0.023497905582190	-0.090821139514446	65.000000000000	0.00000000000000
25.750000000000	-0.023270148783922	-0.088667951524258	65.000000000000	0.00000000000000
25.760000228882	-0.023032885044813	-0.086517654359341	65.000000000000	0.00000000000000
25.770000457764	-0.022786157205701	-0.084370337426662	65.000000000000	0.00000000000000
25.780000686646	-0.022530017420650	-0.082226023077965	65.000000000000	0.00000000000000
25.790000915527	-0.022264525294304	-0.080084770917892	65.000000000000	0.00000000000000
25.799999237061	-0.021989647299051	-0.077946655452251	65.000000000000	0.00000000000000
25.809999465942	-0.021705465391278	-0.075811728835106	65.000000000000	0.00000000000000
25.819999694824	-0.021411970257759	-0.073680035769939	65.000000000000	0.00000000000000
25.829999923706	-0.021109260618687	-0.071551643311977	65.000000000000	0.00000000000000
25.840000152588	-0.020797329023480	-0.069426603615284	65.000000000000	0.00000000000000
25.850000381470	-0.020476210862398	-0.067304976284504	65.000000000000	0.00000000000000
25.860000610352	-0.020145947113633	-0.065186798572540	65.000000000000	0.00000000000000
25.870000839233	-0.019806582480669	-0.063072137534618	65.000000000000	0.00000000000000
25.879999160767	-0.019458152353764	-0.060961052775383	65.000000000000	0.00000000000000
25.889999389648	-0.019100692123175	-0.058853585273027	65.000000000000	0.00000000000000
25.899999618530	-0.018734231591225	-0.056749794632196	65.000000000000	0.00000000000000
25.909999847412	-0.018358819186687	-0.054649725556374	65.000000000000	0.00000000000000
25.920000076294	-0.017974475398660	-0.052553441375494	65.000000000000	0.00000000000000
25.930000305176	-0.017581282183528	-0.050460979342461	65.000000000000	0.00000000000000
25.940000534058	-0.017179230228066	-0.048372402787209	65.000000000000	0.00000000000000
25.950000762939	-0.016768360510468	-0.046287760138512	65.000000000000	0.00000000000000
25.959999084473	-0.016348743811250	-0.044207088649273	65.000000000000	0.00000000000000
25.969999313354	-0.015920413658023	-0.042130451649427	65.000000000000	0.00000000000000
25.979999542236	-0.015483388677239	-0.040057901293039	65.000000000000	0.00000000000000
25.989999771118	-0.015037721954286	-0.037989474833012	65.000000000000	0.00000000000000
26.000000000000	-0.014583457261324	-0.035925220698118	65.000000000000	0.00000000000000
26.010000228882	-0.014120632782578	-0.033865194767714	65.000000000000	0.00000000000000
26.020000457764	-0.013649283908308	-0.031809441745281	65.000000000000	0.00000000000000
26.030000686646	-0.013169464655221	-0.029758002609015	65.000000000000	0.00000000000000
26.040000915527	-0.012681210413575	-0.027710931375623	65.000000000000	0.00000000000000
26.049999237061	-0.012184554710984	-0.025668265298009	65.000000000000	0.00000000000000
26.059999465942	-0.011679552495480	-0.023630060255527	65.000000000000	0.00000000000000
26.069999694824	-0.011166243813932	-0.021596349775791	65.000000000000	0.00000000000000
26.079999923706	-0.010644673369825	-0.019567189738154	65.000000000000	0.00000000000000
26.090000152588	-0.010114870965481	-0.017542615532875	65.000000000000	0.00000000000000
26.100000381470	-0.0095768971368670	-0.015522677451372	65.000000000000	0.00000000000000
26.110000610352	-0.0090307882055640	-0.013507410883904	65.000000000000	0.00000000000000
26.120000839233	-0.0084765860810876	-0.011496864259243	65.000000000000	0.00000000000000
26.129999160767	-0.0079143391922116	-0.0094910776242614	65.000000000000	0.00000000000000
26.139999389648	-0.0073440959677100	-0.0074900891631842	65.000000000000	0.00000000000000
26.149999618530	-0.0067658885382116	-0.0054939468391240	65.000000000000	0.00000000000000
26.159999847412	-0.0061797704547644	-0.0035026860423386	65.000000000000	0.00000000000000
26.170000076294	-0.0055857840925455	-0.0015163504285738	65.000000000000	0.00000000000000
26.180000305176	-0.0049839750863612	0.00046502216719091	65.000000000000	0.00000000000000
26.190000534058	-0.0043743913993239	0.0024413920473307	65.000000000000	0.00000000000000
26.200000762939	-0.0037570730783045	0.0044127223081887	65.000000000000	0.00000000000000
26.209999084473	-0.0031320741400123	0.0063789696432650	65.000000000000	0.00000000000000
26.219999313354	-0.0024994318373501	0.0083401026204228	65.000000000000	0.00000000000000
26.229999542236	-0.0018591933185235	0.010296080261469	65.000000000000	0.00000000000000
26.239999771118	-0.0012114190030843	0.012246863916516	65.000000000000	0.00000000000000
26.250000000000	-0.00055613514268771	0.014192420989275	65.000000000000	0.00000000000000
26.260000228882	0.00010659411782399	0.016132714226842	65.000000000000	0.00000000000000
26.270000457764	0.00077673315536231	0.018067708238959	65.000000000000	0.00000000000000
26.280000686646	0.0014542414573953	0.019997365772724	65.000000000000	0.00000000000000
26.290000915527	0.0021390528418124	0.021921657025814	65.000000000000	0.00000000000000
26.299999237061	0.0028311263304204	0.023840542882681	65.000000000000	0.00000000000000
26.309999465942	0.0035304247867316	0.025753993541002	65.000000000000	0.00000000000000
26.319999694824	0.0042369011789560	0.027661973610520	65.000000000000	0.00000000000000
26.329999923706	0.0049504851922393	0.029564451426268	65.000000000000	0.00000000000000
26.340000152588	0.0056711426004767	0.031461395323277	65.000000000000	0.00000000000000
26.350000381470	0.0063988403417170	0.033352773636580	65.000000000000	0.00000000000000
26.360000610352	0.0071335160173476	0.035238552838564	65.000000000000	0.00000000000000
26.370000839233	0.0078750969842076	0.037118703126907	65.000000000000	0.00000000000000
26.379999160767	0.0086235906928778	0.038993190973997	65.000000000000	0.00000000000000
26.389999389648	0.0093788858503103	0.040861997753382	65.000000000000	0.00000000000000
26.399999618530	0.010140985250473	0.042725086212158	65.000000000000	0.00000000000000
26.409999847412	0.010909824632108	0.044582426548004	65.000000000000	0.00000000000000
26.420000076294	0.011685344390571	0.046433988958597	65.000000000000	0.00000000000000
26.430000305176	0.012467508204281	0.048279754817486	65.000000000000	0.00000000000000
26.440000534058	0.013256258331239	0.050119683146477	65.000000000000	0.00000000000000
26.450000762939	0.014051559381187	0.051953759044409	65.000000000000	0.00000000000000
26.459999084473	0.014853349886835	0.053781945258379	65.000000000000	0.00000000000000
26.469999313354	0.015661567449570	0.055604230612516	65.000000000000	0.00000000000000
26.479999542236	0.016476195305586	0.057420570403337	65.000000000000	0.00000000000000
26.489999771118	0.017297176644206	0.059230953454971	65.000000000000	0.00000000000000
26.500000000000	0.018124451860785	0.061035349965096	65.000000000000	0.00000000000000
26.510000228882	0.018957976251841	0.062833733856678	65.000000000000	0.00000000000000
26.520000457764	0.019797686487436	0.064626090228558	65.000000000000	0.00000000000000
26.530000686646	0.020643545314670	0.066412374377251	65.000000000000	0.00000000000000
26.540000915527	0.021495508030057	0.068192593753338	65.000000000000	0.00000000000000
26.549999237061	0.022353531792760	0.069966703653336	65.000000000000	0.00000000000000
26.559999465942	0.023217536509037	0.071734689176083	65.000000000000	0.00000000000000
26.569999694824	0.024087525904179	0.073496527969837	65.000000000000	0.00000000000000
26.579999923706	0.024963378906250	0.075252197682858	65.000000000000	0.00000000000000
26.590000152588	0.025845119729638	0.077001675963402	65.000000000000	0.00000000000000
26.600000381470	0.026732629165053	0.078744947910309	65.000000000000	0.00000000000000
26.610000610352	0.027625912800431	0.080481991171837	65.000000000000	0.00000000000000
26.620000839233	0.028524903580546	0.082212790846825	65.000000000000	0.00000000000000
26.629999160767	0.029429556801915	0.083937317132950	65.000000000000	0.00000000000000
26.639999389648	0.030339799821377	0.085655562579632	65.000000000000	0.00000000000000
26.649999618530	0.031255602836609	0.087367497384548	65.000000000000	0.00000000000000
26.659999847412	0.032176915556192	0.089073114097118	65.000000000000	0.00000000000000
26.670000076294	0.033103689551353	0.090772390365601	65.000000000000	0.00000000000000
26.680000305176	0.034035868942738	0.092465311288834	65.000000000000	0.00000000000000
26.690000534058	0.034973416477442	0.094151861965656	65.000000000000	0.00000000000000
26.700000762939	0.035916250199080	0.095832020044327	65.000000000000	0.00000000000000
26.709999084473	0.036864373832941	0.097505778074265	65.000000000000	0.00000000000000
26.719999313354	0.037817668169737	0.099173121154308	65.000000000000	0.00000000000000
26.729999542236	0.038776185363531	0.10083401203156	65.000000000000	0.00000000000000
26.739999771118	0.039739761501551	0.10248848050833	65.000000000000	0.00000000000000
26.750000000000	0.040708452463150	0.10413646697998	65.000000000000	0.00000000000000
26.760000228882	0.041682135313749	0.10577797144651	65.000000000000	0.00000000000000
26.770000457764	0.042660776525736	0.10741300880909	65.000000000000	0.00000000000000
26.780000686646	0.043644338846207	0.10904153436422	65.000000000000	0.00000000000000
26.790000915527	0.044632781296968	0.11066354811192	65.000000000000	0.00000000000000
26.799999237061	0.045626062899828	0.11227903515100	65.000000000000	0.00000000000000
26.809999465942	0.046624071896076	0.11388797312975	65.000000000000	0.00000000000000
26.819999694824	0.047626823186874	0.11549037694931	65.000000000000	0.00000000000000
26.829999923706	0.048634260892868	0.11708620935678	65.000000000000	0.00000000000000
26.840000152588	0.049646303057671	0.11867548525333	65.000000000000	0.00000000000000
26.850000381470	0.050662953406572	0.12025818973780	65.000000000000	0.00000000000000
26.860000610352	0.051684122532606	0.12183428555727	65.000000000000	0.00000000000000
26.870000839233	0.052709791809320	0.12340378016233	65.000000000000	0.00000000000000
26.879999160767	0.053739842027426	0.12496668845415	65.000000000000	0.00000000000000
26.889999389648	0.054774306714535	0.12652295827866	65.000000000000	0.00000000000000
26.899999618530	0.055813115090132	0.12807261943817	65.000000000000	0.00000000000000
26.909999847412	0.056856233626604	0.12961563467979	65.000000000000	0.00000000000000
26.920000076294	0.057903569191694	0.13115201890469	65.000000000000	0.00000000000000
26.930000305176	0.058955077081919	0.13268177211285	65.000000000000	0.00000000000000
26.940000534058	0.060010772198439	0.13420483469963	65.000000000000	0.00000000000000
26.950000762939	0.061070557683706	0.13572128117085	65.000000000000	0.00000000000000
26.959999084473	0.062134411185980	0.13723102211952	65.000000000000	0.00000000000000
26.969999313354	0.063202269375324	0.13873411715031	65.000000000000	0.00000000000000
26.979999542236	0.064274072647095	0.14023055136204	65.000000000000	0.00000000000000
26.989999771118	0.065349772572517	0.14172028005123	65.000000000000	0.00000000000000
27.000000000000	0.066429361701012	0.14320333302021	65.000000000000	0.00000000000000
27.010000228882	0.067512765526772	0.14467969536781	65.000000000000	0.00000000000000
27.020000457764	0.068599924445152	0.14614936709404	65.000000000000	0.00000000000000
27.030000686646	0.069690845906734	0.14761233329773	65.000000000000	0.00000000000000
27.040000915527	0.070785440504551	0.14906862378120	65.000000000000	0.00000000000000
27.049999237061	0.071883648633957	0.15051819384098	65.000000000000	0.00000000000000
27.059999465942	0.072985440492630	0.15196105837822	65.000000000000	0.00000000000000
27.069999694824	0.074090816080570	0.15339721739292	65.000000000000	0.00000000000000
27.079999923706	0.075199611485004	0.15482667088509	65.000000000000	0.00000000000000
27.090000152588	0.076311908662319	0.15624941885471	65.000000000000	0.00000000000000
27.100000381470	0.077427610754967	0.15766546130180	65.000000000000	0.00000000000000
27.110000610352	0.078546687960625	0.15907478332520	65.000000000000	0.00000000000000
27.120000839233	0.079669065773487	0.16047738492489	65.000000000000	0.00000000000000
27.129999160767	0.080794744193554	0.16187329590321	65.000000000000	0.00000000000000
27.139999389648	0.081923566758633	0.16326248645782	65.000000000000	0.00000000000000
27.149999618530	0.083055667579174	0.16464495658875	65.000000000000	0.00000000000000
27.159999847412	0.084190800786018	0.16602073609829	65.000000000000	0.00000000000000
27.170000076294	0.085329145193100	0.16738979518414	65.000000000000	0.00000000000000
27.180000305176	0.086470469832420	0.16875214874744	65.000000000000	0.00000000000000
27.190000534058	0.087614782154560	0.17010781168938	65.000000000000	0.00000000000000
27.200000762939	0.088762097060680	0.17145673930645	65.000000000000	0.00000000000000
27.209999084473	0.089912310242653	0.17279897630215	65.000000000000	0.00000000000000
27.219999313354	0.091065399348736	0.17413452267647	65.000000000000	0.00000000000000
27.229999542236	0.092221327126026	0.17546336352825	65.000000000000	0.00000000000000
27.239999771118	0.093380004167557	0.17678551375866	65.000000000000	0.00000000000000
27.250000000000	0.094541445374489	0.17810098826885	65.000000000000	0.00000000000000
27.260000228882	0.095705620944500	0.17940975725651	65.000000000000	0.00000000000000
27.270000457764	0.096872441470623	0.18071185052395	65.000000000000	0.00000000000000
27.280000686646	0.098041884601116	0.18200726807117	65.000000000000	0.00000000000000
27.290000915527	0.099213838577271	0.18329600989819	65.000000000000	0.00000000000000
27.299999237061	0.10038843005896	0.18457809090614	65.000000000000	0.00000000000000
27.309999465942	0.10156542807817	0.18585351109505	65.000000000000	0.00000000000000
27.319999694824	0.10274492204189	0.18712225556374	65.000000000000	0.00000000000000
27.329999923706	0.10392680019140	0.18838436901569	65.000000000000	0.00000000000000
27.340000152588	0.10511106997728	0.18963983654976	65.000000000000	0.00000000000000
27.350000381470	0.10629759728909	0.19088865816593	65.000000000000	0.00000000000000
27.360000610352	0.10748650878668	0.19213083386421	65.000000000000	0.00000000000000
27.370000839233	0.10867761075497	0.19336637854576	65.000000000000	0.00000000000000
27.379999160767	0.10987089574337	0.19459535181522	65.000000000000	0.00000000000000
27.389999389648	0.11106640100479	0.19581766426563	65.000000000000	0.00000000000000
27.399999618530	0.11226397007704	0.19703339040279	65.000000000000	0.00000000000000
27.409999847412	0.11346364766359	0.19824251532555	65.000000000000	0.00000000000000
27.420000076294	0.11466539651155	0.19944503903389	65.000000000000	0.00000000000000
27.430000305176	0.11586911976337	0.20064102113247	65.000000000000	0.00000000000000
27.440000534058	0.11707478761673	0.20183038711548	65.000000000000	0.00000000000000
27.450000762939	0.11828240752220	0.20301319658756	65.000000000000	0.00000000000000
27.459999084473	0.11949188262224	0.20418944954872	65.000000000000	0.00000000000000
27.469999313354	0.12070321291685	0.20535917580128	65.000000000000	0.00000000000000
27.479999542236	0.12191640585661	0.20652234554291	65.000000000000	0.00000000000000
27.489999771118	0.12313131242990	0.20767900347710	65.000000000000	0.00000000000000
27.500000000000	0.12434796988964	0.20882913470268	65.000000000000	0.00000000000000
27.510000228882	0.12556634843349	0.20997275412083	65.000000000000	0.00000000000000
27.520000457764	0.12678636610508	0.21110989153385	65.000000000000	0.00000000000000
27.530000686646	0.12800802290440	0.21224051713943	65.000000000000	0.00000000000000
27.540000915527	0.12923124432564	0.21336467564106	65.000000000000	0.00000000000000
27.549999237061	0.13045598566532	0.21448238193989	65.000000000000	0.00000000000000
27.559999465942	0.13168220221996	0.21559365093708	65.000000000000	0.00000000000000
27.569999694824	0.13290995359421	0.21669842302799	65.000000000000	0.00000000000000
27.579999923706	0.13413915038109	0.21779678761959	65.000000000000	0.00000000000000
27.590000152588	0.13536973297596	0.21888874471188	65.000000000000	0.00000000000000
27.600000381470	0.13660167157650	0.21997427940369	65.000000000000	0.00000000000000
27.610000610352	0.13783492147923	0.22105342149734	65.000000000000	0.00000000000000
27.620000839233	0.13906946778297	0.22212617099285	65.000000000000	0.00000000000000
27.629999160767	0.14030529558659	0.22319255769253	65.000000000000	0.00000000000000
27.639999389648	0.14154234528542	0.22425255179405	65.000000000000	0.00000000000000
27.649999618530	0.14278058707714	0.22530624270439	65.000000000000	0.00000000000000
27.659999847412	0.14401993155479	0.22635357081890	65.000000000000	0.00000000000000
27.670000076294	0.14526040852070	0.22739458084106	65.000000000000	0.00000000000000
27.680000305176	0.14650201797485	0.22842930257320	65.000000000000	0.00000000000000
27.690000534058	0.14774459600449	0.22945770621300	65.000000000000	0.00000000000000
27.700000762939	0.14898824691772	0.23047983646393	65.000000000000	0.00000000000000
27.709999084473	0.15023286640644	0.23149569332600	65.000000000000	0.00000000000000
27.719999313354	0.15147840976715	0.23250530660152	65.000000000000	0.00000000000000
27.729999542236	0.15272487699986	0.23350869119167	65.000000000000	0.00000000000000
27.739999771118	0.15397229790688	0.23450583219528	65.000000000000	0.00000000000000
27.750000000000	0.15522047877312	0.23549675941467	65.000000000000	0.00000000000000
27.760000228882	0.15646950900555	0.23648150265217	65.000000000000	0.00000000000000
27.770000457764	0.15771932899952	0.23746007680893	65.000000000000	0.00000000000000
27.780000686646	0.15896984934807	0.23843245208263	65.000000000000	0.00000000000000
27.790000915527	0.16022118926048	0.23939870297909	65.000000000000	0.00000000000000
27.799999237061	0.16147314012051	0.24035875499249	65.000000000000	0.00000000000000
27.809999465942	0.16272571682930	0.24131275713444	65.000000000000	0.00000000000000
27.819999694824	0.16397900879383	0.24226061999798	65.000000000000	0.00000000000000
27.829999923706	0.16523285210133	0.24320240318775	65.000000000000	0.00000000000000
27.840000152588	0.16648729145527	0.24413810670376	65.000000000000	0.00000000000000
27.850000381470	0.16774219274521	0.24506774544716	65.000000000000	0.00000000000000
27.860000610352	0.16899760067463	0.24599133431911	65.000000000000	0.00000000000000
27.870000839233	0.17025355994701	0.24690890312195	65.000000000000	0.00000000000000
27.879999160767	0.17150993645191	0.24782049655914	65.000000000000	0.00000000000000
27.889999389648	0.17276667058468	0.24872602522373	65.000000000000	0.00000000000000
27.899999618530	0.17402383685112	0.24962562322617	65.000000000000	0.00000000000000
27.909999847412	0.17528131604195	0.25051927566528	65.000000000000	0.00000000000000
27.920000076294	0.17653918266296	0.25140696763992	65.000000000000	0.00000000000000
27.930000305176	0.17779730260372	0.25228869915009	65.000000000000	0.00000000000000
27.940000534058	0.17905570566654	0.25316449999809	65.000000000000	0.00000000000000
27.950000762939	0.18031434714794	0.25403445959091	65.000000000000	0.00000000000000
27.959999084473	0.18157321214676	0.25489854812622	65.000000000000	0.00000000000000
27.969999313354	0.18283222615719	0.25575673580170	65.000000000000	0.00000000000000
27.979999542236	0.18409138917923	0.25660911202431	65.000000000000	0.00000000000000
27.989999771118	0.18535076081753	0.25745564699173	65.000000000000	0.00000000000000
28.000000000000	0.18661011755466	0.25829637050629	65.000000000000	0.00000000000000
28.010000228882	0.18786959350109	0.25913128256798	65.000000000000	0.00000000000000
28.020000457764	0.18912915885448	0.25996044278145	65.000000000000	0.00000000000000
28.030000686646	0.19038870930672	0.26078385114670	65.000000000000	0.00000000000000
28.040000915527	0.19164827466011	0.26160150766373	65.000000000000	0.00000000000000
28.049999237061	0.19290779531002	0.26241350173950	65.000000000000	0.00000000000000
28.059999465942	0.19416725635529	0.26321971416473	65.000000000000	0.00000000000000
28.069999694824	0.19542658329010	0.26402029395103	65.000000000000	0.00000000000000
28.079999923706	0.19668588042259	0.26481521129608	65.000000000000	0.00000000000000
28.090000152588	0.19794496893883	0.26560443639755	65.000000000000	0.00000000000000
28.100000381470	0.19920395314693	0.26638808846474	65.000000000000	0.00000000000000
28.110000610352	0.20046271383762	0.26716607809067	65.000000000000	0.00000000000000
28.120000839233	0.20172126591206	0.26793849468231	65.000000000000	0.00000000000000
28.129999160767	0.20297959446907	0.26870536804199	65.000000000000	0.00000000000000
28.139999389648	0.20423769950867	0.26946663856506	65.000000000000	0.00000000000000
28.149999618530	0.20549547672272	0.27022239565849	65.000000000000	0.00000000000000
28.159999847412	0.20675295591354	0.27097266912460	65.000000000000	0.00000000000000
28.170000076294	0.20801010727882	0.27171736955643	65.000000000000	0.00000000000000
28.180000305176	0.20926687121391	0.27245667576790	65.000000000000	0.00000000000000
28.190000534058	0.21052330732346	0.27319046854973	65.000000000000	0.00000000000000
28.200000762939	0.21177932620049	0.27391883730888	65.000000000000	0.00000000000000
28.209999084473	0.21303492784500	0.27464178204536	65.000000000000	0.00000000000000
28.219999313354	0.21429006755352	0.27535933256149	65.000000000000	0.00000000000000
28.229999542236	0.21554476022720	0.27607148885727	65.000000000000	0.00000000000000
28.239999771118	0.21679890155792	0.27677828073502	65.000000000000	0.00000000000000
28.250000000000	0.21805258095264	0.27747973799706	65.000000000000	0.00000000000000
28.260000228882	0.21930572390556	0.27817586064339	65.000000000000	0.00000000000000
28.270000457764	0.22055833041668	0.27886664867401	65.000000000000	0.00000000000000
28.280000686646	0.22181031107903	0.27955216169357	65.000000000000	0.00000000000000
28.290000915527	0.22306174039841	0.28023245930672	65.000000000000	0.00000000000000
28.299999237061	0.22431246936321	0.28090748190880	65.000000000000	0.00000000000000
28.309999465942	0.22556264698505	0.28157725930214	65.000000000000	0.00000000000000
28.319999694824	0.22681213915348	0.28224185109138	65.000000000000	0.00000000000000
28.329999923706	0.22806090116501	0.28290122747421	65.000000000000	0.00000000000000
28.340000152588	0.22930897772312	0.28355547785759	65.000000000000	0.00000000000000
28.350000381470	0.23055638372898	0.28420457243919	65.000000000000	0.00000000000000
28.360000610352	0.23180297017097	0.28484848141670	65.000000000000	0.00000000000000
28.370000839233	0.23304885625839	0.28548732399940	65.000000000000	0.00000000000000
28.379999160767	0.23429393768311	0.28612107038498	65.000000000000	0.00000000000000
28.389999389648	0.23553827404976	0.28674972057343	65.000000000000	0.00000000000000
28.399999618530	0.23678171634674	0.28737336397171	65.000000000000	0.00000000000000
28.409999847412	0.23802432417870	0.28799197077751	65.000000000000	0.00000000000000
28.420000076294	0.23926612734795	0.28860557079315	65.000000000000	0.00000000000000
28.430000305176	0.24050694704056	0.28921413421631	65.000000000000	0.00000000000000
28.440000534058	0.24174697697163	0.28981778025627	65.000000000000	0.00000000000000
28.450000762939	0.24298608303070	0.29041647911072	65.000000000000	0.00000000000000
28.459999084473	0.24422422051430	0.29101020097733	65.000000000000	0.00000000000000
28.469999313354	0.24546146392822	0.29159906506538	65.000000000000	0.00000000000000
28.479999542236	0.24669766426086	0.29218301177025	65.000000000000	0.00000000000000
28.489999771118	0.24793295562267	0.29276207089424	65.000000000000	0.00000000000000
28.500000000000	0.24916718900204	0.29333630204201	65.000000000000	0.00000000000000
28.510000228882	0.25040045380592	0.29390573501587	65.000000000000	0.00000000000000
28.520000457764	0.25163266062737	0.29447031021118	65.000000000000	0.00000000000000
28.530000686646	0.25286379456520	0.29503011703491	65.000000000000	0.00000000000000
28.540000915527	0.25409391522408	0.29558512568474	65.000000000000	0.00000000000000
28.549999237061	0.25532296299934	0.29613539576530	65.000000000000	0.00000000000000
28.559999465942	0.25655084848404	0.29668095707893	65.000000000000	0.00000000000000
28.569999694824	0.25777769088745	0.29722180962563	65.000000000000	0.00000000000000
28.579999923706	0.25900334119797	0.29775795340538	65.000000000000	0.00000000000000
28.590000152588	0.26022788882256	0.29828944802284	65.000000000000	0.00000000000000
28.600000381470	0.26145130395889	0.29881629347801	65.000000000000	0.00000000000000
28.610000610352	0.26267349720001	0.29933851957321	65.000000000000	0.00000000000000
28.620000839233	0.26389437913895	0.29985624551773	65.000000000000	0.00000000000000
28.629999160767	0.26511430740356	0.30036914348602	65.000000000000	0.00000000000000
28.639999389648	0.26633283495903	0.30087760090828	65.000000000000	0.00000000000000
28.649999618530	0.26755014061928	0.30138155817986	65.000000000000	0.00000000000000
28.659999847412	0.26876631379128	0.30188083648682	65.000000000000	0.00000000000000
28.670000076294	0.26998117566109	0.30237570405006	65.000000000000	0.00000000000000
28.680000305176	0.27119460701942	0.30286622047424	65.000000000000	0.00000000000000
28.690000534058	0.27240684628487	0.30335211753845	65.000000000000	0.00000000000000
28.700000762939	0.27361774444580	0.30383363366127	65.000000000000	0.00000000000000
28.709999084473	0.27482745051384	0.30431059002876	65.000000000000	0.00000000000000
28.719999313354	0.27603578567505	0.30478322505951	65.000000000000	0.00000000000000
28.729999542236	0.27724272012711	0.30525144934654	65.000000000000	0.00000000000000
28.739999771118	0.27844831347466	0.30571538209915	65.000000000000	0.00000000000000
28.750000000000	0.27965256571770	0.30617487430573	65.000000000000	0.00000000000000
28.760000228882	0.28085541725159	0.30663010478020	65.000000000000	0.00000000000000
28.770000457764	0.28205698728561	0.30708092451096	65.000000000000	0.00000000000000
28.780000686646	0.28325706720352	0.30752748250961	65.000000000000	0.00000000000000
28.790000915527	0.28445565700531	0.30796983838081	65.000000000000	0.00000000000000
28.799999237061	0.28565278649330	0.30840802192688	65.000000000000	0.00000000000000
28.809999465942	0.28684857487679	0.30884185433388	65.000000000000	0.00000000000000
28.819999694824	0.28804296255112	0.30927142500877	65.000000000000	0.00000000000000
28.829999923706	0.28923583030701	0.30969688296318	65.000000000000	0.00000000000000
28.840000152588	0.29042714834213	0.31011822819710	65.000000000000	0.00000000000000
28.850000381470	0.29161691665649	0.31053546071053	65.000000000000	0.00000000000000
28.860000610352	0.29280540347099	0.31094840168953	65.000000000000	0.00000000000000
28.870000839233	0.29399231076241	0.31135728955269	65.000000000000	0.00000000000000
28.879999160767	0.29517760872841	0.31176215410233	65.000000000000	0.00000000000000
28.889999389648	0.29636144638062	0.31216287612915	65.000000000000	0.00000000000000
28.899999618530	0.29754367470741	0.31255963444710	65.000000000000	0.00000000000000
28.909999847412	0.29872438311577	0.31295230984688	65.000000000000	0.00000000000000
28.920000076294	0.29990360140800	0.31334093213081	65.000000000000	0.00000000000000
28.930000305176	0.30108118057251	0.31372562050819	65.000000000000	0.00000000000000
28.940000534058	0.30225732922554	0.31410613656044	65.000000000000	0.00000000000000
28.950000762939	0.30343168973923	0.31448298692703	65.000000000000	0.00000000000000
28.959999084473	0.30460441112518	0.31485584378242	65.000000000000	0.00000000000000
28.969999313354	0.30577555298805	0.31522473692894	65.000000000000	0.00000000000000
28.979999542236	0.30694514513016	0.31558972597122	65.000000000000	0.00000000000000
28.989999771118	0.30811318755150	0.31595087051392	65.000000000000	0.00000000000000
29.000000000000	0.30927944183350	0.31630817055702	65.000000000000	0.00000000000000
29.010000228882	0.31044414639473	0.31666156649590	65.000000000000	0.00000000000000
29.020000457764	0.31160718202591	0.31701117753983	65.000000000000	0.00000000000000
29.030000686646	0.31276848912239	0.31735700368881	65.000000000000	0.00000000000000
29.040000915527	0.31392818689346	0.31769904494286	65.000000000000	0.00000000000000
29.049999237061	0.31508615612984	0.31803733110428	65.000000000000	0.00000000000000
29.059999465942	0.31624245643616	0.31837186217308	65.000000000000	0.00000000000000
29.069999694824	0.31739711761475	0.31870269775391	65.000000000000	0.00000000000000
29.079999923706	0.31855005025864	0.31902980804443	65.000000000000	0.00000000000000
29.090000152588	0.31970122456551	0.31935322284698	65.000000000000	0.00000000000000
29.100000381470	0.32085070014000	0.31967300176620	65.000000000000	0.00000000000000
29.110000610352	0.32199838757515	0.31998908519745	65.000000000000	0.00000000000000
29.120000839233	0.32314443588257	0.32030159235001	65.000000000000	0.00000000000000
29.129999160767	0.32428869605064	0.32061046361923	65.000000000000	0.00000000000000
29.139999389648	0.32543119788170	0.32091578841209	65.000000000000	0.00000000000000
29.149999618530	0.32657194137573	0.32121744751930	65.000000000000	0.00000000000000
29.159999847412	0.32771104574203	0.32151561975479	65.000000000000	0.00000000000000
29.170000076294	0.32884824275970	0.32181024551392	65.000000000000	0.00000000000000
29.180000305176	0.32998371124268	0.32210135459900	65.000000000000	0.00000000000000
29.190000534058	0.33111739158630	0.32238894701004	65.000000000000	0.00000000000000
29.200000762939	0.33224925398827	0.32267305254936	65.000000000000	0.00000000000000
29.209999084473	0.33337932825089	0.32295373082161	65.000000000000	0.00000000000000
29.219999313354	0.33450758457184	0.32323095202446	65.000000000000	0.00000000000000
29.229999542236	0.33563408255577	0.32350477576256	65.000000000000	0.00000000000000
29.239999771118	0.33675879240036	0.32377517223358	65.000000000000	0.00000000000000
29.250000000000	0.33788165450096	0.32404214143753	65.000000000000	0.00000000000000
29.260000228882	0.33900266885757	0.32430574297905	65.000000000000	0.00000000000000
29.270000457764	0.34012180566788	0.32456603646278	65.000000000000	0.00000000000000
29.280000686646	0.34123918414116	0.32482293248177	65.000000000000	0.00000000000000
29.290000915527	0.34235471487045	0.32507655024529	65.000000000000	0.00000000000000
29.299999237061	0.34346836805344	0.32532688975334	65.000000000000	0.00000000000000
29.309999465942	0.34458017349243	0.32557392120361	65.000000000000	0.00000000000000
29.319999694824	0.34569016098976	0.32581770420074	65.000000000000	0.00000000000000
29.329999923706	0.34679824113846	0.32605817914009	65.000000000000	0.00000000000000
29.340000152588	0.34790441393852	0.32629549503326	65.000000000000	0.00000000000000
29.350000381470	0.34900879859924	0.32652956247330	65.000000000000	0.00000000000000
29.360000610352	0.35011127591133	0.32676044106483	65.000000000000	0.00000000000000
29.370000839233	0.35121187567711	0.32698813080788	65.000000000000	0.00000000000000
29.379999160767	0.35231059789658	0.32721269130707	65.000000000000	0.00000000000000
29.389999389648	0.35340741276741	0.32743412256241	65.000000000000	0.00000000000000
29.399999618530	0.35450237989426	0.32765236496925	65.000000000000	0.00000000000000
29.409999847412	0.35559538006783	0.32786753773689	65.000000000000	0.00000000000000
29.420000076294	0.35668653249741	0.32807961106300	65.000000000000	0.00000000000000
29.430000305176	0.35777568817139	0.32828861474991	65.000000000000	0.00000000000000
29.440000534058	0.35886305570602	0.32849454879761	65.000000000000	0.00000000000000
29.450000762939	0.35994842648506	0.32869747281075	65.000000000000	0.00000000000000
29.459999084473	0.36103197932243	0.32889735698700	65.000000000000	0.00000000000000
29.469999313354	0.36211353540421	0.32909420132637	65.000000000000	0.00000000000000
29.479999542236	0.36319315433502	0.32928809523582	65.000000000000	0.00000000000000
29.489999771118	0.36427086591721	0.32947897911072	65.000000000000	0.00000000000000
29.500000000000	0.36534669995308	0.32966694235802	65.000000000000	0.00000000000000
29.510000228882	0.36642056703568	0.32985195517540	65.000000000000	0.00000000000000
29.520000457764	0.36749243736267	0.33003404736519	65.000000000000	0.00000000000000
29.530000686646	0.36856243014336	0.33021321892738	65.000000000000	0.00000000000000
29.540000915527	0.36963048577309	0.33038946986198	65.000000000000	0.00000000000000
29.549999237061	0.37069657444954	0.33056291937828	65.000000000000	0.00000000000000
29.559999465942	0.37176075577736	0.33073347806931	65.000000000000	0.00000000000000
29.569999694824	0.37282294034958	0.33090114593506	65.000000000000	0.00000000000000
29.579999923706	0.37388312816620	0.33106604218483	65.000000000000	0.00000000000000
29.590000152588	0.37494146823883	0.33122813701630	65.000000000000	0.00000000000000
29.600000381470	0.37599781155586	0.33138740062714	65.000000000000	0.00000000000000
29.610000610352	0.37705215811729	0.33154386281967	65.000000000000	0.00000000000000
29.620000839233	0.37810459733009	0.33169761300087	65.000000000000	0.00000000000000
29.629999160767	0.37915503978729	0.33184859156609	65.000000000000	0.00000000000000
29.639999389648	0.38020354509354	0.33199688792229	65.000000000000	0.00000000000000
29.649999618530	0.38125005364418	0.33214238286018	65.000000000000	0.00000000000000
29.659999847412	0.38229462504387	0.33228522539139	65.000000000000	0.00000000000000
29.670000076294	0.38333711028099	0.33242541551590	65.000000000000	0.00000000000000
29.680000305176	0.38437774777412	0.33256292343140	65.000000000000	0.00000000000000
29.690000534058	0.38541644811630	0.33269771933556	65.000000000000	0.00000000000000
29.700000762939	0.38645300269127	0.33282989263535	65.000000000000	0.00000000000000
29.709999084473	0.38748764991760	0.33295947313309	65.000000000000	0.00000000000000
29.719999313354	0.38852038979530	0.33308640122414	65.000000000000	0.00000000000000
29.729999542236	0.38955107331276	0.33321076631546	65.000000000000	0.00000000000000
29.739999771118	0.39057978987694	0.33333256840706	65.000000000000	0.00000000000000
29.750000000000	0.39160656929016	0.33345177769661	65.000000000000	0.00000000000000
29.760000228882	0.39263132214546	0.33356848359108	65.000000000000	0.00000000000000
29.770000457764	0.39365407824516	0.33368259668350	65.000000000000	0.00000000000000
29.780000686646	0.39467489719391	0.33379423618317	65.000000000000	0.00000000000000
29.790000915527	0.39569368958473	0.33390337228775	65.000000000000	0.00000000000000
29.799999237061	0.39671051502228	0.33400997519493	65.000000000000	0.00000000000000
29.809999465942	0.39772528409958	0.33411413431168	65.000000000000	0.00000000000000
29.819999694824	0.39873820543289	0.33421581983566	65.000000000000	0.00000000000000
29.829999923706	0.39974904060364	0.33431506156921	65.000000000000	0.00000000000000
29.840000152588	0.40075781941414	0.33441191911697	65.000000000000	0.00000000000000
29.850000381470	0.40176469087601	0.33450630307198	65.000000000000	0.00000000000000
29.860000610352	0.40276953577995	0.33459830284119	65.000000000000	0.00000000000000
29.870000839233	0.40377244353294	0.33468791842461	65.000000000000	0.00000000000000
29.879999160767	0.40477329492569	0.33477512001991	65.000000000000	0.00000000000000
29.889999389648	0.40577217936516	0.33485999703407	65.000000000000	0.00000000000000
29.899999618530	0.40676909685135	0.33494251966476	65.000000000000	0.00000000000000
29.909999847412	0.40776404738426	0.33502274751663	65.000000000000	0.00000000000000
29.920000076294	0.40875688195229	0.33510059118271	65.000000000000	0.00000000000000
29.930000305176	0.40974777936935	0.33517616987228	65.000000000000	0.00000000000000
29.940000534058	0.41073670983315	0.33524942398071	65.000000000000	0.00000000000000
29.950000762939	0.41172364354134	0.33532044291496	65.000000000000	0.00000000000000
29.959999084473	0.41270855069160	0.33538919687271	65.000000000000	0.00000000000000
29.969999313354	0.41369146108627	0.33545565605164	65.000000000000	0.00000000000000
29.979999542236	0.41467240452766	0.33551990985870	65.000000000000	0.00000000000000
29.989999771118	0.41565138101578	0.33558192849159	65.000000000000	0.00000000000000
30.000000000000	0.41662827134132	0.33564177155495	65.000000000000	0.00000000000000
30.010000228882	0.41760322451591	0.33569937944412	65.000000000000	0.00000000000000
30.020000457764	0.41857624053955	0.33575484156609	65.000000000000	0.00000000000000
30.030000686646	0.41954723000526	0.33580809831619	65.000000000000	0.00000000000000
30.040000915527	0.42051622271538	0.33585920929909	65.000000000000	0.00000000000000
30.049999237061	0.42148312926292	0.33590814471245	65.000000000000	0.00000000000000
30.059999465942	0.42244821786880	0.33595496416092	65.000000000000	0.00000000000000
30.069999694824	0.42341116070747	0.33599966764450	65.000000000000	0.00000000000000
30.079999923706	0.42437219619751	0.33604231476784	65.000000000000	0.00000000000000
30.090000152588	0.42533123493195	0.33608284592628	65.000000000000	0.00000000000000
30.100000381470	0.42628824710846	0.33612129092216	65.000000000000	0.00000000000000
30.110000610352	0.42724338173866	0.33615761995316	65.000000000000	0.00000000000000
30.120000839233	0.42819640040398	0.33619195222855	65.000000000000	0.00000000000000
30.129999160767	0.42914754152298	0.33622422814369	65.000000000000	0.00000000000000
30.139999389648	0.43009662628174	0.33625444769859	65.000000000000	0.00000000000000
30.149999618530	0.43104368448257	0.33628270030022	65.000000000000	0.00000000000000
30.159999847412	0.43198889493942	0.33630892634392	65.000000000000	0.00000000000000
30.170000076294	0.43293198943138	0.33633315563202	65.000000000000	0.00000000000000
30.180000305176	0.43387320637703	0.33635538816452	65.000000000000	0.00000000000000
30.190000534058	0.43481242656708	0.33637565374374	65.000000000000	0.00000000000000
30.200000762939	0.43574962019920	0.33639395236969	65.000000000000	0.00000000000000
30.209999084473	0.43668478727341	0.33641034364700	65.000000000000	0.00000000000000
30.219999313354	0.43761819601059	0.33642479777336	65.000000000000	0.00000000000000
30.229999542236	0.43854942917824	0.33643734455109	65.000000000000	0.00000000000000
30.239999771118	0.43947872519493	0.33644795417786	65.000000000000	0.00000000000000
30.250000000000	0.44040611386299	0.33645668625832	65.000000000000	0.00000000000000
30.260000228882	0.44133141636848	0.33646351099014	65.000000000000	0.00000000000000
30.270000457764	0.44225487112999	0.33646845817566	65.000000000000	0.00000000000000
30.280000686646	0.44317638874054	0.33647155761719	65.000000000000	0.00000000000000
30.290000915527	0.44409584999084	0.33647280931473	65.000000000000	0.00000000000000
30.299999237061	0.44501328468323	0.33647224307060	65.000000000000	0.00000000000000
30.309999465942	0.44592890143394	0.33646979928017	65.000000000000	0.00000000000000
30.319999694824	0.44684243202209	0.33646559715271	65.000000000000	0.00000000000000
30.329999923706	0.44775414466858	0.33645957708359	65.000000000000	0.00000000000000
30.340000152588	0.44866383075714	0.33645173907280	65.000000000000	0.00000000000000
30.350000381470	0.44957157969475	0.33644205331802	65.000000000000	0.00000000000000
30.360000610352	0.45047730207443	0.33643069863319	65.000000000000	0.00000000000000
30.370000839233	0.45138114690781	0.33641758561134	65.000000000000	0.00000000000000
30.379999160767	0.45228296518326	0.33640271425247	65.000000000000	0.00000000000000
30.389999389648	0.45318296551704	0.33638605475426	65.000000000000	0.00000000000000
30.399999618530	0.45408090949059	0.33636769652367	65.000000000000	0.00000000000000
30.409999847412	0.45497691631317	0.33634757995605	65.000000000000	0.00000000000000
30.420000076294	0.45587107539177	0.33632585406303	65.000000000000	0.00000000000000
30.430000305176	0.45676317811012	0.33630236983299	65.000000000000	0.00000000000000
30.440000534058	0.45765340328217	0.33627715706825	65.000000000000	0.00000000000000
30.450000762939	0.45854169130325	0.33625036478043	65.000000000000	0.00000000000000
30.459999084473	0.45942804217339	0.33622187376022	65.000000000000	0.00000000000000
30.469999313354	0.46031245589256	0.33619174361229	65.000000000000	0.00000000000000
30.479999542236	0.46119490265846	0.33615994453430	65.000000000000	0.00000000000000
30.489999771118	0.46207547187805	0.33612644672394	65.000000000000	0.00000000000000
30.500000000000	0.46295416355133	0.33609151840210	65.000000000000	0.00000000000000
30.510000228882	0.46383073925972	0.33605480194092	65.000000000000	0.00000000000000
30.520000457764	0.46470558643341	0.33601653575897	65.000000000000	0.00000000000000
30.530000686646	0.46557846665382	0.33597674965858	65.000000000000	0.00000000000000
30.540000915527	0.46644940972328	0.33593529462814	65.000000000000	0.00000000000000
30.549999237061	0.46731838583946	0.33589228987694	65.000000000000	0.00000000000000
30.559999465942	0.46818554401398	0.33584773540497	65.000000000000	0.00000000000000
30.569999694824	0.46905073523521	0.33580163121223	65.000000000000	0.00000000000000
30.579999923706	0.46991404891014	0.33575397729874	65.000000000000	0.00000000000000
30.590000152588	0.47077545523643	0.33570480346680	65.000000000000	0.00000000000000
30.600000381470	0.47163501381874	0.33565413951874	65.000000000000	0.00000000000000
30.610000610352	0.47249251604080	0.33560189604759	65.000000000000	0.00000000000000
30.620000839233	0.47334823012352	0.33554816246033	65.000000000000	0.00000000000000
30.629999160767	0.47420209646225	0.33549299836159	65.000000000000	0.00000000000000
30.639999389648	0.47505396604538	0.33543625473976	65.000000000000	0.00000000000000
30.649999618530	0.47590395808220	0.33537814021111	65.000000000000	0.00000000000000
30.659999847412	0.47675210237503	0.33531850576401	65.000000000000	0.00000000000000
30.670000076294	0.47759830951691	0.33525744080544	65.000000000000	0.00000000000000
30.680000305176	0.47844272851944	0.33519491553307	65.000000000000	0.00000000000000
30.690000534058	0.47928518056870	0.33513095974922	65.000000000000	0.00000000000000
30.700000762939	0.48012581467628	0.33506560325623	65.000000000000	0.00000000000000
30.709999084473	0.48096457123756	0.33499878644943	65.000000000000	0.00000000000000
30.719999313354	0.48180142045021	0.33493056893349	65.000000000000	0.00000000000000
30.729999542236	0.48263642191887	0.33486095070839	65.000000000000	0.00000000000000
30.739999771118	0.48346945643425	0.33478996157646	65.000000000000	0.00000000000000
30.750000000000	0.48430070281029	0.33471760153770	65.000000000000	0.00000000000000
30.760000228882	0.48513013124466	0.33464387059212	65.000000000000	0.00000000000000
30.770000457764	0.48595768213272	0.33456873893738	65.000000000000	0.00000000000000
30.780000686646	0.48678329586983	0.33449232578278	65.000000000000	0.00000000000000
30.790000915527	0.48760712146759	0.33441445231438	65.000000000000	0.00000000000000
30.799999237061	0.48842915892601	0.33433535695076	65.000000000000	0.00000000000000
30.809999465942	0.48924922943115	0.33425486087799	65.000000000000	0.00000000000000
30.819999694824	0.49006751179695	0.33417305350304	65.000000000000	0.00000000000000
30.829999923706	0.49088388681412	0.33408999443054	65.000000000000	0.00000000000000
30.840000152588	0.49169853329659	0.33400553464890	65.000000000000	0.00000000000000
30.850000381470	0.49251133203506	0.33391988277435	65.000000000000	0.00000000000000
30.860000610352	0.49332216382027	0.33383291959763	65.000000000000	0.00000000000000
30.870000839233	0.49413123726845	0.33374470472336	65.000000000000	0.00000000000000
30.879999160767	0.49493843317032	0.33365517854691	65.000000000000	0.00000000000000
30.889999389648	0.49574390053749	0.33356440067291	65.000000000000	0.00000000000000
30.899999618530	0.49654757976532	0.33347231149673	65.000000000000	0.00000000000000
30.909999847412	0.49734932184219	0.33337908983231	65.000000000000	0.00000000000000
30.920000076294	0.49814930558205	0.33328455686569	65.000000000000	0.00000000000000
30.930000305176	0.49894747138023	0.33318886160851	65.000000000000	0.00000000000000
30.940000534058	0.49974375963211	0.33309191465378	65.000000000000	0.00000000000000
30.950000762939	0.50053828954697	0.33299377560616	65.000000000000	0.00000000000000
30.959999084473	0.50133097171783	0.33289438486099	65.000000000000	0.00000000000000
30.969999313354	0.50212192535400	0.33279383182526	65.000000000000	0.00000000000000
30.979999542236	0.50291109085083	0.33269211649895	65.000000000000	0.00000000000000
30.989999771118	0.50369834899902	0.33258917927742	65.000000000000	0.00000000000000
31.000000000000	0.50448387861252	0.33248513936996	65.000000000000	0.00000000000000
31.010000228882	0.50526767969131	0.33237984776497	65.000000000000	0.00000000000000
31.020000457764	0.50604951381683	0.33227345347404	65.000000000000	0.00000000000000
31.030000686646	0.50682973861694	0.33216589689255	65.000000000000	0.00000000000000
31.040000915527	0.50760805606842	0.33205720782280	65.000000000000	0.00000000000000
31.049999237061	0.50838470458984	0.33194741606712	65.000000000000	0.00000000000000
31.059999465942	0.50915962457657	0.33183649182320	65.000000000000	0.00000000000000
31.069999694824	0.50993251800537	0.33172434568405	65.000000000000	0.00000000000000
31.079999923706	0.51070380210876	0.33161124587059	65.000000000000	0.00000000000000
31.090000152588	0.51147341728210	0.33149698376656	65.000000000000	0.00000000000000
31.100000381470	0.51224112510681	0.33138161897659	65.000000000000	0.00000000000000
31.110000610352	0.51300704479218	0.33126515150070	65.000000000000	0.00000000000000
31.120000839233	0.51377129554749	0.33114764094353	65.000000000000	0.00000000000000
31.129999160767	0.51453369855881	0.33102905750275	65.000000000000	0.00000000000000
31.139999389648	0.51529449224472	0.33090943098068	65.000000000000	0.00000000000000
31.149999618530	0.51605349779129	0.33078870177269	65.000000000000	0.00000000000000
31.159999847412	0.51681065559387	0.33066695928574	65.000000000000	0.00000000000000
31.170000076294	0.51756614446640	0.33054417371750	65.000000000000	0.00000000000000
31.180000305176	0.51831990480423	0.33042031526566	65.000000000000	0.00000000000000
31.190000534058	0.51907181739807	0.33029544353485	65.000000000000	0.00000000000000
31.200000762939	0.51982212066650	0.33016955852509	65.000000000000	0.00000000000000
31.209999084473	0.52057069540024	0.33004263043404	65.000000000000	0.00000000000000
31.219999313354	0.52131748199463	0.32991477847099	65.000000000000	0.00000000000000
31.229999542236	0.52206254005432	0.32978582382202	65.000000000000	0.00000000000000
31.239999771118	0.52280592918396	0.32965594530106	65.000000000000	0.00000000000000
31.250000000000	0.52354753017426	0.32952505350113	65.000000000000	0.00000000000000
31.260000228882	0.52428746223450	0.32939317822456	65.000000000000	0.00000000000000
31.270000457764	0.52502566576004	0.32926034927368	65.000000000000	0.00000000000000
31.280000686646	0.52576220035553	0.32912659645081	65.000000000000	0.00000000000000
31.290000915527	0.52649700641632	0.32899180054665	65.000000000000	0.00000000000000
31.299999237061	0.52723002433777	0.32885608077049	65.000000000000	0.00000000000000
31.309999465942	0.52796143293381	0.32871943712234	65.000000000000	0.00000000000000
31.319999694824	0.52869105339050	0.32858186960220	65.000000000000	0.00000000000000
31.329999923706	0.52941918373108	0.32844331860542	65.000000000000	0.00000000000000
31.340000152588	0.53014540672302	0.32830387353897	65.000000000000	0.00000000000000
31.350000381470	0.53087007999420	0.32816350460052	65.000000000000	0.00000000000000
31.360000610352	0.53159296512604	0.32802224159241	65.000000000000	0.00000000000000
31.370000839233	0.53231424093246	0.32788002490997	65.000000000000	0.00000000000000
31.379999160767	0.53303384780884	0.32773697376251	65.000000000000	0.00000000000000
31.389999389648	0.53375178575516	0.32759296894073	65.000000000000	0.00000000000000
31.399999618530	0.53446793556213	0.32744812965393	65.000000000000	0.00000000000000
31.409999847412	0.53518253564835	0.32730251550674	65.000000000000	0.00000000000000
31.420000076294	0.53589540719986	0.32715591788292	65.000000000000	0.00000000000000
31.430000305176	0.53660672903061	0.32700839638710	65.000000000000	0.00000000000000
31.440000534058	0.53731632232666	0.32685998082161	65.000000000000	0.00000000000000
31.450000762939	0.53802430629730	0.32671064138412	65.000000000000	0.00000000000000
31.459999084473	0.53873056173325	0.32656064629555	65.000000000000	0.00000000000000
31.469999313354	0.53943520784378	0.32640981674194	65.000000000000	0.00000000000000
31.479999542236	0.54013818502426	0.32625806331635	65.000000000000	0.00000000000000
31.489999771118	0.54083937406540	0.32610568404198	65.000000000000	0.00000000000000
31.500000000000	0.54153931140900	0.32595196366310	65.000000000000	0.00000000000000
31.510000228882	0.54223716259003	0.32579809427261	65.000000000000	0.00000000000000
31.520000457764	0.54293370246887	0.32564291357994	65.000000000000	0.00000000000000
31.530000686646	0.54362851381302	0.32548710703850	65.000000000000	0.00000000000000
31.540000915527	0.54432165622711	0.32533046603203	65.000000000000	0.00000000000000
31.549999237061	0.54501324892044	0.32517305016518	65.000000000000	0.00000000000000
31.559999465942	0.54570317268372	0.32501477003098	65.000000000000	0.00000000000000
31.569999694824	0.54639142751694	0.32485595345497	65.000000000000	0.00000000000000
31.579999923706	0.54707801342010	0.32469630241394	65.000000000000	0.00000000000000
31.590000152588	0.54776322841644	0.32453563809395	65.000000000000	0.00000000000000
31.600000381470	0.54844677448273	0.32437419891357	65.000000000000	0.00000000000000
31.610000610352	0.54912847280502	0.32421246170998	65.000000000000	0.00000000000000
31.620000839233	0.54980885982513	0.32404944300652	65.000000000000	0.00000000000000
31.629999160767	0.55048769712448	0.32388567924500	65.000000000000	0.00000000000000
31.639999389648	0.55116456747055	0.32372164726257	65.000000000000	0.00000000000000
31.649999618530	0.55184006690979	0.32355654239655	65.000000000000	0.00000000000000
31.659999847412	0.55251401662827	0.32339075207710	65.000000000000	0.00000000000000
31.670000076294	0.55318629741669	0.32322424650192	65.000000000000	0.00000000000000
31.680000305176	0.55385702848434	0.32305699586868	65.000000000000	0.00000000000000
31.690000534058	0.55452620983124	0.32288908958435	65.000000000000	0.00000000000000
31.700000762939	0.55519384145737	0.32272046804428	65.000000000000	0.00000000000000
31.709999084473	0.55585980415344	0.32255110144615	65.000000000000	0.00000000000000
31.719999313354	0.55652427673340	0.32238104939461	65.000000000000	0.00000000000000
31.729999542236	0.55718713998795	0.32221034169197	65.000000000000	0.00000000000000
31.739999771118	0.55784851312637	0.32203891873360	65.000000000000	0.00000000000000
31.750000000000	0.55850821733475	0.32186681032181	65.000000000000	0.00000000000000
31.760000228882	0.55916643142700	0.32169401645660	65.000000000000	0.00000000000000
31.770000457764	0.55982303619385	0.32152056694031	65.000000000000	0.00000000000000
31.780000686646	0.56047821044922	0.32134643197060	65.000000000000	0.00000000000000
31.790000915527	0.56113165616989	0.32117167115211	65.000000000000	0.00000000000000
31.799999237061	0.56178379058838	0.32099622488022	65.000000000000	0.00000000000000
31.809999465942	0.56243413686752	0.32082015275955	65.000000000000	0.00000000000000
31.819999694824	0.56308323144913	0.32064339518547	65.000000000000	0.00000000000000
31.829999923706	0.56373053789139	0.32046604156494	65.000000000000	0.00000000000000
31.840000152588	0.56437647342682	0.32028800249100	65.000000000000	0.00000000000000
31.850000381470	0.56502085924149	0.32010939717293	65.000000000000	0.00000000000000
31.860000610352	0.56566369533539	0.31993010640144	65.000000000000	0.00000000000000
31.870000839233	0.56630492210388	0.31975021958351	65.000000000000	0.00000000000000
31.879999160767	0.56694477796555	0.31956970691681	65.000000000000	0.00000000000000
31.889999389648	0.56758302450180	0.31938859820366	65.000000000000	0.00000000000000
31.899999618530	0.56821984052658	0.31920689344406	65.000000000000	0.00000000000000
31.909999847412	0.56885510683060	0.31902456283569	65.000000000000	0.00000000000000
31.920000076294	0.56948888301849	0.31884166598320	65.000000000000	0.00000000000000
31.930000305176	0.57012116909027	0.31865814328194	65.000000000000	0.00000000000000
31.940000534058	0.57075190544128	0.31847402453423	65.000000000000	0.00000000000000
31.950000762939	0.57138115167618	0.31828939914703	65.000000000000	0.00000000000000
31.959999084473	0.57200902700424	0.31810414791107	65.000000000000	0.00000000000000
31.969999313354	0.57263523340225	0.31791830062866	65.000000000000	0.00000000000000
31.979999542236	0.57326006889343	0.31773194670677	65.000000000000	0.00000000000000
31.989999771118	0.57388335466385	0.31754499673843	65.000000000000	0.00000000000000
32.000000000000	0.57450520992279	0.31735748052597	65.000000000000	0.00000000000000
32.009998321533	0.57512569427490	0.31716942787170	65.000000000000	0.00000000000000
32.020000457764	0.57574456930161	0.31698077917099	65.000000000000	0.00000000000000
32.029998779297	0.57636195421219	0.31679165363312	65.000000000000	0.00000000000000
32.040000915527	0.57697796821594	0.31660199165344	65.000000000000	0.00000000000000
32.049999237061	0.57759261131287	0.31641176342964	65.000000000000	0.00000000000000
32.060001373291	0.57820558547974	0.31622096896172	65.000000000000	0.00000000000000
32.069999694824	0.57881724834442	0.31602969765663	65.000000000000	0.00000000000000
32.080001831055	0.57942742109299	0.31583791971207	65.000000000000	0.00000000000000
32.090000152588	0.58003610372543	0.31564557552338	65.000000000000	0.00000000000000
32.099998474121	0.58064341545105	0.31545278429985	65.000000000000	0.00000000000000
32.110000610352	0.58124923706055	0.31525945663452	65.000000000000	0.00000000000000
32.119998931885	0.58185356855392	0.31506562232971	65.000000000000	0.00000000000000
32.130001068115	0.58245664834976	0.31487128138542	65.000000000000	0.00000000000000
32.139999389648	0.58305817842484	0.31467646360397	65.000000000000	0.00000000000000
32.150001525879	0.58365821838379	0.31448113918304	65.000000000000	0.00000000000000
32.159999847412	0.58425688743591	0.31428533792496	65.000000000000	0.00000000000000
32.169998168945	0.58485412597656	0.31408905982971	65.000000000000	0.00000000000000
32.180000305176	0.58544999361038	0.31389230489731	65.000000000000	0.00000000000000
32.189998626709	0.58604449033737	0.31369504332542	65.000000000000	0.00000000000000
32.200000762939	0.58663743734360	0.31349733471870	65.000000000000	0.00000000000000
32.209999084473	0.58722907304764	0.31329920887947	65.000000000000	0.00000000000000
32.220001220703	0.58781927824020	0.31310057640076	65.000000000000	0.00000000000000
32.229999542236	0.58840805292130	0.31290146708488	65.000000000000	0.00000000000000
32.240001678467	0.58899545669556	0.31270194053650	65.000000000000	0.00000000000000
32.250000000000	0.58958142995834	0.31250196695328	65.000000000000	0.00000000000000
32.259998321533	0.59016609191895	0.31230151653290	65.000000000000	0.00000000000000
32.270000457764	0.59074938297272	0.31210067868233	65.000000000000	0.00000000000000
32.279998779297	0.59133124351501	0.31189936399460	65.000000000000	0.00000000000000
32.290000915527	0.59191167354584	0.31169763207436	65.000000000000	0.00000000000000
32.299999237061	0.59249085187912	0.31149548292160	65.000000000000	0.00000000000000
32.310001373291	0.59306848049164	0.31129288673401	65.000000000000	0.00000000000000
32.319999694824	0.59364491701126	0.31108990311623	65.000000000000	0.00000000000000
32.330001831055	0.59421992301941	0.31088650226593	65.000000000000	0.00000000000000
32.340000152588	0.59479343891144	0.31068268418312	65.000000000000	0.00000000000000
32.349998474121	0.59536570310593	0.31047841906548	65.000000000000	0.00000000000000
32.360000610352	0.59593665599823	0.31027382612228	65.000000000000	0.00000000000000
32.369998931885	0.59650611877441	0.31006875634193	65.000000000000	0.00000000000000
32.380001068115	0.59707438945770	0.30986332893372	65.000000000000	0.00000000000000
32.389999389648	0.59764117002487	0.30965748429298	65.000000000000	0.00000000000000
32.400001525879	0.59820675849915	0.30945128202438	65.000000000000	0.00000000000000
32.409999847412	0.59877085685730	0.30924466252327	65.000000000000	0.00000000000000
32.419998168945	0.59933364391327	0.30903768539429	65.000000000000	0.00000000000000
32.430000305176	0.59989523887634	0.30883032083511	65.000000000000	0.00000000000000
32.439998626709	0.60045534372330	0.30862259864807	65.000000000000	0.00000000000000
32.450000762939	0.60101413726807	0.30841451883316	65.000000000000	0.00000000000000
32.459999084473	0.60157167911530	0.30820602178574	65.000000000000	0.00000000000000
32.470001220703	0.60212790966034	0.30799719691277	65.000000000000	0.00000000000000
32.479999542236	0.60268282890320	0.30778801441193	65.000000000000	0.00000000000000
32.490001678467	0.60323631763458	0.30757847428322	65.000000000000	0.00000000000000
32.500000000000	0.60378861427307	0.30736854672432	65.000000000000	0.00000000000000
32.509998321533	0.60433942079544	0.30715832114220	65.000000000000	0.00000000000000
32.520000457764	0.60488909482956	0.30694770812988	65.000000000000	0.00000000000000
32.529998779297	0.60543745756149	0.30673679709435	65.000000000000	0.00000000000000
32.540000915527	0.60598450899124	0.30652552843094	65.000000000000	0.00000000000000
32.549999237061	0.60653024911880	0.30631393194199	65.000000000000	0.00000000000000
32.560001373291	0.60707473754883	0.30610200762749	65.000000000000	0.00000000000000
32.569999694824	0.60761779546738	0.30588969588280	65.000000000000	0.00000000000000
32.580001831055	0.60815972089767	0.30567714571953	65.000000000000	0.00000000000000
32.590000152588	0.60870033502579	0.30546423792839	65.000000000000	0.00000000000000
32.599998474121	0.60923963785172	0.30525097250938	65.000000000000	0.00000000000000
32.610000610352	0.60977774858475	0.30503746867180	65.000000000000	0.00000000000000
32.619998931885	0.61031442880630	0.30482360720634	65.000000000000	0.00000000000000
32.630001068115	0.61084997653961	0.30460944771767	65.000000000000	0.00000000000000
32.639999389648	0.61138415336609	0.30439499020576	65.000000000000	0.00000000000000
32.650001525879	0.61191713809967	0.30418020486832	65.000000000000	0.00000000000000
32.659999847412	0.61244893074036	0.30396518111229	65.000000000000	0.00000000000000
32.669998168945	0.61297935247421	0.30374982953072	65.000000000000	0.00000000000000
32.680000305176	0.61350852251053	0.30353417992592	65.000000000000	0.00000000000000
32.689998626709	0.61403661966324	0.30331823229790	65.000000000000	0.00000000000000
32.700000762939	0.61456328630447	0.30310201644897	65.000000000000	0.00000000000000
32.709999084473	0.61508876085281	0.30288547277451	65.000000000000	0.00000000000000
32.720001220703	0.61561298370361	0.30266869068146	65.000000000000	0.00000000000000
32.729999542236	0.61613601446152	0.30245167016983	65.000000000000	0.00000000000000
32.740001678467	0.61665779352188	0.30223435163498	65.000000000000	0.00000000000000
32.750000000000	0.61717838048935	0.30201673507690	65.000000000000	0.00000000000000
32.759998321533	0.61769771575928	0.30179882049561	65.000000000000	0.00000000000000
32.770000457764	0.61821579933167	0.30158072710037	65.000000000000	0.00000000000000
32.779998779297	0.61873269081116	0.30136233568192	65.000000000000	0.00000000000000
32.790000915527	0.61924839019775	0.30114367604256	65.000000000000	0.00000000000000
32.799999237061	0.61976277828217	0.30092474818230	65.000000000000	0.00000000000000
32.810001373291	0.62027609348297	0.30070558190346	65.000000000000	0.00000000000000
32.819999694824	0.62078815698624	0.30048617720604	65.000000000000	0.00000000000000
32.830001831055	0.62129902839661	0.30026653409004	65.000000000000	0.00000000000000
32.840000152588	0.62180864810944	0.30004665255547	65.000000000000	0.00000000000000
32.849998474121	0.62231707572937	0.29982647299767	65.000000000000	0.00000000000000
32.860000610352	0.62282437086105	0.29960611462593	65.000000000000	0.00000000000000
32.869998931885	0.62333047389984	0.29938545823097	65.000000000000	0.00000000000000
32.880001068115	0.62383532524109	0.29916465282440	65.000000000000	0.00000000000000
32.889999389648	0.62433910369873	0.29894354939461	65.000000000000	0.00000000000000
32.900001525879	0.62484163045883	0.29872226715088	65.000000000000	0.00000000000000
32.909999847412	0.62534290552139	0.29850074648857	65.000000000000	0.00000000000000
32.919998168945	0.62584310770035	0.29827895760536	65.000000000000	0.00000000000000
32.930000305176	0.62634217739105	0.29805698990822	65.000000000000	0.00000000000000
32.939998626709	0.62683999538422	0.29783478379250	65.000000000000	0.00000000000000
32.950000762939	0.62733668088913	0.29761239886284	65.000000000000	0.00000000000000
32.959999084473	0.62783223390579	0.29738974571228	65.000000000000	0.00000000000000
32.970001220703	0.62832659482956	0.29716694355011	65.000000000000	0.00000000000000
32.979999542236	0.62881982326508	0.29694393277168	65.000000000000	0.00000000000000
32.990001678467	0.62931191921234	0.29672068357468	65.000000000000	0.00000000000000
33.000000000000	0.62980288267136	0.29649725556374	65.000000000000	0.00000000000000
33.009998321533	0.63029271364212	0.29627361893654	65.000000000000	0.00000000000000
33.020000457764	0.63078129291534	0.29604971408844	65.000000000000	0.00000000000000
33.029998779297	0.63126885890961	0.29582571983337	65.000000000000	0.00000000000000
33.040000915527	0.63175523281097	0.29560151696205	65.000000000000	0.00000000000000
33.049999237061	0.63224047422409	0.29537710547447	65.000000000000	0.00000000000000
33.060001373291	0.63272458314896	0.29515248537064	65.000000000000	0.00000000000000
33.069999694824	0.63320755958557	0.29492771625519	65.000000000000	0.00000000000000
33.080001831055	0.63368946313858	0.29470270872116	65.000000000000	0.00000000000000
33.090000152588	0.63417017459869	0.29447758197784	65.000000000000	0.00000000000000
33.099998474121	0.63464993238449	0.29425224661827	65.000000000000	0.00000000000000
33.110000610352	0.63512843847275	0.29402673244476	65.000000000000	0.00000000000000
33.119998931885	0.63560587167740	0.29380109906197	65.000000000000	0.00000000000000
33.130001068115	0.63608217239380	0.29357525706291	65.000000000000	0.00000000000000
33.139999389648	0.63655745983124	0.29334920644760	65.000000000000	0.00000000000000
33.150001525879	0.63703161478043	0.29312300682068	65.000000000000	0.00000000000000
33.159999847412	0.63750463724136	0.29289665818214	65.000000000000	0.00000000000000
33.169998168945	0.63797658681870	0.29267013072968	65.000000000000	0.00000000000000
33.180000305176	0.63844746351242	0.29244345426559	65.000000000000	0.00000000000000
33.189998626709	0.63891726732254	0.29221662878990	65.000000000000	0.00000000000000
33.200000762939	0.63938593864441	0.29198965430260	65.000000000000	0.00000000000000
33.209999084473	0.63985353708267	0.29176247119904	65.000000000000	0.00000000000000
33.220001220703	0.64032012224197	0.29153519868851	65.000000000000	0.00000000000000
33.229999542236	0.64078557491302	0.29130771756172	65.000000000000	0.00000000000000
33.240001678467	0.64125001430511	0.29108014702797	65.000000000000	0.00000000000000
33.250000000000	0.64171332120895	0.29085239768028	65.000000000000	0.00000000000000
33.259998321533	0.64217561483383	0.29062449932098	65.000000000000	0.00000000000000
33.270000457764	0.64263683557510	0.29039642214775	65.000000000000	0.00000000000000
33.279998779297	0.64309698343277	0.29016825556755	65.000000000000	0.00000000000000
33.290000915527	0.64355611801147	0.28993993997574	65.000000000000	0.00000000000000
33.299999237061	0.64401412010193	0.28971147537231	65.000000000000	0.00000000000000
33.310001373291	0.64447116851807	0.28948286175728	65.000000000000	0.00000000000000
33.319999694824	0.64492714405060	0.28925415873528	65.000000000000	0.00000000000000
33.330001831055	0.64538210630417	0.28902530670166	65.000000000000	0.00000000000000
33.340000152588	0.64583599567413	0.28879630565643	65.000000000000	0.00000000000000
33.349998474121	0.64628881216049	0.28856721520424	65.000000000000	0.00000000000000
33.360000610352	0.64674061536789	0.28833791613579	65.000000000000	0.00000000000000
33.369998931885	0.64719146490097	0.28810858726501	65.000000000000	0.00000000000000
33.380001068115	0.64764118194580	0.28787907958031	65.000000000000	0.00000000000000
33.389999389648	0.64808994531631	0.28764945268631	65.000000000000	0.00000000000000
33.400001525879	0.64853769540787	0.28741970658302	65.000000000000	0.00000000000000
33.409999847412	0.64898437261581	0.28718981146812	65.000000000000	0.00000000000000
33.419998168945	0.64943009614944	0.28695985674858	65.000000000000	0.00000000000000
33.430000305176	0.64987474679947	0.28672978281975	65.000000000000	0.00000000000000
33.439998626709	0.65031844377518	0.28649955987930	65.000000000000	0.00000000000000
33.450000762939	0.65076106786728	0.28626924753189	65.000000000000	0.00000000000000
33.459999084473	0.65120279788971	0.28603881597519	65.000000000000	0.00000000000000
33.470001220703	0.65164339542389	0.28580823540688	65.000000000000	0.00000000000000
33.479999542236	0.65208315849304	0.28557759523392	65.000000000000	0.00000000000000
33.490001678467	0.65252178907394	0.28534683585167	65.000000000000	0.00000000000000
33.500000000000	0.65295946598053	0.28511598706245	65.000000000000	0.00000000000000
33.509998321533	0.65339624881744	0.28488501906395	65.000000000000	0.00000000000000
33.520000457764	0.65383189916611	0.28465396165848	65.000000000000	0.00000000000000
33.529998779297	0.65426665544510	0.28442278504372	65.000000000000	0.00000000000000
33.540000915527	0.65470039844513	0.28419148921967	65.000000000000	0.00000000000000
33.549999237061	0.65513318777084	0.28396010398865	65.000000000000	0.00000000000000
33.560001373291	0.65556496381760	0.28372862935066	65.000000000000	0.00000000000000
33.569999694824	0.65599584579468	0.28349706530571	65.000000000000	0.00000000000000
33.580001831055	0.65642571449280	0.28326541185379	65.000000000000	0.00000000000000
33.590000152588	0.65685462951660	0.28303369879723	65.000000000000	0.00000000000000
33.599998474121	0.65728253126144	0.28280180692673	65.000000000000	0.00000000000000
33.610000610352	0.65770953893661	0.28256988525391	65.000000000000	0.00000000000000
33.619998931885	0.65813553333282	0.28233787417412	65.000000000000	0.00000000000000
33.630001068115	0.65856057405472	0.28210574388504	65.000000000000	0.00000000000000
33.639999389648	0.65898478031158	0.28187355399132	65.000000000000	0.00000000000000
33.650001525879	0.65940785408020	0.28164124488831	65.000000000000	0.00000000000000
33.659999847412	0.65983009338379	0.28140887618065	65.000000000000	0.00000000000000
33.669998168945	0.66025137901306	0.28117638826370	65.000000000000	0.00000000000000
33.680000305176	0.66067171096802	0.28094387054443	65.000000000000	0.00000000000000
33.689998626709	0.66109114885330	0.28071123361588	65.000000000000	0.00000000000000
33.700000762939	0.66150957345963	0.28047853708267	65.000000000000	0.00000000000000
33.709999084473	0.66192710399628	0.28024575114250	65.000000000000	0.00000000000000
33.720001220703	0.66234374046326	0.28001287579536	65.000000000000	0.00000000000000
33.729999542236	0.66275942325592	0.27977994084358	65.000000000000	0.00000000000000
33.740001678467	0.66317415237427	0.27954691648483	65.000000000000	0.00000000000000
33.750000000000	0.66358798742294	0.27931383252144	65.000000000000	0.00000000000000
33.759998321533	0.66400092840195	0.27908065915108	65.000000000000	0.00000000000000
33.770000457764	0.66441291570663	0.27884742617607	65.000000000000	0.00000000000000
33.779998779297	0.66482400894165	0.27861410379410	65.000000000000	0.00000000000000
33.790000915527	0.66523414850235	0.27838072180748	65.000000000000	0.00000000000000
33.799999237061	0.66564339399338	0.27814725041389	65.000000000000	0.00000000000000
33.810001373291	0.66605174541473	0.27791371941566	65.000000000000	0.00000000000000
33.819999694824	0.66645920276642	0.27768015861511	65.000000000000	0.00000000000000
33.830001831055	0.66686576604843	0.27744647860527	65.000000000000	0.00000000000000
33.840000152588	0.66727125644684	0.27721270918846	65.000000000000	0.00000000000000
33.849998474121	0.66767609119415	0.27697893977165	65.000000000000	0.00000000000000
33.860000610352	0.66807991266251	0.27674505114555	65.000000000000	0.00000000000000
33.869998931885	0.66848289966583	0.27651116251945	65.000000000000	0.00000000000000
33.880001068115	0.66888493299484	0.27627715468407	65.000000000000	0.00000000000000
33.889999389648	0.66928613185883	0.27604308724403	65.000000000000	0.00000000000000
33.900001525879	0.66968643665314	0.27580899000168	65.000000000000	0.00000000000000
33.909999847412	0.67008578777313	0.27557480335236	65.000000000000	0.00000000000000
33.919998168945	0.67048430442810	0.27534055709839	65.000000000000	0.00000000000000
33.930000305176	0.67088198661804	0.27510628104210	65.000000000000	0.00000000000000
33.939998626709	0.67127877473831	0.27487191557884	65.000000000000	0.00000000000000
33.950000762939	0.67167460918427	0.27463749051094	65.000000000000	0.00000000000000
33.959999084473	0.67206960916519	0.27440300583839	65.000000000000	0.00000000000000
33.970001220703	0.67246377468109	0.27416849136353	65.000000000000	0.00000000000000
33.979999542236	0.67285704612732	0.27393391728401	65.000000000000	0.00000000000000
33.990001678467	0.67324948310852	0.27369928359985	65.000000000000	0.00000000000000
34.000000000000	0.67364102602005	0.27346459031105	65.000000000000	0.00000000000000
34.009998321533	0.67403167486191	0.27322983741760	65.000000000000	0.00000000000000
34.020000457764	0.67442154884338	0.27299502491951	65.000000000000	0.00000000000000
34.029998779297	0.67481046915054	0.27276018261909	65.000000000000	0.00000000000000
34.040000915527	0.67519861459732	0.27252528071404	65.000000000000	0.00000000000000
34.049999237061	0.67558592557907	0.27229031920433	65.000000000000	0.00000000000000
34.060001373291	0.67597222328186	0.27205529808998	65.000000000000	0.00000000000000
34.069999694824	0.67635780572891	0.27182024717331	65.000000000000	0.00000000000000
34.080001831055	0.67674249410629	0.27158516645432	65.000000000000	0.00000000000000
34.090000152588	0.67712634801865	0.27134999632835	65.000000000000	0.00000000000000
34.099998474121	0.67750936746597	0.27111479640007	65.000000000000	0.00000000000000
34.110000610352	0.67789161205292	0.27087953686714	65.000000000000	0.00000000000000
34.119998931885	0.67827290296555	0.27064421772957	65.000000000000	0.00000000000000
34.130001068115	0.67865341901779	0.27040892839432	65.000000000000	0.00000000000000
34.139999389648	0.67903310060501	0.27017354965210	65.000000000000	0.00000000000000
34.150001525879	0.67941188812256	0.26993811130524	65.000000000000	0.00000000000000
34.159999847412	0.67978990077972	0.26970264315605	65.000000000000	0.00000000000000
34.169998168945	0.68016707897186	0.26946711540222	65.000000000000	0.00000000000000
34.180000305176	0.68054336309433	0.26923155784607	65.000000000000	0.00000000000000
34.189998626709	0.68091887235641	0.26899597048759	65.000000000000	0.00000000000000
34.200000762939	0.68129354715347	0.26876029372215	65.000000000000	0.00000000000000
34.209999084473	0.68166738748550	0.26852461695671	65.000000000000	0.00000000000000
34.220001220703	0.68204045295715	0.26828885078430	65.000000000000	0.00000000000000
34.229999542236	0.68241268396378	0.26805317401886	65.000000000000	0.00000000000000
34.240001678467	0.68278414011002	0.26781731843948	65.000000000000	0.00000000000000
34.250000000000	0.68315476179123	0.26758125424385	65.000000000000	0.00000000000000
34.259998321533	0.68352442979813	0.26734566688538	65.000000000000	0.00000000000000
34.270000457764	0.68389344215393	0.26710957288742	65.000000000000	0.00000000000000
34.279998779297	0.68426144123077	0.26687392592430	65.000000000000	0.00000000000000
34.290000915527	0.68462878465652	0.26663777232170	65.000000000000	0.00000000000000
34.299999237061	0.68499547243118	0.26640146970749	65.000000000000	0.00000000000000
34.310001373291	0.68536108732224	0.26616561412811	65.000000000000	0.00000000000000
34.319999694824	0.68572592735291	0.26592960953712	65.000000000000	0.00000000000000
34.330001831055	0.68609005212784	0.26569339632988	65.000000000000	0.00000000000000
34.340000152588	0.68645334243774	0.26545733213425	65.000000000000	0.00000000000000
34.349998474121	0.68681579828262	0.26522111892700	65.000000000000	0.00000000000000
34.360000610352	0.68717747926712	0.26498508453369	65.000000000000	0.00000000000000
34.369998931885	0.68753844499588	0.26474848389626	65.000000000000	0.00000000000000
34.380001068115	0.68789851665497	0.26451241970062	65.000000000000	0.00000000000000
34.389999389648	0.68825781345367	0.26427602767944	65.000000000000	0.00000000000000
34.400001525879	0.68861633539200	0.26403963565826	65.000000000000	0.00000000000000
34.409999847412	0.68897396326065	0.26380330324173	65.000000000000	0.00000000000000
34.419998168945	0.68933093547821	0.26356688141823	65.000000000000	0.00000000000000
34.430000305176	0.68968701362610	0.26333045959473	65.000000000000	0.00000000000000
34.439998626709	0.69004237651825	0.26309400796890	65.000000000000	0.00000000000000
34.450000762939	0.69039696455002	0.26285752654076	65.000000000000	0.00000000000000
34.459999084473	0.69075065851212	0.26262101531029	65.000000000000	0.00000000000000
34.470001220703	0.69110369682312	0.26238450407982	65.000000000000	0.00000000000000
34.479999542236	0.69145590066910	0.26214793324471	65.000000000000	0.00000000000000
34.490001678467	0.69180727005005	0.26191136240959	65.000000000000	0.00000000000000
34.500000000000	0.69215792417526	0.26167476177216	65.000000000000	0.00000000000000
34.509998321533	0.69250780344009	0.26143816113472	65.000000000000	0.00000000000000
34.520000457764	0.69285684823990	0.26120153069496	65.000000000000	0.00000000000000
34.529998779297	0.69320511817932	0.26096484065056	65.000000000000	0.00000000000000
34.540000915527	0.69355261325836	0.26072818040848	65.000000000000	0.00000000000000
34.549999237061	0.69389933347702	0.26049146056175	65.000000000000	0.00000000000000
34.560001373291	0.69424533843994	0.26025477051735	65.000000000000	0.00000000000000
34.569999694824	0.69459050893784	0.26001802086830	65.000000000000	0.00000000000000
34.580001831055	0.69493490457535	0.25978127121925	65.000000000000	0.00000000000000
34.590000152588	0.69527858495712	0.25954449176788	65.000000000000	0.00000000000000
34.599998474121	0.69562149047852	0.25930771231651	65.000000000000	0.00000000000000
34.610000610352	0.69596356153488	0.25907093286514	65.000000000000	0.00000000000000
34.619998931885	0.69630485773087	0.25883412361145	65.000000000000	0.00000000000000
34.630001068115	0.69664543867111	0.25859734416008	65.000000000000	0.00000000000000
34.639999389648	0.69698524475098	0.25836047530174	65.000000000000	0.00000000000000
34.650001525879	0.69732427597046	0.25812363624573	65.000000000000	0.00000000000000
34.659999847412	0.69766259193420	0.25788679718971	65.000000000000	0.00000000000000
34.669998168945	0.69800001382828	0.25764992833138	65.000000000000	0.00000000000000
34.680000305176	0.69833683967590	0.25741308927536	65.000000000000	0.00000000000000
34.689998626709	0.69867277145386	0.25717619061470	65.000000000000	0.00000000000000
34.700000762939	0.69900804758072	0.25693932175636	65.000000000000	0.00000000000000
34.709999084473	0.69934248924255	0.25670248270035	65.000000000000	0.00000000000000
34.720001220703	0.69967615604401	0.25646555423737	65.000000000000	0.00000000000000
34.729999542236	0.70000916719437	0.25622868537903	65.000000000000	0.00000000000000
34.740001678467	0.70034134387970	0.25599175691605	65.000000000000	0.00000000000000
34.750000000000	0.70067280530930	0.25575488805771	65.000000000000	0.00000000000000
34.759998321533	0.70100343227386	0.25551798939705	65.000000000000	0.00000000000000
34.770000457764	0.70133340358734	0.25528112053871	65.000000000000	0.00000000000000
34.779998779297	0.70166254043579	0.25504422187805	65.000000000000	0.00000000000000
34.790000915527	0.70199090242386	0.25480735301971	65.000000000000	0.00000000000000
34.799999237061	0.70231860876083	0.25457048416138	65.000000000000	0.00000000000000
34.810001373291	0.70264554023743	0.25433364510536	65.000000000000	0.00000000000000
34.819999694824	0.70297175645828	0.25409674644470	65.000000000000	0.00000000000000
34.830001831055	0.70329719781876	0.25385990738869	65.000000000000	0.00000000000000
34.840000152588	0.70362186431885	0.25362303853035	65.000000000000	0.00000000000000
34.849998474121	0.70394575595856	0.25338619947433	65.000000000000	0.00000000000000
34.860000610352	0.70426887273788	0.25314939022064	65.000000000000	0.00000000000000
34.869998931885	0.70459133386612	0.25291258096695	65.000000000000	0.00000000000000
34.880001068115	0.70491307973862	0.25267580151558	65.000000000000	0.00000000000000
34.889999389648	0.70523399114609	0.25243902206421	65.000000000000	0.00000000000000
34.900001525879	0.70555418729782	0.25220227241516	65.000000000000	0.00000000000000
34.909999847412	0.70587360858917	0.25196552276611	65.000000000000	0.00000000000000
34.919998168945	0.70619231462479	0.25172880291939	65.000000000000	0.00000000000000
34.930000305176	0.70651036500931	0.25149208307266	65.000000000000	0.00000000000000
34.939998626709	0.70682758092880	0.25125542283058	65.000000000000	0.00000000000000
34.950000762939	0.70714408159256	0.25101879239082	65.000000000000	0.00000000000000
34.959999084473	0.70745986700058	0.25078216195107	65.000000000000	0.00000000000000
34.970001220703	0.70777493715286	0.25054553151131	65.000000000000	0.00000000000000
34.979999542236	0.70808923244476	0.25030899047852	65.000000000000	0.00000000000000
34.990001678467	0.70840275287628	0.25007244944572	65.000000000000	0.00000000000000
35.000000000000	0.70871555805206	0.24983592331409	65.000000000000	0.00000000000000
