#Parameters = {d=0.22575376884422; l2=4.5150753768844; lambda=9.0301507537688; r=0.030422577889447}
#"Frequency / GHz"	"S1,1 (lambda=9.03015) [Re]"	"S1,1 (lambda=9.03015) [Im]"	"Ref.Imp. [Re]"	"Ref.Imp. [Im]"
#-----------------------------------------------------------------------------------------------------------
25.000000000000	0.41253027319908	-0.62690216302872	65.000000000000	0.00000000000000
25.010000228882	0.41112163662910	-0.62673485279083	65.000000000000	0.00000000000000
25.020000457764	0.40971145033836	-0.62656331062317	65.000000000000	0.00000000000000
25.030000686646	0.40829980373383	-0.62638753652573	65.000000000000	0.00000000000000
25.040000915527	0.40688666701317	-0.62620759010315	65.000000000000	0.00000000000000
25.049999237061	0.40547183156013	-0.62602329254150	65.000000000000	0.00000000000000
25.059999465942	0.40405571460724	-0.62583470344543	65.000000000000	0.00000000000000
25.069999694824	0.40263783931732	-0.62564194202423	65.000000000000	0.00000000000000
25.079999923706	0.40121868252754	-0.62544488906860	65.000000000000	0.00000000000000
25.090000152588	0.39979791641235	-0.62524354457855	65.000000000000	0.00000000000000
25.100000381470	0.39837577939034	-0.62503784894943	65.000000000000	0.00000000000000
25.110000610352	0.39695209264755	-0.62482786178589	65.000000000000	0.00000000000000
25.120000839233	0.39552706480026	-0.62461358308792	65.000000000000	0.00000000000000
25.129999160767	0.39410042762756	-0.62439483404160	65.000000000000	0.00000000000000
25.139999389648	0.39267238974571	-0.62417191267014	65.000000000000	0.00000000000000
25.149999618530	0.39124295115471	-0.62394446134567	65.000000000000	0.00000000000000
25.159999847412	0.38981205224991	-0.62371277809143	65.000000000000	0.00000000000000
25.170000076294	0.38837972283363	-0.62347656488419	65.000000000000	0.00000000000000
25.180000305176	0.38694596290588	-0.62323606014252	65.000000000000	0.00000000000000
25.190000534058	0.38551089167595	-0.62299108505249	65.000000000000	0.00000000000000
25.200000762939	0.38407421112061	-0.62274163961411	65.000000000000	0.00000000000000
25.209999084473	0.38263624906540	-0.62248784303665	65.000000000000	0.00000000000000
25.219999313354	0.38119697570801	-0.62222951650620	65.000000000000	0.00000000000000
25.229999542236	0.37975636124611	-0.62196671962738	65.000000000000	0.00000000000000
25.239999771118	0.37831407785416	-0.62169945240021	65.000000000000	0.00000000000000
25.250000000000	0.37687081098557	-0.62142771482468	65.000000000000	0.00000000000000
25.260000228882	0.37542590498924	-0.62115144729614	65.000000000000	0.00000000000000
25.270000457764	0.37397980690002	-0.62087059020996	65.000000000000	0.00000000000000
25.280000686646	0.37253230810165	-0.62058526277542	65.000000000000	0.00000000000000
25.290000915527	0.37108352780342	-0.62029528617859	65.000000000000	0.00000000000000
25.299999237061	0.36963331699371	-0.62000083923340	65.000000000000	0.00000000000000
25.309999465942	0.36818203330040	-0.61970168352127	65.000000000000	0.00000000000000
25.319999694824	0.36672952771187	-0.61939799785614	65.000000000000	0.00000000000000
25.329999923706	0.36527520418167	-0.61908978223801	65.000000000000	0.00000000000000
25.340000152588	0.36381998658180	-0.61877679824829	65.000000000000	0.00000000000000
25.350000381470	0.36236360669136	-0.61845910549164	65.000000000000	0.00000000000000
25.360000610352	0.36090573668480	-0.61813682317734	65.000000000000	0.00000000000000
25.370000839233	0.35944676399231	-0.61780983209610	65.000000000000	0.00000000000000
25.379999160767	0.35798633098602	-0.61747819185257	65.000000000000	0.00000000000000
25.389999389648	0.35652479529381	-0.61714178323746	65.000000000000	0.00000000000000
25.399999618530	0.35506215691566	-0.61680060625076	65.000000000000	0.00000000000000
25.409999847412	0.35359814763069	-0.61645472049713	65.000000000000	0.00000000000000
25.420000076294	0.35213306546211	-0.61610394716263	65.000000000000	0.00000000000000
25.430000305176	0.35066691040993	-0.61574840545654	65.000000000000	0.00000000000000
25.440000534058	0.34919917583466	-0.61538827419281	65.000000000000	0.00000000000000
25.450000762939	0.34773072600365	-0.61502307653427	65.000000000000	0.00000000000000
25.459999084473	0.34626066684723	-0.61465322971344	65.000000000000	0.00000000000000
25.469999313354	0.34478989243507	-0.61427825689316	65.000000000000	0.00000000000000
25.479999542236	0.34331789612770	-0.61389851570129	65.000000000000	0.00000000000000
25.489999771118	0.34184497594833	-0.61351376771927	65.000000000000	0.00000000000000
25.500000000000	0.34037050604820	-0.61312443017960	65.000000000000	0.00000000000000
25.510000228882	0.33889514207840	-0.61272990703583	65.000000000000	0.00000000000000
25.520000457764	0.33741888403893	-0.61233037710190	65.000000000000	0.00000000000000
25.530000686646	0.33594146370888	-0.61192601919174	65.000000000000	0.00000000000000
25.540000915527	0.33446288108826	-0.61151665449142	65.000000000000	0.00000000000000
25.549999237061	0.33298346400261	-0.61110222339630	65.000000000000	0.00000000000000
25.559999465942	0.33150261640549	-0.61068290472031	65.000000000000	0.00000000000000
25.569999694824	0.33002129197121	-0.61025828123093	65.000000000000	0.00000000000000
25.579999923706	0.32853859663010	-0.60982882976532	65.000000000000	0.00000000000000
25.590000152588	0.32705545425415	-0.60939407348633	65.000000000000	0.00000000000000
25.600000381470	0.32557094097137	-0.60895425081253	65.000000000000	0.00000000000000
25.610000610352	0.32408544421196	-0.60850948095322	65.000000000000	0.00000000000000
25.620000839233	0.32259923219681	-0.60805940628052	65.000000000000	0.00000000000000
25.629999160767	0.32111173868179	-0.60760438442230	65.000000000000	0.00000000000000
25.639999389648	0.31962385773659	-0.60714381933212	65.000000000000	0.00000000000000
25.649999618530	0.31813475489616	-0.60667830705643	65.000000000000	0.00000000000000
25.659999847412	0.31664505600929	-0.60620748996735	65.000000000000	0.00000000000000
25.670000076294	0.31515440344810	-0.60573136806488	65.000000000000	0.00000000000000
25.680000305176	0.31366261839867	-0.60525017976761	65.000000000000	0.00000000000000
25.690000534058	0.31217056512833	-0.60476350784302	65.000000000000	0.00000000000000
25.700000762939	0.31067737936974	-0.60427165031433	65.000000000000	0.00000000000000
25.709999084473	0.30918365716934	-0.60377436876297	65.000000000000	0.00000000000000
25.719999313354	0.30768916010857	-0.60327172279358	65.000000000000	0.00000000000000
25.729999542236	0.30619361996651	-0.60276395082474	65.000000000000	0.00000000000000
25.739999771118	0.30469784140587	-0.60225051641464	65.000000000000	0.00000000000000
25.750000000000	0.30320110917091	-0.60173183679581	65.000000000000	0.00000000000000
25.760000228882	0.30170363187790	-0.60120773315430	65.000000000000	0.00000000000000
25.770000457764	0.30020573735237	-0.60067802667618	65.000000000000	0.00000000000000
25.780000686646	0.29870697855949	-0.60014313459396	65.000000000000	0.00000000000000
25.790000915527	0.29720774292946	-0.59960246086121	65.000000000000	0.00000000000000
25.799999237061	0.29570782184601	-0.59905642271042	65.000000000000	0.00000000000000
25.809999465942	0.29420745372772	-0.59850490093231	65.000000000000	0.00000000000000
25.819999694824	0.29270648956299	-0.59794777631760	65.000000000000	0.00000000000000
25.829999923706	0.29120501875877	-0.59738516807556	65.000000000000	0.00000000000000
25.840000152588	0.28970313072205	-0.59681695699692	65.000000000000	0.00000000000000
25.850000381470	0.28820061683655	-0.59624314308167	65.000000000000	0.00000000000000
25.860000610352	0.28669771552086	-0.59566366672516	65.000000000000	0.00000000000000
25.870000839233	0.28519442677498	-0.59507858753204	65.000000000000	0.00000000000000
25.879999160767	0.28369066119194	-0.59448784589767	65.000000000000	0.00000000000000
25.889999389648	0.28218653798103	-0.59389144182205	65.000000000000	0.00000000000000
25.899999618530	0.28068214654922	-0.59328937530518	65.000000000000	0.00000000000000
25.909999847412	0.27917724847794	-0.59268158674240	65.000000000000	0.00000000000000
25.920000076294	0.27767217159271	-0.59206795692444	65.000000000000	0.00000000000000
25.930000305176	0.27616664767265	-0.59144866466522	65.000000000000	0.00000000000000
25.940000534058	0.27466112375259	-0.59082359075546	65.000000000000	0.00000000000000
25.950000762939	0.27315518260002	-0.59019273519516	65.000000000000	0.00000000000000
25.959999084473	0.27164921164513	-0.58955603837967	65.000000000000	0.00000000000000
25.969999313354	0.27014285326004	-0.58891355991364	65.000000000000	0.00000000000000
25.979999542236	0.26863646507263	-0.58826518058777	65.000000000000	0.00000000000000
25.989999771118	0.26712989807129	-0.58761101961136	65.000000000000	0.00000000000000
26.000000000000	0.26562324166298	-0.58695089817047	65.000000000000	0.00000000000000
26.010000228882	0.26411646604538	-0.58628487586975	65.000000000000	0.00000000000000
26.020000457764	0.26260980963707	-0.58561301231384	65.000000000000	0.00000000000000
26.030000686646	0.26110303401947	-0.58493512868881	65.000000000000	0.00000000000000
26.040000915527	0.25959628820419	-0.58425134420395	65.000000000000	0.00000000000000
26.049999237061	0.25808942317963	-0.58356159925461	65.000000000000	0.00000000000000
26.059999465942	0.25658285617828	-0.58286583423615	65.000000000000	0.00000000000000
26.069999694824	0.25507622957230	-0.58216410875320	65.000000000000	0.00000000000000
26.079999923706	0.25356978178024	-0.58145630359650	65.000000000000	0.00000000000000
26.090000152588	0.25206351280212	-0.58074247837067	65.000000000000	0.00000000000000
26.100000381470	0.25055751204491	-0.58002263307571	65.000000000000	0.00000000000000
26.110000610352	0.24905143678188	-0.57929664850235	65.000000000000	0.00000000000000
26.120000839233	0.24754595756531	-0.57856458425522	65.000000000000	0.00000000000000
26.129999160767	0.24604059755802	-0.57782649993896	65.000000000000	0.00000000000000
26.139999389648	0.24453563988209	-0.57708227634430	65.000000000000	0.00000000000000
26.149999618530	0.24303084611893	-0.57633191347122	65.000000000000	0.00000000000000
26.159999847412	0.24152661859989	-0.57557535171509	65.000000000000	0.00000000000000
26.170000076294	0.24002262949944	-0.57481271028519	65.000000000000	0.00000000000000
26.180000305176	0.23851932585239	-0.57404375076294	65.000000000000	0.00000000000000
26.190000534058	0.23701626062393	-0.57326859235764	65.000000000000	0.00000000000000
26.200000762939	0.23551368713379	-0.57248741388321	65.000000000000	0.00000000000000
26.209999084473	0.23401182889938	-0.57169991731644	65.000000000000	0.00000000000000
26.219999313354	0.23251047730446	-0.57090616226196	65.000000000000	0.00000000000000
26.229999542236	0.23100969195366	-0.57010614871979	65.000000000000	0.00000000000000
26.239999771118	0.22950959205627	-0.56929987668991	65.000000000000	0.00000000000000
26.250000000000	0.22801010310650	-0.56848728656769	65.000000000000	0.00000000000000
26.260000228882	0.22651135921478	-0.56766843795776	65.000000000000	0.00000000000000
26.270000457764	0.22501330077648	-0.56684333086014	65.000000000000	0.00000000000000
26.280000686646	0.22351619601250	-0.56601184606552	65.000000000000	0.00000000000000
26.290000915527	0.22201970219612	-0.56517404317856	65.000000000000	0.00000000000000
26.299999237061	0.22052420675755	-0.56432986259460	65.000000000000	0.00000000000000
26.309999465942	0.21902953088284	-0.56347936391830	65.000000000000	0.00000000000000
26.319999694824	0.21753570437431	-0.56262254714966	65.000000000000	0.00000000000000
26.329999923706	0.21604283154011	-0.56175929307938	65.000000000000	0.00000000000000
26.340000152588	0.21455112099648	-0.56088966131210	65.000000000000	0.00000000000000
26.350000381470	0.21306036412716	-0.56001365184784	65.000000000000	0.00000000000000
26.360000610352	0.21157065033913	-0.55913114547729	65.000000000000	0.00000000000000
26.370000839233	0.21008193492889	-0.55824232101440	65.000000000000	0.00000000000000
26.379999160767	0.20859453082085	-0.55734705924988	65.000000000000	0.00000000000000
26.389999389648	0.20710818469524	-0.55644530057907	65.000000000000	0.00000000000000
26.399999618530	0.20562319457531	-0.55553710460663	65.000000000000	0.00000000000000
26.409999847412	0.20413933694363	-0.55462247133255	65.000000000000	0.00000000000000
26.420000076294	0.20265688002110	-0.55370128154755	65.000000000000	0.00000000000000
26.430000305176	0.20117563009262	-0.55277377367020	65.000000000000	0.00000000000000
26.440000534058	0.19969587028027	-0.55183964967728	65.000000000000	0.00000000000000
26.450000762939	0.19821749627590	-0.55089902877808	65.000000000000	0.00000000000000
26.459999084473	0.19674056768417	-0.54995203018188	65.000000000000	0.00000000000000
26.469999313354	0.19526495039463	-0.54899841547012	65.000000000000	0.00000000000000
26.479999542236	0.19379097223282	-0.54803830385208	65.000000000000	0.00000000000000
26.489999771118	0.19231854379177	-0.54707169532776	65.000000000000	0.00000000000000
26.500000000000	0.19084781408310	-0.54609853029251	65.000000000000	0.00000000000000
26.510000228882	0.18937879800797	-0.54511886835098	65.000000000000	0.00000000000000
26.520000457764	0.18791128695011	-0.54413259029388	65.000000000000	0.00000000000000
26.530000686646	0.18644559383392	-0.54313981533051	65.000000000000	0.00000000000000
26.540000915527	0.18498148024082	-0.54214054346085	65.000000000000	0.00000000000000
26.549999237061	0.18351937830448	-0.54113465547562	65.000000000000	0.00000000000000
26.559999465942	0.18205903470516	-0.54012215137482	65.000000000000	0.00000000000000
26.569999694824	0.18060053884983	-0.53910315036774	65.000000000000	0.00000000000000
26.579999923706	0.17914412915707	-0.53807759284973	65.000000000000	0.00000000000000
26.590000152588	0.17768961191177	-0.53704547882080	65.000000000000	0.00000000000000
26.600000381470	0.17623701691628	-0.53600668907166	65.000000000000	0.00000000000000
26.610000610352	0.17478652298450	-0.53496146202087	65.000000000000	0.00000000000000
26.620000839233	0.17333827912807	-0.53390955924988	65.000000000000	0.00000000000000
26.629999160767	0.17189194262028	-0.53285109996796	65.000000000000	0.00000000000000
26.639999389648	0.17044782638550	-0.53178602457047	65.000000000000	0.00000000000000
26.649999618530	0.16900603473186	-0.53071439266205	65.000000000000	0.00000000000000
26.659999847412	0.16756640374660	-0.52963614463806	65.000000000000	0.00000000000000
26.670000076294	0.16612909734249	-0.52855139970779	65.000000000000	0.00000000000000
26.680000305176	0.16469424962997	-0.52746003866196	65.000000000000	0.00000000000000
26.690000534058	0.16326165199280	-0.52636206150055	65.000000000000	0.00000000000000
26.700000762939	0.16183148324490	-0.52525752782822	65.000000000000	0.00000000000000
26.709999084473	0.16040390729904	-0.52414637804031	65.000000000000	0.00000000000000
26.719999313354	0.15897867083549	-0.52302867174149	65.000000000000	0.00000000000000
26.729999542236	0.15755598247051	-0.52190434932709	65.000000000000	0.00000000000000
26.739999771118	0.15613599121571	-0.52077347040176	65.000000000000	0.00000000000000
26.750000000000	0.15471872687340	-0.51963603496552	65.000000000000	0.00000000000000
26.760000228882	0.15330410003662	-0.51849198341370	65.000000000000	0.00000000000000
26.770000457764	0.15189228951931	-0.51734137535095	65.000000000000	0.00000000000000
26.780000686646	0.15048305690289	-0.51618415117264	65.000000000000	0.00000000000000
26.790000915527	0.14907670021057	-0.51502043008804	65.000000000000	0.00000000000000
26.799999237061	0.14767327904701	-0.51385015249252	65.000000000000	0.00000000000000
26.809999465942	0.14627254009247	-0.51267325878143	65.000000000000	0.00000000000000
26.819999694824	0.14487494528294	-0.51148986816406	65.000000000000	0.00000000000000
26.829999923706	0.14348025619984	-0.51029998064041	65.000000000000	0.00000000000000
26.840000152588	0.14208872616291	-0.50910347700119	65.000000000000	0.00000000000000
26.850000381470	0.14070020616055	-0.50790047645569	65.000000000000	0.00000000000000
26.860000610352	0.13931469619274	-0.50669091939926	65.000000000000	0.00000000000000
26.870000839233	0.13793247938156	-0.50547486543655	65.000000000000	0.00000000000000
26.879999160767	0.13655336201191	-0.50425231456757	65.000000000000	0.00000000000000
26.889999389648	0.13517761230469	-0.50302320718765	65.000000000000	0.00000000000000
26.899999618530	0.13380503654480	-0.50178766250610	65.000000000000	0.00000000000000
26.909999847412	0.13243591785431	-0.50054556131363	65.000000000000	0.00000000000000
26.920000076294	0.13107004761696	-0.49929705262184	65.000000000000	0.00000000000000
26.930000305176	0.12970769405365	-0.49804210662842	65.000000000000	0.00000000000000
26.940000534058	0.12834876775742	-0.49678060412407	65.000000000000	0.00000000000000
26.950000762939	0.12699347734451	-0.49551266431808	65.000000000000	0.00000000000000
26.959999084473	0.12564155459404	-0.49423834681511	65.000000000000	0.00000000000000
26.969999313354	0.12429332733154	-0.49295756220818	65.000000000000	0.00000000000000
26.979999542236	0.12294868379831	-0.49167037010193	65.000000000000	0.00000000000000
26.989999771118	0.12160778790712	-0.49037671089172	65.000000000000	0.00000000000000
27.000000000000	0.12027056515217	-0.48907682299614	65.000000000000	0.00000000000000
27.010000228882	0.11893715709448	-0.48777037858963	65.000000000000	0.00000000000000
27.020000457764	0.11760751157999	-0.48645764589310	65.000000000000	0.00000000000000
27.030000686646	0.11628174036741	-0.48513856530190	65.000000000000	0.00000000000000
27.040000915527	0.11495991796255	-0.48381310701370	65.000000000000	0.00000000000000
27.049999237061	0.11364206671715	-0.48248130083084	65.000000000000	0.00000000000000
27.059999465942	0.11232800036669	-0.48114326596260	65.000000000000	0.00000000000000
27.069999694824	0.11101820319891	-0.47979888319969	65.000000000000	0.00000000000000
27.079999923706	0.10971226543188	-0.47844821214676	65.000000000000	0.00000000000000
27.090000152588	0.10841067135334	-0.47709128260612	65.000000000000	0.00000000000000
27.100000381470	0.10711301863194	-0.47572812438011	65.000000000000	0.00000000000000
27.110000610352	0.10581966489553	-0.47435867786407	65.000000000000	0.00000000000000
27.120000839233	0.10453055799007	-0.47298303246498	65.000000000000	0.00000000000000
27.129999160767	0.10324581712484	-0.47160118818283	65.000000000000	0.00000000000000
27.139999389648	0.10196528583765	-0.47021317481995	65.000000000000	0.00000000000000
27.149999618530	0.10068909823895	-0.46881902217865	65.000000000000	0.00000000000000
27.159999847412	0.099417507648468	-0.46741867065430	65.000000000000	0.00000000000000
27.170000076294	0.098150216042995	-0.46601215004921	65.000000000000	0.00000000000000
27.180000305176	0.096887499094009	-0.46459954977036	65.000000000000	0.00000000000000
27.190000534058	0.095629274845123	-0.46318089962006	65.000000000000	0.00000000000000
27.200000762939	0.094375573098660	-0.46175616979599	65.000000000000	0.00000000000000
27.209999084473	0.093126654624939	-0.46032533049583	65.000000000000	0.00000000000000
27.219999313354	0.091882340610027	-0.45888850092888	65.000000000000	0.00000000000000
27.229999542236	0.090642660856247	-0.45744565129280	65.000000000000	0.00000000000000
27.239999771118	0.089407883584499	-0.45599684119225	65.000000000000	0.00000000000000
27.250000000000	0.088177688419819	-0.45454198122025	65.000000000000	0.00000000000000
27.260000228882	0.086952462792397	-0.45308125019073	65.000000000000	0.00000000000000
27.270000457764	0.085732012987137	-0.45161455869675	65.000000000000	0.00000000000000
27.280000686646	0.084516599774361	-0.45014196634293	65.000000000000	0.00000000000000
27.290000915527	0.083306148648262	-0.44866347312927	65.000000000000	0.00000000000000
27.299999237061	0.082100585103035	-0.44717913866043	65.000000000000	0.00000000000000
27.309999465942	0.080900050699711	-0.44568899273872	65.000000000000	0.00000000000000
27.319999694824	0.079704686999321	-0.44419303536415	65.000000000000	0.00000000000000
27.329999923706	0.078514523804188	-0.44269123673439	65.000000000000	0.00000000000000
27.340000152588	0.077329300343990	-0.44118377566338	65.000000000000	0.00000000000000
27.350000381470	0.076149336993694	-0.43967047333717	65.000000000000	0.00000000000000
27.360000610352	0.074974693357944	-0.43815153837204	65.000000000000	0.00000000000000
27.370000839233	0.073805287480354	-0.43662688136101	65.000000000000	0.00000000000000
27.379999160767	0.072641149163246	-0.43509659171104	65.000000000000	0.00000000000000
27.389999389648	0.071482330560684	-0.43356066942215	65.000000000000	0.00000000000000
27.399999618530	0.070328943431377	-0.43201911449432	65.000000000000	0.00000000000000
27.409999847412	0.069181047379971	-0.43047198653221	65.000000000000	0.00000000000000
27.420000076294	0.068038657307625	-0.42891934514046	65.000000000000	0.00000000000000
27.430000305176	0.066901706159115	-0.42736113071442	65.000000000000	0.00000000000000
27.440000534058	0.065770238637924	-0.42579746246338	65.000000000000	0.00000000000000
27.450000762939	0.064644485712051	-0.42422834038734	65.000000000000	0.00000000000000
27.459999084473	0.063524276018143	-0.42265376448631	65.000000000000	0.00000000000000
27.469999313354	0.062409643083811	-0.42107373476028	65.000000000000	0.00000000000000
27.479999542236	0.061300918459892	-0.41948834061623	65.000000000000	0.00000000000000
27.489999771118	0.060197740793228	-0.41789764165878	65.000000000000	0.00000000000000
27.500000000000	0.059100333601236	-0.41630163788795	65.000000000000	0.00000000000000
27.510000228882	0.058008838444948	-0.41470026969910	65.000000000000	0.00000000000000
27.520000457764	0.056923188269138	-0.41309371590614	65.000000000000	0.00000000000000
27.530000686646	0.055843397974968	-0.41148188710213	65.000000000000	0.00000000000000
27.540000915527	0.054769512265921	-0.40986487269402	65.000000000000	0.00000000000000
27.549999237061	0.053701464086771	-0.40824270248413	65.000000000000	0.00000000000000
27.559999465942	0.052639581263065	-0.40661540627480	65.000000000000	0.00000000000000
27.569999694824	0.051583595573902	-0.40498295426369	65.000000000000	0.00000000000000
27.579999923706	0.050533641129732	-0.40334552526474	65.000000000000	0.00000000000000
27.590000152588	0.049489930272102	-0.40170302987099	65.000000000000	0.00000000000000
27.600000381470	0.048452313989401	-0.40005552768707	65.000000000000	0.00000000000000
27.610000610352	0.047420818358660	-0.39840310811996	65.000000000000	0.00000000000000
27.620000839233	0.046395469456911	-0.39674565196037	65.000000000000	0.00000000000000
27.629999160767	0.045376304537058	-0.39508339762688	65.000000000000	0.00000000000000
27.639999389648	0.044363539665937	-0.39341625571251	65.000000000000	0.00000000000000
27.649999618530	0.043357010930777	-0.39174422621727	65.000000000000	0.00000000000000
27.659999847412	0.042356841266155	-0.39006745815277	65.000000000000	0.00000000000000
27.670000076294	0.041362974792719	-0.38838589191437	65.000000000000	0.00000000000000
27.680000305176	0.040375530719757	-0.38669964671135	65.000000000000	0.00000000000000
27.690000534058	0.039394531399012	-0.38500869274139	65.000000000000	0.00000000000000
27.700000762939	0.038419920951128	-0.38331308960915	65.000000000000	0.00000000000000
27.709999084473	0.037451904267073	-0.38161283731461	65.000000000000	0.00000000000000
27.719999313354	0.036490332335234	-0.37990805506706	65.000000000000	0.00000000000000
27.729999542236	0.035535320639610	-0.37819868326187	65.000000000000	0.00000000000000
27.739999771118	0.034586895257235	-0.37648484110832	65.000000000000	0.00000000000000
27.750000000000	0.033645175397396	-0.37476649880409	65.000000000000	0.00000000000000
27.760000228882	0.032709922641516	-0.37304374575615	65.000000000000	0.00000000000000
27.770000457764	0.031781427562237	-0.37131661176682	65.000000000000	0.00000000000000
27.780000686646	0.030859626829624	-0.36958509683609	65.000000000000	0.00000000000000
27.790000915527	0.029944550246000	-0.36784926056862	65.000000000000	0.00000000000000
27.799999237061	0.029036225751042	-0.36610916256905	65.000000000000	0.00000000000000
27.809999465942	0.028134675696492	-0.36436480283737	65.000000000000	0.00000000000000
27.819999694824	0.027240009978414	-0.36261630058289	65.000000000000	0.00000000000000
27.829999923706	0.026352172717452	-0.36086359620094	65.000000000000	0.00000000000000
27.840000152588	0.025471104308963	-0.35910677909851	65.000000000000	0.00000000000000
27.850000381470	0.024597082287073	-0.35734584927559	65.000000000000	0.00000000000000
27.860000610352	0.023729875683784	-0.35558089613914	65.000000000000	0.00000000000000
27.870000839233	0.022869683802128	-0.35381197929382	65.000000000000	0.00000000000000
27.879999160767	0.022016443312168	-0.35203906893730	65.000000000000	0.00000000000000
27.889999389648	0.021170260384679	-0.35026222467422	65.000000000000	0.00000000000000
27.899999618530	0.020330995321274	-0.34848153591156	65.000000000000	0.00000000000000
27.909999847412	0.019498834386468	-0.34669694304466	65.000000000000	0.00000000000000
27.920000076294	0.018673732876778	-0.34490865468979	65.000000000000	0.00000000000000
27.930000305176	0.017855938524008	-0.34311655163765	65.000000000000	0.00000000000000
27.940000534058	0.017044991254807	-0.34132075309753	65.000000000000	0.00000000000000
27.950000762939	0.016241405159235	-0.33952122926712	65.000000000000	0.00000000000000
27.959999084473	0.015444876626134	-0.33771806955338	65.000000000000	0.00000000000000
27.969999313354	0.014655752107501	-0.33591139316559	65.000000000000	0.00000000000000
27.979999542236	0.013873570598662	-0.33410114049911	65.000000000000	0.00000000000000
27.989999771118	0.013098676688969	-0.33228740096092	65.000000000000	0.00000000000000
28.000000000000	0.012331088073552	-0.33047014474869	65.000000000000	0.00000000000000
28.010000228882	0.011570828966796	-0.32864952087402	65.000000000000	0.00000000000000
28.020000457764	0.010817918926477	-0.32682549953461	65.000000000000	0.00000000000000
28.030000686646	0.010072377510369	-0.32499814033508	65.000000000000	0.00000000000000
28.040000915527	0.0093340715393424	-0.32316750288010	65.000000000000	0.00000000000000
28.049999237061	0.0086031761020422	-0.32133361697197	65.000000000000	0.00000000000000
28.059999465942	0.0078797116875648	-0.31949654221535	65.000000000000	0.00000000000000
28.069999694824	0.0071636955253780	-0.31765630841255	65.000000000000	0.00000000000000
28.079999923706	0.0064549976959825	-0.31581294536591	65.000000000000	0.00000000000000
28.090000152588	0.0057537890970707	-0.31396651268005	65.000000000000	0.00000000000000
28.100000381470	0.0050602378323674	-0.31211706995964	65.000000000000	0.00000000000000
28.110000610352	0.0043740631081164	-0.31026461720467	65.000000000000	0.00000000000000
28.120000839233	0.0036952856462449	-0.30840927362442	65.000000000000	0.00000000000000
28.129999160767	0.0030242183711380	-0.30655100941658	65.000000000000	0.00000000000000
28.139999389648	0.0023605863098055	-0.30468991398811	65.000000000000	0.00000000000000
28.149999618530	0.0017045530257747	-0.30282598733902	65.000000000000	0.00000000000000
28.159999847412	0.0010561366798356	-0.30095934867859	65.000000000000	0.00000000000000
28.170000076294	0.00041521122329868	-0.29908993840218	65.000000000000	0.00000000000000
28.180000305176	-0.00021792041661683	-0.29721790552139	65.000000000000	0.00000000000000
28.190000534058	-0.00084366701776162	-0.29534325003624	65.000000000000	0.00000000000000
28.200000762939	-0.0014615871477872	-0.29346606135368	65.000000000000	0.00000000000000
28.209999084473	-0.0020718064624816	-0.29158625006676	65.000000000000	0.00000000000000
28.219999313354	-0.0026744471397251	-0.28970399498940	65.000000000000	0.00000000000000
28.229999542236	-0.0032693541143090	-0.28781929612160	65.000000000000	0.00000000000000
28.239999771118	-0.0038566486909986	-0.28593221306801	65.000000000000	0.00000000000000
28.250000000000	-0.0044361767359078	-0.28404280543327	65.000000000000	0.00000000000000
28.260000228882	-0.0050079249776900	-0.28215107321739	65.000000000000	0.00000000000000
28.270000457764	-0.0055718771182001	-0.28025707602501	65.000000000000	0.00000000000000
28.280000686646	-0.0061282864771783	-0.27836090326309	65.000000000000	0.00000000000000
28.290000915527	-0.0066767353564501	-0.27646252512932	65.000000000000	0.00000000000000
28.299999237061	-0.0072174775414169	-0.27456206083298	65.000000000000	0.00000000000000
28.309999465942	-0.0077503649517894	-0.27265954017639	65.000000000000	0.00000000000000
28.319999694824	-0.0082755135372281	-0.27075496315956	65.000000000000	0.00000000000000
28.329999923706	-0.0087927803397179	-0.26884841918945	65.000000000000	0.00000000000000
28.340000152588	-0.0093021504580975	-0.26693996787071	65.000000000000	0.00000000000000
28.350000381470	-0.0098039945587516	-0.26502963900566	65.000000000000	0.00000000000000
28.360000610352	-0.010297786444426	-0.26311746239662	65.000000000000	0.00000000000000
28.370000839233	-0.010783767327666	-0.26120349764824	65.000000000000	0.00000000000000
28.379999160767	-0.011261799372733	-0.25928777456284	65.000000000000	0.00000000000000
28.389999389648	-0.011731994338334	-0.25737035274506	65.000000000000	0.00000000000000
28.399999618530	-0.012194337323308	-0.25545132160187	65.000000000000	0.00000000000000
28.409999847412	-0.012648693285882	-0.25353065133095	65.000000000000	0.00000000000000
28.420000076294	-0.013095412403345	-0.25160846114159	65.000000000000	0.00000000000000
28.430000305176	-0.013533881865442	-0.24968475103378	65.000000000000	0.00000000000000
28.440000534058	-0.013964685611427	-0.24775959551334	65.000000000000	0.00000000000000
28.450000762939	-0.014387571252882	-0.24583299458027	65.000000000000	0.00000000000000
28.459999084473	-0.014802412129939	-0.24390508234501	65.000000000000	0.00000000000000
28.469999313354	-0.015209311619401	-0.24197578430176	65.000000000000	0.00000000000000
28.479999542236	-0.015608487650752	-0.24004524946213	65.000000000000	0.00000000000000
28.489999771118	-0.015999469906092	-0.23811350762844	65.000000000000	0.00000000000000
28.500000000000	-0.016382703557611	-0.23618058860302	65.000000000000	0.00000000000000
28.510000228882	-0.016757834702730	-0.23424652218819	65.000000000000	0.00000000000000
28.520000457764	-0.017125187441707	-0.23231136798859	65.000000000000	0.00000000000000
28.530000686646	-0.017484419047832	-0.23037518560886	65.000000000000	0.00000000000000
28.540000915527	-0.017835844308138	-0.22843803465366	65.000000000000	0.00000000000000
28.549999237061	-0.018179237842560	-0.22649991512299	65.000000000000	0.00000000000000
28.559999465942	-0.018514690920711	-0.22456091642380	65.000000000000	0.00000000000000
28.569999694824	-0.018842088058591	-0.22262108325958	65.000000000000	0.00000000000000
28.579999923706	-0.019161524251103	-0.22068044543266	65.000000000000	0.00000000000000
28.590000152588	-0.019473096355796	-0.21873904764652	65.000000000000	0.00000000000000
28.600000381470	-0.019776785746217	-0.21679693460464	65.000000000000	0.00000000000000
28.610000610352	-0.020072322338820	-0.21485419571400	65.000000000000	0.00000000000000
28.620000839233	-0.020359952002764	-0.21291081607342	65.000000000000	0.00000000000000
28.629999160767	-0.020639613270760	-0.21096689999104	65.000000000000	0.00000000000000
28.639999389648	-0.020911343395710	-0.20902244746685	65.000000000000	0.00000000000000
28.649999618530	-0.021175030618906	-0.20707754790783	65.000000000000	0.00000000000000
28.659999847412	-0.021430762484670	-0.20513218641281	65.000000000000	0.00000000000000
28.670000076294	-0.021678578108549	-0.20318651199341	65.000000000000	0.00000000000000
28.680000305176	-0.021918410435319	-0.20124043524265	65.000000000000	0.00000000000000
28.690000534058	-0.022150300443172	-0.19929412007332	65.000000000000	0.00000000000000
28.700000762939	-0.022374188527465	-0.19734756648540	65.000000000000	0.00000000000000
28.709999084473	-0.022590151056647	-0.19540081918240	65.000000000000	0.00000000000000
28.719999313354	-0.022798178717494	-0.19345393776894	65.000000000000	0.00000000000000
28.729999542236	-0.022998254746199	-0.19150693714619	65.000000000000	0.00000000000000
28.739999771118	-0.023190325126052	-0.18955992162228	65.000000000000	0.00000000000000
28.750000000000	-0.023374507203698	-0.18761287629604	65.000000000000	0.00000000000000
28.760000228882	-0.023550745099783	-0.18566587567329	65.000000000000	0.00000000000000
28.770000457764	-0.023719066753983	-0.18371899425983	65.000000000000	0.00000000000000
28.780000686646	-0.023879416286945	-0.18177221715450	65.000000000000	0.00000000000000
28.790000915527	-0.024031907320023	-0.17982563376427	65.000000000000	0.00000000000000
28.799999237061	-0.024176392704248	-0.17787925899029	65.000000000000	0.00000000000000
28.809999465942	-0.024313075467944	-0.17593319714069	65.000000000000	0.00000000000000
28.819999694824	-0.024441806599498	-0.17398743331432	65.000000000000	0.00000000000000
28.829999923706	-0.024562699720263	-0.17204202711582	65.000000000000	0.00000000000000
28.840000152588	-0.024675607681274	-0.17009703814983	65.000000000000	0.00000000000000
28.850000381470	-0.024780720472336	-0.16815252602100	65.000000000000	0.00000000000000
28.860000610352	-0.024877939373255	-0.16620847582817	65.000000000000	0.00000000000000
28.870000839233	-0.024967318400741	-0.16426499187946	65.000000000000	0.00000000000000
28.879999160767	-0.025048766285181	-0.16232208907604	65.000000000000	0.00000000000000
28.889999389648	-0.025122417137027	-0.16037985682487	65.000000000000	0.00000000000000
28.899999618530	-0.025188246741891	-0.15843828022480	65.000000000000	0.00000000000000
28.909999847412	-0.025246236473322	-0.15649743378162	65.000000000000	0.00000000000000
28.920000076294	-0.025296431034803	-0.15455736219883	65.000000000000	0.00000000000000
28.930000305176	-0.025338811799884	-0.15261809527874	65.000000000000	0.00000000000000
28.940000534058	-0.025373427197337	-0.15067970752716	65.000000000000	0.00000000000000
28.950000762939	-0.025400212034583	-0.14874222874641	65.000000000000	0.00000000000000
28.959999084473	-0.025419246405363	-0.14680567383766	65.000000000000	0.00000000000000
28.969999313354	-0.025430500507355	-0.14487011730671	65.000000000000	0.00000000000000
28.979999542236	-0.025434017181396	-0.14293563365936	65.000000000000	0.00000000000000
28.989999771118	-0.025429800152779	-0.14100219309330	65.000000000000	0.00000000000000
29.000000000000	-0.025417881086469	-0.13906988501549	65.000000000000	0.00000000000000
29.010000228882	-0.025398224592209	-0.13713873922825	65.000000000000	0.00000000000000
29.020000457764	-0.025370866060257	-0.13520881533623	65.000000000000	0.00000000000000
29.030000686646	-0.025335859507322	-0.13328014314175	65.000000000000	0.00000000000000
29.040000915527	-0.025293167680502	-0.13135276734829	65.000000000000	0.00000000000000
29.049999237061	-0.025242783129215	-0.12942676246166	65.000000000000	0.00000000000000
29.059999465942	-0.025184810161591	-0.12750209867954	65.000000000000	0.00000000000000
29.069999694824	-0.025119179859757	-0.12557888031006	65.000000000000	0.00000000000000
29.079999923706	-0.025045935064554	-0.12365713715553	65.000000000000	0.00000000000000
29.090000152588	-0.024965105578303	-0.12173688411713	65.000000000000	0.00000000000000
29.100000381470	-0.024876672774553	-0.11981821060181	65.000000000000	0.00000000000000
29.110000610352	-0.024780696257949	-0.11790112406015	65.000000000000	0.00000000000000
29.120000839233	-0.024677168577909	-0.11598566174507	65.000000000000	0.00000000000000
29.129999160767	-0.024566141888499	-0.11407189071178	65.000000000000	0.00000000000000
29.139999389648	-0.024447545409203	-0.11215984076262	65.000000000000	0.00000000000000
29.149999618530	-0.024321474134922	-0.11024954915047	65.000000000000	0.00000000000000
29.159999847412	-0.024187905713916	-0.10834105312824	65.000000000000	0.00000000000000
29.170000076294	-0.024046869948506	-0.10643441230059	65.000000000000	0.00000000000000
29.180000305176	-0.023898402228951	-0.10452965646982	65.000000000000	0.00000000000000
29.190000534058	-0.023742521181703	-0.10262680798769	65.000000000000	0.00000000000000
29.200000762939	-0.023579228669405	-0.10072594136000	65.000000000000	0.00000000000000
29.209999084473	-0.023408500477672	-0.098827078938484	65.000000000000	0.00000000000000
29.219999313354	-0.023230442777276	-0.096930265426636	65.000000000000	0.00000000000000
29.229999542236	-0.023045012727380	-0.095035523176193	65.000000000000	0.00000000000000
29.239999771118	-0.022852253168821	-0.093142919242382	65.000000000000	0.00000000000000
29.250000000000	-0.022652167826891	-0.091252475976944	65.000000000000	0.00000000000000
29.260000228882	-0.022444821894169	-0.089364238083363	65.000000000000	0.00000000000000
29.270000457764	-0.022230153903365	-0.087478242814541	65.000000000000	0.00000000000000
29.280000686646	-0.022008260712028	-0.085594527423382	65.000000000000	0.00000000000000
29.290000915527	-0.021779146045446	-0.083713136613369	65.000000000000	0.00000000000000
29.299999237061	-0.021542789414525	-0.081834100186825	65.000000000000	0.00000000000000
29.309999465942	-0.021299280226231	-0.079957462847233	65.000000000000	0.00000000000000
29.319999694824	-0.021048584952950	-0.078083254396915	65.000000000000	0.00000000000000
29.329999923706	-0.020790729671717	-0.076211534440517	65.000000000000	0.00000000000000
29.340000152588	-0.020525755360723	-0.074342310428619	65.000000000000	0.00000000000000
29.350000381470	-0.020253678783774	-0.072475641965866	65.000000000000	0.00000000000000
29.360000610352	-0.019974537193775	-0.070611558854580	65.000000000000	0.00000000000000
29.370000839233	-0.019688313826919	-0.068750090897083	65.000000000000	0.00000000000000
29.379999160767	-0.019395081326365	-0.066891282796860	65.000000000000	0.00000000000000
29.389999389648	-0.019094819203019	-0.065035179257393	65.000000000000	0.00000000000000
29.399999618530	-0.018787577748299	-0.063181802630424	65.000000000000	0.00000000000000
29.409999847412	-0.018473353236914	-0.061331190168858	65.000000000000	0.00000000000000
29.420000076294	-0.018152208998799	-0.059483386576176	65.000000000000	0.00000000000000
29.430000305176	-0.017824145033956	-0.057638417929411	65.000000000000	0.00000000000000
29.440000534058	-0.017489183694124	-0.055796332657337	65.000000000000	0.00000000000000
29.450000762939	-0.017147364094853	-0.053957149386406	65.000000000000	0.00000000000000
29.459999084473	-0.016798680648208	-0.052120912820101	65.000000000000	0.00000000000000
29.469999313354	-0.016443192958832	-0.050287652760744	65.000000000000	0.00000000000000
29.479999542236	-0.016080919653177	-0.048457410186529	65.000000000000	0.00000000000000
29.489999771118	-0.015711877495050	-0.046630214899778	65.000000000000	0.00000000000000
29.500000000000	-0.015336092561483	-0.044806100428104	65.000000000000	0.00000000000000
29.510000228882	-0.014953583478928	-0.042985100299120	65.000000000000	0.00000000000000
29.520000457764	-0.014564386568964	-0.041167255491018	65.000000000000	0.00000000000000
29.530000686646	-0.014168524183333	-0.039352588355541	65.000000000000	0.00000000000000
29.540000915527	-0.013766029849648	-0.037541143596172	65.000000000000	0.00000000000000
29.549999237061	-0.013356920331717	-0.035732939839363	65.000000000000	0.00000000000000
29.559999465942	-0.012941236607730	-0.033928018063307	65.000000000000	0.00000000000000
29.569999694824	-0.012518993578851	-0.032126411795616	65.000000000000	0.00000000000000
29.579999923706	-0.012090213596821	-0.030328154563904	65.000000000000	0.00000000000000
29.590000152588	-0.011654935777187	-0.028533268719912	65.000000000000	0.00000000000000
29.600000381470	-0.011213179677725	-0.026741793379188	65.000000000000	0.00000000000000
29.610000610352	-0.010764976963401	-0.024953758344054	65.000000000000	0.00000000000000
29.620000839233	-0.010310358367860	-0.023169197142124	65.000000000000	0.00000000000000
29.629999160767	-0.0098493471741676	-0.021388137713075	65.000000000000	0.00000000000000
29.639999389648	-0.0093819685280323	-0.019610606133938	65.000000000000	0.00000000000000
29.649999618530	-0.0089082671329379	-0.017836641520262	65.000000000000	0.00000000000000
29.659999847412	-0.0084282523021102	-0.016066269949079	65.000000000000	0.00000000000000
29.670000076294	-0.0079419566318393	-0.014299520291388	65.000000000000	0.00000000000000
29.680000305176	-0.0074494206346571	-0.012536422349513	65.000000000000	0.00000000000000
29.690000534058	-0.0069506624713540	-0.010777007788420	65.000000000000	0.00000000000000
29.700000762939	-0.0064457166008651	-0.0090213017538190	65.000000000000	0.00000000000000
29.709999084473	-0.0059346091002226	-0.0072693340480328	65.000000000000	0.00000000000000
29.719999313354	-0.0054173707030714	-0.0055211377330124	65.000000000000	0.00000000000000
29.729999542236	-0.0048940326087177	-0.0037767339963466	65.000000000000	0.00000000000000
29.739999771118	-0.0043646218255162	-0.0020361561328173	65.000000000000	0.00000000000000
29.750000000000	-0.0038291702512652	-0.00029943024856038	65.000000000000	0.00000000000000
29.760000228882	-0.0032877079211175	0.0014334166189656	65.000000000000	0.00000000000000
29.770000457764	-0.0027402655687183	0.0031623574905097	65.000000000000	0.00000000000000
29.780000686646	-0.0021868727635592	0.0048873648047447	65.000000000000	0.00000000000000
29.790000915527	-0.0016275601228699	0.0066084116697311	65.000000000000	0.00000000000000
29.799999237061	-0.0010623601265252	0.0083254724740982	65.000000000000	0.00000000000000
29.809999465942	-0.00049129908438772	0.010038521140814	65.000000000000	0.00000000000000
29.819999694824	8.5585437773261e-05	0.011747530661523	65.000000000000	0.00000000000000
29.829999923706	0.00066827016416937	0.013452476821840	65.000000000000	0.00000000000000
29.840000152588	0.0012567137600854	0.015153335407376	65.000000000000	0.00000000000000
29.850000381470	0.0018508968641981	0.016850076615810	65.000000000000	0.00000000000000
29.860000610352	0.0024507776834071	0.018542682752013	65.000000000000	0.00000000000000
29.870000839233	0.0030563275795430	0.020231122151017	65.000000000000	0.00000000000000
29.879999160767	0.0036675189621747	0.021915374323726	65.000000000000	0.00000000000000
29.889999389648	0.0042843241244555	0.023595413193107	65.000000000000	0.00000000000000
29.899999618530	0.0049066883511841	0.025271220132709	65.000000000000	0.00000000000000
29.909999847412	0.0055346088483930	0.026942765340209	65.000000000000	0.00000000000000
29.920000076294	0.0061680367216468	0.028610032051802	65.000000000000	0.00000000000000
29.930000305176	0.0068069384433329	0.030272988602519	65.000000000000	0.00000000000000
29.940000534058	0.0074512916617095	0.031931623816490	65.000000000000	0.00000000000000
29.950000762939	0.0081010535359383	0.033585906028748	65.000000000000	0.00000000000000
29.959999084473	0.0087561989203095	0.035235814750195	65.000000000000	0.00000000000000
29.969999313354	0.0094167003408074	0.036881331354380	65.000000000000	0.00000000000000
29.979999542236	0.010082513093948	0.038522433489561	65.000000000000	0.00000000000000
29.989999771118	0.010753603652120	0.040159098803997	65.000000000000	0.00000000000000
30.000000000000	0.011429949663579	0.041791304945946	65.000000000000	0.00000000000000
30.010000228882	0.012111517600715	0.043419037014246	65.000000000000	0.00000000000000
30.020000457764	0.012798257172108	0.045042265206575	65.000000000000	0.00000000000000
30.030000686646	0.013490148819983	0.046660982072353	65.000000000000	0.00000000000000
30.040000915527	0.014187169261277	0.048275157809258	65.000000000000	0.00000000000000
30.049999237061	0.014889266341925	0.049884770065546	65.000000000000	0.00000000000000
30.059999465942	0.015596425160766	0.051489811390638	65.000000000000	0.00000000000000
30.069999694824	0.016308590769768	0.053090251982212	65.000000000000	0.00000000000000
30.079999923706	0.017025740817189	0.054686076939106	65.000000000000	0.00000000000000
30.090000152588	0.017747836187482	0.056277275085449	65.000000000000	0.00000000000000
30.100000381470	0.018474869430065	0.057863816618919	65.000000000000	0.00000000000000
30.110000610352	0.019206780940294	0.059445682913065	65.000000000000	0.00000000000000
30.120000839233	0.019943526014686	0.061022877693176	65.000000000000	0.00000000000000
30.129999160767	0.020685108378530	0.062595359981060	65.000000000000	0.00000000000000
30.139999389648	0.021431449800730	0.064163111150265	65.000000000000	0.00000000000000
30.149999618530	0.022182568907738	0.065726131200790	65.000000000000	0.00000000000000
30.159999847412	0.022938376292586	0.067284397780895	65.000000000000	0.00000000000000
30.170000076294	0.023698873817921	0.068837888538837	65.000000000000	0.00000000000000
30.180000305176	0.024464020505548	0.070386596024036	65.000000000000	0.00000000000000
30.190000534058	0.025233786553144	0.071930490434170	65.000000000000	0.00000000000000
30.200000762939	0.026008119806647	0.073469571769238	65.000000000000	0.00000000000000
30.209999084473	0.026786997914314	0.075003825128078	65.000000000000	0.00000000000000
30.219999313354	0.027570398524404	0.076533228158951	65.000000000000	0.00000000000000
30.229999542236	0.028358280658722	0.078057758510113	65.000000000000	0.00000000000000
30.239999771118	0.029150584712625	0.079577416181564	65.000000000000	0.00000000000000
30.250000000000	0.029947310686111	0.081092178821564	65.000000000000	0.00000000000000
30.260000228882	0.030748382210732	0.082602046430111	65.000000000000	0.00000000000000
30.270000457764	0.031553827226162	0.084106981754303	65.000000000000	0.00000000000000
30.280000686646	0.032363563776016	0.085606984794140	65.000000000000	0.00000000000000
30.290000915527	0.033177576959133	0.087102048099041	65.000000000000	0.00000000000000
30.299999237061	0.033995803445578	0.088592149317265	65.000000000000	0.00000000000000
30.309999465942	0.034818280488253	0.090077280998230	65.000000000000	0.00000000000000
30.319999694824	0.035644892603159	0.091557428240776	65.000000000000	0.00000000000000
30.329999923706	0.036475654691458	0.093032583594322	65.000000000000	0.00000000000000
30.340000152588	0.037310481071472	0.094502717256546	65.000000000000	0.00000000000000
30.350000381470	0.038149405270815	0.095967851579189	65.000000000000	0.00000000000000
30.360000610352	0.038992363959551	0.097427941858768	65.000000000000	0.00000000000000
30.370000839233	0.039839301258326	0.098883002996445	65.000000000000	0.00000000000000
30.379999160767	0.040690217167139	0.10033301264048	65.000000000000	0.00000000000000
30.389999389648	0.041545048356056	0.10177794098854	65.000000000000	0.00000000000000
30.399999618530	0.042403798550367	0.10321781784296	65.000000000000	0.00000000000000
30.409999847412	0.043266363441944	0.10465261340141	65.000000000000	0.00000000000000
30.420000076294	0.044132787734270	0.10608231276274	65.000000000000	0.00000000000000
30.430000305176	0.045002993196249	0.10750691592693	65.000000000000	0.00000000000000
30.440000534058	0.045876961201429	0.10892640054226	65.000000000000	0.00000000000000
30.450000762939	0.046754628419876	0.11034077405930	65.000000000000	0.00000000000000
30.459999084473	0.047636028379202	0.11175000667572	65.000000000000	0.00000000000000
30.469999313354	0.048521045595407	0.11315411329269	65.000000000000	0.00000000000000
30.479999542236	0.049409672617912	0.11455308645964	65.000000000000	0.00000000000000
30.489999771118	0.050301916897297	0.11594690382481	65.000000000000	0.00000000000000
30.500000000000	0.051197711378336	0.11733555793762	65.000000000000	0.00000000000000
30.510000228882	0.052097003906965	0.11871904134750	65.000000000000	0.00000000000000
30.520000457764	0.052999813109636	0.12009736150503	65.000000000000	0.00000000000000
30.530000686646	0.053906053304672	0.12147050350904	65.000000000000	0.00000000000000
30.540000915527	0.054815709590912	0.12283844500780	65.000000000000	0.00000000000000
30.549999237061	0.055728740990162	0.12420121580362	65.000000000000	0.00000000000000
30.559999465942	0.056645099073648	0.12555877864361	65.000000000000	0.00000000000000
30.569999694824	0.057564813643694	0.12691113352776	65.000000000000	0.00000000000000
30.579999923706	0.058487799018621	0.12825827300549	65.000000000000	0.00000000000000
30.590000152588	0.059414047747850	0.12960021197796	65.000000000000	0.00000000000000
30.600000381470	0.060343492776155	0.13093692064285	65.000000000000	0.00000000000000
30.610000610352	0.061276126652956	0.13226841390133	65.000000000000	0.00000000000000
30.620000839233	0.062211871147156	0.13359467685223	65.000000000000	0.00000000000000
30.629999160767	0.063150733709335	0.13491570949554	65.000000000000	0.00000000000000
30.639999389648	0.064092718064785	0.13623149693012	65.000000000000	0.00000000000000
30.649999618530	0.065037764608860	0.13754203915596	65.000000000000	0.00000000000000
30.659999847412	0.065985739231110	0.13884733617306	65.000000000000	0.00000000000000
30.670000076294	0.066936768591404	0.14014738798141	65.000000000000	0.00000000000000
30.680000305176	0.067890711128712	0.14144220948219	65.000000000000	0.00000000000000
30.690000534058	0.068847589194775	0.14273174107075	65.000000000000	0.00000000000000
30.700000762939	0.069807343184948	0.14401604235172	65.000000000000	0.00000000000000
30.709999084473	0.070769920945168	0.14529506862164	65.000000000000	0.00000000000000
30.719999313354	0.071735337376595	0.14656884968281	65.000000000000	0.00000000000000
30.729999542236	0.072703540325165	0.14783735573292	65.000000000000	0.00000000000000
30.739999771118	0.073674470186234	0.14910061657429	65.000000000000	0.00000000000000
30.750000000000	0.074648126959801	0.15035858750343	65.000000000000	0.00000000000000
30.760000228882	0.075624443590641	0.15161128342152	65.000000000000	0.00000000000000
30.770000457764	0.076603449881077	0.15285873413086	65.000000000000	0.00000000000000
30.780000686646	0.077585063874722	0.15410090982914	65.000000000000	0.00000000000000
30.790000915527	0.078569270670414	0.15533781051636	65.000000000000	0.00000000000000
30.799999237061	0.079556018114090	0.15656943619251	65.000000000000	0.00000000000000
30.809999465942	0.080545298755169	0.15779578685760	65.000000000000	0.00000000000000
30.819999694824	0.081537075340748	0.15901689231396	65.000000000000	0.00000000000000
30.829999923706	0.082531288266182	0.16023270785809	65.000000000000	0.00000000000000
30.840000152588	0.083527930080891	0.16144326329231	65.000000000000	0.00000000000000
30.850000381470	0.084527000784874	0.16264854371548	65.000000000000	0.00000000000000
30.860000610352	0.085528410971165	0.16384856402874	65.000000000000	0.00000000000000
30.870000839233	0.086532160639763	0.16504330933094	65.000000000000	0.00000000000000
30.879999160767	0.087538212537766	0.16623277962208	65.000000000000	0.00000000000000
30.889999389648	0.088546514511108	0.16741701960564	65.000000000000	0.00000000000000
30.899999618530	0.089557096362114	0.16859595477581	65.000000000000	0.00000000000000
30.909999847412	0.090569846332073	0.16976964473724	65.000000000000	0.00000000000000
30.920000076294	0.091584756970406	0.17093808948994	65.000000000000	0.00000000000000
30.930000305176	0.092601880431175	0.17210127413273	65.000000000000	0.00000000000000
30.940000534058	0.093621082603931	0.17325921356678	65.000000000000	0.00000000000000
30.950000762939	0.094642311334610	0.17441187798977	65.000000000000	0.00000000000000
30.959999084473	0.095665678381920	0.17555929720402	65.000000000000	0.00000000000000
30.969999313354	0.096690997481346	0.17670150101185	65.000000000000	0.00000000000000
30.979999542236	0.097718365490437	0.17783845961094	65.000000000000	0.00000000000000
30.989999771118	0.098747693002224	0.17897017300129	65.000000000000	0.00000000000000
31.000000000000	0.099778950214386	0.18009665608406	65.000000000000	0.00000000000000
31.010000228882	0.10081209242344	0.18121789395809	65.000000000000	0.00000000000000
31.020000457764	0.10184708237648	0.18233393132687	65.000000000000	0.00000000000000
31.030000686646	0.10288396477699	0.18344473838806	65.000000000000	0.00000000000000
31.040000915527	0.10392262041569	0.18455033004284	65.000000000000	0.00000000000000
31.049999237061	0.10496305674314	0.18565070629120	65.000000000000	0.00000000000000
31.059999465942	0.10600527375937	0.18674586713314	65.000000000000	0.00000000000000
31.069999694824	0.10704920440912	0.18783582746983	65.000000000000	0.00000000000000
31.079999923706	0.10809481143951	0.18892061710358	65.000000000000	0.00000000000000
31.090000152588	0.10914208739996	0.19000020623207	65.000000000000	0.00000000000000
31.100000381470	0.11019103974104	0.19107459485531	65.000000000000	0.00000000000000
31.110000610352	0.11124156415462	0.19214381277561	65.000000000000	0.00000000000000
31.120000839233	0.11229366809130	0.19320787489414	65.000000000000	0.00000000000000
31.129999160767	0.11334735155106	0.19426675140858	65.000000000000	0.00000000000000
31.139999389648	0.11440252512693	0.19532045722008	65.000000000000	0.00000000000000
31.149999618530	0.11545927822590	0.19636902213097	65.000000000000	0.00000000000000
31.159999847412	0.11651736497879	0.19741244614124	65.000000000000	0.00000000000000
31.170000076294	0.11757700145245	0.19845071434975	65.000000000000	0.00000000000000
31.180000305176	0.11863799393177	0.19948385655880	65.000000000000	0.00000000000000
31.190000534058	0.11970036476851	0.20051185786724	65.000000000000	0.00000000000000
31.200000762939	0.12076414376497	0.20153476297855	65.000000000000	0.00000000000000
31.209999084473	0.12182918190956	0.20255254209042	65.000000000000	0.00000000000000
31.219999313354	0.12289556115866	0.20356523990631	65.000000000000	0.00000000000000
31.229999542236	0.12396323680878	0.20457279682159	65.000000000000	0.00000000000000
31.239999771118	0.12503211200237	0.20557528734207	65.000000000000	0.00000000000000
31.250000000000	0.12610225379467	0.20657271146774	65.000000000000	0.00000000000000
31.260000228882	0.12717354297638	0.20756502449512	65.000000000000	0.00000000000000
31.270000457764	0.12824599444866	0.20855231583118	65.000000000000	0.00000000000000
31.280000686646	0.12931959331036	0.20953454077244	65.000000000000	0.00000000000000
31.290000915527	0.13039436936378	0.21051168441772	65.000000000000	0.00000000000000
31.299999237061	0.13147021830082	0.21148383617401	65.000000000000	0.00000000000000
31.309999465942	0.13254706561565	0.21245093643665	65.000000000000	0.00000000000000
31.319999694824	0.13362498581409	0.21341300010681	65.000000000000	0.00000000000000
31.329999923706	0.13470391929150	0.21437010169029	65.000000000000	0.00000000000000
31.340000152588	0.13578383624554	0.21532215178013	65.000000000000	0.00000000000000
31.350000381470	0.13686472177505	0.21626923978329	65.000000000000	0.00000000000000
31.360000610352	0.13794653117657	0.21721130609512	65.000000000000	0.00000000000000
31.370000839233	0.13902923464775	0.21814845502377	65.000000000000	0.00000000000000
31.379999160767	0.14011287689209	0.21908059716225	65.000000000000	0.00000000000000
31.389999389648	0.14119735360146	0.22000782191753	65.000000000000	0.00000000000000
31.399999618530	0.14228264987469	0.22093006968498	65.000000000000	0.00000000000000
31.409999847412	0.14336885511875	0.22184738516808	65.000000000000	0.00000000000000
31.420000076294	0.14445574581623	0.22275978326797	65.000000000000	0.00000000000000
31.430000305176	0.14554336667061	0.22366729378700	65.000000000000	0.00000000000000
31.440000534058	0.14663177728653	0.22456990182400	65.000000000000	0.00000000000000
31.450000762939	0.14772094786167	0.22546756267548	65.000000000000	0.00000000000000
31.459999084473	0.14881072938442	0.22636039555073	65.000000000000	0.00000000000000
31.469999313354	0.14990122616291	0.22724835574627	65.000000000000	0.00000000000000
31.479999542236	0.15099240839481	0.22813139855862	65.000000000000	0.00000000000000
31.489999771118	0.15208412706852	0.22900968790054	65.000000000000	0.00000000000000
31.500000000000	0.15317647159100	0.22988310456276	65.000000000000	0.00000000000000
31.510000228882	0.15426941215992	0.23075166344643	65.000000000000	0.00000000000000
31.520000457764	0.15536293387413	0.23161540925503	65.000000000000	0.00000000000000
31.530000686646	0.15645690262318	0.23247441649437	65.000000000000	0.00000000000000
31.540000915527	0.15755139291286	0.23332862555981	65.000000000000	0.00000000000000
31.549999237061	0.15864638984203	0.23417803645134	65.000000000000	0.00000000000000
31.559999465942	0.15974196791649	0.23502260446548	65.000000000000	0.00000000000000
31.569999694824	0.16083787381649	0.23586247861385	65.000000000000	0.00000000000000
31.579999923706	0.16193419694901	0.23669759929180	65.000000000000	0.00000000000000
31.590000152588	0.16303086280823	0.23752810060978	65.000000000000	0.00000000000000
31.600000381470	0.16412797570229	0.23835378885269	65.000000000000	0.00000000000000
31.610000610352	0.16522546112537	0.23917475342751	65.000000000000	0.00000000000000
31.620000839233	0.16632336378098	0.23999094963074	65.000000000000	0.00000000000000
31.629999160767	0.16742147505283	0.24080257117748	65.000000000000	0.00000000000000
31.639999389648	0.16851988434792	0.24160952866077	65.000000000000	0.00000000000000
31.649999618530	0.16961857676506	0.24241185188293	65.000000000000	0.00000000000000
31.659999847412	0.17071756720543	0.24320943653584	65.000000000000	0.00000000000000
31.670000076294	0.17181679606438	0.24400240182877	65.000000000000	0.00000000000000
31.680000305176	0.17291621863842	0.24479079246521	65.000000000000	0.00000000000000
31.690000534058	0.17401570081711	0.24557463824749	65.000000000000	0.00000000000000
31.700000762939	0.17511555552483	0.24635376036167	65.000000000000	0.00000000000000
31.709999084473	0.17621541023254	0.24712842702866	65.000000000000	0.00000000000000
31.719999313354	0.17731562256813	0.24789835512638	65.000000000000	0.00000000000000
31.729999542236	0.17841567099094	0.24866394698620	65.000000000000	0.00000000000000
31.739999771118	0.17951600253582	0.24942483007908	65.000000000000	0.00000000000000
31.750000000000	0.18061628937721	0.25018131732941	65.000000000000	0.00000000000000
31.760000228882	0.18171681463718	0.25093317031860	65.000000000000	0.00000000000000
31.770000457764	0.18281720578671	0.25168061256409	65.000000000000	0.00000000000000
31.780000686646	0.18391770124435	0.25242352485657	65.000000000000	0.00000000000000
31.790000915527	0.18501813709736	0.25316196680069	65.000000000000	0.00000000000000
31.799999237061	0.18611863255501	0.25389593839645	65.000000000000	0.00000000000000
31.809999465942	0.18721908330917	0.25462549924850	65.000000000000	0.00000000000000
31.819999694824	0.18831948935986	0.25535058975220	65.000000000000	0.00000000000000
31.829999923706	0.18941973149776	0.25607129931450	65.000000000000	0.00000000000000
31.840000152588	0.19051995873451	0.25678759813309	65.000000000000	0.00000000000000
31.850000381470	0.19162008166313	0.25749951601028	65.000000000000	0.00000000000000
31.860000610352	0.19272010028362	0.25820699334145	65.000000000000	0.00000000000000
31.870000839233	0.19381996989250	0.25891014933586	65.000000000000	0.00000000000000
31.879999160767	0.19491970539093	0.25960895419121	65.000000000000	0.00000000000000
31.889999389648	0.19601918756962	0.26030343770981	65.000000000000	0.00000000000000
31.899999618530	0.19711856544018	0.26099359989166	65.000000000000	0.00000000000000
31.909999847412	0.19821774959564	0.26167944073677	65.000000000000	0.00000000000000
31.920000076294	0.19931666553020	0.26236096024513	65.000000000000	0.00000000000000
31.930000305176	0.20041535794735	0.26303824782372	65.000000000000	0.00000000000000
31.940000534058	0.20151387155056	0.26371127367020	65.000000000000	0.00000000000000
31.950000762939	0.20261199772358	0.26438000798225	65.000000000000	0.00000000000000
31.959999084473	0.20370994508266	0.26504451036453	65.000000000000	0.00000000000000
31.969999313354	0.20480750501156	0.26570481061935	65.000000000000	0.00000000000000
31.979999542236	0.20590487122536	0.26636090874672	65.000000000000	0.00000000000000
31.989999771118	0.20700176060200	0.26701277494431	65.000000000000	0.00000000000000
32.000000000000	0.20809842646122	0.26766049861908	65.000000000000	0.00000000000000
32.009998321533	0.20919463038445	0.26830404996872	65.000000000000	0.00000000000000
32.020000457764	0.21029053628445	0.26894342899323	65.000000000000	0.00000000000000
32.029998779297	0.21138608455658	0.26957869529724	65.000000000000	0.00000000000000
32.040000915527	0.21248120069504	0.27020981907845	65.000000000000	0.00000000000000
32.049999237061	0.21357588469982	0.27083683013916	65.000000000000	0.00000000000000
32.060001373291	0.21467009186745	0.27145981788635	65.000000000000	0.00000000000000
32.069999694824	0.21576392650604	0.27207863330841	65.000000000000	0.00000000000000
32.080001831055	0.21685726940632	0.27269345521927	65.000000000000	0.00000000000000
32.090000152588	0.21795015037060	0.27330416440964	65.000000000000	0.00000000000000
32.099998474121	0.21904259920120	0.27391085028648	65.000000000000	0.00000000000000
32.110000610352	0.22013448178768	0.27451354265213	65.000000000000	0.00000000000000
32.119998931885	0.22122582793236	0.27511218190193	65.000000000000	0.00000000000000
32.130001068115	0.22231669723988	0.27570685744286	65.000000000000	0.00000000000000
32.139999389648	0.22340707480907	0.27629756927490	65.000000000000	0.00000000000000
32.150001525879	0.22449682652950	0.27688428759575	65.000000000000	0.00000000000000
32.159999847412	0.22558607161045	0.27746707201004	65.000000000000	0.00000000000000
32.169998168945	0.22667466104031	0.27804592251778	65.000000000000	0.00000000000000
32.180000305176	0.22776277363300	0.27862080931664	65.000000000000	0.00000000000000
32.189998626709	0.22885014116764	0.27919185161591	65.000000000000	0.00000000000000
32.200000762939	0.22993703186512	0.27975896000862	65.000000000000	0.00000000000000
32.209999084473	0.23102326691151	0.28032222390175	65.000000000000	0.00000000000000
32.220001220703	0.23210883140564	0.28088155388832	65.000000000000	0.00000000000000
32.229999542236	0.23319379985332	0.28143709897995	65.000000000000	0.00000000000000
32.240001678467	0.23427805304527	0.28198876976967	65.000000000000	0.00000000000000
32.250000000000	0.23536165058613	0.28253662586212	65.000000000000	0.00000000000000
32.259998321533	0.23644457757473	0.28308069705963	65.000000000000	0.00000000000000
32.270000457764	0.23752684891224	0.28362095355988	65.000000000000	0.00000000000000
32.279998779297	0.23860837519169	0.28415745496750	65.000000000000	0.00000000000000
32.290000915527	0.23968915641308	0.28469017148018	65.000000000000	0.00000000000000
32.299999237061	0.24076920747757	0.28521913290024	65.000000000000	0.00000000000000
32.310001373291	0.24184864759445	0.28574436903000	65.000000000000	0.00000000000000
32.319999694824	0.24292720854282	0.28626587986946	65.000000000000	0.00000000000000
32.330001831055	0.24400514364243	0.28678369522095	65.000000000000	0.00000000000000
32.340000152588	0.24508221447468	0.28729781508446	65.000000000000	0.00000000000000
32.349998474121	0.24615852534771	0.28780820965767	65.000000000000	0.00000000000000
32.360000610352	0.24723407626152	0.28831499814987	65.000000000000	0.00000000000000
32.369998931885	0.24830874800682	0.28881809115410	65.000000000000	0.00000000000000
32.380001068115	0.24938270449638	0.28931757807732	65.000000000000	0.00000000000000
32.389999389648	0.25045576691628	0.28981342911720	65.000000000000	0.00000000000000
32.400001525879	0.25152811408043	0.29030570387840	65.000000000000	0.00000000000000
32.409999847412	0.25259950757027	0.29079431295395	65.000000000000	0.00000000000000
32.419998168945	0.25367015600204	0.29127937555313	65.000000000000	0.00000000000000
32.430000305176	0.25473994016647	0.29176086187363	65.000000000000	0.00000000000000
32.439998626709	0.25580877065659	0.29223883152008	65.000000000000	0.00000000000000
32.450000762939	0.25687679648399	0.29271322488785	65.000000000000	0.00000000000000
32.459999084473	0.25794392824173	0.29318410158157	65.000000000000	0.00000000000000
32.470001220703	0.25901016592979	0.29365143179893	65.000000000000	0.00000000000000
32.479999542236	0.26007556915283	0.29411530494690	65.000000000000	0.00000000000000
32.490001678467	0.26114001870155	0.29457566142082	65.000000000000	0.00000000000000
32.500000000000	0.26220354437828	0.29503259062767	65.000000000000	0.00000000000000
32.509998321533	0.26326611638069	0.29548597335815	65.000000000000	0.00000000000000
32.520000457764	0.26432779431343	0.29593598842621	65.000000000000	0.00000000000000
32.529998779297	0.26538851857185	0.29638254642487	65.000000000000	0.00000000000000
32.540000915527	0.26644831895828	0.29682570695877	65.000000000000	0.00000000000000
32.549999237061	0.26750725507736	0.29726544022560	65.000000000000	0.00000000000000
32.560001373291	0.26856505870819	0.29770180583000	65.000000000000	0.00000000000000
32.569999694824	0.26962193846703	0.29813477396965	65.000000000000	0.00000000000000
32.580001831055	0.27067786455154	0.29856437444687	65.000000000000	0.00000000000000
32.590000152588	0.27173286676407	0.29899060726166	65.000000000000	0.00000000000000
32.599998474121	0.27278679609299	0.29941353201866	65.000000000000	0.00000000000000
32.610000610352	0.27383974194527	0.29983311891556	65.000000000000	0.00000000000000
32.619998931885	0.27489173412323	0.30024936795235	65.000000000000	0.00000000000000
32.630001068115	0.27594262361526	0.30066233873367	65.000000000000	0.00000000000000
32.639999389648	0.27699255943298	0.30107206106186	65.000000000000	0.00000000000000
32.650001525879	0.27804145216942	0.30147847533226	65.000000000000	0.00000000000000
32.659999847412	0.27908933162689	0.30188161134720	65.000000000000	0.00000000000000
32.669998168945	0.28013604879379	0.30228149890900	65.000000000000	0.00000000000000
32.680000305176	0.28118181228638	0.30267816781998	65.000000000000	0.00000000000000
32.689998626709	0.28222653269768	0.30307161808014	65.000000000000	0.00000000000000
32.700000762939	0.28327021002769	0.30346187949181	65.000000000000	0.00000000000000
32.709999084473	0.28431269526482	0.30384895205498	65.000000000000	0.00000000000000
32.720001220703	0.28535419702530	0.30423277616501	65.000000000000	0.00000000000000
32.729999542236	0.28639462590218	0.30461344122887	65.000000000000	0.00000000000000
32.740001678467	0.28743401169777	0.30499097704887	65.000000000000	0.00000000000000
32.750000000000	0.28847223520279	0.30536538362503	65.000000000000	0.00000000000000
32.759998321533	0.28950938582420	0.30573660135269	65.000000000000	0.00000000000000
32.770000457764	0.29054537415504	0.30610474944115	65.000000000000	0.00000000000000
32.779998779297	0.29158028960228	0.30646973848343	65.000000000000	0.00000000000000
32.790000915527	0.29261413216591	0.30683165788651	65.000000000000	0.00000000000000
32.799999237061	0.29364675283432	0.30719047784805	65.000000000000	0.00000000000000
32.810001373291	0.29467836022377	0.30754622817039	65.000000000000	0.00000000000000
32.819999694824	0.29570877552032	0.30789893865585	65.000000000000	0.00000000000000
32.830001831055	0.29673802852631	0.30824857950211	65.000000000000	0.00000000000000
32.840000152588	0.29776620864868	0.30859518051147	65.000000000000	0.00000000000000
32.849998474121	0.29879319667816	0.30893877148628	65.000000000000	0.00000000000000
32.860000610352	0.29981899261475	0.30927935242653	65.000000000000	0.00000000000000
32.869998931885	0.30084371566772	0.30961689352989	65.000000000000	0.00000000000000
32.880001068115	0.30186715722084	0.30995148420334	65.000000000000	0.00000000000000
32.889999389648	0.30288952589035	0.31028309464455	65.000000000000	0.00000000000000
32.900001525879	0.30391067266464	0.31061172485352	65.000000000000	0.00000000000000
32.909999847412	0.30493065714836	0.31093737483025	65.000000000000	0.00000000000000
32.919998168945	0.30594938993454	0.31126013398170	65.000000000000	0.00000000000000
32.930000305176	0.30696696043015	0.31157994270325	65.000000000000	0.00000000000000
32.939998626709	0.30798342823982	0.31189683079720	65.000000000000	0.00000000000000
32.950000762939	0.30899858474731	0.31221079826355	65.000000000000	0.00000000000000
32.959999084473	0.31001260876656	0.31252184510231	65.000000000000	0.00000000000000
32.970001220703	0.31102529168129	0.31283006072044	65.000000000000	0.00000000000000
32.979999542236	0.31203687191010	0.31313538551331	65.000000000000	0.00000000000000
32.990001678467	0.31304723024368	0.31343781948090	65.000000000000	0.00000000000000
33.000000000000	0.31405630707741	0.31373742222786	65.000000000000	0.00000000000000
33.009998321533	0.31506425142288	0.31403416395187	65.000000000000	0.00000000000000
33.020000457764	0.31607085466385	0.31432807445526	65.000000000000	0.00000000000000
33.029998779297	0.31707629561424	0.31461921334267	65.000000000000	0.00000000000000
33.040000915527	0.31808042526245	0.31490749120712	65.000000000000	0.00000000000000
33.049999237061	0.31908342242241	0.31519302725792	65.000000000000	0.00000000000000
33.060001373291	0.32008504867554	0.31547570228577	65.000000000000	0.00000000000000
33.069999694824	0.32108545303345	0.31575566530228	65.000000000000	0.00000000000000
33.080001831055	0.32208454608917	0.31603285670280	65.000000000000	0.00000000000000
33.090000152588	0.32308247685432	0.31630724668503	65.000000000000	0.00000000000000
33.099998474121	0.32407906651497	0.31657892465591	65.000000000000	0.00000000000000
33.110000610352	0.32507440447807	0.31684786081314	65.000000000000	0.00000000000000
33.119998931885	0.32606846094131	0.31711411476135	65.000000000000	0.00000000000000
33.130001068115	0.32706126570702	0.31737759709358	65.000000000000	0.00000000000000
33.139999389648	0.32805275917053	0.31763839721680	65.000000000000	0.00000000000000
33.150001525879	0.32904291152954	0.31789651513100	65.000000000000	0.00000000000000
33.159999847412	0.33003181219101	0.31815195083618	65.000000000000	0.00000000000000
33.169998168945	0.33101946115494	0.31840470433235	65.000000000000	0.00000000000000
33.180000305176	0.33200573921204	0.31865480542183	65.000000000000	0.00000000000000
33.189998626709	0.33299067616463	0.31890228390694	65.000000000000	0.00000000000000
33.200000762939	0.33397442102432	0.31914708018303	65.000000000000	0.00000000000000
33.209999084473	0.33495673537254	0.31938928365707	65.000000000000	0.00000000000000
33.220001220703	0.33593785762787	0.31962883472443	65.000000000000	0.00000000000000
33.229999542236	0.33691754937172	0.31986579298973	65.000000000000	0.00000000000000
33.240001678467	0.33789592981339	0.32010015845299	65.000000000000	0.00000000000000
33.250000000000	0.33887302875519	0.32033190131187	65.000000000000	0.00000000000000
33.259998321533	0.33984875679016	0.32056108117104	65.000000000000	0.00000000000000
33.270000457764	0.34082314372063	0.32078775763512	65.000000000000	0.00000000000000
33.279998779297	0.34179621934891	0.32101181149483	65.000000000000	0.00000000000000
33.290000915527	0.34276792407036	0.32123330235481	65.000000000000	0.00000000000000
33.299999237061	0.34373831748962	0.32145228981972	65.000000000000	0.00000000000000
33.310001373291	0.34470734000206	0.32166874408722	65.000000000000	0.00000000000000
33.319999694824	0.34567496180534	0.32188266515732	65.000000000000	0.00000000000000
33.330001831055	0.34664121270180	0.32209408283234	65.000000000000	0.00000000000000
33.340000152588	0.34760618209839	0.32230299711227	65.000000000000	0.00000000000000
33.349998474121	0.34856969118118	0.32250940799713	65.000000000000	0.00000000000000
33.360000610352	0.34953191876411	0.32271334528923	65.000000000000	0.00000000000000
33.369998931885	0.35049271583557	0.32291483879089	65.000000000000	0.00000000000000
33.380001068115	0.35145217180252	0.32311385869980	65.000000000000	0.00000000000000
33.389999389648	0.35241025686264	0.32331040501595	65.000000000000	0.00000000000000
33.400001525879	0.35336685180664	0.32350450754166	65.000000000000	0.00000000000000
33.409999847412	0.35432213544846	0.32369619607925	65.000000000000	0.00000000000000
33.419998168945	0.35527601838112	0.32388547062874	65.000000000000	0.00000000000000
33.430000305176	0.35622850060463	0.32407230138779	65.000000000000	0.00000000000000
33.439998626709	0.35717961192131	0.32425674796104	65.000000000000	0.00000000000000
33.450000762939	0.35812926292419	0.32443881034851	65.000000000000	0.00000000000000
33.459999084473	0.35907754302025	0.32461845874786	65.000000000000	0.00000000000000
33.470001220703	0.36002442240715	0.32479575276375	65.000000000000	0.00000000000000
33.479999542236	0.36096990108490	0.32497066259384	65.000000000000	0.00000000000000
33.490001678467	0.36191385984421	0.32514324784279	65.000000000000	0.00000000000000
33.500000000000	0.36285647749901	0.32531344890594	65.000000000000	0.00000000000000
33.509998321533	0.36379763484001	0.32548132538795	65.000000000000	0.00000000000000
33.520000457764	0.36473742127419	0.32564684748650	65.000000000000	0.00000000000000
33.529998779297	0.36567568778992	0.32581010460854	65.000000000000	0.00000000000000
33.540000915527	0.36661255359650	0.32597103714943	65.000000000000	0.00000000000000
33.549999237061	0.36754801869392	0.32612961530685	65.000000000000	0.00000000000000
33.560001373291	0.36848199367523	0.32628595829010	65.000000000000	0.00000000000000
33.569999694824	0.36941456794739	0.32644000649452	65.000000000000	0.00000000000000
33.580001831055	0.37034565210342	0.32659175992012	65.000000000000	0.00000000000000
33.590000152588	0.37127530574799	0.32674124836922	65.000000000000	0.00000000000000
33.599998474121	0.37220349907875	0.32688853144646	65.000000000000	0.00000000000000
33.610000610352	0.37313020229340	0.32703351974487	65.000000000000	0.00000000000000
33.619998931885	0.37405550479889	0.32717627286911	65.000000000000	0.00000000000000
33.630001068115	0.37497922778130	0.32731685042381	65.000000000000	0.00000000000000
33.639999389648	0.37590155005455	0.32745513319969	65.000000000000	0.00000000000000
33.650001525879	0.37682238221169	0.32759124040604	65.000000000000	0.00000000000000
33.659999847412	0.37774184346199	0.32772517204285	65.000000000000	0.00000000000000
33.669998168945	0.37865969538689	0.32785683870316	65.000000000000	0.00000000000000
33.680000305176	0.37957605719566	0.32798641920090	65.000000000000	0.00000000000000
33.689998626709	0.38049098849297	0.32811376452446	65.000000000000	0.00000000000000
33.700000762939	0.38140437006950	0.32823899388313	65.000000000000	0.00000000000000
33.709999084473	0.38231626152992	0.32836201786995	65.000000000000	0.00000000000000
33.720001220703	0.38322672247887	0.32848295569420	65.000000000000	0.00000000000000
33.729999542236	0.38413563370705	0.32860168814659	65.000000000000	0.00000000000000
33.740001678467	0.38504299521446	0.32871833443642	65.000000000000	0.00000000000000
33.750000000000	0.38594898581505	0.32883286476135	65.000000000000	0.00000000000000
33.759998321533	0.38685339689255	0.32894530892372	65.000000000000	0.00000000000000
33.770000457764	0.38775625824928	0.32905560731888	65.000000000000	0.00000000000000
33.779998779297	0.38865756988525	0.32916384935379	65.000000000000	0.00000000000000
33.790000915527	0.38955736160278	0.32927000522614	65.000000000000	0.00000000000000
33.799999237061	0.39045572280884	0.32937410473824	65.000000000000	0.00000000000000
33.810001373291	0.39135247468948	0.32947611808777	65.000000000000	0.00000000000000
33.819999694824	0.39224770665169	0.32957610487938	65.000000000000	0.00000000000000
33.830001831055	0.39314135909081	0.32967400550842	65.000000000000	0.00000000000000
33.840000152588	0.39403358101845	0.32976987957954	65.000000000000	0.00000000000000
33.849998474121	0.39492416381836	0.32986378669739	65.000000000000	0.00000000000000
33.860000610352	0.39581322669983	0.32995566725731	65.000000000000	0.00000000000000
33.869998931885	0.39670079946518	0.33004555106163	65.000000000000	0.00000000000000
33.880001068115	0.39758673310280	0.33013334870338	65.000000000000	0.00000000000000
33.889999389648	0.39847111701965	0.33021926879883	65.000000000000	0.00000000000000
33.900001525879	0.39935401082039	0.33030316233635	65.000000000000	0.00000000000000
33.909999847412	0.40023520588875	0.33038511872292	65.000000000000	0.00000000000000
33.919998168945	0.40111497044563	0.33046504855156	65.000000000000	0.00000000000000
33.930000305176	0.40199309587479	0.33054310083389	65.000000000000	0.00000000000000
33.939998626709	0.40286970138550	0.33061921596527	65.000000000000	0.00000000000000
33.950000762939	0.40374466776848	0.33069336414337	65.000000000000	0.00000000000000
33.959999084473	0.40461805462837	0.33076554536819	65.000000000000	0.00000000000000
33.970001220703	0.40548992156982	0.33083593845367	65.000000000000	0.00000000000000
33.979999542236	0.40636014938354	0.33090436458588	65.000000000000	0.00000000000000
33.990001678467	0.40722876787186	0.33097094297409	65.000000000000	0.00000000000000
34.000000000000	0.40809589624405	0.33103561401367	65.000000000000	0.00000000000000
34.009998321533	0.40896135568619	0.33109843730927	65.000000000000	0.00000000000000
34.020000457764	0.40982520580292	0.33115932345390	65.000000000000	0.00000000000000
34.029998779297	0.41068744659424	0.33121845126152	65.000000000000	0.00000000000000
34.040000915527	0.41154810786247	0.33127573132515	65.000000000000	0.00000000000000
34.049999237061	0.41240718960762	0.33133110404015	65.000000000000	0.00000000000000
34.060001373291	0.41326463222504	0.33138474822044	65.000000000000	0.00000000000000
34.069999694824	0.41412052512169	0.33143651485443	65.000000000000	0.00000000000000
34.080001831055	0.41497477889061	0.33148658275604	65.000000000000	0.00000000000000
34.090000152588	0.41582727432251	0.33153471350670	65.000000000000	0.00000000000000
34.099998474121	0.41667830944061	0.33158120512962	65.000000000000	0.00000000000000
34.110000610352	0.41752767562866	0.33162584900856	65.000000000000	0.00000000000000
34.119998931885	0.41837537288666	0.33166873455048	65.000000000000	0.00000000000000
34.130001068115	0.41922149062157	0.33170989155769	65.000000000000	0.00000000000000
34.139999389648	0.42006593942642	0.33174929022789	65.000000000000	0.00000000000000
34.150001525879	0.42090874910355	0.33178701996803	65.000000000000	0.00000000000000
34.159999847412	0.42174997925758	0.33182296156883	65.000000000000	0.00000000000000
34.169998168945	0.42258954048157	0.33185720443726	65.000000000000	0.00000000000000
34.180000305176	0.42342743277550	0.33188977837563	65.000000000000	0.00000000000000
34.189998626709	0.42426365613937	0.33192068338394	65.000000000000	0.00000000000000
34.200000762939	0.42509832978249	0.33194988965988	65.000000000000	0.00000000000000
34.209999084473	0.42593124508858	0.33197739720345	65.000000000000	0.00000000000000
34.220001220703	0.42676255106926	0.33200326561928	65.000000000000	0.00000000000000
34.229999542236	0.42759215831757	0.33202767372131	65.000000000000	0.00000000000000
34.240001678467	0.42842018604279	0.33205020427704	65.000000000000	0.00000000000000
34.250000000000	0.42924654483795	0.33207121491432	65.000000000000	0.00000000000000
34.259998321533	0.43007135391235	0.33209046721458	65.000000000000	0.00000000000000
34.270000457764	0.43089419603348	0.33210840821266	65.000000000000	0.00000000000000
34.279998779297	0.43171551823616	0.33212462067604	65.000000000000	0.00000000000000
34.290000915527	0.43253529071808	0.33213913440704	65.000000000000	0.00000000000000
34.299999237061	0.43335333466530	0.33215212821960	65.000000000000	0.00000000000000
34.310001373291	0.43416965007782	0.33216366171837	65.000000000000	0.00000000000000
34.319999694824	0.43498435616493	0.33217346668243	65.000000000000	0.00000000000000
34.330001831055	0.43579742312431	0.33218187093735	65.000000000000	0.00000000000000
34.340000152588	0.43660870194435	0.33218878507614	65.000000000000	0.00000000000000
34.349998474121	0.43741828203201	0.33219426870346	65.000000000000	0.00000000000000
34.360000610352	0.43822628259659	0.33219811320305	65.000000000000	0.00000000000000
34.369998931885	0.43903264403343	0.33220028877258	65.000000000000	0.00000000000000
34.380001068115	0.43983724713326	0.33220130205154	65.000000000000	0.00000000000000
34.389999389648	0.44064018130302	0.33220067620277	65.000000000000	0.00000000000000
34.400001525879	0.44144141674042	0.33219864964485	65.000000000000	0.00000000000000
34.409999847412	0.44224092364311	0.33219525218010	65.000000000000	0.00000000000000
34.419998168945	0.44303885102272	0.33219030499458	65.000000000000	0.00000000000000
34.430000305176	0.44383502006531	0.33218398690224	65.000000000000	0.00000000000000
34.439998626709	0.44462949037552	0.33217626810074	65.000000000000	0.00000000000000
34.450000762939	0.44542238116264	0.33216705918312	65.000000000000	0.00000000000000
34.459999084473	0.44621351361275	0.33215647935867	65.000000000000	0.00000000000000
34.470001220703	0.44700279831886	0.33214479684830	65.000000000000	0.00000000000000
34.479999542236	0.44779062271118	0.33213141560555	65.000000000000	0.00000000000000
34.490001678467	0.44857677817345	0.33211669325829	65.000000000000	0.00000000000000
34.500000000000	0.44936093688011	0.33210092782974	65.000000000000	0.00000000000000
34.509998321533	0.45014375448227	0.33208352327347	65.000000000000	0.00000000000000
34.520000457764	0.45092475414276	0.33206489682198	65.000000000000	0.00000000000000
34.529998779297	0.45170402526855	0.33204498887062	65.000000000000	0.00000000000000
34.540000915527	0.45248156785965	0.33202376961708	65.000000000000	0.00000000000000
34.549999237061	0.45325756072998	0.33200126886368	65.000000000000	0.00000000000000
34.560001373291	0.45403176546097	0.33197757601738	65.000000000000	0.00000000000000
34.569999694824	0.45480430126190	0.33195248246193	65.000000000000	0.00000000000000
34.580001831055	0.45557516813278	0.33192625641823	65.000000000000	0.00000000000000
34.590000152588	0.45634436607361	0.33189877867699	65.000000000000	0.00000000000000
34.599998474121	0.45711183547974	0.33187004923820	65.000000000000	0.00000000000000
34.610000610352	0.45787763595581	0.33184012770653	65.000000000000	0.00000000000000
34.619998931885	0.45864173769951	0.33180898427963	65.000000000000	0.00000000000000
34.630001068115	0.45940417051315	0.33177670836449	65.000000000000	0.00000000000000
34.639999389648	0.46016490459442	0.33174318075180	65.000000000000	0.00000000000000
34.650001525879	0.46092402935028	0.33170855045319	65.000000000000	0.00000000000000
34.659999847412	0.46168136596680	0.33167272806168	65.000000000000	0.00000000000000
34.669998168945	0.46243712306023	0.33163583278656	65.000000000000	0.00000000000000
34.680000305176	0.46319109201431	0.33159774541855	65.000000000000	0.00000000000000
34.689998626709	0.46394348144531	0.33155855536461	65.000000000000	0.00000000000000
34.700000762939	0.46469417214394	0.33151826262474	65.000000000000	0.00000000000000
34.709999084473	0.46544319391251	0.33147695660591	65.000000000000	0.00000000000000
34.720001220703	0.46619060635567	0.33143445849419	65.000000000000	0.00000000000000
34.729999542236	0.46693632006645	0.33139094710350	65.000000000000	0.00000000000000
34.740001678467	0.46768033504486	0.33134639263153	65.000000000000	0.00000000000000
34.750000000000	0.46842262148857	0.33130076527596	65.000000000000	0.00000000000000
34.759998321533	0.46916338801384	0.33125409483910	65.000000000000	0.00000000000000
34.770000457764	0.46990239620209	0.33120644092560	65.000000000000	0.00000000000000
34.779998779297	0.47063982486725	0.33115777373314	65.000000000000	0.00000000000000
34.790000915527	0.47137564420700	0.33110812306404	65.000000000000	0.00000000000000
34.799999237061	0.47210976481438	0.33105748891830	65.000000000000	0.00000000000000
34.810001373291	0.47284224629402	0.33100590109825	65.000000000000	0.00000000000000
34.819999694824	0.47357305884361	0.33095332980156	65.000000000000	0.00000000000000
34.830001831055	0.47430223226547	0.33089977502823	65.000000000000	0.00000000000000
34.840000152588	0.47502985596657	0.33084535598755	65.000000000000	0.00000000000000
34.849998474121	0.47575584053993	0.33079001307487	65.000000000000	0.00000000000000
34.860000610352	0.47648012638092	0.33073368668556	65.000000000000	0.00000000000000
34.869998931885	0.47720289230347	0.33067649602890	65.000000000000	0.00000000000000
34.880001068115	0.47792398929596	0.33061841130257	65.000000000000	0.00000000000000
34.889999389648	0.47864347696304	0.33055946230888	65.000000000000	0.00000000000000
34.900001525879	0.47936138510704	0.33049961924553	65.000000000000	0.00000000000000
34.909999847412	0.48007768392563	0.33043897151947	65.000000000000	0.00000000000000
34.919998168945	0.48079246282578	0.33037745952606	65.000000000000	0.00000000000000
34.930000305176	0.48150557279587	0.33031511306763	65.000000000000	0.00000000000000
34.939998626709	0.48221713304520	0.33025196194649	65.000000000000	0.00000000000000
34.950000762939	0.48292711377144	0.33018797636032	65.000000000000	0.00000000000000
34.959999084473	0.48363554477692	0.33012321591377	65.000000000000	0.00000000000000
34.970001220703	0.48434233665466	0.33005765080452	65.000000000000	0.00000000000000
34.979999542236	0.48504763841629	0.32999131083488	65.000000000000	0.00000000000000
34.990001678467	0.48575136065483	0.32992425560951	65.000000000000	0.00000000000000
35.000000000000	0.48645356297493	0.32985639572144	65.000000000000	0.00000000000000
