#Parameters = {d=0.22424623115578; l2=4.4849246231156; lambda=8.9698492462312; r=0.030219422110553}
#"Frequency / GHz"	"S1,1 (lambda=8.96985) [Re]"	"S1,1 (lambda=8.96985) [Im]"	"Ref.Imp. [Re]"	"Ref.Imp. [Im]"
#-----------------------------------------------------------------------------------------------------------
25.000000000000	0.43583691120148	-0.62884992361069	65.000000000000	0.00000000000000
25.010000228882	0.43446722626686	-0.62876099348068	65.000000000000	0.00000000000000
25.020000457764	0.43309551477432	-0.62866795063019	65.000000000000	0.00000000000000
25.030000686646	0.43172210454941	-0.62857091426849	65.000000000000	0.00000000000000
25.040000915527	0.43034669756889	-0.62846982479095	65.000000000000	0.00000000000000
25.049999237061	0.42896959185600	-0.62836456298828	65.000000000000	0.00000000000000
25.059999465942	0.42759048938751	-0.62825524806976	65.000000000000	0.00000000000000
25.069999694824	0.42620965838432	-0.62814188003540	65.000000000000	0.00000000000000
25.079999923706	0.42482683062553	-0.62802433967590	65.000000000000	0.00000000000000
25.090000152588	0.42344242334366	-0.62790268659592	65.000000000000	0.00000000000000
25.100000381470	0.42205610871315	-0.62777686119080	65.000000000000	0.00000000000000
25.110000610352	0.42066803574562	-0.62764692306519	65.000000000000	0.00000000000000
25.120000839233	0.41927808523178	-0.62751281261444	65.000000000000	0.00000000000000
25.129999160767	0.41788643598557	-0.62737452983856	65.000000000000	0.00000000000000
25.139999389648	0.41649305820465	-0.62723207473755	65.000000000000	0.00000000000000
25.149999618530	0.41509789228439	-0.62708532810211	65.000000000000	0.00000000000000
25.159999847412	0.41370099782944	-0.62693446874619	65.000000000000	0.00000000000000
25.170000076294	0.41230252385139	-0.62677931785583	65.000000000000	0.00000000000000
25.180000305176	0.41090205311775	-0.62661999464035	65.000000000000	0.00000000000000
25.190000534058	0.40950015187263	-0.62645632028580	65.000000000000	0.00000000000000
25.200000762939	0.40809628367424	-0.62628841400146	65.000000000000	0.00000000000000
25.209999084473	0.40669101476669	-0.62611627578735	65.000000000000	0.00000000000000
25.219999313354	0.40528383851051	-0.62593978643417	65.000000000000	0.00000000000000
25.229999542236	0.40387514233589	-0.62575900554657	65.000000000000	0.00000000000000
25.239999771118	0.40246471762657	-0.62557381391525	65.000000000000	0.00000000000000
25.250000000000	0.40105277299881	-0.62538439035416	65.000000000000	0.00000000000000
25.260000228882	0.39963915944099	-0.62519061565399	65.000000000000	0.00000000000000
25.270000457764	0.39822387695313	-0.62499248981476	65.000000000000	0.00000000000000
25.280000686646	0.39680710434914	-0.62478989362717	65.000000000000	0.00000000000000
25.290000915527	0.39538857340813	-0.62458294630051	65.000000000000	0.00000000000000
25.299999237061	0.39396846294403	-0.62437170743942	65.000000000000	0.00000000000000
25.309999465942	0.39254686236382	-0.62415593862534	65.000000000000	0.00000000000000
25.319999694824	0.39112371206284	-0.62393569946289	65.000000000000	0.00000000000000
25.329999923706	0.38969928026199	-0.62371104955673	65.000000000000	0.00000000000000
25.340000152588	0.38827273249626	-0.62348216772079	65.000000000000	0.00000000000000
25.350000381470	0.38684526085854	-0.62324845790863	65.000000000000	0.00000000000000
25.360000610352	0.38541597127914	-0.62301033735275	65.000000000000	0.00000000000000
25.370000839233	0.38398519158363	-0.62276780605316	65.000000000000	0.00000000000000
25.379999160767	0.38255286216736	-0.62252068519592	65.000000000000	0.00000000000000
25.389999389648	0.38111913204193	-0.62226909399033	65.000000000000	0.00000000000000
25.399999618530	0.37968394160271	-0.62201285362244	65.000000000000	0.00000000000000
25.409999847412	0.37824735045433	-0.62175214290619	65.000000000000	0.00000000000000
25.420000076294	0.37680929899216	-0.62148672342300	65.000000000000	0.00000000000000
25.430000305176	0.37536954879761	-0.62121695280075	65.000000000000	0.00000000000000
25.440000534058	0.37392902374268	-0.62094217538834	65.000000000000	0.00000000000000
25.450000762939	0.37248623371124	-0.62066328525543	65.000000000000	0.00000000000000
25.459999084473	0.37104299664497	-0.62037914991379	65.000000000000	0.00000000000000
25.469999313354	0.36959758400917	-0.62009090185165	65.000000000000	0.00000000000000
25.479999542236	0.36815109848976	-0.61979776620865	65.000000000000	0.00000000000000
25.489999771118	0.36670359969139	-0.61949968338013	65.000000000000	0.00000000000000
25.500000000000	0.36525422334671	-0.61919724941254	65.000000000000	0.00000000000000
25.510000228882	0.36380362510681	-0.61889004707336	65.000000000000	0.00000000000000
25.520000457764	0.36235201358795	-0.61857795715332	65.000000000000	0.00000000000000
25.530000686646	0.36089891195297	-0.61826115846634	65.000000000000	0.00000000000000
25.540000915527	0.35944429039955	-0.61793977022171	65.000000000000	0.00000000000000
25.549999237061	0.35798907279968	-0.61761319637299	65.000000000000	0.00000000000000
25.559999465942	0.35653179883957	-0.61728233098984	65.000000000000	0.00000000000000
25.569999694824	0.35507389903069	-0.61694616079330	65.000000000000	0.00000000000000
25.579999923706	0.35361459851265	-0.61660534143448	65.000000000000	0.00000000000000
25.590000152588	0.35215389728546	-0.61625981330872	65.000000000000	0.00000000000000
25.600000381470	0.35069236159325	-0.61590915918350	65.000000000000	0.00000000000000
25.610000610352	0.34922942519188	-0.61555367708206	65.000000000000	0.00000000000000
25.620000839233	0.34776511788368	-0.61519348621368	65.000000000000	0.00000000000000
25.629999160767	0.34629979729652	-0.61482828855515	65.000000000000	0.00000000000000
25.639999389648	0.34483340382576	-0.61445802450180	65.000000000000	0.00000000000000
25.649999618530	0.34336602687836	-0.61408287286758	65.000000000000	0.00000000000000
25.659999847412	0.34189733862877	-0.61370271444321	65.000000000000	0.00000000000000
25.670000076294	0.34042766690254	-0.61331760883331	65.000000000000	0.00000000000000
25.680000305176	0.33895674347878	-0.61292755603790	65.000000000000	0.00000000000000
25.690000534058	0.33748456835747	-0.61253255605698	65.000000000000	0.00000000000000
25.700000762939	0.33601176738739	-0.61213231086731	65.000000000000	0.00000000000000
25.709999084473	0.33453810214996	-0.61172693967819	65.000000000000	0.00000000000000
25.719999313354	0.33306291699409	-0.61131668090820	65.000000000000	0.00000000000000
25.729999542236	0.33158722519875	-0.61090123653412	65.000000000000	0.00000000000000
25.739999771118	0.33011004328728	-0.61048078536987	65.000000000000	0.00000000000000
25.750000000000	0.32863202691078	-0.61005520820618	65.000000000000	0.00000000000000
25.760000228882	0.32715353369713	-0.60962420701981	65.000000000000	0.00000000000000
25.770000457764	0.32567366957664	-0.60918831825256	65.000000000000	0.00000000000000
25.780000686646	0.32419303059578	-0.60874718427658	65.000000000000	0.00000000000000
25.790000915527	0.32271134853363	-0.60830086469650	65.000000000000	0.00000000000000
25.799999237061	0.32122892141342	-0.60784929990768	65.000000000000	0.00000000000000
25.809999465942	0.31974554061890	-0.60739248991013	65.000000000000	0.00000000000000
25.819999694824	0.31826147437096	-0.60693043470383	65.000000000000	0.00000000000000
25.829999923706	0.31677657365799	-0.60646307468414	65.000000000000	0.00000000000000
25.840000152588	0.31529077887535	-0.60599052906036	65.000000000000	0.00000000000000
25.850000381470	0.31380432844162	-0.60551261901855	65.000000000000	0.00000000000000
25.860000610352	0.31231716275215	-0.60502934455872	65.000000000000	0.00000000000000
25.870000839233	0.31082922220230	-0.60454082489014	65.000000000000	0.00000000000000
25.879999160767	0.30934032797813	-0.60404688119888	65.000000000000	0.00000000000000
25.889999389648	0.30785104632378	-0.60354751348495	65.000000000000	0.00000000000000
25.899999618530	0.30636096000671	-0.60304278135300	65.000000000000	0.00000000000000
25.909999847412	0.30487024784088	-0.60253274440765	65.000000000000	0.00000000000000
25.920000076294	0.30337890982628	-0.60201716423035	65.000000000000	0.00000000000000
25.930000305176	0.30188685655594	-0.60149616003036	65.000000000000	0.00000000000000
25.940000534058	0.30039435625076	-0.60096973180771	65.000000000000	0.00000000000000
25.950000762939	0.29890120029449	-0.60043781995773	65.000000000000	0.00000000000000
25.959999084473	0.29740762710571	-0.59990030527115	65.000000000000	0.00000000000000
25.969999313354	0.29591339826584	-0.59935736656189	65.000000000000	0.00000000000000
25.979999542236	0.29441878199577	-0.59880894422531	65.000000000000	0.00000000000000
25.989999771118	0.29292348027229	-0.59825485944748	65.000000000000	0.00000000000000
26.000000000000	0.29142794013023	-0.59769529104233	65.000000000000	0.00000000000000
26.010000228882	0.28993186354637	-0.59713006019592	65.000000000000	0.00000000000000
26.020000457764	0.28843533992767	-0.59655928611755	65.000000000000	0.00000000000000
26.030000686646	0.28693839907646	-0.59598290920258	65.000000000000	0.00000000000000
26.040000915527	0.28544136881828	-0.59540081024170	65.000000000000	0.00000000000000
26.049999237061	0.28394359350204	-0.59481316804886	65.000000000000	0.00000000000000
26.059999465942	0.28244584798813	-0.59421974420547	65.000000000000	0.00000000000000
26.069999694824	0.28094768524170	-0.59362071752548	65.000000000000	0.00000000000000
26.079999923706	0.27944931387901	-0.59301596879959	65.000000000000	0.00000000000000
26.090000152588	0.27795055508614	-0.59240543842316	65.000000000000	0.00000000000000
26.100000381470	0.27645179629326	-0.59178924560547	65.000000000000	0.00000000000000
26.110000610352	0.27495270967484	-0.59116727113724	65.000000000000	0.00000000000000
26.120000839233	0.27345335483551	-0.59053951501846	65.000000000000	0.00000000000000
26.129999160767	0.27195405960083	-0.58990603685379	65.000000000000	0.00000000000000
26.139999389648	0.27045464515686	-0.58926665782928	65.000000000000	0.00000000000000
26.149999618530	0.26895505189896	-0.58862149715424	65.000000000000	0.00000000000000
26.159999847412	0.26745545864105	-0.58797055482864	65.000000000000	0.00000000000000
26.170000076294	0.26595568656921	-0.58731377124786	65.000000000000	0.00000000000000
26.180000305176	0.26445609331131	-0.58665108680725	65.000000000000	0.00000000000000
26.190000534058	0.26295655965805	-0.58598244190216	65.000000000000	0.00000000000000
26.200000762939	0.26145696640015	-0.58530795574188	65.000000000000	0.00000000000000
26.209999084473	0.25995746254921	-0.58462762832642	65.000000000000	0.00000000000000
26.219999313354	0.25845825672150	-0.58394128084183	65.000000000000	0.00000000000000
26.229999542236	0.25695890188217	-0.58324903249741	65.000000000000	0.00000000000000
26.239999771118	0.25545990467072	-0.58255082368851	65.000000000000	0.00000000000000
26.250000000000	0.25396096706390	-0.58184659481049	65.000000000000	0.00000000000000
26.260000228882	0.25246241688728	-0.58113646507263	65.000000000000	0.00000000000000
26.270000457764	0.25096401572227	-0.58042031526566	65.000000000000	0.00000000000000
26.280000686646	0.24946603178978	-0.57969802618027	65.000000000000	0.00000000000000
26.290000915527	0.24796812236309	-0.57896983623505	65.000000000000	0.00000000000000
26.299999237061	0.24647068977356	-0.57823556661606	65.000000000000	0.00000000000000
26.309999465942	0.24497362971306	-0.57749527692795	65.000000000000	0.00000000000000
26.319999694824	0.24347686767578	-0.57674890756607	65.000000000000	0.00000000000000
26.329999923706	0.24198085069656	-0.57599645853043	65.000000000000	0.00000000000000
26.340000152588	0.24048514664173	-0.57523787021637	65.000000000000	0.00000000000000
26.350000381470	0.23898981511593	-0.57447320222855	65.000000000000	0.00000000000000
26.360000610352	0.23749515414238	-0.57370239496231	65.000000000000	0.00000000000000
26.370000839233	0.23600092530251	-0.57292550802231	65.000000000000	0.00000000000000
26.379999160767	0.23450741171837	-0.57214236259460	65.000000000000	0.00000000000000
26.389999389648	0.23301452398300	-0.57135313749313	65.000000000000	0.00000000000000
26.399999618530	0.23152230679989	-0.57055771350861	65.000000000000	0.00000000000000
26.409999847412	0.23003076016903	-0.56975615024567	65.000000000000	0.00000000000000
26.420000076294	0.22853992879391	-0.56894832849503	65.000000000000	0.00000000000000
26.430000305176	0.22704970836639	-0.56813430786133	65.000000000000	0.00000000000000
26.440000534058	0.22556053102016	-0.56731408834457	65.000000000000	0.00000000000000
26.450000762939	0.22407203912735	-0.56648766994476	65.000000000000	0.00000000000000
26.459999084473	0.22258450090885	-0.56565499305725	65.000000000000	0.00000000000000
26.469999313354	0.22109770774841	-0.56481599807739	65.000000000000	0.00000000000000
26.479999542236	0.21961207687855	-0.56397080421448	65.000000000000	0.00000000000000
26.489999771118	0.21812728047371	-0.56311935186386	65.000000000000	0.00000000000000
26.500000000000	0.21664342284203	-0.56226164102554	65.000000000000	0.00000000000000
26.510000228882	0.21516069769859	-0.56139761209488	65.000000000000	0.00000000000000
26.520000457764	0.21367898583412	-0.56052720546722	65.000000000000	0.00000000000000
26.530000686646	0.21219834685326	-0.55965054035187	65.000000000000	0.00000000000000
26.540000915527	0.21071894466877	-0.55876761674881	65.000000000000	0.00000000000000
26.549999237061	0.20924066007137	-0.55787825584412	65.000000000000	0.00000000000000
26.559999465942	0.20776368677616	-0.55698263645172	65.000000000000	0.00000000000000
26.569999694824	0.20628774166107	-0.55608069896698	65.000000000000	0.00000000000000
26.579999923706	0.20481318235397	-0.55517232418060	65.000000000000	0.00000000000000
26.590000152588	0.20333999395370	-0.55425763130188	65.000000000000	0.00000000000000
26.600000381470	0.20186822116375	-0.55333656072617	65.000000000000	0.00000000000000
26.610000610352	0.20039767026901	-0.55240911245346	65.000000000000	0.00000000000000
26.620000839233	0.19892859458923	-0.55147534608841	65.000000000000	0.00000000000000
26.629999160767	0.19746102392673	-0.55053508281708	65.000000000000	0.00000000000000
26.639999389648	0.19599501788616	-0.54958850145340	65.000000000000	0.00000000000000
26.649999618530	0.19453050196171	-0.54863560199738	65.000000000000	0.00000000000000
26.659999847412	0.19306756556034	-0.54767614603043	65.000000000000	0.00000000000000
26.670000076294	0.19160617887974	-0.54671031236649	65.000000000000	0.00000000000000
26.680000305176	0.19014662504196	-0.54573810100555	65.000000000000	0.00000000000000
26.690000534058	0.18868851661682	-0.54475951194763	65.000000000000	0.00000000000000
26.700000762939	0.18723230063915	-0.54377436637878	65.000000000000	0.00000000000000
26.709999084473	0.18577788770199	-0.54278296232224	65.000000000000	0.00000000000000
26.719999313354	0.18432530760765	-0.54178500175476	65.000000000000	0.00000000000000
26.729999542236	0.18287445604801	-0.54078066349030	65.000000000000	0.00000000000000
26.739999771118	0.18142549693584	-0.53976982831955	65.000000000000	0.00000000000000
26.750000000000	0.17997859418392	-0.53875255584717	65.000000000000	0.00000000000000
26.760000228882	0.17853340506554	-0.53772884607315	65.000000000000	0.00000000000000
26.770000457764	0.17709048092365	-0.53669869899750	65.000000000000	0.00000000000000
26.780000686646	0.17564958333969	-0.53566205501556	65.000000000000	0.00000000000000
26.790000915527	0.17421051859856	-0.53461903333664	65.000000000000	0.00000000000000
26.799999237061	0.17277380824089	-0.53356957435608	65.000000000000	0.00000000000000
26.809999465942	0.17133925855160	-0.53251355886459	65.000000000000	0.00000000000000
26.819999694824	0.16990686953068	-0.53145116567612	65.000000000000	0.00000000000000
26.829999923706	0.16847668588161	-0.53038227558136	65.000000000000	0.00000000000000
26.840000152588	0.16704876720905	-0.52930694818497	65.000000000000	0.00000000000000
26.850000381470	0.16562327742577	-0.52822518348694	65.000000000000	0.00000000000000
26.860000610352	0.16420006752014	-0.52713692188263	65.000000000000	0.00000000000000
26.870000839233	0.16277936100960	-0.52604222297668	65.000000000000	0.00000000000000
26.879999160767	0.16136078536510	-0.52494108676910	65.000000000000	0.00000000000000
26.889999389648	0.15994502604008	-0.52383345365524	65.000000000000	0.00000000000000
26.899999618530	0.15853174030781	-0.52271938323975	65.000000000000	0.00000000000000
26.909999847412	0.15712094306946	-0.52159893512726	65.000000000000	0.00000000000000
26.920000076294	0.15571279823780	-0.52047193050385	65.000000000000	0.00000000000000
26.930000305176	0.15430724620819	-0.51933848857880	65.000000000000	0.00000000000000
26.940000534058	0.15290442109108	-0.51819872856140	65.000000000000	0.00000000000000
26.950000762939	0.15150435268879	-0.51705241203308	65.000000000000	0.00000000000000
26.959999084473	0.15010699629784	-0.51589977741241	65.000000000000	0.00000000000000
26.969999313354	0.14871245622635	-0.51474064588547	65.000000000000	0.00000000000000
26.979999542236	0.14732092618942	-0.51357501745224	65.000000000000	0.00000000000000
26.989999771118	0.14593206346035	-0.51240301132202	65.000000000000	0.00000000000000
27.000000000000	0.14454627037048	-0.51122462749481	65.000000000000	0.00000000000000
27.010000228882	0.14316333830357	-0.51003980636597	65.000000000000	0.00000000000000
27.020000457764	0.14178356528282	-0.50884866714478	65.000000000000	0.00000000000000
27.030000686646	0.14040684700012	-0.50765103101730	65.000000000000	0.00000000000000
27.040000915527	0.13903307914734	-0.50644701719284	65.000000000000	0.00000000000000
27.049999237061	0.13766273856163	-0.50523668527603	65.000000000000	0.00000000000000
27.059999465942	0.13629515469074	-0.50401985645294	65.000000000000	0.00000000000000
27.069999694824	0.13493116199970	-0.50279676914215	65.000000000000	0.00000000000000
27.079999923706	0.13357029855251	-0.50156724452972	65.000000000000	0.00000000000000
27.090000152588	0.13221281766891	-0.50033140182495	65.000000000000	0.00000000000000
27.100000381470	0.13085854053497	-0.49908921122551	65.000000000000	0.00000000000000
27.110000610352	0.12950773537159	-0.49784070253372	65.000000000000	0.00000000000000
27.120000839233	0.12816041707993	-0.49658578634262	65.000000000000	0.00000000000000
27.129999160767	0.12681666016579	-0.49532464146614	65.000000000000	0.00000000000000
27.139999389648	0.12547627091408	-0.49405720829964	65.000000000000	0.00000000000000
27.149999618530	0.12413946539164	-0.49278342723846	65.000000000000	0.00000000000000
27.159999847412	0.12280620634556	-0.49150335788727	65.000000000000	0.00000000000000
27.170000076294	0.12147662788630	-0.49021700024605	65.000000000000	0.00000000000000
27.180000305176	0.12015078216791	-0.48892444372177	65.000000000000	0.00000000000000
27.190000534058	0.11882869154215	-0.48762559890747	65.000000000000	0.00000000000000
27.200000762939	0.11751028895378	-0.48632052540779	65.000000000000	0.00000000000000
27.209999084473	0.11619571596384	-0.48500925302505	65.000000000000	0.00000000000000
27.219999313354	0.11488502472639	-0.48369169235229	65.000000000000	0.00000000000000
27.229999542236	0.11357822269201	-0.48236799240112	65.000000000000	0.00000000000000
27.239999771118	0.11227525770664	-0.48103806376457	65.000000000000	0.00000000000000
27.250000000000	0.11097627878189	-0.47970202565193	65.000000000000	0.00000000000000
27.260000228882	0.10968141257763	-0.47835978865623	65.000000000000	0.00000000000000
27.270000457764	0.10839061439037	-0.47701141238213	65.000000000000	0.00000000000000
27.280000686646	0.10710389912128	-0.47565692663193	65.000000000000	0.00000000000000
27.290000915527	0.10582130402327	-0.47429633140564	65.000000000000	0.00000000000000
27.299999237061	0.10454286634922	-0.47292962670326	65.000000000000	0.00000000000000
27.309999465942	0.10326862335205	-0.47155681252480	65.000000000000	0.00000000000000
27.319999694824	0.10199861228466	-0.47017797827721	65.000000000000	0.00000000000000
27.329999923706	0.10073310136795	-0.46879306435585	65.000000000000	0.00000000000000
27.340000152588	0.099471770226955	-0.46740216016769	65.000000000000	0.00000000000000
27.350000381470	0.098214894533157	-0.46600520610809	65.000000000000	0.00000000000000
27.360000610352	0.096962280571461	-0.46460232138634	65.000000000000	0.00000000000000
27.370000839233	0.095714412629604	-0.46319341659546	65.000000000000	0.00000000000000
27.379999160767	0.094470873475075	-0.46177852153778	65.000000000000	0.00000000000000
27.389999389648	0.093231931328773	-0.46035772562027	65.000000000000	0.00000000000000
27.399999618530	0.091997615993023	-0.45893105864525	65.000000000000	0.00000000000000
27.409999847412	0.090767726302147	-0.45749843120575	65.000000000000	0.00000000000000
27.420000076294	0.089542657136917	-0.45605990290642	65.000000000000	0.00000000000000
27.430000305176	0.088322430849075	-0.45461559295654	65.000000000000	0.00000000000000
27.440000534058	0.087106741964817	-0.45316541194916	65.000000000000	0.00000000000000
27.450000762939	0.085895963013172	-0.45170938968658	65.000000000000	0.00000000000000
27.459999084473	0.084689810872078	-0.45024761557579	65.000000000000	0.00000000000000
27.469999313354	0.083488740026951	-0.44878003001213	65.000000000000	0.00000000000000
27.479999542236	0.082292467355728	-0.44730672240257	65.000000000000	0.00000000000000
27.489999771118	0.081101238727570	-0.44582766294479	65.000000000000	0.00000000000000
27.500000000000	0.079914867877960	-0.44434297084808	65.000000000000	0.00000000000000
27.510000228882	0.078733615577221	-0.44285249710083	65.000000000000	0.00000000000000
27.520000457764	0.077557511627674	-0.44135639071465	65.000000000000	0.00000000000000
27.530000686646	0.076386272907257	-0.43985465168953	65.000000000000	0.00000000000000
27.540000915527	0.075220346450806	-0.43834736943245	65.000000000000	0.00000000000000
27.549999237061	0.074059456586838	-0.43683442473412	65.000000000000	0.00000000000000
27.559999465942	0.072903953492641	-0.43531596660614	65.000000000000	0.00000000000000
27.569999694824	0.071753561496735	-0.43379193544388	65.000000000000	0.00000000000000
27.579999923706	0.070608496665955	-0.43226239085197	65.000000000000	0.00000000000000
27.590000152588	0.069468833506107	-0.43072739243507	65.000000000000	0.00000000000000
27.600000381470	0.068334460258484	-0.42918691039085	65.000000000000	0.00000000000000
27.610000610352	0.067205540835857	-0.42764106392860	65.000000000000	0.00000000000000
27.620000839233	0.066081993281841	-0.42608976364136	65.000000000000	0.00000000000000
27.629999160767	0.064963951706886	-0.42453303933144	65.000000000000	0.00000000000000
27.639999389648	0.063851453363895	-0.42297101020813	65.000000000000	0.00000000000000
27.649999618530	0.062744520604610	-0.42140367627144	65.000000000000	0.00000000000000
27.659999847412	0.061643108725548	-0.41983106732368	65.000000000000	0.00000000000000
27.670000076294	0.060547318309546	-0.41825309395790	65.000000000000	0.00000000000000
27.680000305176	0.059457302093506	-0.41666996479034	65.000000000000	0.00000000000000
27.690000534058	0.058372784405947	-0.41508162021637	65.000000000000	0.00000000000000
27.700000762939	0.057294193655252	-0.41348809003830	65.000000000000	0.00000000000000
27.709999084473	0.056221276521683	-0.41188937425613	65.000000000000	0.00000000000000
27.719999313354	0.055154144763947	-0.41028559207916	65.000000000000	0.00000000000000
27.729999542236	0.054092932492495	-0.40867674350739	65.000000000000	0.00000000000000
27.739999771118	0.053037378937006	-0.40706279873848	65.000000000000	0.00000000000000
27.750000000000	0.051987912505865	-0.40544381737709	65.000000000000	0.00000000000000
27.760000228882	0.050944354385138	-0.40381982922554	65.000000000000	0.00000000000000
27.770000457764	0.049906745553017	-0.40219089388847	65.000000000000	0.00000000000000
27.780000686646	0.048875212669373	-0.40055704116821	65.000000000000	0.00000000000000
27.790000915527	0.047849681228399	-0.39891827106476	65.000000000000	0.00000000000000
27.799999237061	0.046830281615257	-0.39727464318275	65.000000000000	0.00000000000000
27.809999465942	0.045816849917173	-0.39562615752220	65.000000000000	0.00000000000000
27.819999694824	0.044809609651566	-0.39397290349007	65.000000000000	0.00000000000000
27.829999923706	0.043808583170176	-0.39231488108635	65.000000000000	0.00000000000000
27.840000152588	0.042813710868359	-0.39065206050873	65.000000000000	0.00000000000000
27.850000381470	0.041825119405985	-0.38898462057114	65.000000000000	0.00000000000000
27.860000610352	0.040842734277248	-0.38731247186661	65.000000000000	0.00000000000000
27.870000839233	0.039866678416729	-0.38563567399979	65.000000000000	0.00000000000000
27.879999160767	0.038896981626749	-0.38395425677299	65.000000000000	0.00000000000000
27.889999389648	0.037933766841888	-0.38226833939552	65.000000000000	0.00000000000000
27.899999618530	0.036976687610149	-0.38057786226273	65.000000000000	0.00000000000000
27.909999847412	0.036026142537594	-0.37888291478157	65.000000000000	0.00000000000000
27.920000076294	0.035082157701254	-0.37718349695206	65.000000000000	0.00000000000000
27.930000305176	0.034144572913647	-0.37547960877419	65.000000000000	0.00000000000000
27.940000534058	0.033213615417480	-0.37377142906189	65.000000000000	0.00000000000000
27.950000762939	0.032288927584887	-0.37205883860588	65.000000000000	0.00000000000000
27.959999084473	0.031371083110571	-0.37034192681313	65.000000000000	0.00000000000000
27.969999313354	0.030459746718407	-0.36862072348595	65.000000000000	0.00000000000000
27.979999542236	0.029554950073361	-0.36689534783363	65.000000000000	0.00000000000000
27.989999771118	0.028656896203756	-0.36516574025154	65.000000000000	0.00000000000000
28.000000000000	0.027765609323978	-0.36343199014664	65.000000000000	0.00000000000000
28.010000228882	0.026880934834480	-0.36169406771660	65.000000000000	0.00000000000000
28.020000457764	0.026002904400229	-0.35995206236839	65.000000000000	0.00000000000000
28.030000686646	0.025131886824965	-0.35820603370667	65.000000000000	0.00000000000000
28.040000915527	0.024267390370369	-0.35645598173141	65.000000000000	0.00000000000000
28.049999237061	0.023409951478243	-0.35470196604729	65.000000000000	0.00000000000000
28.059999465942	0.022559085860848	-0.35294401645660	65.000000000000	0.00000000000000
28.069999694824	0.021715328097343	-0.35118213295937	65.000000000000	0.00000000000000
28.079999923706	0.020878523588181	-0.34941646456718	65.000000000000	0.00000000000000
28.090000152588	0.020048534497619	-0.34764692187309	65.000000000000	0.00000000000000
28.100000381470	0.019225386902690	-0.34587362408638	65.000000000000	0.00000000000000
28.110000610352	0.018409429118037	-0.34409657120705	65.000000000000	0.00000000000000
28.120000839233	0.017600359395146	-0.34231585264206	65.000000000000	0.00000000000000
28.129999160767	0.016798360273242	-0.34053146839142	65.000000000000	0.00000000000000
28.139999389648	0.016003293916583	-0.33874347805977	65.000000000000	0.00000000000000
28.149999618530	0.015215344727039	-0.33695191144943	65.000000000000	0.00000000000000
28.159999847412	0.014434534125030	-0.33515679836273	65.000000000000	0.00000000000000
28.170000076294	0.013660883530974	-0.33335822820663	65.000000000000	0.00000000000000
28.180000305176	0.012894252315164	-0.33155617117882	65.000000000000	0.00000000000000
28.190000534058	0.012134979479015	-0.32975068688393	65.000000000000	0.00000000000000
28.200000762939	0.011382774449885	-0.32794189453125	65.000000000000	0.00000000000000
28.209999084473	0.010637809522450	-0.32612973451614	65.000000000000	0.00000000000000
28.219999313354	0.0098999524489045	-0.32431429624557	65.000000000000	0.00000000000000
28.229999542236	0.0091693811118603	-0.32249560952187	65.000000000000	0.00000000000000
28.239999771118	0.0084462640807033	-0.32067376375198	65.000000000000	0.00000000000000
28.250000000000	0.0077303173020482	-0.31884878873825	65.000000000000	0.00000000000000
28.260000228882	0.0070217112079263	-0.31702062487602	65.000000000000	0.00000000000000
28.270000457764	0.0063201650045812	-0.31518942117691	65.000000000000	0.00000000000000
28.280000686646	0.0056262994185090	-0.31335520744324	65.000000000000	0.00000000000000
28.290000915527	0.0049396827816963	-0.31151795387268	65.000000000000	0.00000000000000
28.299999237061	0.0042604836635292	-0.30967777967453	65.000000000000	0.00000000000000
28.309999465942	0.0035887195263058	-0.30783474445343	65.000000000000	0.00000000000000
28.319999694824	0.0029242618475109	-0.30598884820938	65.000000000000	0.00000000000000
28.329999923706	0.0022674209903926	-0.30414012074471	65.000000000000	0.00000000000000
28.340000152588	0.0016179232625291	-0.30228862166405	65.000000000000	0.00000000000000
28.350000381470	0.00097578822169453	-0.30043444037437	65.000000000000	0.00000000000000
28.360000610352	0.00034132014843635	-0.29857754707336	65.000000000000	0.00000000000000
28.370000839233	-0.00028575028409250	-0.29671803116798	65.000000000000	0.00000000000000
28.379999160767	-0.00090526347048581	-0.29485592246056	65.000000000000	0.00000000000000
28.389999389648	-0.0015172034036368	-0.29299131035805	65.000000000000	0.00000000000000
28.399999618530	-0.0021215542219579	-0.29112413525581	65.000000000000	0.00000000000000
28.409999847412	-0.0027184386271983	-0.28925451636314	65.000000000000	0.00000000000000
28.420000076294	-0.0033075644169003	-0.28738251328468	65.000000000000	0.00000000000000
28.430000305176	-0.0038893274031579	-0.28550812602043	65.000000000000	0.00000000000000
28.440000534058	-0.0044634365476668	-0.28363144397736	65.000000000000	0.00000000000000
28.450000762939	-0.0050297444686294	-0.28175246715546	65.000000000000	0.00000000000000
28.459999084473	-0.0055885049514472	-0.27987125515938	65.000000000000	0.00000000000000
28.469999313354	-0.0061397007666528	-0.27798783779144	65.000000000000	0.00000000000000
28.479999542236	-0.0066831856966019	-0.27610230445862	65.000000000000	0.00000000000000
28.489999771118	-0.0072189443744719	-0.27421468496323	65.000000000000	0.00000000000000
28.500000000000	-0.0077470941469073	-0.27232500910759	65.000000000000	0.00000000000000
28.510000228882	-0.0082674901932478	-0.27043336629868	65.000000000000	0.00000000000000
28.520000457764	-0.0087801199406385	-0.26853972673416	65.000000000000	0.00000000000000
28.530000686646	-0.0092852227389812	-0.26664415001869	65.000000000000	0.00000000000000
28.540000915527	-0.0097824055701494	-0.26474675536156	65.000000000000	0.00000000000000
28.549999237061	-0.010271906852722	-0.26284751296043	65.000000000000	0.00000000000000
28.559999465942	-0.010753714479506	-0.26094651222229	65.000000000000	0.00000000000000
28.569999694824	-0.011227688752115	-0.25904378294945	65.000000000000	0.00000000000000
28.579999923706	-0.011693941429257	-0.25713935494423	65.000000000000	0.00000000000000
28.590000152588	-0.012152458541095	-0.25523331761360	65.000000000000	0.00000000000000
28.600000381470	-0.012603111565113	-0.25332567095757	65.000000000000	0.00000000000000
28.610000610352	-0.013045998290181	-0.25141647458076	65.000000000000	0.00000000000000
28.620000839233	-0.013481112197042	-0.24950581789017	65.000000000000	0.00000000000000
28.629999160767	-0.013908439315856	-0.24759368598461	65.000000000000	0.00000000000000
28.639999389648	-0.014327907003462	-0.24568013846874	65.000000000000	0.00000000000000
28.649999618530	-0.014739565551281	-0.24376523494720	65.000000000000	0.00000000000000
28.659999847412	-0.015143402852118	-0.24184903502464	65.000000000000	0.00000000000000
28.670000076294	-0.015539404936135	-0.23993155360222	65.000000000000	0.00000000000000
28.680000305176	-0.015927560627460	-0.23801286518574	65.000000000000	0.00000000000000
28.690000534058	-0.016307858750224	-0.23609299957752	65.000000000000	0.00000000000000
28.700000762939	-0.016680344939232	-0.23417201638222	65.000000000000	0.00000000000000
28.709999084473	-0.017045004293323	-0.23224996030331	65.000000000000	0.00000000000000
28.719999313354	-0.017401773482561	-0.23032684624195	65.000000000000	0.00000000000000
28.729999542236	-0.017750697210431	-0.22840273380280	65.000000000000	0.00000000000000
28.739999771118	-0.018091816455126	-0.22647771239281	65.000000000000	0.00000000000000
28.750000000000	-0.018425006419420	-0.22455178201199	65.000000000000	0.00000000000000
28.760000228882	-0.018750373274088	-0.22262501716614	65.000000000000	0.00000000000000
28.770000457764	-0.019067794084549	-0.22069743275642	65.000000000000	0.00000000000000
28.780000686646	-0.019377468153834	-0.21876910328865	65.000000000000	0.00000000000000
28.790000915527	-0.019679179415107	-0.21684007346630	65.000000000000	0.00000000000000
28.799999237061	-0.019973013550043	-0.21491035819054	65.000000000000	0.00000000000000
28.809999465942	-0.020259067416191	-0.21298004686832	65.000000000000	0.00000000000000
28.819999694824	-0.020537177100778	-0.21104915440083	65.000000000000	0.00000000000000
28.829999923706	-0.020807478576899	-0.20911775529385	65.000000000000	0.00000000000000
28.840000152588	-0.021069815382361	-0.20718586444855	65.000000000000	0.00000000000000
28.850000381470	-0.021324321627617	-0.20525354146957	65.000000000000	0.00000000000000
28.860000610352	-0.021570987999439	-0.20332083106041	65.000000000000	0.00000000000000
28.870000839233	-0.021809801459312	-0.20138779282570	65.000000000000	0.00000000000000
28.879999160767	-0.022040702402592	-0.19945445656776	65.000000000000	0.00000000000000
28.889999389648	-0.022263774648309	-0.19752088189125	65.000000000000	0.00000000000000
28.899999618530	-0.022478956729174	-0.19558709859848	65.000000000000	0.00000000000000
28.909999847412	-0.022686289623380	-0.19365318119526	65.000000000000	0.00000000000000
28.920000076294	-0.022885754704475	-0.19171911478043	65.000000000000	0.00000000000000
28.930000305176	-0.023077435791492	-0.18978501856327	65.000000000000	0.00000000000000
28.940000534058	-0.023261222988367	-0.18785087764263	65.000000000000	0.00000000000000
28.950000762939	-0.023437200114131	-0.18591679632664	65.000000000000	0.00000000000000
28.959999084473	-0.023605260998011	-0.18398277461529	65.000000000000	0.00000000000000
28.969999313354	-0.023765569552779	-0.18204887211323	65.000000000000	0.00000000000000
28.979999542236	-0.023918025195599	-0.18011514842510	65.000000000000	0.00000000000000
28.989999771118	-0.024062611162663	-0.17818161845207	65.000000000000	0.00000000000000
29.000000000000	-0.024199442937970	-0.17624834179878	65.000000000000	0.00000000000000
29.010000228882	-0.024328464642167	-0.17431537806988	65.000000000000	0.00000000000000
29.020000457764	-0.024449659511447	-0.17238277196884	65.000000000000	0.00000000000000
29.030000686646	-0.024563051760197	-0.17045053839684	65.000000000000	0.00000000000000
29.040000915527	-0.024668708443642	-0.16851875185966	65.000000000000	0.00000000000000
29.049999237061	-0.024766530841589	-0.16658744215965	65.000000000000	0.00000000000000
29.059999465942	-0.024856582283974	-0.16465665400028	65.000000000000	0.00000000000000
29.069999694824	-0.024938881397247	-0.16272644698620	65.000000000000	0.00000000000000
29.079999923706	-0.025013450533152	-0.16079683601856	65.000000000000	0.00000000000000
29.090000152588	-0.025080230087042	-0.15886789560318	65.000000000000	0.00000000000000
29.100000381470	-0.025139318779111	-0.15693967044353	65.000000000000	0.00000000000000
29.110000610352	-0.025190653279424	-0.15501219034195	65.000000000000	0.00000000000000
29.120000839233	-0.025234248489141	-0.15308548510075	65.000000000000	0.00000000000000
29.129999160767	-0.025270160287619	-0.15115964412689	65.000000000000	0.00000000000000
29.139999389648	-0.025298358872533	-0.14923465251923	65.000000000000	0.00000000000000
29.149999618530	-0.025318894535303	-0.14731061458588	65.000000000000	0.00000000000000
29.159999847412	-0.025331739336252	-0.14538753032684	65.000000000000	0.00000000000000
29.170000076294	-0.025336937978864	-0.14346545934677	65.000000000000	0.00000000000000
29.180000305176	-0.025334464386106	-0.14154443144798	65.000000000000	0.00000000000000
29.190000534058	-0.025324346497655	-0.13962452113628	65.000000000000	0.00000000000000
29.200000762939	-0.025306632742286	-0.13770571351051	65.000000000000	0.00000000000000
29.209999084473	-0.025281285867095	-0.13578814268112	65.000000000000	0.00000000000000
29.219999313354	-0.025248335674405	-0.13387177884579	65.000000000000	0.00000000000000
29.229999542236	-0.025207808241248	-0.13195668160915	65.000000000000	0.00000000000000
29.239999771118	-0.025159671902657	-0.13004289567471	65.000000000000	0.00000000000000
29.250000000000	-0.025104010477662	-0.12813046574593	65.000000000000	0.00000000000000
29.260000228882	-0.025040781125426	-0.12621942162514	65.000000000000	0.00000000000000
29.270000457764	-0.024970062077045	-0.12430983036757	65.000000000000	0.00000000000000
29.280000686646	-0.024891775101423	-0.12240170687437	65.000000000000	0.00000000000000
29.290000915527	-0.024806020781398	-0.12049511820078	65.000000000000	0.00000000000000
29.299999237061	-0.024712778627872	-0.11859008669853	65.000000000000	0.00000000000000
29.309999465942	-0.024612076580524	-0.11668666452169	65.000000000000	0.00000000000000
29.319999694824	-0.024503888562322	-0.11478489637375	65.000000000000	0.00000000000000
29.329999923706	-0.024388290941715	-0.11288480460644	65.000000000000	0.00000000000000
29.340000152588	-0.024265244603157	-0.11098643392324	65.000000000000	0.00000000000000
29.350000381470	-0.024134794250131	-0.10908986628056	65.000000000000	0.00000000000000
29.360000610352	-0.023996971547604	-0.10719507932663	65.000000000000	0.00000000000000
29.370000839233	-0.023851780220866	-0.10530214756727	65.000000000000	0.00000000000000
29.379999160767	-0.023699237033725	-0.10341110825539	65.000000000000	0.00000000000000
29.389999389648	-0.023539360612631	-0.10152199864388	65.000000000000	0.00000000000000
29.399999618530	-0.023372180759907	-0.099634863436222	65.000000000000	0.00000000000000
29.409999847412	-0.023197673261166	-0.097749732434750	65.000000000000	0.00000000000000
29.420000076294	-0.023015905171633	-0.095866665244102	65.000000000000	0.00000000000000
29.430000305176	-0.022826859727502	-0.093985676765442	65.000000000000	0.00000000000000
29.440000534058	-0.022630600258708	-0.092106811702251	65.000000000000	0.00000000000000
29.450000762939	-0.022427117452025	-0.090230122208595	65.000000000000	0.00000000000000
29.459999084473	-0.022216450423002	-0.088355645537376	65.000000000000	0.00000000000000
29.469999313354	-0.021998569369316	-0.086483396589756	65.000000000000	0.00000000000000
29.479999542236	-0.021773550659418	-0.084613434970379	65.000000000000	0.00000000000000
29.489999771118	-0.021541383117437	-0.082745805382729	65.000000000000	0.00000000000000
29.500000000000	-0.021302111446857	-0.080880522727966	65.000000000000	0.00000000000000
29.510000228882	-0.021055726334453	-0.079017639160156	65.000000000000	0.00000000000000
29.520000457764	-0.020802279934287	-0.077157184481621	65.000000000000	0.00000000000000
29.530000686646	-0.020541768521070	-0.075299210846424	65.000000000000	0.00000000000000
29.540000915527	-0.020274233072996	-0.073443740606308	65.000000000000	0.00000000000000
29.549999237061	-0.019999675452709	-0.071590818464756	65.000000000000	0.00000000000000
29.559999465942	-0.019718145951629	-0.069740481674671	65.000000000000	0.00000000000000
29.569999694824	-0.019429657608271	-0.067892760038376	65.000000000000	0.00000000000000
29.579999923706	-0.019134197384119	-0.066047683358192	65.000000000000	0.00000000000000
29.590000152588	-0.018831845372915	-0.064205303788185	65.000000000000	0.00000000000000
29.600000381470	-0.018522590398788	-0.062365654855967	65.000000000000	0.00000000000000
29.610000610352	-0.018206473439932	-0.060528766363859	65.000000000000	0.00000000000000
29.620000839233	-0.017883485183120	-0.058694675564766	65.000000000000	0.00000000000000
29.629999160767	-0.017553692683578	-0.056863408535719	65.000000000000	0.00000000000000
29.639999389648	-0.017217084765434	-0.055035017430782	65.000000000000	0.00000000000000
29.649999618530	-0.016873717308044	-0.053209520876408	65.000000000000	0.00000000000000
29.659999847412	-0.016523592174053	-0.051386967301369	65.000000000000	0.00000000000000
29.670000076294	-0.016166741028428	-0.049567382782698	65.000000000000	0.00000000000000
29.680000305176	-0.015803191810846	-0.047750800848007	65.000000000000	0.00000000000000
29.690000534058	-0.015432973392308	-0.045937255024910	65.000000000000	0.00000000000000
29.700000762939	-0.015056098811328	-0.044126782566309	65.000000000000	0.00000000000000
29.709999084473	-0.014672596938908	-0.042319416999817	65.000000000000	0.00000000000000
29.719999313354	-0.014282500371337	-0.040515184402466	65.000000000000	0.00000000000000
29.729999542236	-0.013885832391679	-0.038714125752449	65.000000000000	0.00000000000000
29.739999771118	-0.013482621870935	-0.036916270852089	65.000000000000	0.00000000000000
29.750000000000	-0.013072884641588	-0.035121649503708	65.000000000000	0.00000000000000
29.760000228882	-0.012656657956541	-0.033330295234919	65.000000000000	0.00000000000000
29.770000457764	-0.012233960442245	-0.031542241573334	65.000000000000	0.00000000000000
29.780000686646	-0.011804835870862	-0.029757516458631	65.000000000000	0.00000000000000
29.790000915527	-0.011369290761650	-0.027976149693131	65.000000000000	0.00000000000000
29.799999237061	-0.010927369818091	-0.026198180392385	65.000000000000	0.00000000000000
29.809999465942	-0.010479081422091	-0.024423632770777	65.000000000000	0.00000000000000
29.819999694824	-0.010024475865066	-0.022652540355921	65.000000000000	0.00000000000000
29.829999923706	-0.0095635587349534	-0.020884929224849	65.000000000000	0.00000000000000
29.840000152588	-0.0090963719412684	-0.019120838493109	65.000000000000	0.00000000000000
29.850000381470	-0.0086229462176561	-0.017360286787152	65.000000000000	0.00000000000000
29.860000610352	-0.0081432992592454	-0.015603308565915	65.000000000000	0.00000000000000
29.870000839233	-0.0076574692502618	-0.013849935494363	65.000000000000	0.00000000000000
29.879999160767	-0.0071654836647213	-0.012100190855563	65.000000000000	0.00000000000000
29.889999389648	-0.0066673629917204	-0.010354111902416	65.000000000000	0.00000000000000
29.899999618530	-0.0061631430871785	-0.0086117172613740	65.000000000000	0.00000000000000
29.909999847412	-0.0056528532877564	-0.0068730413913727	65.000000000000	0.00000000000000
29.920000076294	-0.0051365201361477	-0.0051381103694439	65.000000000000	0.00000000000000
29.930000305176	-0.0046141780912876	-0.0034069519024342	65.000000000000	0.00000000000000
29.940000534058	-0.0040858513675630	-0.0016795947449282	65.000000000000	0.00000000000000
29.950000762939	-0.0035515730269253	4.3936746806139e-05	65.000000000000	0.00000000000000
29.959999084473	-0.0030113726388663	0.0017636127304286	65.000000000000	0.00000000000000
29.969999313354	-0.0024652793072164	0.0034794090315700	65.000000000000	0.00000000000000
29.979999542236	-0.0019133245805278	0.0051912972703576	65.000000000000	0.00000000000000
29.989999771118	-0.0013555379118770	0.0068992529995739	65.000000000000	0.00000000000000
30.000000000000	-0.00079195108264685	0.0086032487452030	65.000000000000	0.00000000000000
30.010000228882	-0.00022259340039454	0.010303260758519	65.000000000000	0.00000000000000
30.020000457764	0.00035250515793450	0.011999261565506	65.000000000000	0.00000000000000
30.030000686646	0.00093331007519737	0.013691229745746	65.000000000000	0.00000000000000
30.040000915527	0.0015197952743620	0.015379136428237	65.000000000000	0.00000000000000
30.049999237061	0.0021119252778590	0.017062958329916	65.000000000000	0.00000000000000
30.059999465942	0.0027096669655293	0.018742674961686	65.000000000000	0.00000000000000
30.069999694824	0.0033130012452602	0.020418258383870	65.000000000000	0.00000000000000
30.079999923706	0.0039218794554472	0.022089682519436	65.000000000000	0.00000000000000
30.090000152588	0.0045362850651145	0.023756930604577	65.000000000000	0.00000000000000
30.100000381470	0.0051561766304076	0.025419976562262	65.000000000000	0.00000000000000
30.110000610352	0.0057815280742943	0.027078796178102	65.000000000000	0.00000000000000
30.120000839233	0.0064122905023396	0.028733368963003	65.000000000000	0.00000000000000
30.129999160767	0.0070484578609467	0.030383672565222	65.000000000000	0.00000000000000
30.139999389648	0.0076899938285351	0.032029680907726	65.000000000000	0.00000000000000
30.149999618530	0.0083368476480246	0.033671379089355	65.000000000000	0.00000000000000
30.159999847412	0.0089889997616410	0.035308741033077	65.000000000000	0.00000000000000
30.170000076294	0.0096464222297072	0.036941744387150	65.000000000000	0.00000000000000
30.180000305176	0.010309075005352	0.038570370525122	65.000000000000	0.00000000000000
30.190000534058	0.010976925492287	0.040194600820541	65.000000000000	0.00000000000000
30.200000762939	0.011649937368929	0.041814412921667	65.000000000000	0.00000000000000
30.209999084473	0.012328081764281	0.043429780751467	65.000000000000	0.00000000000000
30.219999313354	0.013011340983212	0.045040696859360	65.000000000000	0.00000000000000
30.229999542236	0.013699663802981	0.046647131443024	65.000000000000	0.00000000000000
30.239999771118	0.014393010176718	0.048249073326588	65.000000000000	0.00000000000000
30.250000000000	0.015091379173100	0.049846488982439	65.000000000000	0.00000000000000
30.260000228882	0.015794701874256	0.051439385861158	65.000000000000	0.00000000000000
30.270000457764	0.016502970829606	0.053027719259262	65.000000000000	0.00000000000000
30.280000686646	0.017216145992279	0.054611478000879	65.000000000000	0.00000000000000
30.290000915527	0.017934177070856	0.056190650910139	65.000000000000	0.00000000000000
30.299999237061	0.018657043576241	0.057765219360590	65.000000000000	0.00000000000000
30.309999465942	0.019384728744626	0.059335161000490	65.000000000000	0.00000000000000
30.319999694824	0.020117174834013	0.060900460928679	65.000000000000	0.00000000000000
30.329999923706	0.020854374393821	0.062461100518703	65.000000000000	0.00000000000000
30.340000152588	0.021596241742373	0.064017072319984	65.000000000000	0.00000000000000
30.350000381470	0.022342806681991	0.065568350255489	65.000000000000	0.00000000000000
30.360000610352	0.023093998432159	0.067114926874638	65.000000000000	0.00000000000000
30.370000839233	0.023849802091718	0.068656772375107	65.000000000000	0.00000000000000
30.379999160767	0.024610154330730	0.070193879306316	65.000000000000	0.00000000000000
30.389999389648	0.025375066325068	0.071726232767105	65.000000000000	0.00000000000000
30.399999618530	0.026144456118345	0.073253825306892	65.000000000000	0.00000000000000
30.409999847412	0.026918327435851	0.074776627123356	65.000000000000	0.00000000000000
30.420000076294	0.027696637436748	0.076294630765915	65.000000000000	0.00000000000000
30.430000305176	0.028479345142841	0.077807843685150	65.000000000000	0.00000000000000
30.440000534058	0.029266411438584	0.079316206276417	65.000000000000	0.00000000000000
30.450000762939	0.030057813972235	0.080819748342037	65.000000000000	0.00000000000000
30.459999084473	0.030853504315019	0.082318425178528	65.000000000000	0.00000000000000
30.469999313354	0.031653482466936	0.083812251687050	65.000000000000	0.00000000000000
30.479999542236	0.032457690685987	0.085301175713539	65.000000000000	0.00000000000000
30.489999771118	0.033266071230173	0.086785234510899	65.000000000000	0.00000000000000
30.500000000000	0.034078642725945	0.088264383375645	65.000000000000	0.00000000000000
30.510000228882	0.034895338118076	0.089738614857197	65.000000000000	0.00000000000000
30.520000457764	0.035716131329536	0.091207928955555	65.000000000000	0.00000000000000
30.530000686646	0.036540981382132	0.092672295868397	65.000000000000	0.00000000000000
30.540000915527	0.037369843572378	0.094131715595722	65.000000000000	0.00000000000000
30.549999237061	0.038202732801437	0.095586188137531	65.000000000000	0.00000000000000
30.559999465942	0.039039541035891	0.097035683691502	65.000000000000	0.00000000000000
30.569999694824	0.039880312979221	0.098480194807053	65.000000000000	0.00000000000000
30.579999923706	0.040724981576204	0.099919714033604	65.000000000000	0.00000000000000
30.590000152588	0.041573490947485	0.10135424137115	65.000000000000	0.00000000000000
30.600000381470	0.042425826191902	0.10278376936913	65.000000000000	0.00000000000000
30.610000610352	0.043281927704811	0.10420826077461	65.000000000000	0.00000000000000
30.620000839233	0.044141851365566	0.10562773048878	65.000000000000	0.00000000000000
30.629999160767	0.045005448162556	0.10704216361046	65.000000000000	0.00000000000000
30.639999389648	0.045872732996941	0.10845155268908	65.000000000000	0.00000000000000
30.649999618530	0.046743709594011	0.10985588282347	65.000000000000	0.00000000000000
30.659999847412	0.047618295997381	0.11125516146421	65.000000000000	0.00000000000000
30.670000076294	0.048496451228857	0.11264935880899	65.000000000000	0.00000000000000
30.680000305176	0.049378186464310	0.11403849720955	65.000000000000	0.00000000000000
30.690000534058	0.050263438373804	0.11542254686356	65.000000000000	0.00000000000000
30.700000762939	0.051152154803276	0.11680150032043	65.000000000000	0.00000000000000
30.709999084473	0.052044391632080	0.11817533522844	65.000000000000	0.00000000000000
30.719999313354	0.052939984947443	0.11954409629107	65.000000000000	0.00000000000000
30.729999542236	0.053839005529881	0.12090773880482	65.000000000000	0.00000000000000
30.739999771118	0.054741367697716	0.12226626276970	65.000000000000	0.00000000000000
30.750000000000	0.055647030472755	0.12361968308687	65.000000000000	0.00000000000000
30.760000228882	0.056556005030870	0.12496794760227	65.000000000000	0.00000000000000
30.770000457764	0.057468254119158	0.12631109356880	65.000000000000	0.00000000000000
30.780000686646	0.058383721858263	0.12764909863472	65.000000000000	0.00000000000000
30.790000915527	0.059302337467670	0.12898196280003	65.000000000000	0.00000000000000
30.799999237061	0.060224156826735	0.13030967116356	65.000000000000	0.00000000000000
30.809999465942	0.061149068176746	0.13163225352764	65.000000000000	0.00000000000000
30.819999694824	0.062077052891254	0.13294965028763	65.000000000000	0.00000000000000
30.829999923706	0.063008137047291	0.13426190614700	65.000000000000	0.00000000000000
30.840000152588	0.063942246139050	0.13556899130344	65.000000000000	0.00000000000000
30.850000381470	0.064879335463047	0.13687092065811	65.000000000000	0.00000000000000
30.860000610352	0.065819397568703	0.13816766440868	65.000000000000	0.00000000000000
30.870000839233	0.066762387752533	0.13945923745632	65.000000000000	0.00000000000000
30.879999160767	0.067708253860474	0.14074565470219	65.000000000000	0.00000000000000
30.889999389648	0.068656995892525	0.14202687144279	65.000000000000	0.00000000000000
30.899999618530	0.069608576595783	0.14330291748047	65.000000000000	0.00000000000000
30.909999847412	0.070562928915024	0.14457377791405	65.000000000000	0.00000000000000
30.920000076294	0.071520075201988	0.14583946764469	65.000000000000	0.00000000000000
30.930000305176	0.072479896247387	0.14709997177124	65.000000000000	0.00000000000000
30.940000534058	0.073442488908768	0.14835527539253	65.000000000000	0.00000000000000
30.950000762939	0.074407719075680	0.14960539340973	65.000000000000	0.00000000000000
30.959999084473	0.075375616550446	0.15085034072399	65.000000000000	0.00000000000000
30.969999313354	0.076346099376678	0.15209008753300	65.000000000000	0.00000000000000
30.979999542236	0.077319145202637	0.15332463383675	65.000000000000	0.00000000000000
30.989999771118	0.078294761478901	0.15455402433872	65.000000000000	0.00000000000000
31.000000000000	0.079272888600826	0.15577819943428	65.000000000000	0.00000000000000
31.010000228882	0.080253481864929	0.15699718892574	65.000000000000	0.00000000000000
31.020000457764	0.081236496567726	0.15821099281311	65.000000000000	0.00000000000000
31.030000686646	0.082221969962120	0.15941961109638	65.000000000000	0.00000000000000
31.040000915527	0.083209849894047	0.16062302887440	65.000000000000	0.00000000000000
31.049999237061	0.084200054407120	0.16182127594948	65.000000000000	0.00000000000000
31.059999465942	0.085192583501339	0.16301433742046	65.000000000000	0.00000000000000
31.069999694824	0.086187429726124	0.16420221328735	65.000000000000	0.00000000000000
31.079999923706	0.087184503674507	0.16538488864899	65.000000000000	0.00000000000000
31.090000152588	0.088183820247650	0.16656239330769	65.000000000000	0.00000000000000
31.100000381470	0.089185371994972	0.16773474216461	65.000000000000	0.00000000000000
31.110000610352	0.090189076960087	0.16890189051628	65.000000000000	0.00000000000000
31.120000839233	0.091194882988930	0.17006388306618	65.000000000000	0.00000000000000
31.129999160767	0.092202886939049	0.17122069001198	65.000000000000	0.00000000000000
31.139999389648	0.093212917447090	0.17237234115601	65.000000000000	0.00000000000000
31.149999618530	0.094225026667118	0.17351882159710	65.000000000000	0.00000000000000
31.159999847412	0.095239162445068	0.17466014623642	65.000000000000	0.00000000000000
31.170000076294	0.096255250275135	0.17579630017281	65.000000000000	0.00000000000000
31.180000305176	0.097273342311382	0.17692728340626	65.000000000000	0.00000000000000
31.190000534058	0.098293341696262	0.17805314064026	65.000000000000	0.00000000000000
31.200000762939	0.099315278232098	0.17917387187481	65.000000000000	0.00000000000000
31.209999084473	0.10033904761076	0.18028943240643	65.000000000000	0.00000000000000
31.219999313354	0.10136470943689	0.18139986693859	65.000000000000	0.00000000000000
31.229999542236	0.10239213705063	0.18250514566898	65.000000000000	0.00000000000000
31.239999771118	0.10342139750719	0.18360532820225	65.000000000000	0.00000000000000
31.250000000000	0.10445242375135	0.18470034003258	65.000000000000	0.00000000000000
31.260000228882	0.10548516362906	0.18579028546810	65.000000000000	0.00000000000000
31.270000457764	0.10651960968971	0.18687507510185	65.000000000000	0.00000000000000
31.280000686646	0.10755573958158	0.18795478343964	65.000000000000	0.00000000000000
31.290000915527	0.10859350860119	0.18902938067913	65.000000000000	0.00000000000000
31.299999237061	0.10963288694620	0.19009886682034	65.000000000000	0.00000000000000
31.309999465942	0.11067388206720	0.19116327166557	65.000000000000	0.00000000000000
31.319999694824	0.11171641200781	0.19222259521484	65.000000000000	0.00000000000000
31.329999923706	0.11276050657034	0.19327682256699	65.000000000000	0.00000000000000
31.340000152588	0.11380610615015	0.19432598352432	65.000000000000	0.00000000000000
31.350000381470	0.11485315114260	0.19537007808685	65.000000000000	0.00000000000000
31.360000610352	0.11590168625116	0.19640913605690	65.000000000000	0.00000000000000
31.370000839233	0.11695165932178	0.19744311273098	65.000000000000	0.00000000000000
31.379999160767	0.11800304800272	0.19847203791142	65.000000000000	0.00000000000000
31.389999389648	0.11905574798584	0.19949594140053	65.000000000000	0.00000000000000
31.399999618530	0.12010981887579	0.20051480829716	65.000000000000	0.00000000000000
31.409999847412	0.12116529792547	0.20152863860130	65.000000000000	0.00000000000000
31.420000076294	0.12222196906805	0.20253747701645	65.000000000000	0.00000000000000
31.430000305176	0.12327992916107	0.20354129374027	65.000000000000	0.00000000000000
31.440000534058	0.12433911859989	0.20454011857510	65.000000000000	0.00000000000000
31.450000762939	0.12539952993393	0.20553393661976	65.000000000000	0.00000000000000
31.459999084473	0.12646113336086	0.20652277767658	65.000000000000	0.00000000000000
31.469999313354	0.12752397358418	0.20750659704208	65.000000000000	0.00000000000000
31.479999542236	0.12858785688877	0.20848549902439	65.000000000000	0.00000000000000
31.489999771118	0.12965293228626	0.20945939421654	65.000000000000	0.00000000000000
31.500000000000	0.13071906566620	0.21042835712433	65.000000000000	0.00000000000000
31.510000228882	0.13178613781929	0.21139244735241	65.000000000000	0.00000000000000
31.520000457764	0.13285443186760	0.21235151588917	65.000000000000	0.00000000000000
31.530000686646	0.13392369449139	0.21330568194389	65.000000000000	0.00000000000000
31.540000915527	0.13499391078949	0.21425493061543	65.000000000000	0.00000000000000
31.549999237061	0.13606512546539	0.21519923210144	65.000000000000	0.00000000000000
31.559999465942	0.13713717460632	0.21613875031471	65.000000000000	0.00000000000000
31.569999694824	0.13821037113667	0.21707321703434	65.000000000000	0.00000000000000
31.579999923706	0.13928429782391	0.21800291538239	65.000000000000	0.00000000000000
31.590000152588	0.14035904407501	0.21892777085304	65.000000000000	0.00000000000000
31.600000381470	0.14143477380276	0.21984764933586	65.000000000000	0.00000000000000
31.610000610352	0.14251124858856	0.22076275944710	65.000000000000	0.00000000000000
31.620000839233	0.14358848333359	0.22167308628559	65.000000000000	0.00000000000000
31.629999160767	0.14466661214828	0.22257846593857	65.000000000000	0.00000000000000
31.639999389648	0.14574541151524	0.22347907721996	65.000000000000	0.00000000000000
31.649999618530	0.14682497084141	0.22437487542629	65.000000000000	0.00000000000000
31.659999847412	0.14790514111519	0.22526592016220	65.000000000000	0.00000000000000
31.670000076294	0.14898613095284	0.22615210711956	65.000000000000	0.00000000000000
31.680000305176	0.15006779134274	0.22703349590302	65.000000000000	0.00000000000000
31.690000534058	0.15114989876747	0.22791028022766	65.000000000000	0.00000000000000
31.700000762939	0.15223294496536	0.22878207266331	65.000000000000	0.00000000000000
31.709999084473	0.15331622958183	0.22964930534363	65.000000000000	0.00000000000000
31.719999313354	0.15440034866333	0.23051168024540	65.000000000000	0.00000000000000
31.729999542236	0.15548492968082	0.23136942088604	65.000000000000	0.00000000000000
31.739999771118	0.15657000243664	0.23222242295742	65.000000000000	0.00000000000000
31.750000000000	0.15765570104122	0.23307068645954	65.000000000000	0.00000000000000
31.760000228882	0.15874175727367	0.23391433060169	65.000000000000	0.00000000000000
31.770000457764	0.15982827544212	0.23475329577923	65.000000000000	0.00000000000000
31.780000686646	0.16091533005238	0.23558753728867	65.000000000000	0.00000000000000
31.790000915527	0.16200269758701	0.23641723394394	65.000000000000	0.00000000000000
31.799999237061	0.16309064626694	0.23724210262299	65.000000000000	0.00000000000000
31.809999465942	0.16417896747589	0.23806239664555	65.000000000000	0.00000000000000
31.819999694824	0.16526752710342	0.23887816071510	65.000000000000	0.00000000000000
31.829999923706	0.16635650396347	0.23968924582005	65.000000000000	0.00000000000000
31.840000152588	0.16744562983513	0.24049580097198	65.000000000000	0.00000000000000
31.850000381470	0.16853521764278	0.24129770696163	65.000000000000	0.00000000000000
31.860000610352	0.16962507367134	0.24209508299828	65.000000000000	0.00000000000000
31.870000839233	0.17071525752544	0.24288788437843	65.000000000000	0.00000000000000
31.879999160767	0.17180563509464	0.24367612600327	65.000000000000	0.00000000000000
31.889999389648	0.17289623618126	0.24445983767509	65.000000000000	0.00000000000000
31.899999618530	0.17398701608181	0.24523904919624	65.000000000000	0.00000000000000
31.909999847412	0.17507804930210	0.24601373076439	65.000000000000	0.00000000000000
31.920000076294	0.17616920173168	0.24678391218185	65.000000000000	0.00000000000000
31.930000305176	0.17726048827171	0.24754959344864	65.000000000000	0.00000000000000
31.940000534058	0.17835198342800	0.24831083416939	65.000000000000	0.00000000000000
31.950000762939	0.17944352328777	0.24906758964062	65.000000000000	0.00000000000000
31.959999084473	0.18053519725800	0.24981990456581	65.000000000000	0.00000000000000
31.969999313354	0.18162697553635	0.25056779384613	65.000000000000	0.00000000000000
31.979999542236	0.18271869421005	0.25131124258041	65.000000000000	0.00000000000000
31.989999771118	0.18381054699421	0.25205031037331	65.000000000000	0.00000000000000
32.000000000000	0.18490244448185	0.25278493762016	65.000000000000	0.00000000000000
32.009998321533	0.18599434196949	0.25351521372795	65.000000000000	0.00000000000000
32.020000457764	0.18708620965481	0.25424113869667	65.000000000000	0.00000000000000
32.029998779297	0.18817800283432	0.25496265292168	65.000000000000	0.00000000000000
32.040000915527	0.18926987051964	0.25567984580994	65.000000000000	0.00000000000000
32.049999237061	0.19036158919334	0.25639271736145	65.000000000000	0.00000000000000
32.060001373291	0.19145327806473	0.25710126757622	65.000000000000	0.00000000000000
32.069999694824	0.19254481792450	0.25780549645424	65.000000000000	0.00000000000000
32.080001831055	0.19363628327847	0.25850543379784	65.000000000000	0.00000000000000
32.090000152588	0.19472762942314	0.25920107960701	65.000000000000	0.00000000000000
32.099998474121	0.19581888616085	0.25989249348640	65.000000000000	0.00000000000000
32.110000610352	0.19690991938114	0.26057964563370	65.000000000000	0.00000000000000
32.119998931885	0.19800074398518	0.26126256585121	65.000000000000	0.00000000000000
32.130001068115	0.19909144937992	0.26194122433662	65.000000000000	0.00000000000000
32.139999389648	0.20018196105957	0.26261568069458	65.000000000000	0.00000000000000
32.150001525879	0.20127218961716	0.26328593492508	65.000000000000	0.00000000000000
32.159999847412	0.20236222445965	0.26395201683044	65.000000000000	0.00000000000000
32.169998168945	0.20345199108124	0.26461392641068	65.000000000000	0.00000000000000
32.180000305176	0.20454147458076	0.26527166366577	65.000000000000	0.00000000000000
32.189998626709	0.20563071966171	0.26592525839806	65.000000000000	0.00000000000000
32.200000762939	0.20671971142292	0.26657468080521	65.000000000000	0.00000000000000
32.209999084473	0.20780825614929	0.26722005009651	65.000000000000	0.00000000000000
32.220001220703	0.20889660716057	0.26786127686501	65.000000000000	0.00000000000000
32.229999542236	0.20998461544514	0.26849839091301	65.000000000000	0.00000000000000
32.240001678467	0.21107219159603	0.26913145184517	65.000000000000	0.00000000000000
32.250000000000	0.21215945482254	0.26976045966148	65.000000000000	0.00000000000000
32.259998321533	0.21324631571770	0.27038535475731	65.000000000000	0.00000000000000
32.270000457764	0.21433284878731	0.27100625634193	65.000000000000	0.00000000000000
32.279998779297	0.21541889011860	0.27162313461304	65.000000000000	0.00000000000000
32.290000915527	0.21650460362434	0.27223598957062	65.000000000000	0.00000000000000
32.299999237061	0.21758979558945	0.27284485101700	65.000000000000	0.00000000000000
32.310001373291	0.21867458522320	0.27344971895218	65.000000000000	0.00000000000000
32.319999694824	0.21975886821747	0.27405059337616	65.000000000000	0.00000000000000
32.330001831055	0.22084271907806	0.27464753389359	65.000000000000	0.00000000000000
32.340000152588	0.22192613780499	0.27524054050446	65.000000000000	0.00000000000000
32.349998474121	0.22300900518894	0.27582961320877	65.000000000000	0.00000000000000
32.360000610352	0.22409130632877	0.27641472220421	65.000000000000	0.00000000000000
32.369998931885	0.22517320513725	0.27699595689774	65.000000000000	0.00000000000000
32.380001068115	0.22625444829464	0.27757328748703	65.000000000000	0.00000000000000
32.389999389648	0.22733521461487	0.27814674377441	65.000000000000	0.00000000000000
32.400001525879	0.22841538488865	0.27871635556221	65.000000000000	0.00000000000000
32.409999847412	0.22949507832527	0.27928209304810	65.000000000000	0.00000000000000
32.419998168945	0.23057405650616	0.27984398603439	65.000000000000	0.00000000000000
32.430000305176	0.23165251314640	0.28040206432343	65.000000000000	0.00000000000000
32.439998626709	0.23273037374020	0.28095629811287	65.000000000000	0.00000000000000
32.450000762939	0.23380757868290	0.28150680661201	65.000000000000	0.00000000000000
32.459999084473	0.23488418757915	0.28205347061157	65.000000000000	0.00000000000000
32.470001220703	0.23596011102200	0.28259637951851	65.000000000000	0.00000000000000
32.479999542236	0.23703546822071	0.28313553333282	65.000000000000	0.00000000000000
32.490001678467	0.23811013996601	0.28367093205452	65.000000000000	0.00000000000000
32.500000000000	0.23918414115906	0.28420260548592	65.000000000000	0.00000000000000
32.509998321533	0.24025736749172	0.28473052382469	65.000000000000	0.00000000000000
32.520000457764	0.24132998287678	0.28525480628014	65.000000000000	0.00000000000000
32.529998779297	0.24240185320377	0.28577533364296	65.000000000000	0.00000000000000
32.540000915527	0.24347306787968	0.28629222512245	65.000000000000	0.00000000000000
32.549999237061	0.24454347789288	0.28680542111397	65.000000000000	0.00000000000000
32.560001373291	0.24561320245266	0.28731498122215	65.000000000000	0.00000000000000
32.569999694824	0.24668218195438	0.28782087564468	65.000000000000	0.00000000000000
32.580001831055	0.24775044620037	0.28832319378853	65.000000000000	0.00000000000000
32.590000152588	0.24881787598133	0.28882184624672	65.000000000000	0.00000000000000
32.599998474121	0.24988454580307	0.28931692242622	65.000000000000	0.00000000000000
32.610000610352	0.25095042586327	0.28980839252472	65.000000000000	0.00000000000000
32.619998931885	0.25201550126076	0.29029631614685	65.000000000000	0.00000000000000
32.630001068115	0.25307983160019	0.29078066349030	65.000000000000	0.00000000000000
32.639999389648	0.25414326786995	0.29126146435738	65.000000000000	0.00000000000000
32.650001525879	0.25520592927933	0.29173871874809	65.000000000000	0.00000000000000
32.659999847412	0.25626772642136	0.29221245646477	65.000000000000	0.00000000000000
32.669998168945	0.25732868909836	0.29268270730972	65.000000000000	0.00000000000000
32.680000305176	0.25838887691498	0.29314944148064	65.000000000000	0.00000000000000
32.689998626709	0.25944817066193	0.29361265897751	65.000000000000	0.00000000000000
32.700000762939	0.26050648093224	0.29407244920731	65.000000000000	0.00000000000000
32.709999084473	0.26156407594681	0.29452878236771	65.000000000000	0.00000000000000
32.720001220703	0.26262065768242	0.29498165845871	65.000000000000	0.00000000000000
32.729999542236	0.26367643475533	0.29543107748032	65.000000000000	0.00000000000000
32.740001678467	0.26473131775856	0.29587709903717	65.000000000000	0.00000000000000
32.750000000000	0.26578521728516	0.29631969332695	65.000000000000	0.00000000000000
32.759998321533	0.26683819293976	0.29675891995430	65.000000000000	0.00000000000000
32.770000457764	0.26789027452469	0.29719474911690	65.000000000000	0.00000000000000
32.779998779297	0.26894137263298	0.29762721061707	65.000000000000	0.00000000000000
32.790000915527	0.26999157667160	0.29805633425713	65.000000000000	0.00000000000000
32.799999237061	0.27104085683823	0.29848206043243	65.000000000000	0.00000000000000
32.810001373291	0.27208915352821	0.29890447854996	65.000000000000	0.00000000000000
32.819999694824	0.27313652634621	0.29932361841202	65.000000000000	0.00000000000000
32.830001831055	0.27418279647827	0.29973939061165	65.000000000000	0.00000000000000
32.840000152588	0.27522817254066	0.30015188455582	65.000000000000	0.00000000000000
32.849998474121	0.27627256512642	0.30056110024452	65.000000000000	0.00000000000000
32.860000610352	0.27731591463089	0.30096703767776	65.000000000000	0.00000000000000
32.869998931885	0.27835825085640	0.30136975646019	65.000000000000	0.00000000000000
32.880001068115	0.27939960360527	0.30176916718483	65.000000000000	0.00000000000000
32.889999389648	0.28043994307518	0.30216535925865	65.000000000000	0.00000000000000
32.900001525879	0.28147929906845	0.30255836248398	65.000000000000	0.00000000000000
32.909999847412	0.28251755237579	0.30294814705849	65.000000000000	0.00000000000000
32.919998168945	0.28355476260185	0.30333465337753	65.000000000000	0.00000000000000
32.930000305176	0.28459089994431	0.30371806025505	65.000000000000	0.00000000000000
32.939998626709	0.28562602400780	0.30409830808640	65.000000000000	0.00000000000000
32.950000762939	0.28666010499001	0.30447533726692	65.000000000000	0.00000000000000
32.959999084473	0.28769305348396	0.30484926700592	65.000000000000	0.00000000000000
32.970001220703	0.28872498869896	0.30522000789642	65.000000000000	0.00000000000000
32.979999542236	0.28975579142570	0.30558764934540	65.000000000000	0.00000000000000
32.990001678467	0.29078552126884	0.30595213174820	65.000000000000	0.00000000000000
33.000000000000	0.29181411862373	0.30631354451180	65.000000000000	0.00000000000000
33.009998321533	0.29284164309502	0.30667188763618	65.000000000000	0.00000000000000
33.020000457764	0.29386803507805	0.30702710151672	65.000000000000	0.00000000000000
33.029998779297	0.29489338397980	0.30737930536270	65.000000000000	0.00000000000000
33.040000915527	0.29591754078865	0.30772840976715	65.000000000000	0.00000000000000
33.049999237061	0.29694056510925	0.30807450413704	65.000000000000	0.00000000000000
33.060001373291	0.29796251654625	0.30841752886772	65.000000000000	0.00000000000000
33.069999694824	0.29898321628571	0.30875757336617	65.000000000000	0.00000000000000
33.080001831055	0.30000287294388	0.30909457802773	65.000000000000	0.00000000000000
33.090000152588	0.30102127790451	0.30942860245705	65.000000000000	0.00000000000000
33.099998474121	0.30203863978386	0.30975964665413	65.000000000000	0.00000000000000
33.110000610352	0.30305474996567	0.31008768081665	65.000000000000	0.00000000000000
33.119998931885	0.30406969785690	0.31041279435158	65.000000000000	0.00000000000000
33.130001068115	0.30508354306221	0.31073489785194	65.000000000000	0.00000000000000
33.139999389648	0.30609610676765	0.31105411052704	65.000000000000	0.00000000000000
33.150001525879	0.30710750818253	0.31137037277222	65.000000000000	0.00000000000000
33.159999847412	0.30811768770218	0.31168371438980	65.000000000000	0.00000000000000
33.169998168945	0.30912673473358	0.31199416518211	65.000000000000	0.00000000000000
33.180000305176	0.31013450026512	0.31230172514915	65.000000000000	0.00000000000000
33.189998626709	0.31114110350609	0.31260639429092	65.000000000000	0.00000000000000
33.200000762939	0.31214648485184	0.31290814280510	65.000000000000	0.00000000000000
33.209999084473	0.31315061450005	0.31320708990097	65.000000000000	0.00000000000000
33.220001220703	0.31415355205536	0.31350320577621	65.000000000000	0.00000000000000
33.229999542236	0.31515514850616	0.31379640102386	65.000000000000	0.00000000000000
33.240001678467	0.31615561246872	0.31408682465553	65.000000000000	0.00000000000000
33.250000000000	0.31715479493141	0.31437438726425	65.000000000000	0.00000000000000
33.259998321533	0.31815272569656	0.31465917825699	65.000000000000	0.00000000000000
33.270000457764	0.31914943456650	0.31494116783142	65.000000000000	0.00000000000000
33.279998779297	0.32014486193657	0.31522035598755	65.000000000000	0.00000000000000
33.290000915527	0.32113897800446	0.31549680233002	65.000000000000	0.00000000000000
33.299999237061	0.32213178277016	0.31577044725418	65.000000000000	0.00000000000000
33.310001373291	0.32312345504761	0.31604138016701	65.000000000000	0.00000000000000
33.319999694824	0.32411369681358	0.31630954146385	65.000000000000	0.00000000000000
33.330001831055	0.32510274648666	0.31657502055168	65.000000000000	0.00000000000000
33.340000152588	0.32609045505524	0.31683772802353	65.000000000000	0.00000000000000
33.349998474121	0.32707688212395	0.31709775328636	65.000000000000	0.00000000000000
33.360000610352	0.32806202769279	0.31735506653786	65.000000000000	0.00000000000000
33.369998931885	0.32904577255249	0.31760969758034	65.000000000000	0.00000000000000
33.380001068115	0.33002829551697	0.31786164641380	65.000000000000	0.00000000000000
33.389999389648	0.33100947737694	0.31811094284058	65.000000000000	0.00000000000000
33.400001525879	0.33198934793472	0.31835758686066	65.000000000000	0.00000000000000
33.409999847412	0.33296784758568	0.31860157847404	65.000000000000	0.00000000000000
33.419998168945	0.33394506573677	0.31884291768074	65.000000000000	0.00000000000000
33.430000305176	0.33492094278336	0.31908169388771	65.000000000000	0.00000000000000
33.439998626709	0.33589544892311	0.31931781768799	65.000000000000	0.00000000000000
33.450000762939	0.33686861395836	0.31955134868622	65.000000000000	0.00000000000000
33.459999084473	0.33784037828445	0.31978228688240	65.000000000000	0.00000000000000
33.470001220703	0.33881080150604	0.32001063227654	65.000000000000	0.00000000000000
33.479999542236	0.33977994322777	0.32023641467094	65.000000000000	0.00000000000000
33.490001678467	0.34074768424034	0.32045963406563	65.000000000000	0.00000000000000
33.500000000000	0.34171399474144	0.32068032026291	65.000000000000	0.00000000000000
33.509998321533	0.34267899394035	0.32089847326279	65.000000000000	0.00000000000000
33.520000457764	0.34364259243011	0.32111406326294	65.000000000000	0.00000000000000
33.529998779297	0.34460482001305	0.32132714986801	65.000000000000	0.00000000000000
33.540000915527	0.34556561708450	0.32153776288033	65.000000000000	0.00000000000000
33.549999237061	0.34652510285378	0.32174587249756	65.000000000000	0.00000000000000
33.560001373291	0.34748306870461	0.32195147871971	65.000000000000	0.00000000000000
33.569999694824	0.34843966364861	0.32215464115143	65.000000000000	0.00000000000000
33.580001831055	0.34939491748810	0.32235532999039	65.000000000000	0.00000000000000
33.590000152588	0.35034874081612	0.32255354523659	65.000000000000	0.00000000000000
33.599998474121	0.35130110383034	0.32274931669235	65.000000000000	0.00000000000000
33.610000610352	0.35225215554237	0.32294270396233	65.000000000000	0.00000000000000
33.619998931885	0.35320162773132	0.32313364744186	65.000000000000	0.00000000000000
33.630001068115	0.35414981842041	0.32332214713097	65.000000000000	0.00000000000000
33.639999389648	0.35509648919106	0.32350826263428	65.000000000000	0.00000000000000
33.650001525879	0.35604175925255	0.32369199395180	65.000000000000	0.00000000000000
33.659999847412	0.35698556900024	0.32387337088585	65.000000000000	0.00000000000000
33.669998168945	0.35792794823647	0.32405230402946	65.000000000000	0.00000000000000
33.680000305176	0.35886886715889	0.32422897219658	65.000000000000	0.00000000000000
33.689998626709	0.35980832576752	0.32440328598022	65.000000000000	0.00000000000000
33.700000762939	0.36074641346931	0.32457518577576	65.000000000000	0.00000000000000
33.709999084473	0.36168292164803	0.32474482059479	65.000000000000	0.00000000000000
33.720001220703	0.36261802911758	0.32491213083267	65.000000000000	0.00000000000000
33.729999542236	0.36355167627335	0.32507708668709	65.000000000000	0.00000000000000
33.740001678467	0.36448371410370	0.32523983716965	65.000000000000	0.00000000000000
33.750000000000	0.36541444063187	0.32540023326874	65.000000000000	0.00000000000000
33.759998321533	0.36634364724159	0.32555839419365	65.000000000000	0.00000000000000
33.770000457764	0.36727139353752	0.32571426033974	65.000000000000	0.00000000000000
33.779998779297	0.36819761991501	0.32586786150932	65.000000000000	0.00000000000000
33.790000915527	0.36912235617638	0.32601928710938	65.000000000000	0.00000000000000
33.799999237061	0.37004554271698	0.32616844773293	65.000000000000	0.00000000000000
33.810001373291	0.37096726894379	0.32631537318230	65.000000000000	0.00000000000000
33.819999694824	0.37188753485680	0.32646012306213	65.000000000000	0.00000000000000
33.830001831055	0.37280631065369	0.32660263776779	65.000000000000	0.00000000000000
33.840000152588	0.37372344732285	0.32674297690392	65.000000000000	0.00000000000000
33.849998474121	0.37463927268982	0.32688114047050	65.000000000000	0.00000000000000
33.860000610352	0.37555342912674	0.32701709866524	65.000000000000	0.00000000000000
33.869998931885	0.37646606564522	0.32715094089508	65.000000000000	0.00000000000000
33.880001068115	0.37737727165222	0.32728263735771	65.000000000000	0.00000000000000
33.889999389648	0.37828689813614	0.32741218805313	65.000000000000	0.00000000000000
33.900001525879	0.37919497489929	0.32753962278366	65.000000000000	0.00000000000000
33.909999847412	0.38010162115097	0.32766491174698	65.000000000000	0.00000000000000
33.919998168945	0.38100656867027	0.32778811454773	65.000000000000	0.00000000000000
33.930000305176	0.38191011548042	0.32790929079056	65.000000000000	0.00000000000000
33.939998626709	0.38281208276749	0.32802829146385	65.000000000000	0.00000000000000
33.950000762939	0.38371247053146	0.32814529538155	65.000000000000	0.00000000000000
33.959999084473	0.38461136817932	0.32826018333435	65.000000000000	0.00000000000000
33.970001220703	0.38550868630409	0.32837301492691	65.000000000000	0.00000000000000
33.979999542236	0.38640445470810	0.32848381996155	65.000000000000	0.00000000000000
33.990001678467	0.38729861378670	0.32859256863594	65.000000000000	0.00000000000000
34.000000000000	0.38819128274918	0.32869935035706	65.000000000000	0.00000000000000
34.009998321533	0.38908237218857	0.32880413532257	65.000000000000	0.00000000000000
34.020000457764	0.38997188210487	0.32890686392784	65.000000000000	0.00000000000000
34.029998779297	0.39085981249809	0.32900768518448	65.000000000000	0.00000000000000
34.040000915527	0.39174619317055	0.32910645008087	65.000000000000	0.00000000000000
34.049999237061	0.39263096451759	0.32920327782631	65.000000000000	0.00000000000000
34.060001373291	0.39351418614388	0.32929816842079	65.000000000000	0.00000000000000
34.069999694824	0.39439582824707	0.32939115166664	65.000000000000	0.00000000000000
34.080001831055	0.39527592062950	0.32948216795921	65.000000000000	0.00000000000000
34.090000152588	0.39615437388420	0.32957124710083	65.000000000000	0.00000000000000
34.099998474121	0.39703133702278	0.32965844869614	65.000000000000	0.00000000000000
34.110000610352	0.39790657162666	0.32974374294281	65.000000000000	0.00000000000000
34.119998931885	0.39878028631210	0.32982712984085	65.000000000000	0.00000000000000
34.130001068115	0.39965245127678	0.32990866899490	65.000000000000	0.00000000000000
34.139999389648	0.40052297711372	0.32998830080032	65.000000000000	0.00000000000000
34.150001525879	0.40139192342758	0.33006611466408	65.000000000000	0.00000000000000
34.159999847412	0.40225926041603	0.33014211058617	65.000000000000	0.00000000000000
34.169998168945	0.40312501788139	0.33021619915962	65.000000000000	0.00000000000000
34.180000305176	0.40398919582367	0.33028855919838	65.000000000000	0.00000000000000
34.189998626709	0.40485170483589	0.33035904169083	65.000000000000	0.00000000000000
34.200000762939	0.40571263432503	0.33042776584625	65.000000000000	0.00000000000000
34.209999084473	0.40657195448875	0.33049464225769	65.000000000000	0.00000000000000
34.220001220703	0.40742966532707	0.33055976033211	65.000000000000	0.00000000000000
34.229999542236	0.40828567743301	0.33062335848808	65.000000000000	0.00000000000000
34.240001678467	0.40914034843445	0.33068472146988	65.000000000000	0.00000000000000
34.250000000000	0.40999305248260	0.33074480295181	65.000000000000	0.00000000000000
34.259998321533	0.41084444522858	0.33080276846886	65.000000000000	0.00000000000000
34.270000457764	0.41169407963753	0.33085924386978	65.000000000000	0.00000000000000
34.279998779297	0.41254207491875	0.33091405034065	65.000000000000	0.00000000000000
34.290000915527	0.41338852047920	0.33096697926521	65.000000000000	0.00000000000000
34.299999237061	0.41423332691193	0.33101823925972	65.000000000000	0.00000000000000
34.310001373291	0.41507655382156	0.33106788992882	65.000000000000	0.00000000000000
34.319999694824	0.41591796278954	0.33111608028412	65.000000000000	0.00000000000000
34.330001831055	0.41675797104836	0.33116224408150	65.000000000000	0.00000000000000
34.340000152588	0.41759607195854	0.33120724558830	65.000000000000	0.00000000000000
34.349998474121	0.41843298077583	0.33124995231628	65.000000000000	0.00000000000000
34.360000610352	0.41926792263985	0.33129155635834	65.000000000000	0.00000000000000
34.369998931885	0.42010140419006	0.33133134245872	65.000000000000	0.00000000000000
34.380001068115	0.42093324661255	0.33136960864067	65.000000000000	0.00000000000000
34.389999389648	0.42176339030266	0.33140629529953	65.000000000000	0.00000000000000
34.400001525879	0.42259189486504	0.33144137263298	65.000000000000	0.00000000000000
34.409999847412	0.42341896891594	0.33147484064102	65.000000000000	0.00000000000000
34.419998168945	0.42424416542053	0.33150690793991	65.000000000000	0.00000000000000
34.430000305176	0.42506790161133	0.33153727650642	65.000000000000	0.00000000000000
34.439998626709	0.42588990926743	0.33156609535217	65.000000000000	0.00000000000000
34.450000762939	0.42671036720276	0.33159348368645	65.000000000000	0.00000000000000
34.459999084473	0.42752894759178	0.33161962032318	65.000000000000	0.00000000000000
34.470001220703	0.42834630608559	0.33164384961128	65.000000000000	0.00000000000000
34.479999542236	0.42916190624237	0.33166661858559	65.000000000000	0.00000000000000
34.490001678467	0.42997574806213	0.33168822526932	65.000000000000	0.00000000000000
34.500000000000	0.43078804016113	0.33170810341835	65.000000000000	0.00000000000000
34.509998321533	0.43159878253937	0.33172661066055	65.000000000000	0.00000000000000
34.520000457764	0.43240773677826	0.33174371719360	65.000000000000	0.00000000000000
34.529998779297	0.43321520090103	0.33175936341286	65.000000000000	0.00000000000000
34.540000915527	0.43402093648911	0.33177357912064	65.000000000000	0.00000000000000
34.549999237061	0.43482521176338	0.33178645372391	65.000000000000	0.00000000000000
34.560001373291	0.43562775850296	0.33179783821106	65.000000000000	0.00000000000000
34.569999694824	0.43642875552177	0.33180788159370	65.000000000000	0.00000000000000
34.580001831055	0.43722805380821	0.33181652426720	65.000000000000	0.00000000000000
34.590000152588	0.43802583217621	0.33182388544083	65.000000000000	0.00000000000000
34.599998474121	0.43882194161415	0.33182987570763	65.000000000000	0.00000000000000
34.610000610352	0.43961644172668	0.33183449506760	65.000000000000	0.00000000000000
34.619998931885	0.44040933251381	0.33183780312538	65.000000000000	0.00000000000000
34.630001068115	0.44120061397552	0.33183977007866	65.000000000000	0.00000000000000
34.639999389648	0.44199034571648	0.33184045553207	65.000000000000	0.00000000000000
34.650001525879	0.44277840852737	0.33183985948563	65.000000000000	0.00000000000000
34.659999847412	0.44356498122215	0.33183792233467	65.000000000000	0.00000000000000
34.669998168945	0.44434982538223	0.33183476328850	65.000000000000	0.00000000000000
34.680000305176	0.44513314962387	0.33183032274246	65.000000000000	0.00000000000000
34.689998626709	0.44591483473778	0.33182466030121	65.000000000000	0.00000000000000
34.700000762939	0.44669499993324	0.33181771636009	65.000000000000	0.00000000000000
34.709999084473	0.44747349619865	0.33180958032608	65.000000000000	0.00000000000000
34.720001220703	0.44825041294098	0.33180016279221	65.000000000000	0.00000000000000
34.729999542236	0.44902580976486	0.33178958296776	65.000000000000	0.00000000000000
34.740001678467	0.44979959726334	0.33177781105042	65.000000000000	0.00000000000000
34.750000000000	0.45057180523872	0.33176484704018	65.000000000000	0.00000000000000
34.759998321533	0.45134237408638	0.33175072073936	65.000000000000	0.00000000000000
34.770000457764	0.45211151242256	0.33173540234566	65.000000000000	0.00000000000000
34.779998779297	0.45287910103798	0.33171895146370	65.000000000000	0.00000000000000
34.790000915527	0.45364502072334	0.33170130848885	65.000000000000	0.00000000000000
34.799999237061	0.45440936088562	0.33168262243271	65.000000000000	0.00000000000000
34.810001373291	0.45517218112946	0.33166274428368	65.000000000000	0.00000000000000
34.819999694824	0.45593345165253	0.33164176344872	65.000000000000	0.00000000000000
34.830001831055	0.45669323205948	0.33161970973015	65.000000000000	0.00000000000000
34.840000152588	0.45745143294334	0.33159643411636	65.000000000000	0.00000000000000
34.849998474121	0.45820808410645	0.33157217502594	65.000000000000	0.00000000000000
34.860000610352	0.45896315574646	0.33154687285423	65.000000000000	0.00000000000000
34.869998931885	0.45971679687500	0.33152046799660	65.000000000000	0.00000000000000
34.880001068115	0.46046891808510	0.33149299025536	65.000000000000	0.00000000000000
34.889999389648	0.46121942996979	0.33146449923515	65.000000000000	0.00000000000000
34.900001525879	0.46196842193604	0.33143499493599	65.000000000000	0.00000000000000
34.909999847412	0.46271601319313	0.33140438795090	65.000000000000	0.00000000000000
34.919998168945	0.46346208453178	0.33137282729149	65.000000000000	0.00000000000000
34.930000305176	0.46420654654503	0.33134025335312	65.000000000000	0.00000000000000
34.939998626709	0.46494963765144	0.33130663633347	65.000000000000	0.00000000000000
34.950000762939	0.46569108963013	0.33127203583717	65.000000000000	0.00000000000000
34.959999084473	0.46643117070198	0.33123651146889	65.000000000000	0.00000000000000
34.970001220703	0.46716976165771	0.33119994401932	65.000000000000	0.00000000000000
34.979999542236	0.46790686249733	0.33116245269775	65.000000000000	0.00000000000000
34.990001678467	0.46864256262779	0.33112403750420	65.000000000000	0.00000000000000
35.000000000000	0.46937671303749	0.33108463883400	65.000000000000	0.00000000000000
