#Parameters = {d=0.25791457286433; l2=5.1582914572865; lambda=10.316582914573; r=0.034756567839196}
#"Frequency / GHz"	"S1,1 (lambda=10.3166) [Re]"	"S1,1 (lambda=10.3166) [Im]"	"Ref.Imp. [Re]"	"Ref.Imp. [Im]"
#-----------------------------------------------------------------------------------------------------------
25.000000000000	-0.017032163217664	-0.23243859410286	65.000000000000	0.00000000000000
25.010000228882	-0.017460258677602	-0.23022919893265	65.000000000000	0.00000000000000
25.020000457764	-0.017877902835608	-0.22801829874516	65.000000000000	0.00000000000000
25.030000686646	-0.018285015597939	-0.22580595314503	65.000000000000	0.00000000000000
25.040000915527	-0.018681628629565	-0.22359222173691	65.000000000000	0.00000000000000
25.049999237061	-0.019067710265517	-0.22137720882893	65.000000000000	0.00000000000000
25.059999465942	-0.019443349912763	-0.21916097402573	65.000000000000	0.00000000000000
25.069999694824	-0.019808415323496	-0.21694360673428	65.000000000000	0.00000000000000
25.079999923706	-0.020163185894489	-0.21472515165806	65.000000000000	0.00000000000000
25.090000152588	-0.020507227629423	-0.21250568330288	65.000000000000	0.00000000000000
25.100000381470	-0.020840721204877	-0.21028535068035	65.000000000000	0.00000000000000
25.110000610352	-0.021163837984204	-0.20806412398815	65.000000000000	0.00000000000000
25.120000839233	-0.021476352587342	-0.20584216713905	65.000000000000	0.00000000000000
25.129999160767	-0.021778436377645	-0.20361946523190	65.000000000000	0.00000000000000
25.139999389648	-0.022069865837693	-0.20139619708061	65.000000000000	0.00000000000000
25.149999618530	-0.022350905463099	-0.19917233288288	65.000000000000	0.00000000000000
25.159999847412	-0.022621516138315	-0.19694799184799	65.000000000000	0.00000000000000
25.170000076294	-0.022881491109729	-0.19472326338291	65.000000000000	0.00000000000000
25.180000305176	-0.023130983114243	-0.19249822199345	65.000000000000	0.00000000000000
25.190000534058	-0.023369960486889	-0.19027291238308	65.000000000000	0.00000000000000
25.200000762939	-0.023598488420248	-0.18804742395878	65.000000000000	0.00000000000000
25.209999084473	-0.023816529661417	-0.18582181632519	65.000000000000	0.00000000000000
25.219999313354	-0.024024141952395	-0.18359619379044	65.000000000000	0.00000000000000
25.229999542236	-0.024221206083894	-0.18137058615685	65.000000000000	0.00000000000000
25.239999771118	-0.024407858029008	-0.17914509773254	65.000000000000	0.00000000000000
25.250000000000	-0.024584066122770	-0.17691980302334	65.000000000000	0.00000000000000
25.260000228882	-0.024749871343374	-0.17469476163387	65.000000000000	0.00000000000000
25.270000457764	-0.024905154481530	-0.17247003316879	65.000000000000	0.00000000000000
25.280000686646	-0.025050045922399	-0.17024570703506	65.000000000000	0.00000000000000
25.290000915527	-0.025184582918882	-0.16802185773849	65.000000000000	0.00000000000000
25.299999237061	-0.025308642536402	-0.16579855978489	65.000000000000	0.00000000000000
25.309999465942	-0.025422422215343	-0.16357585787773	65.000000000000	0.00000000000000
25.319999694824	-0.025525793433189	-0.16135384142399	65.000000000000	0.00000000000000
25.329999923706	-0.025618784129620	-0.15913258492947	65.000000000000	0.00000000000000
25.340000152588	-0.025701502338052	-0.15691214799881	65.000000000000	0.00000000000000
25.350000381470	-0.025773821398616	-0.15469262003899	65.000000000000	0.00000000000000
25.360000610352	-0.025835830718279	-0.15247406065464	65.000000000000	0.00000000000000
25.370000839233	-0.025887550786138	-0.15025651454926	65.000000000000	0.00000000000000
25.379999160767	-0.025929065421224	-0.14804005622864	65.000000000000	0.00000000000000
25.389999389648	-0.025960309430957	-0.14582477509975	65.000000000000	0.00000000000000
25.399999618530	-0.025981292128563	-0.14361076056957	65.000000000000	0.00000000000000
25.409999847412	-0.025992080569267	-0.14139804244041	65.000000000000	0.00000000000000
25.420000076294	-0.025992602109909	-0.13918672502041	65.000000000000	0.00000000000000
25.430000305176	-0.025982985273004	-0.13697682321072	65.000000000000	0.00000000000000
25.440000534058	-0.025963276624680	-0.13476842641830	65.000000000000	0.00000000000000
25.450000762939	-0.025933338329196	-0.13256165385246	65.000000000000	0.00000000000000
25.459999084473	-0.025893321260810	-0.13035650551319	65.000000000000	0.00000000000000
25.469999313354	-0.025843268260360	-0.12815304100513	65.000000000000	0.00000000000000
25.479999542236	-0.025783078745008	-0.12595139443874	65.000000000000	0.00000000000000
25.489999771118	-0.025712892413139	-0.12375158071518	65.000000000000	0.00000000000000
25.500000000000	-0.025632653385401	-0.12155368179083	65.000000000000	0.00000000000000
25.510000228882	-0.025542482733727	-0.11935774236917	65.000000000000	0.00000000000000
25.520000457764	-0.025442253798246	-0.11716385930777	65.000000000000	0.00000000000000
25.530000686646	-0.025332069024444	-0.11497209221125	65.000000000000	0.00000000000000
25.540000915527	-0.025212060660124	-0.11278246343136	65.000000000000	0.00000000000000
25.549999237061	-0.025082135573030	-0.11059509217739	65.000000000000	0.00000000000000
25.559999465942	-0.024942295625806	-0.10841000825167	65.000000000000	0.00000000000000
25.569999694824	-0.024792691692710	-0.10622728615999	65.000000000000	0.00000000000000
25.579999923706	-0.024633241817355	-0.10404697805643	65.000000000000	0.00000000000000
25.590000152588	-0.024464011192322	-0.10186915844679	65.000000000000	0.00000000000000
25.600000381470	-0.024285044521093	-0.099693901836872	65.000000000000	0.00000000000000
25.610000610352	-0.024096360430121	-0.097521230578423	65.000000000000	0.00000000000000
25.620000839233	-0.023897968232632	-0.095351241528988	65.000000000000	0.00000000000000
25.629999160767	-0.023689940571785	-0.093183964490891	65.000000000000	0.00000000000000
25.639999389648	-0.023472279310226	-0.091019488871098	65.000000000000	0.00000000000000
25.649999618530	-0.023245010524988	-0.088857866823673	65.000000000000	0.00000000000000
25.659999847412	-0.023008210584521	-0.086699143052101	65.000000000000	0.00000000000000
25.670000076294	-0.022761842235923	-0.084543392062187	65.000000000000	0.00000000000000
25.680000305176	-0.022506004199386	-0.082390666007996	65.000000000000	0.00000000000000
25.690000534058	-0.022240707650781	-0.080241024494171	65.000000000000	0.00000000000000
25.700000762939	-0.021965965628624	-0.078094519674778	65.000000000000	0.00000000000000
25.709999084473	-0.021681819111109	-0.075951226055622	65.000000000000	0.00000000000000
25.719999313354	-0.021388337016106	-0.073811180889606	65.000000000000	0.00000000000000
25.729999542236	-0.021085521206260	-0.071674451231956	65.000000000000	0.00000000000000
25.739999771118	-0.020773388445377	-0.069541096687317	65.000000000000	0.00000000000000
25.750000000000	-0.020452052354813	-0.067411147058010	65.000000000000	0.00000000000000
25.760000228882	-0.020121444016695	-0.065284699201584	65.000000000000	0.00000000000000
25.770000457764	-0.019781701266766	-0.063161775469780	65.000000000000	0.00000000000000
25.780000686646	-0.019432792440057	-0.061042439192533	65.000000000000	0.00000000000000
25.790000915527	-0.019074786454439	-0.058926749974489	65.000000000000	0.00000000000000
25.799999237061	-0.018707705661654	-0.056814748793840	65.000000000000	0.00000000000000
25.809999465942	-0.018331602215767	-0.054706502705812	65.000000000000	0.00000000000000
25.819999694824	-0.017946485430002	-0.052602060139179	65.000000000000	0.00000000000000
25.829999923706	-0.017552437260747	-0.050501462072134	65.000000000000	0.00000000000000
25.840000152588	-0.017149463295937	-0.048404775559902	65.000000000000	0.00000000000000
25.850000381470	-0.016737613826990	-0.046312049031258	65.000000000000	0.00000000000000
25.860000610352	-0.016316941007972	-0.044223319739103	65.000000000000	0.00000000000000
25.870000839233	-0.015887470915914	-0.042138654738665	65.000000000000	0.00000000000000
25.879999160767	-0.015449245460331	-0.040058095008135	65.000000000000	0.00000000000000
25.889999389648	-0.015002305619419	-0.037981685250998	65.000000000000	0.00000000000000
25.899999618530	-0.014546702615917	-0.035909488797188	65.000000000000	0.00000000000000
25.909999847412	-0.014082467183471	-0.033841539174318	65.000000000000	0.00000000000000
25.920000076294	-0.013609644956887	-0.031777892261744	65.000000000000	0.00000000000000
25.930000305176	-0.013128273189068	-0.029718594625592	65.000000000000	0.00000000000000
25.940000534058	-0.012638396583498	-0.027663690969348	65.000000000000	0.00000000000000
25.950000762939	-0.012140069156885	-0.025613227859139	65.000000000000	0.00000000000000
25.959999084473	-0.011633315123618	-0.023567253723741	65.000000000000	0.00000000000000
25.969999313354	-0.011118195950985	-0.021525811403990	65.000000000000	0.00000000000000
25.979999542236	-0.010594739578664	-0.019488947466016	65.000000000000	0.00000000000000
25.989999771118	-0.010062986984849	-0.017456708475947	65.000000000000	0.00000000000000
26.000000000000	-0.0095230052247643	-0.015429135411978	65.000000000000	0.00000000000000
26.010000228882	-0.0089748185127974	-0.013406272977591	65.000000000000	0.00000000000000
26.020000457764	-0.0084184799343348	-0.011388162150979	65.000000000000	0.00000000000000
26.030000686646	-0.0078540313988924	-0.0093748457729816	65.000000000000	0.00000000000000
26.040000915527	-0.0072815157473087	-0.0073663708753884	65.000000000000	0.00000000000000
26.049999237061	-0.0067009851336479	-0.0053627742454410	65.000000000000	0.00000000000000
26.059999465942	-0.0061124768108130	-0.0033640994224697	65.000000000000	0.00000000000000
26.069999694824	-0.0055160410702229	-0.0013703858712688	65.000000000000	0.00000000000000
26.079999923706	-0.0049117221496999	0.00061832554638386	65.000000000000	0.00000000000000
26.090000152588	-0.0042995675466955	0.0026019949000329	65.000000000000	0.00000000000000
26.100000381470	-0.0036796203348786	0.0045805838890374	65.000000000000	0.00000000000000
26.110000610352	-0.0030519312713295	0.0065540526993573	65.000000000000	0.00000000000000
26.120000839233	-0.0024165455251932	0.0085223643109202	65.000000000000	0.00000000000000
26.129999160767	-0.0017735088476911	0.010485479608178	65.000000000000	0.00000000000000
26.139999389648	-0.0011228640796617	0.012443361803889	65.000000000000	0.00000000000000
26.149999618530	-0.00046466125058942	0.014395974576473	65.000000000000	0.00000000000000
26.159999847412	0.00020103556744289	0.016343278810382	65.000000000000	0.00000000000000
26.170000076294	0.00087420718045905	0.018285242840648	65.000000000000	0.00000000000000
26.180000305176	0.0015547981020063	0.020221829414368	65.000000000000	0.00000000000000
26.190000534058	0.0022427446674556	0.022153003141284	65.000000000000	0.00000000000000
26.200000762939	0.0029380121268332	0.024078730493784	65.000000000000	0.00000000000000
26.209999084473	0.0036405518185347	0.025998972356319	65.000000000000	0.00000000000000
26.219999313354	0.0043503036722541	0.027913706377149	65.000000000000	0.00000000000000
26.229999542236	0.0050672516226768	0.029822885990143	65.000000000000	0.00000000000000
26.239999771118	0.0057913088239729	0.031726490706205	65.000000000000	0.00000000000000
26.250000000000	0.0065224459394813	0.033624485135078	65.000000000000	0.00000000000000
26.260000228882	0.0072606075555086	0.035516832023859	65.000000000000	0.00000000000000
26.270000457764	0.0080057568848133	0.037403501570225	65.000000000000	0.00000000000000
26.280000686646	0.0087578268721700	0.039284475147724	65.000000000000	0.00000000000000
26.290000915527	0.0095167867839336	0.041159708052874	65.000000000000	0.00000000000000
26.299999237061	0.010282586328685	0.043029170483351	65.000000000000	0.00000000000000
26.309999465942	0.011055159382522	0.044892847537994	65.000000000000	0.00000000000000
26.319999694824	0.011834442615509	0.046750701963902	65.000000000000	0.00000000000000
26.329999923706	0.012620466761291	0.048602692782879	65.000000000000	0.00000000000000
26.340000152588	0.013413098640740	0.050448808819056	65.000000000000	0.00000000000000
26.350000381470	0.014212287031114	0.052289031445980	65.000000000000	0.00000000000000
26.360000610352	0.015018036589026	0.054123315960169	65.000000000000	0.00000000000000
26.370000839233	0.015830278396606	0.055951628834009	65.000000000000	0.00000000000000
26.379999160767	0.016648957505822	0.057773958891630	65.000000000000	0.00000000000000
26.389999389648	0.017474021762609	0.059590287506580	65.000000000000	0.00000000000000
26.399999618530	0.018305426463485	0.061400569975376	65.000000000000	0.00000000000000
26.409999847412	0.019143119454384	0.063204802572727	65.000000000000	0.00000000000000
26.420000076294	0.019987052306533	0.065002948045731	65.000000000000	0.00000000000000
26.430000305176	0.020837156102061	0.066794984042645	65.000000000000	0.00000000000000
26.440000534058	0.021693408489227	0.068580888211727	65.000000000000	0.00000000000000
26.450000762939	0.022555764764547	0.070360630750656	65.000000000000	0.00000000000000
26.459999084473	0.023424154147506	0.072134204208851	65.000000000000	0.00000000000000
26.469999313354	0.024298505857587	0.073901571333408	65.000000000000	0.00000000000000
26.479999542236	0.025178825482726	0.075662739574909	65.000000000000	0.00000000000000
26.489999771118	0.026065023615956	0.077417641878128	65.000000000000	0.00000000000000
26.500000000000	0.026957055553794	0.079166300594807	65.000000000000	0.00000000000000
26.510000228882	0.027854878455400	0.080908663570881	65.000000000000	0.00000000000000
26.520000457764	0.028758466243744	0.082644738256931	65.000000000000	0.00000000000000
26.530000686646	0.029667710885406	0.084374487400055	65.000000000000	0.00000000000000
26.540000915527	0.030582610517740	0.086097911000252	65.000000000000	0.00000000000000
26.549999237061	0.031503092497587	0.087814964354038	65.000000000000	0.00000000000000
26.559999465942	0.032429099082947	0.089525640010834	65.000000000000	0.00000000000000
26.569999694824	0.033360626548529	0.091229930520058	65.000000000000	0.00000000000000
26.579999923706	0.034297566860914	0.092927813529968	65.000000000000	0.00000000000000
26.590000152588	0.035239923745394	0.094619274139404	65.000000000000	0.00000000000000
26.600000381470	0.036187600344419	0.096304289996624	65.000000000000	0.00000000000000
26.610000610352	0.037140574306250	0.097982853651047	65.000000000000	0.00000000000000
26.620000839233	0.038098771125078	0.099654935300350	65.000000000000	0.00000000000000
26.629999160767	0.039062190800905	0.10132053494453	65.000000000000	0.00000000000000
26.639999389648	0.040030725300312	0.10297963768244	65.000000000000	0.00000000000000
26.649999618530	0.041004348546267	0.10463221371174	65.000000000000	0.00000000000000
26.659999847412	0.041983023285866	0.10627826303244	65.000000000000	0.00000000000000
26.670000076294	0.042966701090336	0.10791777074337	65.000000000000	0.00000000000000
26.680000305176	0.043955300003290	0.10955072194338	65.000000000000	0.00000000000000
26.690000534058	0.044948797672987	0.11117710918188	65.000000000000	0.00000000000000
26.700000762939	0.045947160571814	0.11279692500830	65.000000000000	0.00000000000000
26.709999084473	0.046950303018093	0.11441013962030	65.000000000000	0.00000000000000
26.719999313354	0.047958176583052	0.11601676046848	65.000000000000	0.00000000000000
26.729999542236	0.048970773816109	0.11761675775051	65.000000000000	0.00000000000000
26.739999771118	0.049988023936749	0.11921012401581	65.000000000000	0.00000000000000
26.750000000000	0.051009818911552	0.12079688161612	65.000000000000	0.00000000000000
26.760000228882	0.052036225795746	0.12237698584795	65.000000000000	0.00000000000000
26.770000457764	0.053067103028297	0.12395042926073	65.000000000000	0.00000000000000
26.780000686646	0.054102446883917	0.12551721930504	65.000000000000	0.00000000000000
26.790000915527	0.055142179131508	0.12707734107971	65.000000000000	0.00000000000000
26.799999237061	0.056186318397522	0.12863077223301	65.000000000000	0.00000000000000
26.809999465942	0.057234697043896	0.13017754256725	65.000000000000	0.00000000000000
26.819999694824	0.058287363499403	0.13171760737896	65.000000000000	0.00000000000000
26.829999923706	0.059344235807657	0.13325096666813	65.000000000000	0.00000000000000
26.840000152588	0.060405302792788	0.13477763533592	65.000000000000	0.00000000000000
26.850000381470	0.061470445245504	0.13629758358002	65.000000000000	0.00000000000000
26.860000610352	0.062539666891098	0.13781082630157	65.000000000000	0.00000000000000
26.870000839233	0.063612930476665	0.13931731879711	65.000000000000	0.00000000000000
26.879999160767	0.064690127968788	0.14081710577011	65.000000000000	0.00000000000000
26.889999389648	0.065771304070950	0.14231014251709	65.000000000000	0.00000000000000
26.899999618530	0.066856294870377	0.14379647374153	65.000000000000	0.00000000000000
26.909999847412	0.067945174872875	0.14527603983879	65.000000000000	0.00000000000000
26.920000076294	0.069037817418575	0.14674885571003	65.000000000000	0.00000000000000
26.930000305176	0.070134170353413	0.14821493625641	65.000000000000	0.00000000000000
26.940000534058	0.071234256029129	0.14967426657677	65.000000000000	0.00000000000000
26.950000762939	0.072337932884693	0.15112683176994	65.000000000000	0.00000000000000
26.959999084473	0.073445253074169	0.15257264673710	65.000000000000	0.00000000000000
26.969999313354	0.074556142091751	0.15401169657707	65.000000000000	0.00000000000000
26.979999542236	0.075670458376408	0.15544399619102	65.000000000000	0.00000000000000
26.989999771118	0.076788313686848	0.15686953067780	65.000000000000	0.00000000000000
27.000000000000	0.077909544110298	0.15828831493855	65.000000000000	0.00000000000000
27.010000228882	0.079034142196178	0.15970031917095	65.000000000000	0.00000000000000
27.020000457764	0.080162078142166	0.16110558807850	65.000000000000	0.00000000000000
27.030000686646	0.081293284893036	0.16250406205654	65.000000000000	0.00000000000000
27.040000915527	0.082427702844143	0.16389578580856	65.000000000000	0.00000000000000
27.049999237061	0.083565361797810	0.16528074443340	65.000000000000	0.00000000000000
27.059999465942	0.084706142544746	0.16665895283222	65.000000000000	0.00000000000000
27.069999694824	0.085850007832050	0.16803041100502	65.000000000000	0.00000000000000
27.079999923706	0.086996898055077	0.16939510405064	65.000000000000	0.00000000000000
27.090000152588	0.088146850466728	0.17075303196907	65.000000000000	0.00000000000000
27.100000381470	0.089299686253071	0.17210419476032	65.000000000000	0.00000000000000
27.110000610352	0.090455532073975	0.17344862222672	65.000000000000	0.00000000000000
27.120000839233	0.091614179313183	0.17478629946709	65.000000000000	0.00000000000000
27.129999160767	0.092775709927082	0.17611722648144	65.000000000000	0.00000000000000
27.139999389648	0.093940027058125	0.17744141817093	65.000000000000	0.00000000000000
27.149999618530	0.095107100903988	0.17875887453556	65.000000000000	0.00000000000000
27.159999847412	0.096276834607124	0.18006959557533	65.000000000000	0.00000000000000
27.170000076294	0.097449250519276	0.18137359619141	65.000000000000	0.00000000000000
27.180000305176	0.098624274134636	0.18267084658146	65.000000000000	0.00000000000000
27.190000534058	0.099801853299141	0.18396139144897	65.000000000000	0.00000000000000
27.200000762939	0.10098203271627	0.18524521589279	65.000000000000	0.00000000000000
27.209999084473	0.10216464847326	0.18652231991291	65.000000000000	0.00000000000000
27.219999313354	0.10334972292185	0.18779273331165	65.000000000000	0.00000000000000
27.229999542236	0.10453721135855	0.18905644118786	65.000000000000	0.00000000000000
27.239999771118	0.10572705417871	0.19031345844269	65.000000000000	0.00000000000000
27.250000000000	0.10691924393177	0.19156378507614	65.000000000000	0.00000000000000
27.260000228882	0.10811362415552	0.19280745089054	65.000000000000	0.00000000000000
27.270000457764	0.10931032150984	0.19404442608356	65.000000000000	0.00000000000000
27.280000686646	0.11050920933485	0.19527475535870	65.000000000000	0.00000000000000
27.290000915527	0.11171030253172	0.19649840891361	65.000000000000	0.00000000000000
27.299999237061	0.11291346698999	0.19771540164948	65.000000000000	0.00000000000000
27.309999465942	0.11411868035793	0.19892576336861	65.000000000000	0.00000000000000
27.319999694824	0.11532596498728	0.20012950897217	65.000000000000	0.00000000000000
27.329999923706	0.11653520166874	0.20132660865784	65.000000000000	0.00000000000000
27.340000152588	0.11774648725986	0.20251709222794	65.000000000000	0.00000000000000
27.350000381470	0.11895962804556	0.20370097458363	65.000000000000	0.00000000000000
27.360000610352	0.12017466872931	0.20487822592258	65.000000000000	0.00000000000000
27.370000839233	0.12139154970646	0.20604893565178	65.000000000000	0.00000000000000
27.379999160767	0.12261024117470	0.20721302926540	65.000000000000	0.00000000000000
27.389999389648	0.12383062392473	0.20837056636810	65.000000000000	0.00000000000000
27.399999618530	0.12505282461643	0.20952153205872	65.000000000000	0.00000000000000
27.409999847412	0.12627667188644	0.21066597104073	65.000000000000	0.00000000000000
27.420000076294	0.12750217318535	0.21180385351181	65.000000000000	0.00000000000000
27.430000305176	0.12872928380966	0.21293519437313	65.000000000000	0.00000000000000
27.440000534058	0.12995800375938	0.21406003832817	65.000000000000	0.00000000000000
27.450000762939	0.13118818402290	0.21517837047577	65.000000000000	0.00000000000000
27.459999084473	0.13241988420486	0.21629019081593	65.000000000000	0.00000000000000
27.469999313354	0.13365311920643	0.21739552915096	65.000000000000	0.00000000000000
27.479999542236	0.13488768041134	0.21849441528320	65.000000000000	0.00000000000000
27.489999771118	0.13612367212772	0.21958681941032	65.000000000000	0.00000000000000
27.500000000000	0.13736107945442	0.22067277133465	65.000000000000	0.00000000000000
27.510000228882	0.13859969377518	0.22175227105618	65.000000000000	0.00000000000000
27.520000457764	0.13983963429928	0.22282539308071	65.000000000000	0.00000000000000
27.530000686646	0.14108082652092	0.22389209270477	65.000000000000	0.00000000000000
27.540000915527	0.14232325553894	0.22495235502720	65.000000000000	0.00000000000000
27.549999237061	0.14356678724289	0.22600625455379	65.000000000000	0.00000000000000
27.559999465942	0.14481146633625	0.22705376148224	65.000000000000	0.00000000000000
27.569999694824	0.14605730772018	0.22809495031834	65.000000000000	0.00000000000000
27.579999923706	0.14730419218540	0.22912976145744	65.000000000000	0.00000000000000
27.590000152588	0.14855211973190	0.23015822470188	65.000000000000	0.00000000000000
27.600000381470	0.14980103075504	0.23118039965630	65.000000000000	0.00000000000000
27.610000610352	0.15105092525482	0.23219627141953	65.000000000000	0.00000000000000
27.620000839233	0.15230177342892	0.23320583999157	65.000000000000	0.00000000000000
27.629999160767	0.15355350077152	0.23420912027359	65.000000000000	0.00000000000000
27.639999389648	0.15480610728264	0.23520615696907	65.000000000000	0.00000000000000
27.649999618530	0.15605953335762	0.23619692027569	65.000000000000	0.00000000000000
27.659999847412	0.15731371939182	0.23718146979809	65.000000000000	0.00000000000000
27.670000076294	0.15856873989105	0.23815982043743	65.000000000000	0.00000000000000
27.680000305176	0.15982449054718	0.23913194239140	65.000000000000	0.00000000000000
27.690000534058	0.16108089685440	0.24009789526463	65.000000000000	0.00000000000000
27.700000762939	0.16233806312084	0.24105766415596	65.000000000000	0.00000000000000
27.709999084473	0.16359575092793	0.24201123416424	65.000000000000	0.00000000000000
27.719999313354	0.16485412418842	0.24295870959759	65.000000000000	0.00000000000000
27.729999542236	0.16611309349537	0.24390006065369	65.000000000000	0.00000000000000
27.739999771118	0.16737255454063	0.24483531713486	65.000000000000	0.00000000000000
27.750000000000	0.16863256692886	0.24576446413994	65.000000000000	0.00000000000000
27.760000228882	0.16989305615425	0.24668750166893	65.000000000000	0.00000000000000
27.770000457764	0.17115399241447	0.24760451912880	65.000000000000	0.00000000000000
27.780000686646	0.17241539061069	0.24851545691490	65.000000000000	0.00000000000000
27.790000915527	0.17367714643478	0.24942037463188	65.000000000000	0.00000000000000
27.799999237061	0.17493933439255	0.25031933188438	65.000000000000	0.00000000000000
27.809999465942	0.17620179057121	0.25121223926544	65.000000000000	0.00000000000000
27.819999694824	0.17746451497078	0.25209918618202	65.000000000000	0.00000000000000
27.829999923706	0.17872761189938	0.25298017263412	65.000000000000	0.00000000000000
27.840000152588	0.17999087274075	0.25385522842407	65.000000000000	0.00000000000000
27.850000381470	0.18125446140766	0.25472435355186	65.000000000000	0.00000000000000
27.860000610352	0.18251816928387	0.25558754801750	65.000000000000	0.00000000000000
27.870000839233	0.18378204107285	0.25644484162331	65.000000000000	0.00000000000000
27.879999160767	0.18504612147808	0.25729632377625	65.000000000000	0.00000000000000
27.889999389648	0.18631020188332	0.25814190506935	65.000000000000	0.00000000000000
27.899999618530	0.18757443130016	0.25898164510727	65.000000000000	0.00000000000000
27.909999847412	0.18883872032166	0.25981557369232	65.000000000000	0.00000000000000
27.920000076294	0.19010303914547	0.26064372062683	65.000000000000	0.00000000000000
27.930000305176	0.19136735796928	0.26146605610847	65.000000000000	0.00000000000000
27.940000534058	0.19263160228729	0.26228260993958	65.000000000000	0.00000000000000
27.950000762939	0.19389584660530	0.26309347152710	65.000000000000	0.00000000000000
27.959999084473	0.19515995681286	0.26389855146408	65.000000000000	0.00000000000000
27.969999313354	0.19642397761345	0.26469793915749	65.000000000000	0.00000000000000
27.979999542236	0.19768790900707	0.26549163460732	65.000000000000	0.00000000000000
27.989999771118	0.19895167648792	0.26627966761589	65.000000000000	0.00000000000000
28.000000000000	0.20021520555019	0.26706203818321	65.000000000000	0.00000000000000
28.010000228882	0.20147860050201	0.26783874630928	65.000000000000	0.00000000000000
28.020000457764	0.20274172723293	0.26860985159874	65.000000000000	0.00000000000000
28.030000686646	0.20400464534760	0.26937538385391	65.000000000000	0.00000000000000
28.040000915527	0.20526722073555	0.27013528347015	65.000000000000	0.00000000000000
28.049999237061	0.20652948319912	0.27088966965675	65.000000000000	0.00000000000000
28.059999465942	0.20779149234295	0.27163851261139	65.000000000000	0.00000000000000
28.069999694824	0.20905309915543	0.27238178253174	65.000000000000	0.00000000000000
28.079999923706	0.21031440794468	0.27311962842941	65.000000000000	0.00000000000000
28.090000152588	0.21157521009445	0.27385193109512	65.000000000000	0.00000000000000
28.100000381470	0.21283562481403	0.27457875013351	65.000000000000	0.00000000000000
28.110000610352	0.21409566700459	0.27530014514923	65.000000000000	0.00000000000000
28.120000839233	0.21535518765450	0.27601614594460	65.000000000000	0.00000000000000
28.129999160767	0.21661420166492	0.27672669291496	65.000000000000	0.00000000000000
28.139999389648	0.21787270903587	0.27743187546730	65.000000000000	0.00000000000000
28.149999618530	0.21913063526154	0.27813169360161	65.000000000000	0.00000000000000
28.159999847412	0.22038812935352	0.27882614731789	65.000000000000	0.00000000000000
28.170000076294	0.22164496779442	0.27951529622078	65.000000000000	0.00000000000000
28.180000305176	0.22290119528770	0.28019914031029	65.000000000000	0.00000000000000
28.190000534058	0.22415682673454	0.28087767958641	65.000000000000	0.00000000000000
28.200000762939	0.22541178762913	0.28155094385147	65.000000000000	0.00000000000000
28.209999084473	0.22666609287262	0.28221896290779	65.000000000000	0.00000000000000
28.219999313354	0.22791974246502	0.28288176655769	65.000000000000	0.00000000000000
28.229999542236	0.22917272150517	0.28353935480118	65.000000000000	0.00000000000000
28.239999771118	0.23042492568493	0.28419172763824	65.000000000000	0.00000000000000
28.250000000000	0.23167638480663	0.28483894467354	65.000000000000	0.00000000000000
28.260000228882	0.23292712867260	0.28548100590706	65.000000000000	0.00000000000000
28.270000457764	0.23417700827122	0.28611794114113	65.000000000000	0.00000000000000
28.280000686646	0.23542617261410	0.28674980998039	65.000000000000	0.00000000000000
28.290000915527	0.23667447268963	0.28737655282021	65.000000000000	0.00000000000000
28.299999237061	0.23792190849781	0.28799819946289	65.000000000000	0.00000000000000
28.309999465942	0.23916853964329	0.28861483931541	65.000000000000	0.00000000000000
28.319999694824	0.24041424691677	0.28922644257545	65.000000000000	0.00000000000000
28.329999923706	0.24165904521942	0.28983300924301	65.000000000000	0.00000000000000
28.340000152588	0.24290296435356	0.29043459892273	65.000000000000	0.00000000000000
28.350000381470	0.24414592981339	0.29103121161461	65.000000000000	0.00000000000000
28.360000610352	0.24538798630238	0.29162290692329	65.000000000000	0.00000000000000
28.370000839233	0.24662899971008	0.29220965504646	65.000000000000	0.00000000000000
28.379999160767	0.24786907434464	0.29279151558876	65.000000000000	0.00000000000000
28.389999389648	0.24910816550255	0.29336842894554	65.000000000000	0.00000000000000
28.399999618530	0.25034618377686	0.29394051432610	65.000000000000	0.00000000000000
28.409999847412	0.25158321857452	0.29450777173042	65.000000000000	0.00000000000000
28.420000076294	0.25281918048859	0.29507020115852	65.000000000000	0.00000000000000
28.430000305176	0.25405400991440	0.29562780261040	65.000000000000	0.00000000000000
28.440000534058	0.25528785586357	0.29618060588837	65.000000000000	0.00000000000000
28.450000762939	0.25652050971985	0.29672867059708	65.000000000000	0.00000000000000
28.459999084473	0.25775209069252	0.29727199673653	65.000000000000	0.00000000000000
28.469999313354	0.25898250937462	0.29781058430672	65.000000000000	0.00000000000000
28.479999542236	0.26021179556847	0.29834446310997	65.000000000000	0.00000000000000
28.489999771118	0.26143991947174	0.29887366294861	65.000000000000	0.00000000000000
28.500000000000	0.26266685128212	0.29939821362495	65.000000000000	0.00000000000000
28.510000228882	0.26389265060425	0.29991811513901	65.000000000000	0.00000000000000
28.520000457764	0.26511713862419	0.30043336749077	65.000000000000	0.00000000000000
28.530000686646	0.26634046435356	0.30094403028488	65.000000000000	0.00000000000000
28.540000915527	0.26756247878075	0.30145013332367	65.000000000000	0.00000000000000
28.549999237061	0.26878330111504	0.30195164680481	65.000000000000	0.00000000000000
28.559999465942	0.27000281214714	0.30244863033295	65.000000000000	0.00000000000000
28.569999694824	0.27122107148170	0.30294108390808	65.000000000000	0.00000000000000
28.579999923706	0.27243804931641	0.30342906713486	65.000000000000	0.00000000000000
28.590000152588	0.27365368604660	0.30391252040863	65.000000000000	0.00000000000000
28.600000381470	0.27486795186996	0.30439162254333	65.000000000000	0.00000000000000
28.610000610352	0.27608096599579	0.30486610531807	65.000000000000	0.00000000000000
28.620000839233	0.27729249000549	0.30533635616302	65.000000000000	0.00000000000000
28.629999160767	0.27850288152695	0.30580198764801	65.000000000000	0.00000000000000
28.639999389648	0.27971172332764	0.30626341700554	65.000000000000	0.00000000000000
28.649999618530	0.28091925382614	0.30672037601471	65.000000000000	0.00000000000000
28.659999847412	0.28212523460388	0.30717316269875	65.000000000000	0.00000000000000
28.670000076294	0.28332999348640	0.30762138962746	65.000000000000	0.00000000000000
28.680000305176	0.28453317284584	0.30806553363800	65.000000000000	0.00000000000000
28.690000534058	0.28573498129845	0.30850526690483	65.000000000000	0.00000000000000
28.700000762939	0.28693526983261	0.30894085764885	65.000000000000	0.00000000000000
28.709999084473	0.28813421726227	0.30937206745148	65.000000000000	0.00000000000000
28.719999313354	0.28933161497116	0.30979913473129	65.000000000000	0.00000000000000
28.729999542236	0.29052761197090	0.31022194027901	65.000000000000	0.00000000000000
28.739999771118	0.29172205924988	0.31064060330391	65.000000000000	0.00000000000000
28.750000000000	0.29291489720345	0.31105515360832	65.000000000000	0.00000000000000
28.760000228882	0.29410618543625	0.31146568059921	65.000000000000	0.00000000000000
28.770000457764	0.29529613256454	0.31187185645103	65.000000000000	0.00000000000000
28.780000686646	0.29648461937904	0.31227385997772	65.000000000000	0.00000000000000
28.790000915527	0.29767119884491	0.31267213821411	65.000000000000	0.00000000000000
28.799999237061	0.29885658621788	0.31306600570679	65.000000000000	0.00000000000000
28.809999465942	0.30004012584686	0.31345602869987	65.000000000000	0.00000000000000
28.819999694824	0.30122202634811	0.31384214758873	65.000000000000	0.00000000000000
28.829999923706	0.30240252614021	0.31422406435013	65.000000000000	0.00000000000000
28.840000152588	0.30358138680458	0.31460207700729	65.000000000000	0.00000000000000
28.850000381470	0.30475875735283	0.31497588753700	65.000000000000	0.00000000000000
28.860000610352	0.30593448877335	0.31534591317177	65.000000000000	0.00000000000000
28.870000839233	0.30710843205452	0.31571206450462	65.000000000000	0.00000000000000
28.879999160767	0.30828070640564	0.31607443094254	65.000000000000	0.00000000000000
28.889999389648	0.30945146083832	0.31643271446228	65.000000000000	0.00000000000000
28.899999618530	0.31062048673630	0.31678724288940	65.000000000000	0.00000000000000
28.909999847412	0.31178772449493	0.31713801622391	65.000000000000	0.00000000000000
28.920000076294	0.31295350193977	0.31748479604721	65.000000000000	0.00000000000000
28.930000305176	0.31411743164063	0.31782788038254	65.000000000000	0.00000000000000
28.940000534058	0.31527990102768	0.31816697120667	65.000000000000	0.00000000000000
28.950000762939	0.31644040346146	0.31850248575211	65.000000000000	0.00000000000000
28.959999084473	0.31759935617447	0.31883418560028	65.000000000000	0.00000000000000
28.969999313354	0.31875655055046	0.31916216015816	65.000000000000	0.00000000000000
28.979999542236	0.31991207599640	0.31948646903038	65.000000000000	0.00000000000000
28.989999771118	0.32106575369835	0.31980702280998	65.000000000000	0.00000000000000
29.000000000000	0.32221779227257	0.32012394070625	65.000000000000	0.00000000000000
29.010000228882	0.32336801290512	0.32043719291687	65.000000000000	0.00000000000000
29.020000457764	0.32451653480530	0.32074680924416	65.000000000000	0.00000000000000
29.030000686646	0.32566320896149	0.32105281949043	65.000000000000	0.00000000000000
29.040000915527	0.32680821418762	0.32135522365570	65.000000000000	0.00000000000000
29.049999237061	0.32795143127441	0.32165405154228	65.000000000000	0.00000000000000
29.059999465942	0.32909283041954	0.32194930315018	65.000000000000	0.00000000000000
29.069999694824	0.33023247122765	0.32224100828171	65.000000000000	0.00000000000000
29.079999923706	0.33137029409409	0.32252922654152	65.000000000000	0.00000000000000
29.090000152588	0.33250626921654	0.32281389832497	65.000000000000	0.00000000000000
29.100000381470	0.33364048600197	0.32309511303902	65.000000000000	0.00000000000000
29.110000610352	0.33477291464806	0.32337290048599	65.000000000000	0.00000000000000
29.120000839233	0.33590349555016	0.32364714145660	65.000000000000	0.00000000000000
29.129999160767	0.33703222870827	0.32391801476479	65.000000000000	0.00000000000000
29.139999389648	0.33815920352936	0.32418543100357	65.000000000000	0.00000000000000
29.149999618530	0.33928427100182	0.32444950938225	65.000000000000	0.00000000000000
29.159999847412	0.34040743112564	0.32471016049385	65.000000000000	0.00000000000000
29.170000076294	0.34152886271477	0.32496750354767	65.000000000000	0.00000000000000
29.180000305176	0.34264838695526	0.32522147893906	65.000000000000	0.00000000000000
29.190000534058	0.34376609325409	0.32547211647034	65.000000000000	0.00000000000000
29.200000762939	0.34488180279732	0.32571944594383	65.000000000000	0.00000000000000
29.209999084473	0.34599575400352	0.32596349716187	65.000000000000	0.00000000000000
29.219999313354	0.34710788726807	0.32620429992676	65.000000000000	0.00000000000000
29.229999542236	0.34821802377701	0.32644182443619	65.000000000000	0.00000000000000
29.239999771118	0.34932634234428	0.32667613029480	65.000000000000	0.00000000000000
29.250000000000	0.35043275356293	0.32690721750259	65.000000000000	0.00000000000000
29.260000228882	0.35153722763062	0.32713511586189	65.000000000000	0.00000000000000
29.270000457764	0.35263985395432	0.32735979557037	65.000000000000	0.00000000000000
29.280000686646	0.35374054312706	0.32758134603500	65.000000000000	0.00000000000000
29.290000915527	0.35483932495117	0.32779973745346	65.000000000000	0.00000000000000
29.299999237061	0.35593625903130	0.32801496982574	65.000000000000	0.00000000000000
29.309999465942	0.35703119635582	0.32822716236115	65.000000000000	0.00000000000000
29.319999694824	0.35812428593636	0.32843622565269	65.000000000000	0.00000000000000
29.329999923706	0.35921540856361	0.32864218950272	65.000000000000	0.00000000000000
29.340000152588	0.36030459403992	0.32884508371353	65.000000000000	0.00000000000000
29.350000381470	0.36139187216759	0.32904499769211	65.000000000000	0.00000000000000
29.360000610352	0.36247721314430	0.32924181222916	65.000000000000	0.00000000000000
29.370000839233	0.36356064677238	0.32943567633629	65.000000000000	0.00000000000000
29.379999160767	0.36464202404022	0.32962647080421	65.000000000000	0.00000000000000
29.389999389648	0.36572158336639	0.32981437444687	65.000000000000	0.00000000000000
29.399999618530	0.36679911613464	0.32999929785728	65.000000000000	0.00000000000000
29.409999847412	0.36787480115891	0.33018124103546	65.000000000000	0.00000000000000
29.420000076294	0.36894840002060	0.33036026358604	65.000000000000	0.00000000000000
29.430000305176	0.37002009153366	0.33053639531136	65.000000000000	0.00000000000000
29.440000534058	0.37108981609344	0.33070963621140	65.000000000000	0.00000000000000
29.450000762939	0.37215766310692	0.33088001608849	65.000000000000	0.00000000000000
29.459999084473	0.37322342395782	0.33104750514030	65.000000000000	0.00000000000000
29.469999313354	0.37428730726242	0.33121213316917	65.000000000000	0.00000000000000
29.479999542236	0.37534919381142	0.33137395977974	65.000000000000	0.00000000000000
29.489999771118	0.37640914320946	0.33153298497200	65.000000000000	0.00000000000000
29.500000000000	0.37746703624725	0.33168920874596	65.000000000000	0.00000000000000
29.510000228882	0.37852296233177	0.33184260129929	65.000000000000	0.00000000000000
29.520000457764	0.37957701086998	0.33199331164360	65.000000000000	0.00000000000000
29.530000686646	0.38062897324562	0.33214122056961	65.000000000000	0.00000000000000
29.540000915527	0.38167896866798	0.33228635787964	65.000000000000	0.00000000000000
29.549999237061	0.38272702693939	0.33242884278297	65.000000000000	0.00000000000000
29.559999465942	0.38377308845520	0.33256864547729	65.000000000000	0.00000000000000
29.569999694824	0.38481709361076	0.33270570635796	65.000000000000	0.00000000000000
29.579999923706	0.38585919141769	0.33284011483192	65.000000000000	0.00000000000000
29.590000152588	0.38689923286438	0.33297187089920	65.000000000000	0.00000000000000
29.600000381470	0.38793730735779	0.33310097455978	65.000000000000	0.00000000000000
29.610000610352	0.38897338509560	0.33322748541832	65.000000000000	0.00000000000000
29.620000839233	0.39000749588013	0.33335131406784	65.000000000000	0.00000000000000
29.629999160767	0.39103952050209	0.33347260951996	65.000000000000	0.00000000000000
29.639999389648	0.39206960797310	0.33359137177467	65.000000000000	0.00000000000000
29.649999618530	0.39309775829315	0.33370748162270	65.000000000000	0.00000000000000
29.659999847412	0.39412379264832	0.33382108807564	65.000000000000	0.00000000000000
29.670000076294	0.39514791965485	0.33393219113350	65.000000000000	0.00000000000000
29.680000305176	0.39617002010345	0.33404070138931	65.000000000000	0.00000000000000
29.690000534058	0.39719015359879	0.33414673805237	65.000000000000	0.00000000000000
29.700000762939	0.39820820093155	0.33425027132034	65.000000000000	0.00000000000000
29.709999084473	0.39922422170639	0.33435133099556	65.000000000000	0.00000000000000
29.719999313354	0.40023833513260	0.33444997668266	65.000000000000	0.00000000000000
29.729999542236	0.40125033259392	0.33454614877701	65.000000000000	0.00000000000000
29.739999771118	0.40226042270660	0.33463987708092	65.000000000000	0.00000000000000
29.750000000000	0.40326842665672	0.33473119139671	65.000000000000	0.00000000000000
29.760000228882	0.40427449345589	0.33482012152672	65.000000000000	0.00000000000000
29.770000457764	0.40527850389481	0.33490666747093	65.000000000000	0.00000000000000
29.780000686646	0.40628054738045	0.33499079942703	65.000000000000	0.00000000000000
29.790000915527	0.40728053450584	0.33507260680199	65.000000000000	0.00000000000000
29.799999237061	0.40827858448029	0.33515205979347	65.000000000000	0.00000000000000
29.809999465942	0.40927457809448	0.33522915840149	65.000000000000	0.00000000000000
29.819999694824	0.41026851534843	0.33530396223068	65.000000000000	0.00000000000000
29.829999923706	0.41126054525375	0.33537644147873	65.000000000000	0.00000000000000
29.840000152588	0.41225048899651	0.33544668555260	65.000000000000	0.00000000000000
29.850000381470	0.41323840618134	0.33551457524300	65.000000000000	0.00000000000000
29.860000610352	0.41422441601753	0.33558025956154	65.000000000000	0.00000000000000
29.870000839233	0.41520830988884	0.33564370870590	65.000000000000	0.00000000000000
29.879999160767	0.41619020700455	0.33570486307144	65.000000000000	0.00000000000000
29.889999389648	0.41717013716698	0.33576384186745	65.000000000000	0.00000000000000
29.899999618530	0.41814807057381	0.33582061529160	65.000000000000	0.00000000000000
29.909999847412	0.41912397742271	0.33587512373924	65.000000000000	0.00000000000000
29.920000076294	0.42009785771370	0.33592754602432	65.000000000000	0.00000000000000
29.930000305176	0.42106968164444	0.33597770333290	65.000000000000	0.00000000000000
29.940000534058	0.42203959822655	0.33602574467659	65.000000000000	0.00000000000000
29.950000762939	0.42300751805305	0.33607172966003	65.000000000000	0.00000000000000
29.959999084473	0.42397335171700	0.33611547946930	65.000000000000	0.00000000000000
29.969999313354	0.42493721842766	0.33615711331367	65.000000000000	0.00000000000000
29.979999542236	0.42589908838272	0.33619669079781	65.000000000000	0.00000000000000
29.989999771118	0.42685890197754	0.33623421192169	65.000000000000	0.00000000000000
30.000000000000	0.42781680822372	0.33626952767372	65.000000000000	0.00000000000000
30.010000228882	0.42877256870270	0.33630287647247	65.000000000000	0.00000000000000
30.020000457764	0.42972651124001	0.33633413910866	65.000000000000	0.00000000000000
30.030000686646	0.43067833781242	0.33636337518692	65.000000000000	0.00000000000000
30.040000915527	0.43162819743156	0.33639055490494	65.000000000000	0.00000000000000
30.049999237061	0.43257609009743	0.33641576766968	65.000000000000	0.00000000000000
30.059999465942	0.43352192640305	0.33643895387650	65.000000000000	0.00000000000000
30.069999694824	0.43446579575539	0.33646014332771	65.000000000000	0.00000000000000
30.079999923706	0.43540769815445	0.33647936582565	65.000000000000	0.00000000000000
30.090000152588	0.43634757399559	0.33649662137032	65.000000000000	0.00000000000000
30.100000381470	0.43728545308113	0.33651193976402	65.000000000000	0.00000000000000
30.110000610352	0.43822136521339	0.33652529120445	65.000000000000	0.00000000000000
30.120000839233	0.43915522098541	0.33653670549393	65.000000000000	0.00000000000000
30.129999160767	0.44008713960648	0.33654621243477	65.000000000000	0.00000000000000
30.139999389648	0.44101715087891	0.33655381202698	65.000000000000	0.00000000000000
30.149999618530	0.44194507598877	0.33655956387520	65.000000000000	0.00000000000000
30.159999847412	0.44287100434303	0.33656337857246	65.000000000000	0.00000000000000
30.170000076294	0.44379499554634	0.33656534552574	65.000000000000	0.00000000000000
30.180000305176	0.44471707940102	0.33656543493271	65.000000000000	0.00000000000000
30.190000534058	0.44563704729080	0.33656367659569	65.000000000000	0.00000000000000
30.200000762939	0.44655513763428	0.33656004071236	65.000000000000	0.00000000000000
30.209999084473	0.44747120141983	0.33655467629433	65.000000000000	0.00000000000000
30.219999313354	0.44838526844978	0.33654743432999	65.000000000000	0.00000000000000
30.229999542236	0.44929742813110	0.33653843402863	65.000000000000	0.00000000000000
30.239999771118	0.45020768046379	0.33652764558792	65.000000000000	0.00000000000000
30.250000000000	0.45111581683159	0.33651503920555	65.000000000000	0.00000000000000
30.260000228882	0.45202210545540	0.33650067448616	65.000000000000	0.00000000000000
30.270000457764	0.45292633771896	0.33648458123207	65.000000000000	0.00000000000000
30.280000686646	0.45382863283157	0.33646672964096	65.000000000000	0.00000000000000
30.290000915527	0.45472899079323	0.33644711971283	65.000000000000	0.00000000000000
30.299999237061	0.45562741160393	0.33642581105232	65.000000000000	0.00000000000000
30.309999465942	0.45652380585670	0.33640280365944	65.000000000000	0.00000000000000
30.319999694824	0.45741829276085	0.33637803792953	65.000000000000	0.00000000000000
30.329999923706	0.45831078290939	0.33635163307190	65.000000000000	0.00000000000000
30.340000152588	0.45920133590698	0.33632352948189	65.000000000000	0.00000000000000
30.350000381470	0.46008995175362	0.33629372715950	65.000000000000	0.00000000000000
30.360000610352	0.46097666025162	0.33626234531403	65.000000000000	0.00000000000000
30.370000839233	0.46186143159866	0.33622923493385	65.000000000000	0.00000000000000
30.379999160767	0.46274420619011	0.33619451522827	65.000000000000	0.00000000000000
30.389999389648	0.46362504363060	0.33615821599960	65.000000000000	0.00000000000000
30.399999618530	0.46450394392014	0.33612024784088	65.000000000000	0.00000000000000
30.409999847412	0.46538099646568	0.33608067035675	65.000000000000	0.00000000000000
30.420000076294	0.46625596284866	0.33603948354721	65.000000000000	0.00000000000000
30.430000305176	0.46712911128998	0.33599671721458	65.000000000000	0.00000000000000
30.440000534058	0.46800023317337	0.33595246076584	65.000000000000	0.00000000000000
30.450000762939	0.46886953711510	0.33590650558472	65.000000000000	0.00000000000000
30.459999084473	0.46973687410355	0.33585911989212	65.000000000000	0.00000000000000
30.469999313354	0.47060230374336	0.33581009507179	65.000000000000	0.00000000000000
30.479999542236	0.47146573662758	0.33575955033302	65.000000000000	0.00000000000000
30.489999771118	0.47232735157013	0.33570751547813	65.000000000000	0.00000000000000
30.500000000000	0.47318702936172	0.33565393090248	65.000000000000	0.00000000000000
30.510000228882	0.47404474020004	0.33559888601303	65.000000000000	0.00000000000000
30.520000457764	0.47490066289902	0.33554226160049	65.000000000000	0.00000000000000
30.530000686646	0.47575452923775	0.33548423647881	65.000000000000	0.00000000000000
30.540000915527	0.47660654783249	0.33542469143867	65.000000000000	0.00000000000000
30.549999237061	0.47745668888092	0.33536365628242	65.000000000000	0.00000000000000
30.559999465942	0.47830492258072	0.33530116081238	65.000000000000	0.00000000000000
30.569999694824	0.47915127873421	0.33523726463318	65.000000000000	0.00000000000000
30.579999923706	0.47999572753906	0.33517193794250	65.000000000000	0.00000000000000
30.590000152588	0.48083829879761	0.33510515093803	65.000000000000	0.00000000000000
30.600000381470	0.48167893290520	0.33503693342209	65.000000000000	0.00000000000000
30.610000610352	0.48251774907112	0.33496734499931	65.000000000000	0.00000000000000
30.620000839233	0.48335459828377	0.33489629626274	65.000000000000	0.00000000000000
30.629999160767	0.48418959975243	0.33482390642166	65.000000000000	0.00000000000000
30.639999389648	0.48502275347710	0.33475008606911	65.000000000000	0.00000000000000
30.649999618530	0.48585397005081	0.33467492461205	65.000000000000	0.00000000000000
30.659999847412	0.48668342828751	0.33459836244583	65.000000000000	0.00000000000000
30.670000076294	0.48751083016396	0.33452045917511	65.000000000000	0.00000000000000
30.680000305176	0.48833656311035	0.33444127440453	65.000000000000	0.00000000000000
30.690000534058	0.48916035890579	0.33436068892479	65.000000000000	0.00000000000000
30.700000762939	0.48998227715492	0.33427876234055	65.000000000000	0.00000000000000
30.709999084473	0.49080228805542	0.33419552445412	65.000000000000	0.00000000000000
30.719999313354	0.49162048101425	0.33411097526550	65.000000000000	0.00000000000000
30.729999542236	0.49243682622910	0.33402514457703	65.000000000000	0.00000000000000
30.739999771118	0.49325129389763	0.33393800258636	65.000000000000	0.00000000000000
30.750000000000	0.49406400322914	0.33384957909584	65.000000000000	0.00000000000000
30.760000228882	0.49487477540970	0.33375987410545	65.000000000000	0.00000000000000
30.770000457764	0.49568378925323	0.33366888761520	65.000000000000	0.00000000000000
30.780000686646	0.49649086594582	0.33357664942741	65.000000000000	0.00000000000000
30.790000915527	0.49729621410370	0.33348315954208	65.000000000000	0.00000000000000
30.799999237061	0.49809962511063	0.33338841795921	65.000000000000	0.00000000000000
30.809999465942	0.49890121817589	0.33329242467880	65.000000000000	0.00000000000000
30.819999694824	0.49970111250877	0.33319520950317	65.000000000000	0.00000000000000
30.829999923706	0.50049901008606	0.33309674263000	65.000000000000	0.00000000000000
30.840000152588	0.50129514932632	0.33299720287323	65.000000000000	0.00000000000000
30.850000381470	0.50208950042725	0.33289629220963	65.000000000000	0.00000000000000
30.860000610352	0.50288206338882	0.33279427886009	65.000000000000	0.00000000000000
30.870000839233	0.50367277860641	0.33269107341766	65.000000000000	0.00000000000000
30.879999160767	0.50446164608002	0.33258667588234	65.000000000000	0.00000000000000
30.889999389648	0.50524878501892	0.33248111605644	65.000000000000	0.00000000000000
30.899999618530	0.50603407621384	0.33237436413765	65.000000000000	0.00000000000000
30.909999847412	0.50681757926941	0.33226647973061	65.000000000000	0.00000000000000
30.920000076294	0.50759923458099	0.33215740323067	65.000000000000	0.00000000000000
30.930000305176	0.50837910175323	0.33204725384712	65.000000000000	0.00000000000000
30.940000534058	0.50915724039078	0.33193591237068	65.000000000000	0.00000000000000
30.950000762939	0.50993353128433	0.33182352781296	65.000000000000	0.00000000000000
30.959999084473	0.51070809364319	0.33170995116234	65.000000000000	0.00000000000000
30.969999313354	0.51148080825806	0.33159530162811	65.000000000000	0.00000000000000
30.979999542236	0.51225179433823	0.33147951960564	65.000000000000	0.00000000000000
30.989999771118	0.51302105188370	0.33136266469955	65.000000000000	0.00000000000000
31.000000000000	0.51378840208054	0.33124473690987	65.000000000000	0.00000000000000
31.010000228882	0.51455408334732	0.33112570643425	65.000000000000	0.00000000000000
31.020000457764	0.51531791687012	0.33100560307503	65.000000000000	0.00000000000000
31.030000686646	0.51608008146286	0.33088442683220	65.000000000000	0.00000000000000
31.040000915527	0.51684039831161	0.33076223731041	65.000000000000	0.00000000000000
31.049999237061	0.51759904623032	0.33063894510269	65.000000000000	0.00000000000000
31.059999465942	0.51835590600967	0.33051463961601	65.000000000000	0.00000000000000
31.069999694824	0.51911097764969	0.33038929104805	65.000000000000	0.00000000000000
31.079999923706	0.51986426115036	0.33026289939880	65.000000000000	0.00000000000000
31.090000152588	0.52061587572098	0.33013549447060	65.000000000000	0.00000000000000
31.100000381470	0.52136582136154	0.33000707626343	65.000000000000	0.00000000000000
31.110000610352	0.52211385965347	0.32987764477730	65.000000000000	0.00000000000000
31.120000839233	0.52286034822464	0.32974731922150	65.000000000000	0.00000000000000
31.129999160767	0.52360498905182	0.32961583137512	65.000000000000	0.00000000000000
31.139999389648	0.52434790134430	0.32948344945908	65.000000000000	0.00000000000000
31.149999618530	0.52508908510208	0.32935011386871	65.000000000000	0.00000000000000
31.159999847412	0.52582859992981	0.32921576499939	65.000000000000	0.00000000000000
31.170000076294	0.52656632661819	0.32908043265343	65.000000000000	0.00000000000000
31.180000305176	0.52730232477188	0.32894414663315	65.000000000000	0.00000000000000
31.190000534058	0.52803671360016	0.32880693674088	65.000000000000	0.00000000000000
31.200000762939	0.52876931428909	0.32866877317429	65.000000000000	0.00000000000000
31.209999084473	0.52950024604797	0.32852965593338	65.000000000000	0.00000000000000
31.219999313354	0.53022938966751	0.32838964462280	65.000000000000	0.00000000000000
31.229999542236	0.53095698356628	0.32824864983559	65.000000000000	0.00000000000000
31.239999771118	0.53168278932571	0.32810679078102	65.000000000000	0.00000000000000
31.250000000000	0.53240686655045	0.32796400785446	65.000000000000	0.00000000000000
31.260000228882	0.53312939405441	0.32782033085823	65.000000000000	0.00000000000000
31.270000457764	0.53385007381439	0.32767572999001	65.000000000000	0.00000000000000
31.280000686646	0.53456908464432	0.32753023505211	65.000000000000	0.00000000000000
31.290000915527	0.53528654575348	0.32738384604454	65.000000000000	0.00000000000000
31.299999237061	0.53600221872330	0.32723662257195	65.000000000000	0.00000000000000
31.309999465942	0.53671622276306	0.32708844542503	65.000000000000	0.00000000000000
31.319999694824	0.53742861747742	0.32693946361542	65.000000000000	0.00000000000000
31.329999923706	0.53813928365707	0.32678964734077	65.000000000000	0.00000000000000
31.340000152588	0.53884828090668	0.32663893699646	65.000000000000	0.00000000000000
31.350000381470	0.53955566883087	0.32648736238480	65.000000000000	0.00000000000000
31.360000610352	0.54026138782501	0.32633498311043	65.000000000000	0.00000000000000
31.370000839233	0.54096537828445	0.32618173956871	65.000000000000	0.00000000000000
31.379999160767	0.54166787862778	0.32602763175964	65.000000000000	0.00000000000000
31.389999389648	0.54236859083176	0.32587277889252	65.000000000000	0.00000000000000
31.399999618530	0.54306763410568	0.32571709156036	65.000000000000	0.00000000000000
31.409999847412	0.54376518726349	0.32556051015854	65.000000000000	0.00000000000000
31.420000076294	0.54446107149124	0.32540324330330	65.000000000000	0.00000000000000
31.430000305176	0.54515510797501	0.32524532079697	65.000000000000	0.00000000000000
31.440000534058	0.54584771394730	0.32508635520935	65.000000000000	0.00000000000000
31.450000762939	0.54653865098953	0.32492658495903	65.000000000000	0.00000000000000
31.459999084473	0.54722809791565	0.32476598024368	65.000000000000	0.00000000000000
31.469999313354	0.54791569709778	0.32460480928421	65.000000000000	0.00000000000000
31.479999542236	0.54860186576843	0.32444259524345	65.000000000000	0.00000000000000
31.489999771118	0.54928630590439	0.32427987456322	65.000000000000	0.00000000000000
31.500000000000	0.54996913671494	0.32411631941795	65.000000000000	0.00000000000000
31.510000228882	0.55065017938614	0.32395228743553	65.000000000000	0.00000000000000
31.520000457764	0.55133002996445	0.32378697395325	65.000000000000	0.00000000000000
31.530000686646	0.55200803279877	0.32362115383148	65.000000000000	0.00000000000000
31.540000915527	0.55268430709839	0.32345482707024	65.000000000000	0.00000000000000
31.549999237061	0.55335915088654	0.32328748703003	65.000000000000	0.00000000000000
31.559999465942	0.55403244495392	0.32311946153641	65.000000000000	0.00000000000000
31.569999694824	0.55470401048660	0.32295089960098	65.000000000000	0.00000000000000
31.579999923706	0.55537420511246	0.32278117537498	65.000000000000	0.00000000000000
31.590000152588	0.55604261159897	0.32261118292809	65.000000000000	0.00000000000000
31.600000381470	0.55670940876007	0.32244053483009	65.000000000000	0.00000000000000
31.610000610352	0.55737483501434	0.32226890325546	65.000000000000	0.00000000000000
31.620000839233	0.55803865194321	0.32209658622742	65.000000000000	0.00000000000000
31.629999160767	0.55870085954666	0.32192358374596	65.000000000000	0.00000000000000
31.639999389648	0.55936139822006	0.32175019383430	65.000000000000	0.00000000000000
31.649999618530	0.56002044677734	0.32157588005066	65.000000000000	0.00000000000000
31.659999847412	0.56067788600922	0.32140094041824	65.000000000000	0.00000000000000
31.670000076294	0.56133383512497	0.32122540473938	65.000000000000	0.00000000000000
31.680000305176	0.56198829412460	0.32104912400246	65.000000000000	0.00000000000000
31.690000534058	0.56264102458954	0.32087218761444	65.000000000000	0.00000000000000
31.700000762939	0.56329232454300	0.32069465517998	65.000000000000	0.00000000000000
31.709999084473	0.56394207477570	0.32051646709442	65.000000000000	0.00000000000000
31.719999313354	0.56459027528763	0.32033759355545	65.000000000000	0.00000000000000
31.729999542236	0.56523698568344	0.32015809416771	65.000000000000	0.00000000000000
31.739999771118	0.56588208675385	0.31997799873352	65.000000000000	0.00000000000000
31.750000000000	0.56652569770813	0.31979724764824	65.000000000000	0.00000000000000
31.760000228882	0.56716787815094	0.31961593031883	65.000000000000	0.00000000000000
31.770000457764	0.56780833005905	0.31943392753601	65.000000000000	0.00000000000000
31.780000686646	0.56844735145569	0.31925138831139	65.000000000000	0.00000000000000
31.790000915527	0.56908488273621	0.31906819343567	65.000000000000	0.00000000000000
31.799999237061	0.56972092390060	0.31888443231583	65.000000000000	0.00000000000000
31.809999465942	0.57035547494888	0.31870004534721	65.000000000000	0.00000000000000
31.819999694824	0.57098847627640	0.31851509213448	65.000000000000	0.00000000000000
31.829999923706	0.57161998748779	0.31832957267761	65.000000000000	0.00000000000000
31.840000152588	0.57224994897842	0.31814342737198	65.000000000000	0.00000000000000
31.850000381470	0.57287842035294	0.31795671582222	65.000000000000	0.00000000000000
31.860000610352	0.57350546121597	0.31776943802834	65.000000000000	0.00000000000000
31.870000839233	0.57413095235825	0.31758159399033	65.000000000000	0.00000000000000
31.879999160767	0.57475507259369	0.31739324331284	65.000000000000	0.00000000000000
31.889999389648	0.57537752389908	0.31720423698425	65.000000000000	0.00000000000000
31.899999618530	0.57599866390228	0.31701475381851	65.000000000000	0.00000000000000
31.909999847412	0.57661825418472	0.31682470440865	65.000000000000	0.00000000000000
31.920000076294	0.57723635435104	0.31663408875465	65.000000000000	0.00000000000000
31.930000305176	0.57785302400589	0.31644296646118	65.000000000000	0.00000000000000
31.940000534058	0.57846826314926	0.31625130772591	65.000000000000	0.00000000000000
31.950000762939	0.57908189296722	0.31605914235115	65.000000000000	0.00000000000000
31.959999084473	0.57969427108765	0.31586641073227	65.000000000000	0.00000000000000
31.969999313354	0.58030503988266	0.31567317247391	65.000000000000	0.00000000000000
31.979999542236	0.58091437816620	0.31547942757607	65.000000000000	0.00000000000000
31.989999771118	0.58152228593826	0.31528514623642	65.000000000000	0.00000000000000
32.000000000000	0.58212870359421	0.31509038805962	65.000000000000	0.00000000000000
32.009998321533	0.58273380994797	0.31489509344101	65.000000000000	0.00000000000000
32.020000457764	0.58333736658096	0.31469935178757	65.000000000000	0.00000000000000
32.029998779297	0.58393955230713	0.31450307369232	65.000000000000	0.00000000000000
32.040000915527	0.58454018831253	0.31430631875992	65.000000000000	0.00000000000000
32.049999237061	0.58513951301575	0.31410911679268	65.000000000000	0.00000000000000
32.060001373291	0.58573734760284	0.31391137838364	65.000000000000	0.00000000000000
32.069999694824	0.58633381128311	0.31371319293976	65.000000000000	0.00000000000000
32.080001831055	0.58692878484726	0.31351453065872	65.000000000000	0.00000000000000
32.090000152588	0.58752244710922	0.31331542134285	65.000000000000	0.00000000000000
32.099998474121	0.58811467885971	0.31311583518982	65.000000000000	0.00000000000000
32.110000610352	0.58870542049408	0.31291577219963	65.000000000000	0.00000000000000
32.119998931885	0.58929473161697	0.31271526217461	65.000000000000	0.00000000000000
32.130001068115	0.58988273143768	0.31251430511475	65.000000000000	0.00000000000000
32.139999389648	0.59046936035156	0.31231293082237	65.000000000000	0.00000000000000
32.150001525879	0.59105449914932	0.31211107969284	65.000000000000	0.00000000000000
32.159999847412	0.59163826704025	0.31190878152847	65.000000000000	0.00000000000000
32.169998168945	0.59222066402435	0.31170606613159	65.000000000000	0.00000000000000
32.180000305176	0.59280169010162	0.31150293350220	65.000000000000	0.00000000000000
32.189998626709	0.59338122606277	0.31129932403564	65.000000000000	0.00000000000000
32.200000762939	0.59395956993103	0.31109538674355	65.000000000000	0.00000000000000
32.209999084473	0.59453642368317	0.31089094281197	65.000000000000	0.00000000000000
32.220001220703	0.59511190652847	0.31068611145020	65.000000000000	0.00000000000000
32.229999542236	0.59568613767624	0.31048086285591	65.000000000000	0.00000000000000
32.240001678467	0.59625881910324	0.31027522683144	65.000000000000	0.00000000000000
32.250000000000	0.59683024883270	0.31006917357445	65.000000000000	0.00000000000000
32.259998321533	0.59740024805069	0.30986273288727	65.000000000000	0.00000000000000
32.270000457764	0.59796893596649	0.30965587496758	65.000000000000	0.00000000000000
32.279998779297	0.59853631258011	0.30944865942001	65.000000000000	0.00000000000000
32.290000915527	0.59910231828690	0.30924102663994	65.000000000000	0.00000000000000
32.299999237061	0.59966695308685	0.30903300642967	65.000000000000	0.00000000000000
32.310001373291	0.60023021697998	0.30882462859154	65.000000000000	0.00000000000000
32.319999694824	0.60079228878021	0.30861586332321	65.000000000000	0.00000000000000
32.330001831055	0.60135287046432	0.30840674042702	65.000000000000	0.00000000000000
32.340000152588	0.60191208124161	0.30819723010063	65.000000000000	0.00000000000000
32.349998474121	0.60247009992599	0.30798733234406	65.000000000000	0.00000000000000
32.360000610352	0.60302674770355	0.30777710676193	65.000000000000	0.00000000000000
32.369998931885	0.60358202457428	0.30756649374962	65.000000000000	0.00000000000000
32.380001068115	0.60413604974747	0.30735555291176	65.000000000000	0.00000000000000
32.389999389648	0.60468864440918	0.30714425444603	65.000000000000	0.00000000000000
32.400001525879	0.60524010658264	0.30693259835243	65.000000000000	0.00000000000000
32.409999847412	0.60579019784927	0.30672064423561	65.000000000000	0.00000000000000
32.419998168945	0.60633903741837	0.30650827288628	65.000000000000	0.00000000000000
32.430000305176	0.60688632726669	0.30629560351372	65.000000000000	0.00000000000000
32.439998626709	0.60743254423141	0.30608260631561	65.000000000000	0.00000000000000
32.450000762939	0.60797739028931	0.30586928129196	65.000000000000	0.00000000000000
32.459999084473	0.60852098464966	0.30565562844276	65.000000000000	0.00000000000000
32.470001220703	0.60906326770782	0.30544161796570	65.000000000000	0.00000000000000
32.479999542236	0.60960429906845	0.30522730946541	65.000000000000	0.00000000000000
32.490001678467	0.61014401912689	0.30501270294189	65.000000000000	0.00000000000000
32.500000000000	0.61068242788315	0.30479773879051	65.000000000000	0.00000000000000
32.509998321533	0.61121964454651	0.30458250641823	65.000000000000	0.00000000000000
32.520000457764	0.61175543069839	0.30436694622040	65.000000000000	0.00000000000000
32.529998779297	0.61229008436203	0.30415105819702	65.000000000000	0.00000000000000
32.540000915527	0.61282342672348	0.30393490195274	65.000000000000	0.00000000000000
32.549999237061	0.61335551738739	0.30371844768524	65.000000000000	0.00000000000000
32.560001373291	0.61388629674911	0.30350169539452	65.000000000000	0.00000000000000
32.569999694824	0.61441594362259	0.30328467488289	65.000000000000	0.00000000000000
32.580001831055	0.61494421958923	0.30306732654572	65.000000000000	0.00000000000000
32.590000152588	0.61547130346298	0.30284970998764	65.000000000000	0.00000000000000
32.599998474121	0.61599713563919	0.30263179540634	65.000000000000	0.00000000000000
32.610000610352	0.61652177572250	0.30241364240646	65.000000000000	0.00000000000000
32.619998931885	0.61704504489899	0.30219516158104	65.000000000000	0.00000000000000
32.630001068115	0.61756724119186	0.30197641253471	65.000000000000	0.00000000000000
32.639999389648	0.61808812618256	0.30175742506981	65.000000000000	0.00000000000000
32.650001525879	0.61860775947571	0.30153816938400	65.000000000000	0.00000000000000
32.659999847412	0.61912614107132	0.30131864547729	65.000000000000	0.00000000000000
32.669998168945	0.61964333057404	0.30109882354736	65.000000000000	0.00000000000000
32.680000305176	0.62015938758850	0.30087879300117	65.000000000000	0.00000000000000
32.689998626709	0.62067419290543	0.30065849423409	65.000000000000	0.00000000000000
32.700000762939	0.62118768692017	0.30043789744377	65.000000000000	0.00000000000000
32.709999084473	0.62170004844666	0.30021712183952	65.000000000000	0.00000000000000
32.720001220703	0.62221121788025	0.29999604821205	65.000000000000	0.00000000000000
32.729999542236	0.62272107601166	0.29977473616600	65.000000000000	0.00000000000000
32.740001678467	0.62322992086411	0.29955321550369	65.000000000000	0.00000000000000
32.750000000000	0.62373745441437	0.29933142662048	65.000000000000	0.00000000000000
32.759998321533	0.62424373626709	0.29910942912102	65.000000000000	0.00000000000000
32.770000457764	0.62474894523621	0.29888716340065	65.000000000000	0.00000000000000
32.779998779297	0.62525290250778	0.29866468906403	65.000000000000	0.00000000000000
32.790000915527	0.62575572729111	0.29844197630882	65.000000000000	0.00000000000000
32.799999237061	0.62625724077225	0.29821908473969	65.000000000000	0.00000000000000
32.810001373291	0.62675774097443	0.29799592494965	65.000000000000	0.00000000000000
32.819999694824	0.62725704908371	0.29777252674103	65.000000000000	0.00000000000000
32.830001831055	0.62775504589081	0.29754891991615	65.000000000000	0.00000000000000
32.840000152588	0.62825202941895	0.29732513427734	65.000000000000	0.00000000000000
32.849998474121	0.62874782085419	0.29710111021996	65.000000000000	0.00000000000000
32.860000610352	0.62924242019653	0.29687690734863	65.000000000000	0.00000000000000
32.869998931885	0.62973582744598	0.29665246605873	65.000000000000	0.00000000000000
32.880001068115	0.63022816181183	0.29642781615257	65.000000000000	0.00000000000000
32.889999389648	0.63071924448013	0.29620298743248	65.000000000000	0.00000000000000
32.900001525879	0.63120925426483	0.29597795009613	65.000000000000	0.00000000000000
32.909999847412	0.63169819116592	0.29575270414352	65.000000000000	0.00000000000000
32.919998168945	0.63218581676483	0.29552724957466	65.000000000000	0.00000000000000
32.930000305176	0.63267248868942	0.29530167579651	65.000000000000	0.00000000000000
32.939998626709	0.63315784931183	0.29507583379745	65.000000000000	0.00000000000000
32.950000762939	0.63364213705063	0.29484984278679	65.000000000000	0.00000000000000
32.959999084473	0.63412529230118	0.29462364315987	65.000000000000	0.00000000000000
32.970001220703	0.63460743427277	0.29439729452133	65.000000000000	0.00000000000000
32.979999542236	0.63508832454681	0.29417076706886	65.000000000000	0.00000000000000
32.990001678467	0.63556814193726	0.29394400119781	65.000000000000	0.00000000000000
33.000000000000	0.63604682683945	0.29371711611748	65.000000000000	0.00000000000000
33.009998321533	0.63652443885803	0.29349005222321	65.000000000000	0.00000000000000
33.020000457764	0.63700091838837	0.29326277971268	65.000000000000	0.00000000000000
33.029998779297	0.63747626543045	0.29303535819054	65.000000000000	0.00000000000000
33.040000915527	0.63795053958893	0.29280775785446	65.000000000000	0.00000000000000
33.049999237061	0.63842374086380	0.29258003830910	65.000000000000	0.00000000000000
33.060001373291	0.63889575004578	0.29235211014748	65.000000000000	0.00000000000000
33.069999694824	0.63936674594879	0.29212403297424	65.000000000000	0.00000000000000
33.080001831055	0.63983666896820	0.29189580678940	65.000000000000	0.00000000000000
33.090000152588	0.64030551910400	0.29166740179062	65.000000000000	0.00000000000000
33.099998474121	0.64077317714691	0.29143884778023	65.000000000000	0.00000000000000
33.110000610352	0.64123982191086	0.29121014475822	65.000000000000	0.00000000000000
33.119998931885	0.64170539379120	0.29098129272461	65.000000000000	0.00000000000000
33.130001068115	0.64216989278793	0.29075232148170	65.000000000000	0.00000000000000
33.139999389648	0.64263331890106	0.29052314162254	65.000000000000	0.00000000000000
33.150001525879	0.64309567213058	0.29029384255409	65.000000000000	0.00000000000000
33.159999847412	0.64355695247650	0.29006439447403	65.000000000000	0.00000000000000
33.169998168945	0.64401721954346	0.28983485698700	65.000000000000	0.00000000000000
33.180000305176	0.64447635412216	0.28960514068604	65.000000000000	0.00000000000000
33.189998626709	0.64493447542191	0.28937527537346	65.000000000000	0.00000000000000
33.200000762939	0.64539146423340	0.28914532065392	65.000000000000	0.00000000000000
33.209999084473	0.64584749937057	0.28891515731812	65.000000000000	0.00000000000000
33.220001220703	0.64630246162415	0.28868490457535	65.000000000000	0.00000000000000
33.229999542236	0.64675635099411	0.28845453262329	65.000000000000	0.00000000000000
33.240001678467	0.64720928668976	0.28822404146194	65.000000000000	0.00000000000000
33.250000000000	0.64766108989716	0.28799337148666	65.000000000000	0.00000000000000
33.259998321533	0.64811193943024	0.28776264190674	65.000000000000	0.00000000000000
33.270000457764	0.64856165647507	0.28753173351288	65.000000000000	0.00000000000000
33.279998779297	0.64901041984558	0.28730070590973	65.000000000000	0.00000000000000
33.290000915527	0.64945811033249	0.28706958889961	65.000000000000	0.00000000000000
33.299999237061	0.64990478754044	0.28683832287788	65.000000000000	0.00000000000000
33.310001373291	0.65035045146942	0.28660699725151	65.000000000000	0.00000000000000
33.319999694824	0.65079510211945	0.28637549281120	65.000000000000	0.00000000000000
33.330001831055	0.65123879909515	0.28614389896393	65.000000000000	0.00000000000000
33.340000152588	0.65168142318726	0.28591218590736	65.000000000000	0.00000000000000
33.349998474121	0.65212303400040	0.28568038344383	65.000000000000	0.00000000000000
33.360000610352	0.65256369113922	0.28544846177101	65.000000000000	0.00000000000000
33.369998931885	0.65300321578979	0.28521645069122	65.000000000000	0.00000000000000
33.380001068115	0.65344184637070	0.28498429059982	65.000000000000	0.00000000000000
33.389999389648	0.65387952327728	0.28475207090378	65.000000000000	0.00000000000000
33.400001525879	0.65431606769562	0.28451970219612	65.000000000000	0.00000000000000
33.409999847412	0.65475177764893	0.28428727388382	65.000000000000	0.00000000000000
33.419998168945	0.65518635511398	0.28405469655991	65.000000000000	0.00000000000000
33.430000305176	0.65562003850937	0.28382208943367	65.000000000000	0.00000000000000
33.439998626709	0.65605270862579	0.28358936309814	65.000000000000	0.00000000000000
33.450000762939	0.65648442506790	0.28335651755333	65.000000000000	0.00000000000000
33.459999084473	0.65691512823105	0.28312355279922	65.000000000000	0.00000000000000
33.470001220703	0.65734487771988	0.28289052844048	65.000000000000	0.00000000000000
33.479999542236	0.65777361392975	0.28265744447708	65.000000000000	0.00000000000000
33.490001678467	0.65820151567459	0.28242424130440	65.000000000000	0.00000000000000
33.500000000000	0.65862828493118	0.28219094872475	65.000000000000	0.00000000000000
33.509998321533	0.65905410051346	0.28195756673813	65.000000000000	0.00000000000000
33.520000457764	0.65947908163071	0.28172409534454	65.000000000000	0.00000000000000
33.529998779297	0.65990304946899	0.28149053454399	65.000000000000	0.00000000000000
33.540000915527	0.66032606363297	0.28125688433647	65.000000000000	0.00000000000000
33.549999237061	0.66074812412262	0.28102317452431	65.000000000000	0.00000000000000
33.560001373291	0.66116923093796	0.28078934550285	65.000000000000	0.00000000000000
33.569999694824	0.66158938407898	0.28055548667908	65.000000000000	0.00000000000000
33.580001831055	0.66200858354568	0.28032153844833	65.000000000000	0.00000000000000
33.590000152588	0.66242688894272	0.28008750081062	65.000000000000	0.00000000000000
33.599998474121	0.66284406185150	0.27985334396362	65.000000000000	0.00000000000000
33.610000610352	0.66326057910919	0.27961921691895	65.000000000000	0.00000000000000
33.619998931885	0.66367602348328	0.27938491106033	65.000000000000	0.00000000000000
33.630001068115	0.66409051418304	0.27915054559708	65.000000000000	0.00000000000000
33.639999389648	0.66450417041779	0.27891615033150	65.000000000000	0.00000000000000
33.650001525879	0.66491681337357	0.27868166565895	65.000000000000	0.00000000000000
33.659999847412	0.66532856225967	0.27844709157944	65.000000000000	0.00000000000000
33.669998168945	0.66573941707611	0.27821251749992	65.000000000000	0.00000000000000
33.680000305176	0.66614931821823	0.27797779440880	65.000000000000	0.00000000000000
33.689998626709	0.66655826568604	0.27774307131767	65.000000000000	0.00000000000000
33.700000762939	0.66696637868881	0.27750822901726	65.000000000000	0.00000000000000
33.709999084473	0.66737347841263	0.27727332711220	65.000000000000	0.00000000000000
33.720001220703	0.66777980327606	0.27703836560249	65.000000000000	0.00000000000000
33.729999542236	0.66818511486053	0.27680334448814	65.000000000000	0.00000000000000
33.740001678467	0.66858953237534	0.27656826376915	65.000000000000	0.00000000000000
33.750000000000	0.66899311542511	0.27633312344551	65.000000000000	0.00000000000000
33.759998321533	0.66939580440521	0.27609795331955	65.000000000000	0.00000000000000
33.770000457764	0.66979753971100	0.27586266398430	65.000000000000	0.00000000000000
33.779998779297	0.67019844055176	0.27562737464905	65.000000000000	0.00000000000000
33.790000915527	0.67059832811356	0.27539196610451	65.000000000000	0.00000000000000
33.799999237061	0.67099744081497	0.27515652775764	65.000000000000	0.00000000000000
33.810001373291	0.67139559984207	0.27492102980614	65.000000000000	0.00000000000000
33.819999694824	0.67179292440414	0.27468547224998	65.000000000000	0.00000000000000
33.830001831055	0.67218935489655	0.27444991469383	65.000000000000	0.00000000000000
33.840000152588	0.67258483171463	0.27421423792839	65.000000000000	0.00000000000000
33.849998474121	0.67297947406769	0.27397853136063	65.000000000000	0.00000000000000
33.860000610352	0.67337328195572	0.27374279499054	65.000000000000	0.00000000000000
33.869998931885	0.67376619577408	0.27350696921349	65.000000000000	0.00000000000000
33.880001068115	0.67415821552277	0.27327114343643	65.000000000000	0.00000000000000
33.889999389648	0.67454940080643	0.27303522825241	65.000000000000	0.00000000000000
33.900001525879	0.67493975162506	0.27279925346375	65.000000000000	0.00000000000000
33.909999847412	0.67532908916473	0.27256324887276	65.000000000000	0.00000000000000
33.919998168945	0.67571771144867	0.27232721447945	65.000000000000	0.00000000000000
33.930000305176	0.67610543966293	0.27209112048149	65.000000000000	0.00000000000000
33.939998626709	0.67649221420288	0.27185496687889	65.000000000000	0.00000000000000
33.950000762939	0.67687827348709	0.27161875367165	65.000000000000	0.00000000000000
33.959999084473	0.67726337909698	0.27138254046440	65.000000000000	0.00000000000000
33.970001220703	0.67764770984650	0.27114626765251	65.000000000000	0.00000000000000
33.979999542236	0.67803114652634	0.27090993523598	65.000000000000	0.00000000000000
33.990001678467	0.67841368913651	0.27067363262177	65.000000000000	0.00000000000000
34.000000000000	0.67879545688629	0.27043721079826	65.000000000000	0.00000000000000
34.009998321533	0.67917633056641	0.27020075917244	65.000000000000	0.00000000000000
34.020000457764	0.67955636978149	0.26996427774429	65.000000000000	0.00000000000000
34.029998779297	0.67993563413620	0.26972779631615	65.000000000000	0.00000000000000
34.040000915527	0.68031394481659	0.26949122548103	65.000000000000	0.00000000000000
34.049999237061	0.68069148063660	0.26925462484360	65.000000000000	0.00000000000000
34.060001373291	0.68106818199158	0.26901799440384	65.000000000000	0.00000000000000
34.069999694824	0.68144410848618	0.26878133416176	65.000000000000	0.00000000000000
34.080001831055	0.68181908130646	0.26854461431503	65.000000000000	0.00000000000000
34.090000152588	0.68219327926636	0.26830789446831	65.000000000000	0.00000000000000
34.099998474121	0.68256670236588	0.26807114481926	65.000000000000	0.00000000000000
34.110000610352	0.68293923139572	0.26783430576324	65.000000000000	0.00000000000000
34.119998931885	0.68331092596054	0.26759746670723	65.000000000000	0.00000000000000
34.130001068115	0.68368184566498	0.26736059784889	65.000000000000	0.00000000000000
34.139999389648	0.68405193090439	0.26712372899055	65.000000000000	0.00000000000000
34.150001525879	0.68442124128342	0.26688680052757	65.000000000000	0.00000000000000
34.159999847412	0.68478965759277	0.26664984226227	65.000000000000	0.00000000000000
34.169998168945	0.68515723943710	0.26641285419464	65.000000000000	0.00000000000000
34.180000305176	0.68552410602570	0.26617583632469	65.000000000000	0.00000000000000
34.189998626709	0.68589007854462	0.26593878865242	65.000000000000	0.00000000000000
34.200000762939	0.68625533580780	0.26570171117783	65.000000000000	0.00000000000000
34.209999084473	0.68661969900131	0.26546460390091	65.000000000000	0.00000000000000
34.220001220703	0.68698328733444	0.26522749662399	65.000000000000	0.00000000000000
34.229999542236	0.68734616041183	0.26499024033546	65.000000000000	0.00000000000000
34.240001678467	0.68770807981491	0.26475319266319	65.000000000000	0.00000000000000
34.250000000000	0.68806910514832	0.26451629400253	65.000000000000	0.00000000000000
34.259998321533	0.68842953443527	0.26427888870239	65.000000000000	0.00000000000000
34.270000457764	0.68878912925720	0.26404166221619	65.000000000000	0.00000000000000
34.279998779297	0.68914788961411	0.26380458474159	65.000000000000	0.00000000000000
34.290000915527	0.68950605392456	0.26356670260429	65.000000000000	0.00000000000000
34.299999237061	0.68986302614212	0.26332995295525	65.000000000000	0.00000000000000
34.310001373291	0.69021946191788	0.26309239864349	65.000000000000	0.00000000000000
34.319999694824	0.69057506322861	0.26285502314568	65.000000000000	0.00000000000000
34.330001831055	0.69092977046967	0.26261782646179	65.000000000000	0.00000000000000
34.340000152588	0.69128382205963	0.26238048076630	65.000000000000	0.00000000000000
34.349998474121	0.69163721799850	0.26214265823364	65.000000000000	0.00000000000000
34.360000610352	0.69198960065842	0.26190534234047	65.000000000000	0.00000000000000
34.369998931885	0.69234114885330	0.26166820526123	65.000000000000	0.00000000000000
34.380001068115	0.69269204139709	0.26143059134483	65.000000000000	0.00000000000000
34.389999389648	0.69304209947586	0.26119312644005	65.000000000000	0.00000000000000
34.400001525879	0.69339150190353	0.26095569133759	65.000000000000	0.00000000000000
34.409999847412	0.69373995065689	0.26071816682816	65.000000000000	0.00000000000000
34.419998168945	0.69408774375916	0.26048070192337	65.000000000000	0.00000000000000
34.430000305176	0.69443470239639	0.26024317741394	65.000000000000	0.00000000000000
34.439998626709	0.69478094577789	0.26000568270683	65.000000000000	0.00000000000000
34.450000762939	0.69512635469437	0.25976815819740	65.000000000000	0.00000000000000
34.459999084473	0.69547098875046	0.25953063368797	65.000000000000	0.00000000000000
34.470001220703	0.69581484794617	0.25929307937622	65.000000000000	0.00000000000000
34.479999542236	0.69615799188614	0.25905552506447	65.000000000000	0.00000000000000
34.490001678467	0.69650036096573	0.25881797075272	65.000000000000	0.00000000000000
34.500000000000	0.69684189558029	0.25858041644096	65.000000000000	0.00000000000000
34.509998321533	0.69718265533447	0.25834286212921	65.000000000000	0.00000000000000
34.520000457764	0.69752275943756	0.25810527801514	65.000000000000	0.00000000000000
34.529998779297	0.69786208868027	0.25786772370338	65.000000000000	0.00000000000000
34.540000915527	0.69820058345795	0.25763013958931	65.000000000000	0.00000000000000
34.549999237061	0.69853824377060	0.25739258527756	65.000000000000	0.00000000000000
34.560001373291	0.69887530803680	0.25715500116348	65.000000000000	0.00000000000000
34.569999694824	0.69921153783798	0.25691744685173	65.000000000000	0.00000000000000
34.580001831055	0.69954705238342	0.25667986273766	65.000000000000	0.00000000000000
34.590000152588	0.69988173246384	0.25644227862358	65.000000000000	0.00000000000000
34.599998474121	0.70021569728851	0.25620469450951	65.000000000000	0.00000000000000
34.610000610352	0.70054888725281	0.25596719980240	65.000000000000	0.00000000000000
34.619998931885	0.70088142156601	0.25572964549065	65.000000000000	0.00000000000000
34.630001068115	0.70121312141418	0.25549206137657	65.000000000000	0.00000000000000
34.639999389648	0.70154410600662	0.25525453686714	65.000000000000	0.00000000000000
34.650001525879	0.70187425613403	0.25501698255539	65.000000000000	0.00000000000000
34.659999847412	0.70220375061035	0.25477948784828	65.000000000000	0.00000000000000
34.669998168945	0.70253241062164	0.25454193353653	65.000000000000	0.00000000000000
34.680000305176	0.70286035537720	0.25430446863174	65.000000000000	0.00000000000000
34.689998626709	0.70318758487701	0.25406697392464	65.000000000000	0.00000000000000
34.700000762939	0.70351403951645	0.25382950901985	65.000000000000	0.00000000000000
34.709999084473	0.70383977890015	0.25359204411507	65.000000000000	0.00000000000000
34.720001220703	0.70416474342346	0.25335454940796	65.000000000000	0.00000000000000
34.729999542236	0.70448905229568	0.25311717391014	65.000000000000	0.00000000000000
34.740001678467	0.70481252670288	0.25287976861000	65.000000000000	0.00000000000000
34.750000000000	0.70513522624969	0.25264233350754	65.000000000000	0.00000000000000
34.759998321533	0.70545721054077	0.25240495800972	65.000000000000	0.00000000000000
34.770000457764	0.70577859878540	0.25216761231422	65.000000000000	0.00000000000000
34.779998779297	0.70609909296036	0.25193032622337	65.000000000000	0.00000000000000
34.790000915527	0.70641887187958	0.25169298052788	65.000000000000	0.00000000000000
34.799999237061	0.70673793554306	0.25145569443703	65.000000000000	0.00000000000000
34.810001373291	0.70705634355545	0.25121846795082	65.000000000000	0.00000000000000
34.819999694824	0.70737391710281	0.25098124146461	65.000000000000	0.00000000000000
34.830001831055	0.70769083499908	0.25074401497841	65.000000000000	0.00000000000000
34.840000152588	0.70800691843033	0.25050684809685	65.000000000000	0.00000000000000
34.849998474121	0.70832234621048	0.25026971101761	65.000000000000	0.00000000000000
34.860000610352	0.70863705873489	0.25003260374069	65.000000000000	0.00000000000000
34.869998931885	0.70895099639893	0.24979551136494	65.000000000000	0.00000000000000
34.880001068115	0.70926427841187	0.24955847859383	65.000000000000	0.00000000000000
34.889999389648	0.70957678556442	0.24932150542736	65.000000000000	0.00000000000000
34.900001525879	0.70988851785660	0.24908451735973	65.000000000000	0.00000000000000
34.909999847412	0.71019965410233	0.24884761869907	65.000000000000	0.00000000000000
34.919998168945	0.71051001548767	0.24861073493958	65.000000000000	0.00000000000000
34.930000305176	0.71081960201263	0.24837388098240	65.000000000000	0.00000000000000
34.939998626709	0.71112847328186	0.24813708662987	65.000000000000	0.00000000000000
34.950000762939	0.71143662929535	0.24790033698082	65.000000000000	0.00000000000000
34.959999084473	0.71174412965775	0.24766361713409	65.000000000000	0.00000000000000
34.970001220703	0.71205085515976	0.24742695689201	65.000000000000	0.00000000000000
34.979999542236	0.71235692501068	0.24719037115574	65.000000000000	0.00000000000000
34.990001678467	0.71266222000122	0.24695380032063	65.000000000000	0.00000000000000
35.000000000000	0.71296685934067	0.24671727418900	65.000000000000	0.00000000000000
