#Parameters = {d=0.20464824120603; l2=4.0929648241206; lambda=8.1859296482412; r=0.027578396984925}
#"Frequency / GHz"	"S1,1 (lambda=8.18593) [Re]"	"S1,1 (lambda=8.18593) [Im]"	"Ref.Imp. [Re]"	"Ref.Imp. [Im]"
#-----------------------------------------------------------------------------------------------------------
25.000000000000	0.67379570007324	-0.58418112993240	65.000000000000	0.00000000000000
25.010000228882	0.67303758859634	-0.58453387022018	65.000000000000	0.00000000000000
25.020000457764	0.67227733135223	-0.58488607406616	65.000000000000	0.00000000000000
25.030000686646	0.67151510715485	-0.58523768186569	65.000000000000	0.00000000000000
25.040000915527	0.67075079679489	-0.58558869361877	65.000000000000	0.00000000000000
25.049999237061	0.66998457908630	-0.58593904972076	65.000000000000	0.00000000000000
25.059999465942	0.66921627521515	-0.58628892898560	65.000000000000	0.00000000000000
25.069999694824	0.66844570636749	-0.58663815259933	65.000000000000	0.00000000000000
25.079999923706	0.66767323017120	-0.58698672056198	65.000000000000	0.00000000000000
25.090000152588	0.66689878702164	-0.58733463287354	65.000000000000	0.00000000000000
25.100000381470	0.66612207889557	-0.58768194913864	65.000000000000	0.00000000000000
25.110000610352	0.66534340381622	-0.58802849054337	65.000000000000	0.00000000000000
25.120000839233	0.66456270217896	-0.58837449550629	65.000000000000	0.00000000000000
25.129999160767	0.66377985477448	-0.58871972560883	65.000000000000	0.00000000000000
25.139999389648	0.66299480199814	-0.58906430006027	65.000000000000	0.00000000000000
25.149999618530	0.66220778226852	-0.58940809965134	65.000000000000	0.00000000000000
25.159999847412	0.66141873598099	-0.58975124359131	65.000000000000	0.00000000000000
25.170000076294	0.66062760353088	-0.59009361267090	65.000000000000	0.00000000000000
25.180000305176	0.65983438491821	-0.59043526649475	65.000000000000	0.00000000000000
25.190000534058	0.65903890132904	-0.59077614545822	65.000000000000	0.00000000000000
25.200000762939	0.65824145078659	-0.59111624956131	65.000000000000	0.00000000000000
25.209999084473	0.65744191408157	-0.59145557880402	65.000000000000	0.00000000000000
25.219999313354	0.65664011240005	-0.59179407358170	65.000000000000	0.00000000000000
25.229999542236	0.65583652257919	-0.59213179349899	65.000000000000	0.00000000000000
25.239999771118	0.65503048896790	-0.59246873855591	65.000000000000	0.00000000000000
25.250000000000	0.65422254800797	-0.59280478954315	65.000000000000	0.00000000000000
25.260000228882	0.65341246128082	-0.59314006567001	65.000000000000	0.00000000000000
25.270000457764	0.65260022878647	-0.59347444772720	65.000000000000	0.00000000000000
25.280000686646	0.65178585052490	-0.59380793571472	65.000000000000	0.00000000000000
25.290000915527	0.65096938610077	-0.59414058923721	65.000000000000	0.00000000000000
25.299999237061	0.65015089511871	-0.59447240829468	65.000000000000	0.00000000000000
25.309999465942	0.64933013916016	-0.59480321407318	65.000000000000	0.00000000000000
25.319999694824	0.64850735664368	-0.59513324499130	65.000000000000	0.00000000000000
25.329999923706	0.64768236875534	-0.59546226263046	65.000000000000	0.00000000000000
25.340000152588	0.64685529470444	-0.59579044580460	65.000000000000	0.00000000000000
25.350000381470	0.64602613449097	-0.59611755609512	65.000000000000	0.00000000000000
25.360000610352	0.64519482851028	-0.59644383192062	65.000000000000	0.00000000000000
25.370000839233	0.64436143636703	-0.59676909446716	65.000000000000	0.00000000000000
25.379999160767	0.64352583885193	-0.59709334373474	65.000000000000	0.00000000000000
25.389999389648	0.64268821477890	-0.59741669893265	65.000000000000	0.00000000000000
25.399999618530	0.64184844493866	-0.59773898124695	65.000000000000	0.00000000000000
25.409999847412	0.64100641012192	-0.59806036949158	65.000000000000	0.00000000000000
25.420000076294	0.64016246795654	-0.59838062524796	65.000000000000	0.00000000000000
25.430000305176	0.63931614160538	-0.59869986772537	65.000000000000	0.00000000000000
25.440000534058	0.63846778869629	-0.59901809692383	65.000000000000	0.00000000000000
25.450000762939	0.63761758804321	-0.59933525323868	65.000000000000	0.00000000000000
25.459999084473	0.63676476478577	-0.59965151548386	65.000000000000	0.00000000000000
25.469999313354	0.63591027259827	-0.59996628761292	65.000000000000	0.00000000000000
25.479999542236	0.63505315780640	-0.60028052330017	65.000000000000	0.00000000000000
25.489999771118	0.63419437408447	-0.60059320926666	65.000000000000	0.00000000000000
25.500000000000	0.63333326578140	-0.60090494155884	65.000000000000	0.00000000000000
25.510000228882	0.63246959447861	-0.60121601819992	65.000000000000	0.00000000000000
25.520000457764	0.63160449266434	-0.60152524709702	65.000000000000	0.00000000000000
25.530000686646	0.63073706626892	-0.60183346271515	65.000000000000	0.00000000000000
25.540000915527	0.62986707687378	-0.60214108228683	65.000000000000	0.00000000000000
25.549999237061	0.62899565696716	-0.60244679450989	65.000000000000	0.00000000000000
25.559999465942	0.62812137603760	-0.60275202989578	65.000000000000	0.00000000000000
25.569999694824	0.62724566459656	-0.60305547714233	65.000000000000	0.00000000000000
25.579999923706	0.62636733055115	-0.60335814952850	65.000000000000	0.00000000000000
25.590000152588	0.62548702955246	-0.60365951061249	65.000000000000	0.00000000000000
25.600000381470	0.62460434436798	-0.60395979881287	65.000000000000	0.00000000000000
25.610000610352	0.62372004985809	-0.60425841808319	65.000000000000	0.00000000000000
25.620000839233	0.62283313274384	-0.60455638170242	65.000000000000	0.00000000000000
25.629999160767	0.62194454669952	-0.60485261678696	65.000000000000	0.00000000000000
25.639999389648	0.62105357646942	-0.60514777898788	65.000000000000	0.00000000000000
25.649999618530	0.62016034126282	-0.60544186830521	65.000000000000	0.00000000000000
25.659999847412	0.61926513910294	-0.60573452711105	65.000000000000	0.00000000000000
25.670000076294	0.61836791038513	-0.60602581501007	65.000000000000	0.00000000000000
25.680000305176	0.61746805906296	-0.60631620883942	65.000000000000	0.00000000000000
25.690000534058	0.61656647920609	-0.60660499334335	65.000000000000	0.00000000000000
25.700000762939	0.61566269397736	-0.60689258575439	65.000000000000	0.00000000000000
25.709999084473	0.61475718021393	-0.60717839002609	65.000000000000	0.00000000000000
25.719999313354	0.61384898424149	-0.60746341943741	65.000000000000	0.00000000000000
25.729999542236	0.61293888092041	-0.60774689912796	65.000000000000	0.00000000000000
25.739999771118	0.61202651262283	-0.60802924633026	65.000000000000	0.00000000000000
25.750000000000	0.61111205816269	-0.60831004381180	65.000000000000	0.00000000000000
25.760000228882	0.61019569635391	-0.60858941078186	65.000000000000	0.00000000000000
25.770000457764	0.60927695035934	-0.60886752605438	65.000000000000	0.00000000000000
25.780000686646	0.60835629701614	-0.60914421081543	65.000000000000	0.00000000000000
25.790000915527	0.60743331909180	-0.60941940546036	65.000000000000	0.00000000000000
25.799999237061	0.60650837421417	-0.60969328880310	65.000000000000	0.00000000000000
25.809999465942	0.60558122396469	-0.60996574163437	65.000000000000	0.00000000000000
25.819999694824	0.60465216636658	-0.61023676395416	65.000000000000	0.00000000000000
25.829999923706	0.60372066497803	-0.61050635576248	65.000000000000	0.00000000000000
25.840000152588	0.60278725624084	-0.61077445745468	65.000000000000	0.00000000000000
25.850000381470	0.60185164213181	-0.61104118824005	65.000000000000	0.00000000000000
25.860000610352	0.60091406106949	-0.61130636930466	65.000000000000	0.00000000000000
25.870000839233	0.59997427463531	-0.61157017946243	65.000000000000	0.00000000000000
25.879999160767	0.59903240203857	-0.61183238029480	65.000000000000	0.00000000000000
25.889999389648	0.59808826446533	-0.61209315061569	65.000000000000	0.00000000000000
25.899999618530	0.59714215993881	-0.61235249042511	65.000000000000	0.00000000000000
25.909999847412	0.59619390964508	-0.61261022090912	65.000000000000	0.00000000000000
25.920000076294	0.59524363279343	-0.61286646127701	65.000000000000	0.00000000000000
25.930000305176	0.59429121017456	-0.61312115192413	65.000000000000	0.00000000000000
25.940000534058	0.59333664178848	-0.61337435245514	65.000000000000	0.00000000000000
25.950000762939	0.59237986803055	-0.61362594366074	65.000000000000	0.00000000000000
25.959999084473	0.59142100811005	-0.61387598514557	65.000000000000	0.00000000000000
25.969999313354	0.59046024084091	-0.61412447690964	65.000000000000	0.00000000000000
25.979999542236	0.58949720859528	-0.61437135934830	65.000000000000	0.00000000000000
25.989999771118	0.58853220939636	-0.61461663246155	65.000000000000	0.00000000000000
26.000000000000	0.58756494522095	-0.61486041545868	65.000000000000	0.00000000000000
26.010000228882	0.58659571409225	-0.61510241031647	65.000000000000	0.00000000000000
26.020000457764	0.58562439680099	-0.61534297466278	65.000000000000	0.00000000000000
26.030000686646	0.58465081453323	-0.61558181047440	65.000000000000	0.00000000000000
26.040000915527	0.58367532491684	-0.61581903696060	65.000000000000	0.00000000000000
26.049999237061	0.58269768953323	-0.61605459451675	65.000000000000	0.00000000000000
26.059999465942	0.58171784877777	-0.61628860235214	65.000000000000	0.00000000000000
26.069999694824	0.58073610067368	-0.61652082204819	65.000000000000	0.00000000000000
26.079999923706	0.57975202798843	-0.61675137281418	65.000000000000	0.00000000000000
26.090000152588	0.57876610755920	-0.61698031425476	65.000000000000	0.00000000000000
26.100000381470	0.57777786254883	-0.61720752716064	65.000000000000	0.00000000000000
26.110000610352	0.57678776979446	-0.61743301153183	65.000000000000	0.00000000000000
26.120000839233	0.57579535245895	-0.61765682697296	65.000000000000	0.00000000000000
26.129999160767	0.57480090856552	-0.61787891387939	65.000000000000	0.00000000000000
26.139999389648	0.57380443811417	-0.61809927225113	65.000000000000	0.00000000000000
26.149999618530	0.57280582189560	-0.61831790208817	65.000000000000	0.00000000000000
26.159999847412	0.57180529832840	-0.61853474378586	65.000000000000	0.00000000000000
26.170000076294	0.57080245018005	-0.61874985694885	65.000000000000	0.00000000000000
26.180000305176	0.56979769468307	-0.61896318197250	65.000000000000	0.00000000000000
26.190000534058	0.56879079341888	-0.61917471885681	65.000000000000	0.00000000000000
26.200000762939	0.56778180599213	-0.61938452720642	65.000000000000	0.00000000000000
26.209999084473	0.56677079200745	-0.61959248781204	65.000000000000	0.00000000000000
26.219999313354	0.56575763225555	-0.61979866027832	65.000000000000	0.00000000000000
26.229999542236	0.56474244594574	-0.62000304460526	65.000000000000	0.00000000000000
26.239999771118	0.56372505426407	-0.62020552158356	65.000000000000	0.00000000000000
26.250000000000	0.56270569562912	-0.62040621042252	65.000000000000	0.00000000000000
26.260000228882	0.56168419122696	-0.62060505151749	65.000000000000	0.00000000000000
26.270000457764	0.56066083908081	-0.62080210447311	65.000000000000	0.00000000000000
26.280000686646	0.55963522195816	-0.62099719047546	65.000000000000	0.00000000000000
26.290000915527	0.55860763788223	-0.62119042873383	65.000000000000	0.00000000000000
26.299999237061	0.55757784843445	-0.62138181924820	65.000000000000	0.00000000000000
26.309999465942	0.55654597282410	-0.62157130241394	65.000000000000	0.00000000000000
26.319999694824	0.55551213026047	-0.62175887823105	65.000000000000	0.00000000000000
26.329999923706	0.55447626113892	-0.62194454669952	65.000000000000	0.00000000000000
26.340000152588	0.55343824625015	-0.62212830781937	65.000000000000	0.00000000000000
26.350000381470	0.55239820480347	-0.62231016159058	65.000000000000	0.00000000000000
26.360000610352	0.55135595798492	-0.62248998880386	65.000000000000	0.00000000000000
26.370000839233	0.55031186342239	-0.62266790866852	65.000000000000	0.00000000000000
26.379999160767	0.54926562309265	-0.62284386157990	65.000000000000	0.00000000000000
26.389999389648	0.54821723699570	-0.62301784753799	65.000000000000	0.00000000000000
26.399999618530	0.54716682434082	-0.62318986654282	65.000000000000	0.00000000000000
26.409999847412	0.54611444473267	-0.62335979938507	65.000000000000	0.00000000000000
26.420000076294	0.54505991935730	-0.62352788448334	65.000000000000	0.00000000000000
26.430000305176	0.54400354623795	-0.62369388341904	65.000000000000	0.00000000000000
26.440000534058	0.54294484853745	-0.62385779619217	65.000000000000	0.00000000000000
26.450000762939	0.54188418388367	-0.62401980161667	65.000000000000	0.00000000000000
26.459999084473	0.54082155227661	-0.62417966127396	65.000000000000	0.00000000000000
26.469999313354	0.53975677490234	-0.62433749437332	65.000000000000	0.00000000000000
26.479999542236	0.53868991136551	-0.62449330091476	65.000000000000	0.00000000000000
26.489999771118	0.53762102127075	-0.62464702129364	65.000000000000	0.00000000000000
26.500000000000	0.53655016422272	-0.62479859590530	65.000000000000	0.00000000000000
26.510000228882	0.53547722101212	-0.62494808435440	65.000000000000	0.00000000000000
26.520000457764	0.53440237045288	-0.62509560585022	65.000000000000	0.00000000000000
26.530000686646	0.53332531452179	-0.62524086236954	65.000000000000	0.00000000000000
26.540000915527	0.53224617242813	-0.62538403272629	65.000000000000	0.00000000000000
26.549999237061	0.53116512298584	-0.62552505731583	65.000000000000	0.00000000000000
26.559999465942	0.53008192777634	-0.62566393613815	65.000000000000	0.00000000000000
26.569999694824	0.52899670600891	-0.62580066919327	65.000000000000	0.00000000000000
26.579999923706	0.52790945768356	-0.62593525648117	65.000000000000	0.00000000000000
26.590000152588	0.52682018280029	-0.62606763839722	65.000000000000	0.00000000000000
26.600000381470	0.52572894096375	-0.62619787454605	65.000000000000	0.00000000000000
26.610000610352	0.52463567256927	-0.62632584571838	65.000000000000	0.00000000000000
26.620000839233	0.52354025840759	-0.62645161151886	65.000000000000	0.00000000000000
26.629999160767	0.52244281768799	-0.62657523155212	65.000000000000	0.00000000000000
26.639999389648	0.52134341001511	-0.62669646739960	65.000000000000	0.00000000000000
26.649999618530	0.52024197578430	-0.62681555747986	65.000000000000	0.00000000000000
26.659999847412	0.51913845539093	-0.62693238258362	65.000000000000	0.00000000000000
26.670000076294	0.51803290843964	-0.62704694271088	65.000000000000	0.00000000000000
26.680000305176	0.51692551374435	-0.62715923786163	65.000000000000	0.00000000000000
26.690000534058	0.51581579446793	-0.62726920843124	65.000000000000	0.00000000000000
26.700000762939	0.51470440626144	-0.62737685441971	65.000000000000	0.00000000000000
26.709999084473	0.51359081268311	-0.62748223543167	65.000000000000	0.00000000000000
26.719999313354	0.51247519254684	-0.62758535146713	65.000000000000	0.00000000000000
26.729999542236	0.51135748624802	-0.62768602371216	65.000000000000	0.00000000000000
26.739999771118	0.51023793220520	-0.62778437137604	65.000000000000	0.00000000000000
26.750000000000	0.50911629199982	-0.62788033485413	65.000000000000	0.00000000000000
26.760000228882	0.50799268484116	-0.62797397375107	65.000000000000	0.00000000000000
26.770000457764	0.50686711072922	-0.62806522846222	65.000000000000	0.00000000000000
26.780000686646	0.50573945045471	-0.62815409898758	65.000000000000	0.00000000000000
26.790000915527	0.50460970401764	-0.62824058532715	65.000000000000	0.00000000000000
26.799999237061	0.50347805023193	-0.62832456827164	65.000000000000	0.00000000000000
26.809999465942	0.50234431028366	-0.62840616703033	65.000000000000	0.00000000000000
26.819999694824	0.50120866298676	-0.62848532199860	65.000000000000	0.00000000000000
26.829999923706	0.50007104873657	-0.62856203317642	65.000000000000	0.00000000000000
26.840000152588	0.49893146753311	-0.62863624095917	65.000000000000	0.00000000000000
26.850000381470	0.49778991937637	-0.62870800495148	65.000000000000	0.00000000000000
26.860000610352	0.49664625525475	-0.62877732515335	65.000000000000	0.00000000000000
26.870000839233	0.49550056457520	-0.62884408235550	65.000000000000	0.00000000000000
26.879999160767	0.49435308575630	-0.62890833616257	65.000000000000	0.00000000000000
26.889999389648	0.49320349097252	-0.62897002696991	65.000000000000	0.00000000000000
26.899999618530	0.49205192923546	-0.62902915477753	65.000000000000	0.00000000000000
26.909999847412	0.49089843034744	-0.62908583879471	65.000000000000	0.00000000000000
26.920000076294	0.48974296450615	-0.62913990020752	65.000000000000	0.00000000000000
26.930000305176	0.48858547210693	-0.62919139862061	65.000000000000	0.00000000000000
26.940000534058	0.48742610216141	-0.62924021482468	65.000000000000	0.00000000000000
26.950000762939	0.48626467585564	-0.62928652763367	65.000000000000	0.00000000000000
26.959999084473	0.48510134220123	-0.62933021783829	65.000000000000	0.00000000000000
26.969999313354	0.48393598198891	-0.62937128543854	65.000000000000	0.00000000000000
26.979999542236	0.48276880383492	-0.62940967082977	65.000000000000	0.00000000000000
26.989999771118	0.48159956932068	-0.62944543361664	65.000000000000	0.00000000000000
27.000000000000	0.48042839765549	-0.62947851419449	65.000000000000	0.00000000000000
27.010000228882	0.47925519943237	-0.62950891256332	65.000000000000	0.00000000000000
27.020000457764	0.47808015346527	-0.62953662872314	65.000000000000	0.00000000000000
27.030000686646	0.47690317034721	-0.62956160306931	65.000000000000	0.00000000000000
27.040000915527	0.47572433948517	-0.62958389520645	65.000000000000	0.00000000000000
27.049999237061	0.47454339265823	-0.62960344552994	65.000000000000	0.00000000000000
27.059999465942	0.47336065769196	-0.62962025403976	65.000000000000	0.00000000000000
27.069999694824	0.47217592597008	-0.62963426113129	65.000000000000	0.00000000000000
27.079999923706	0.47098925709724	-0.62964552640915	65.000000000000	0.00000000000000
27.090000152588	0.46980077028275	-0.62965404987335	65.000000000000	0.00000000000000
27.100000381470	0.46861028671265	-0.62965971231461	65.000000000000	0.00000000000000
27.110000610352	0.46741777658463	-0.62966263294220	65.000000000000	0.00000000000000
27.120000839233	0.46622359752655	-0.62966263294220	65.000000000000	0.00000000000000
27.129999160767	0.46502730250359	-0.62965989112854	65.000000000000	0.00000000000000
27.139999389648	0.46382918953896	-0.62965422868729	65.000000000000	0.00000000000000
27.149999618530	0.46262919902802	-0.62964564561844	65.000000000000	0.00000000000000
27.159999847412	0.46142733097076	-0.62963426113129	65.000000000000	0.00000000000000
27.170000076294	0.46022361516953	-0.62961989641190	65.000000000000	0.00000000000000
27.180000305176	0.45901796221733	-0.62960267066956	65.000000000000	0.00000000000000
27.190000534058	0.45781034231186	-0.62958252429962	65.000000000000	0.00000000000000
27.200000762939	0.45660093426704	-0.62955945730209	65.000000000000	0.00000000000000
27.209999084473	0.45538979768753	-0.62953346967697	65.000000000000	0.00000000000000
27.219999313354	0.45417648553848	-0.62950450181961	65.000000000000	0.00000000000000
27.229999542236	0.45296165347099	-0.62947249412537	65.000000000000	0.00000000000000
27.239999771118	0.45174473524094	-0.62943744659424	65.000000000000	0.00000000000000
27.250000000000	0.45052605867386	-0.62939947843552	65.000000000000	0.00000000000000
27.260000228882	0.44930562376976	-0.62935853004456	65.000000000000	0.00000000000000
27.270000457764	0.44808319211006	-0.62931442260742	65.000000000000	0.00000000000000
27.280000686646	0.44685897231102	-0.62926733493805	65.000000000000	0.00000000000000
27.290000915527	0.44563293457031	-0.62921720743179	65.000000000000	0.00000000000000
27.299999237061	0.44440513849258	-0.62916392087936	65.000000000000	0.00000000000000
27.309999465942	0.44317528605461	-0.62910753488541	65.000000000000	0.00000000000000
27.319999694824	0.44194397330284	-0.62904816865921	65.000000000000	0.00000000000000
27.329999923706	0.44071060419083	-0.62898552417755	65.000000000000	0.00000000000000
27.340000152588	0.43947544693947	-0.62891983985901	65.000000000000	0.00000000000000
27.350000381470	0.43823856115341	-0.62885093688965	65.000000000000	0.00000000000000
27.360000610352	0.43700000643730	-0.62877881526947	65.000000000000	0.00000000000000
27.370000839233	0.43575954437256	-0.62870359420776	65.000000000000	0.00000000000000
27.379999160767	0.43451735377312	-0.62862521409988	65.000000000000	0.00000000000000
27.389999389648	0.43327322602272	-0.62854349613190	65.000000000000	0.00000000000000
27.399999618530	0.43202748894691	-0.62845861911774	65.000000000000	0.00000000000000
27.409999847412	0.43077996373177	-0.62837052345276	65.000000000000	0.00000000000000
27.420000076294	0.42953082919121	-0.62827914953232	65.000000000000	0.00000000000000
27.430000305176	0.42827975749969	-0.62818449735641	65.000000000000	0.00000000000000
27.440000534058	0.42702704668045	-0.62808650732040	65.000000000000	0.00000000000000
27.450000762939	0.42577248811722	-0.62798529863358	65.000000000000	0.00000000000000
27.459999084473	0.42451635003090	-0.62788075208664	65.000000000000	0.00000000000000
27.469999313354	0.42325842380524	-0.62777280807495	65.000000000000	0.00000000000000
27.479999542236	0.42199879884720	-0.62766152620316	65.000000000000	0.00000000000000
27.489999771118	0.42073759436607	-0.62754690647125	65.000000000000	0.00000000000000
27.500000000000	0.41947457194328	-0.62742894887924	65.000000000000	0.00000000000000
27.510000228882	0.41820999979973	-0.62730753421783	65.000000000000	0.00000000000000
27.520000457764	0.41694355010986	-0.62718272209167	65.000000000000	0.00000000000000
27.530000686646	0.41567558050156	-0.62705445289612	65.000000000000	0.00000000000000
27.540000915527	0.41440579295158	-0.62692284584045	65.000000000000	0.00000000000000
27.549999237061	0.41313454508781	-0.62678766250610	65.000000000000	0.00000000000000
27.559999465942	0.41186159849167	-0.62664908170700	65.000000000000	0.00000000000000
27.569999694824	0.41058683395386	-0.62650698423386	65.000000000000	0.00000000000000
27.579999923706	0.40931063890457	-0.62636137008667	65.000000000000	0.00000000000000
27.590000152588	0.40803280472755	-0.62621229887009	65.000000000000	0.00000000000000
27.600000381470	0.40675336122513	-0.62605959177017	65.000000000000	0.00000000000000
27.610000610352	0.40547230839729	-0.62590336799622	65.000000000000	0.00000000000000
27.620000839233	0.40418967604637	-0.62574362754822	65.000000000000	0.00000000000000
27.629999160767	0.40290531516075	-0.62558025121689	65.000000000000	0.00000000000000
27.639999389648	0.40161952376366	-0.62541335821152	65.000000000000	0.00000000000000
27.649999618530	0.40033218264580	-0.62524282932281	65.000000000000	0.00000000000000
27.659999847412	0.39904341101646	-0.62506854534149	65.000000000000	0.00000000000000
27.670000076294	0.39775285124779	-0.62489080429077	65.000000000000	0.00000000000000
27.680000305176	0.39646086096764	-0.62470936775208	65.000000000000	0.00000000000000
27.690000534058	0.39516726136208	-0.62452417612076	65.000000000000	0.00000000000000
27.700000762939	0.39387223124504	-0.62433528900146	65.000000000000	0.00000000000000
27.709999084473	0.39257571101189	-0.62414276599884	65.000000000000	0.00000000000000
27.719999313354	0.39127776026726	-0.62394642829895	65.000000000000	0.00000000000000
27.729999542236	0.38997831940651	-0.62374651432037	65.000000000000	0.00000000000000
27.739999771118	0.38867723941803	-0.62354266643524	65.000000000000	0.00000000000000
27.750000000000	0.38737484812737	-0.62333518266678	65.000000000000	0.00000000000000
27.760000228882	0.38607087731361	-0.62312388420105	65.000000000000	0.00000000000000
27.770000457764	0.38476568460464	-0.62290877103806	65.000000000000	0.00000000000000
27.780000686646	0.38345873355865	-0.62268984317780	65.000000000000	0.00000000000000
27.790000915527	0.38215050101280	-0.62246716022491	65.000000000000	0.00000000000000
27.799999237061	0.38084101676941	-0.62224048376083	65.000000000000	0.00000000000000
27.809999465942	0.37953004240990	-0.62201005220413	65.000000000000	0.00000000000000
27.819999694824	0.37821766734123	-0.62177574634552	65.000000000000	0.00000000000000
27.829999923706	0.37690395116806	-0.62153744697571	65.000000000000	0.00000000000000
27.840000152588	0.37558889389038	-0.62129539251328	65.000000000000	0.00000000000000
27.850000381470	0.37427249550819	-0.62104934453964	65.000000000000	0.00000000000000
27.860000610352	0.37295463681221	-0.62079930305481	65.000000000000	0.00000000000000
27.870000839233	0.37163558602333	-0.62054532766342	65.000000000000	0.00000000000000
27.879999160767	0.37031513452530	-0.62028741836548	65.000000000000	0.00000000000000
27.889999389648	0.36899355053902	-0.62002557516098	65.000000000000	0.00000000000000
27.899999618530	0.36767044663429	-0.61975955963135	65.000000000000	0.00000000000000
27.909999847412	0.36634621024132	-0.61948972940445	65.000000000000	0.00000000000000
27.920000076294	0.36502081155777	-0.61921572685242	65.000000000000	0.00000000000000
27.930000305176	0.36369395256042	-0.61893779039383	65.000000000000	0.00000000000000
27.940000534058	0.36236593127251	-0.61865568161011	65.000000000000	0.00000000000000
27.950000762939	0.36103674769402	-0.61836951971054	65.000000000000	0.00000000000000
27.959999084473	0.35970637202263	-0.61807930469513	65.000000000000	0.00000000000000
27.969999313354	0.35837486386299	-0.61778503656387	65.000000000000	0.00000000000000
27.979999542236	0.35704195499420	-0.61748653650284	65.000000000000	0.00000000000000
27.989999771118	0.35570812225342	-0.61718398332596	65.000000000000	0.00000000000000
28.000000000000	0.35437297821045	-0.61687719821930	65.000000000000	0.00000000000000
28.010000228882	0.35303670167923	-0.61656630039215	65.000000000000	0.00000000000000
28.020000457764	0.35169932246208	-0.61625111103058	65.000000000000	0.00000000000000
28.030000686646	0.35036087036133	-0.61593180894852	65.000000000000	0.00000000000000
28.040000915527	0.34902146458626	-0.61560833454132	65.000000000000	0.00000000000000
28.049999237061	0.34768086671829	-0.61528056859970	65.000000000000	0.00000000000000
28.059999465942	0.34633904695511	-0.61494863033295	65.000000000000	0.00000000000000
28.069999694824	0.34499636292458	-0.61461240053177	65.000000000000	0.00000000000000
28.079999923706	0.34365266561508	-0.61427181959152	65.000000000000	0.00000000000000
28.090000152588	0.34230777621269	-0.61392700672150	65.000000000000	0.00000000000000
28.100000381470	0.34096208214760	-0.61357790231705	65.000000000000	0.00000000000000
28.110000610352	0.33961525559425	-0.61322450637817	65.000000000000	0.00000000000000
28.120000839233	0.33826777338982	-0.61286669969559	65.000000000000	0.00000000000000
28.129999160767	0.33691918849945	-0.61250454187393	65.000000000000	0.00000000000000
28.139999389648	0.33556929230690	-0.61213827133179	65.000000000000	0.00000000000000
28.149999618530	0.33421882987022	-0.61176735162735	65.000000000000	0.00000000000000
28.159999847412	0.33286765217781	-0.61139196157455	65.000000000000	0.00000000000000
28.170000076294	0.33151519298553	-0.61101245880127	65.000000000000	0.00000000000000
28.180000305176	0.33016198873520	-0.61062842607498	65.000000000000	0.00000000000000
28.190000534058	0.32880780100822	-0.61023998260498	65.000000000000	0.00000000000000
28.200000762939	0.32745319604874	-0.60984688997269	65.000000000000	0.00000000000000
28.209999084473	0.32609736919403	-0.60944956541061	65.000000000000	0.00000000000000
28.219999313354	0.32474118471146	-0.60904753208160	65.000000000000	0.00000000000000
28.229999542236	0.32338371872902	-0.60864120721817	65.000000000000	0.00000000000000
28.239999771118	0.32202568650246	-0.60823041200638	65.000000000000	0.00000000000000
28.250000000000	0.32066702842712	-0.60781490802765	65.000000000000	0.00000000000000
28.260000228882	0.31930750608444	-0.60739499330521	65.000000000000	0.00000000000000
28.270000457764	0.31794711947441	-0.60697054862976	65.000000000000	0.00000000000000
28.280000686646	0.31658622622490	-0.60654157400131	65.000000000000	0.00000000000000
28.290000915527	0.31522473692894	-0.60610789060593	65.000000000000	0.00000000000000
28.299999237061	0.31386244297028	-0.60566973686218	65.000000000000	0.00000000000000
28.309999465942	0.31249967217445	-0.60522687435150	65.000000000000	0.00000000000000
28.319999694824	0.31113612651825	-0.60477954149246	65.000000000000	0.00000000000000
28.329999923706	0.30977210402489	-0.60432744026184	65.000000000000	0.00000000000000
28.340000152588	0.30840736627579	-0.60387074947357	65.000000000000	0.00000000000000
28.350000381470	0.30704218149185	-0.60340940952301	65.000000000000	0.00000000000000
28.360000610352	0.30567631125450	-0.60294348001480	65.000000000000	0.00000000000000
28.370000839233	0.30431032180786	-0.60247266292572	65.000000000000	0.00000000000000
28.379999160767	0.30294337868690	-0.60199731588364	65.000000000000	0.00000000000000
28.389999389648	0.30157577991486	-0.60151737928391	65.000000000000	0.00000000000000
28.399999618530	0.30020841956139	-0.60103231668472	65.000000000000	0.00000000000000
28.409999847412	0.29883992671967	-0.60054302215576	65.000000000000	0.00000000000000
28.420000076294	0.29747167229652	-0.60004860162735	65.000000000000	0.00000000000000
28.430000305176	0.29610255360603	-0.59954959154129	65.000000000000	0.00000000000000
28.440000534058	0.29473316669464	-0.59904581308365	65.000000000000	0.00000000000000
28.450000762939	0.29336327314377	-0.59853732585907	65.000000000000	0.00000000000000
28.459999084473	0.29199314117432	-0.59802395105362	65.000000000000	0.00000000000000
28.469999313354	0.29062253236771	-0.59750586748123	65.000000000000	0.00000000000000
28.479999542236	0.28925198316574	-0.59698277711868	65.000000000000	0.00000000000000
28.489999771118	0.28788098692894	-0.59645497798920	65.000000000000	0.00000000000000
28.500000000000	0.28650987148285	-0.59592223167419	65.000000000000	0.00000000000000
28.510000228882	0.28513833880424	-0.59538471698761	65.000000000000	0.00000000000000
28.520000457764	0.28376668691635	-0.59484237432480	65.000000000000	0.00000000000000
28.530000686646	0.28239464759827	-0.59429514408112	65.000000000000	0.00000000000000
28.540000915527	0.28102281689644	-0.59374290704727	65.000000000000	0.00000000000000
28.549999237061	0.27965041995049	-0.59318596124649	65.000000000000	0.00000000000000
28.559999465942	0.27827793359756	-0.59262406826019	65.000000000000	0.00000000000000
28.569999694824	0.27690547704697	-0.59205716848373	65.000000000000	0.00000000000000
28.579999923706	0.27553302049637	-0.59148538112640	65.000000000000	0.00000000000000
28.590000152588	0.27416062355042	-0.59090858697891	65.000000000000	0.00000000000000
28.600000381470	0.27278766036034	-0.59032690525055	65.000000000000	0.00000000000000
28.610000610352	0.27141508460045	-0.58974021673203	65.000000000000	0.00000000000000
28.620000839233	0.27004256844521	-0.58914864063263	65.000000000000	0.00000000000000
28.629999160767	0.26866993308067	-0.58855199813843	65.000000000000	0.00000000000000
28.639999389648	0.26729738712311	-0.58795040845871	65.000000000000	0.00000000000000
28.649999618530	0.26592475175858	-0.58734387159348	65.000000000000	0.00000000000000
28.659999847412	0.26455244421959	-0.58673220872879	65.000000000000	0.00000000000000
28.670000076294	0.26318031549454	-0.58611553907394	65.000000000000	0.00000000000000
28.680000305176	0.26180812716484	-0.58549386262894	65.000000000000	0.00000000000000
28.690000534058	0.26043620705605	-0.58486723899841	65.000000000000	0.00000000000000
28.700000762939	0.25906449556351	-0.58423537015915	65.000000000000	0.00000000000000
28.709999084473	0.25769299268723	-0.58359861373901	65.000000000000	0.00000000000000
28.719999313354	0.25632163882256	-0.58295673131943	65.000000000000	0.00000000000000
28.729999542236	0.25495073199272	-0.58230972290039	65.000000000000	0.00000000000000
28.739999771118	0.25357991456985	-0.58165770769119	65.000000000000	0.00000000000000
28.750000000000	0.25220957398415	-0.58100050687790	65.000000000000	0.00000000000000
28.760000228882	0.25083968043327	-0.58033818006516	65.000000000000	0.00000000000000
28.770000457764	0.24946989119053	-0.57967078685760	65.000000000000	0.00000000000000
28.780000686646	0.24810054898262	-0.57899838685989	65.000000000000	0.00000000000000
28.790000915527	0.24673181772232	-0.57832068204880	65.000000000000	0.00000000000000
28.799999237061	0.24536329507828	-0.57763797044754	65.000000000000	0.00000000000000
28.809999465942	0.24399527907372	-0.57695001363754	65.000000000000	0.00000000000000
28.819999694824	0.24262778460979	-0.57625699043274	65.000000000000	0.00000000000000
28.829999923706	0.24126084148884	-0.57555878162384	65.000000000000	0.00000000000000
28.840000152588	0.23989447951317	-0.57485532760620	65.000000000000	0.00000000000000
28.850000381470	0.23852843046188	-0.57414674758911	65.000000000000	0.00000000000000
28.860000610352	0.23716329038143	-0.57343304157257	65.000000000000	0.00000000000000
28.870000839233	0.23579852283001	-0.57271403074265	65.000000000000	0.00000000000000
28.879999160767	0.23443457484245	-0.57198995351791	65.000000000000	0.00000000000000
28.889999389648	0.23307126760483	-0.57126051187515	65.000000000000	0.00000000000000
28.899999618530	0.23170857131481	-0.57052594423294	65.000000000000	0.00000000000000
28.909999847412	0.23034663498402	-0.56978625059128	65.000000000000	0.00000000000000
28.920000076294	0.22898542881012	-0.56904119253159	65.000000000000	0.00000000000000
28.930000305176	0.22762502729893	-0.56829100847244	65.000000000000	0.00000000000000
28.940000534058	0.22626541554928	-0.56753551959991	65.000000000000	0.00000000000000
28.950000762939	0.22490665316582	-0.56677478551865	65.000000000000	0.00000000000000
28.959999084473	0.22354887425900	-0.56600880622864	65.000000000000	0.00000000000000
28.969999313354	0.22219170629978	-0.56523764133453	65.000000000000	0.00000000000000
28.979999542236	0.22083556652069	-0.56446111202240	65.000000000000	0.00000000000000
28.989999771118	0.21948051452637	-0.56367945671082	65.000000000000	0.00000000000000
29.000000000000	0.21812628209591	-0.56289243698120	65.000000000000	0.00000000000000
29.010000228882	0.21677301824093	-0.56210017204285	65.000000000000	0.00000000000000
29.020000457764	0.21542073786259	-0.56130266189575	65.000000000000	0.00000000000000
29.030000686646	0.21406963467598	-0.56049978733063	65.000000000000	0.00000000000000
29.040000915527	0.21271945536137	-0.55969172716141	65.000000000000	0.00000000000000
29.049999237061	0.21137034893036	-0.55887836217880	65.000000000000	0.00000000000000
29.059999465942	0.21002259850502	-0.55805957317352	65.000000000000	0.00000000000000
29.069999694824	0.20867572724819	-0.55723565816879	65.000000000000	0.00000000000000
29.079999923706	0.20733022689819	-0.55640631914139	65.000000000000	0.00000000000000
29.090000152588	0.20598593354225	-0.55557167530060	65.000000000000	0.00000000000000
29.100000381470	0.20464284718037	-0.55473184585571	65.000000000000	0.00000000000000
29.110000610352	0.20330096781254	-0.55388665199280	65.000000000000	0.00000000000000
29.120000839233	0.20196034014225	-0.55303615331650	65.000000000000	0.00000000000000
29.129999160767	0.20062124729156	-0.55218023061752	65.000000000000	0.00000000000000
29.139999389648	0.19928321242332	-0.55131912231445	65.000000000000	0.00000000000000
29.149999618530	0.19794675707817	-0.55045264959335	65.000000000000	0.00000000000000
29.159999847412	0.19661164283752	-0.54958087205887	65.000000000000	0.00000000000000
29.170000076294	0.19527789950371	-0.54870373010635	65.000000000000	0.00000000000000
29.180000305176	0.19394570589066	-0.54782128334045	65.000000000000	0.00000000000000
29.190000534058	0.19261491298676	-0.54693347215652	65.000000000000	0.00000000000000
29.200000762939	0.19128574430943	-0.54604041576385	65.000000000000	0.00000000000000
29.209999084473	0.18995814025402	-0.54514193534851	65.000000000000	0.00000000000000
29.219999313354	0.18863204121590	-0.54423815011978	65.000000000000	0.00000000000000
29.229999542236	0.18730762600899	-0.54332906007767	65.000000000000	0.00000000000000
29.239999771118	0.18598474562168	-0.54241460561752	65.000000000000	0.00000000000000
29.250000000000	0.18466345965862	-0.54149484634399	65.000000000000	0.00000000000000
29.260000228882	0.18334403634071	-0.54056972265244	65.000000000000	0.00000000000000
29.270000457764	0.18202623724937	-0.53963929414749	65.000000000000	0.00000000000000
29.280000686646	0.18071010708809	-0.53870356082916	65.000000000000	0.00000000000000
29.290000915527	0.17939591407776	-0.53776246309280	65.000000000000	0.00000000000000
29.299999237061	0.17808353900909	-0.53681594133377	65.000000000000	0.00000000000000
29.309999465942	0.17677290737629	-0.53586423397064	65.000000000000	0.00000000000000
29.319999694824	0.17546419799328	-0.53490716218948	65.000000000000	0.00000000000000
29.329999923706	0.17415724694729	-0.53394472599030	65.000000000000	0.00000000000000
29.340000152588	0.17285236716270	-0.53297692537308	65.000000000000	0.00000000000000
29.350000381470	0.17154933512211	-0.53200381994247	65.000000000000	0.00000000000000
29.360000610352	0.17024841904640	-0.53102546930313	65.000000000000	0.00000000000000
29.370000839233	0.16894939541817	-0.53004169464111	65.000000000000	0.00000000000000
29.379999160767	0.16765253245831	-0.52905261516571	65.000000000000	0.00000000000000
29.389999389648	0.16635765135288	-0.52805835008621	65.000000000000	0.00000000000000
29.399999618530	0.16506484150887	-0.52705860137939	65.000000000000	0.00000000000000
29.409999847412	0.16377426683903	-0.52605360746384	65.000000000000	0.00000000000000
29.420000076294	0.16248574852943	-0.52504324913025	65.000000000000	0.00000000000000
29.430000305176	0.16119949519634	-0.52402758598328	65.000000000000	0.00000000000000
29.440000534058	0.15991535782814	-0.52300667762756	65.000000000000	0.00000000000000
29.450000762939	0.15863355994225	-0.52198046445847	65.000000000000	0.00000000000000
29.459999084473	0.15735401213169	-0.52094888687134	65.000000000000	0.00000000000000
29.469999313354	0.15607687830925	-0.51991206407547	65.000000000000	0.00000000000000
29.479999542236	0.15480190515518	-0.51886993646622	65.000000000000	0.00000000000000
29.489999771118	0.15352943539619	-0.51782250404358	65.000000000000	0.00000000000000
29.500000000000	0.15225915610790	-0.51676982641220	65.000000000000	0.00000000000000
29.510000228882	0.15099154412746	-0.51571184396744	65.000000000000	0.00000000000000
29.520000457764	0.14972619712353	-0.51464867591858	65.000000000000	0.00000000000000
29.530000686646	0.14846354722977	-0.51358014345169	65.000000000000	0.00000000000000
29.540000915527	0.14720323681831	-0.51250636577606	65.000000000000	0.00000000000000
29.549999237061	0.14594556391239	-0.51142740249634	65.000000000000	0.00000000000000
29.559999465942	0.14469037950039	-0.51034307479858	65.000000000000	0.00000000000000
29.569999694824	0.14343787729740	-0.50925362110138	65.000000000000	0.00000000000000
29.579999923706	0.14218793809414	-0.50815880298615	65.000000000000	0.00000000000000
29.590000152588	0.14094084501266	-0.50705879926682	65.000000000000	0.00000000000000
29.600000381470	0.13969624042511	-0.50595355033875	65.000000000000	0.00000000000000
29.610000610352	0.13845455646515	-0.50484311580658	65.000000000000	0.00000000000000
29.620000839233	0.13721542060375	-0.50372749567032	65.000000000000	0.00000000000000
29.629999160767	0.13597911596298	-0.50260668992996	65.000000000000	0.00000000000000
29.639999389648	0.13474576175213	-0.50148063898087	65.000000000000	0.00000000000000
29.649999618530	0.13351505994797	-0.50034946203232	65.000000000000	0.00000000000000
29.659999847412	0.13228736817837	-0.49921298027039	65.000000000000	0.00000000000000
29.670000076294	0.13106261193752	-0.49807140231133	65.000000000000	0.00000000000000
29.680000305176	0.12984070181847	-0.49692466855049	65.000000000000	0.00000000000000
29.690000534058	0.12862178683281	-0.49577274918556	65.000000000000	0.00000000000000
29.700000762939	0.12740594148636	-0.49461561441422	65.000000000000	0.00000000000000
29.709999084473	0.12619294226170	-0.49345344305038	65.000000000000	0.00000000000000
29.719999313354	0.12498322874308	-0.49228611588478	65.000000000000	0.00000000000000
29.729999542236	0.12377636134624	-0.49111366271973	65.000000000000	0.00000000000000
29.739999771118	0.12257283926010	-0.48993611335754	65.000000000000	0.00000000000000
29.750000000000	0.12137223035097	-0.48875346779823	65.000000000000	0.00000000000000
29.760000228882	0.12017488479614	-0.48756566643715	65.000000000000	0.00000000000000
29.770000457764	0.11898075789213	-0.48637285828590	65.000000000000	0.00000000000000
29.780000686646	0.11778994649649	-0.48517498373985	65.000000000000	0.00000000000000
29.790000915527	0.11660225689411	-0.48397198319435	65.000000000000	0.00000000000000
29.799999237061	0.11541783809662	-0.48276394605637	65.000000000000	0.00000000000000
29.809999465942	0.11423683166504	-0.48155090212822	65.000000000000	0.00000000000000
29.819999694824	0.11305925250053	-0.48033279180527	65.000000000000	0.00000000000000
29.829999923706	0.11188502609730	-0.47910970449448	65.000000000000	0.00000000000000
29.840000152588	0.11071406304836	-0.47788158059120	65.000000000000	0.00000000000000
29.850000381470	0.10954660177231	-0.47664850950241	65.000000000000	0.00000000000000
29.860000610352	0.10838267952204	-0.47541040182114	65.000000000000	0.00000000000000
29.870000839233	0.10722221434116	-0.47416734695435	65.000000000000	0.00000000000000
29.879999160767	0.10606521368027	-0.47291937470436	65.000000000000	0.00000000000000
29.889999389648	0.10491182655096	-0.47166639566422	65.000000000000	0.00000000000000
29.899999618530	0.10376209020615	-0.47040852904320	65.000000000000	0.00000000000000
29.909999847412	0.10261589288712	-0.46914571523666	65.000000000000	0.00000000000000
29.920000076294	0.10147327184677	-0.46787801384926	65.000000000000	0.00000000000000
29.930000305176	0.10033448040485	-0.46660542488098	65.000000000000	0.00000000000000
29.940000534058	0.099199317395687	-0.46532794833183	65.000000000000	0.00000000000000
29.950000762939	0.098067812621593	-0.46404561400414	65.000000000000	0.00000000000000
29.959999084473	0.096940197050571	-0.46275845170021	65.000000000000	0.00000000000000
29.969999313354	0.095816291868687	-0.46146643161774	65.000000000000	0.00000000000000
29.979999542236	0.094696223735809	-0.46016955375671	65.000000000000	0.00000000000000
29.989999771118	0.093579910695553	-0.45886796712875	65.000000000000	0.00000000000000
30.000000000000	0.092467598617077	-0.45756149291992	65.000000000000	0.00000000000000
30.010000228882	0.091359086334705	-0.45625028014183	65.000000000000	0.00000000000000
30.020000457764	0.090254731476307	-0.45493432879448	65.000000000000	0.00000000000000
30.030000686646	0.089154012501240	-0.45361360907555	65.000000000000	0.00000000000000
30.040000915527	0.088057599961758	-0.45228815078735	65.000000000000	0.00000000000000
30.049999237061	0.086964890360832	-0.45095804333687	65.000000000000	0.00000000000000
30.059999465942	0.085876524448395	-0.44962316751480	65.000000000000	0.00000000000000
30.069999694824	0.084792017936707	-0.44828367233276	65.000000000000	0.00000000000000
30.079999923706	0.083711698651314	-0.44693946838379	65.000000000000	0.00000000000000
30.090000152588	0.082635477185249	-0.44559061527252	65.000000000000	0.00000000000000
30.100000381470	0.081563510000706	-0.44423717260361	65.000000000000	0.00000000000000
30.110000610352	0.080495588481426	-0.44287914037704	65.000000000000	0.00000000000000
30.120000839233	0.079431958496571	-0.44151642918587	65.000000000000	0.00000000000000
30.129999160767	0.078372530639172	-0.44014918804169	65.000000000000	0.00000000000000
30.139999389648	0.077317431569099	-0.43877741694450	65.000000000000	0.00000000000000
30.149999618530	0.076266586780548	-0.43740105628967	65.000000000000	0.00000000000000
30.159999847412	0.075220026075840	-0.43602019548416	65.000000000000	0.00000000000000
30.170000076294	0.074177868664265	-0.43463483452797	65.000000000000	0.00000000000000
30.180000305176	0.073140025138855	-0.43324500322342	65.000000000000	0.00000000000000
30.190000534058	0.072106644511223	-0.43185067176819	65.000000000000	0.00000000000000
30.200000762939	0.071077726781368	-0.43045192956924	65.000000000000	0.00000000000000
30.209999084473	0.070053212344646	-0.42904874682426	65.000000000000	0.00000000000000
30.219999313354	0.069033212959766	-0.42764118313789	65.000000000000	0.00000000000000
30.229999542236	0.068017646670341	-0.42622920870781	65.000000000000	0.00000000000000
30.239999771118	0.067006655037403	-0.42481282353401	65.000000000000	0.00000000000000
30.250000000000	0.066000245511532	-0.42339214682579	65.000000000000	0.00000000000000
30.260000228882	0.064998440444469	-0.42196711897850	65.000000000000	0.00000000000000
30.270000457764	0.064001277089119	-0.42053776979446	65.000000000000	0.00000000000000
30.280000686646	0.063008770346642	-0.41910415887833	65.000000000000	0.00000000000000
30.290000915527	0.062020827084780	-0.41766628623009	65.000000000000	0.00000000000000
30.299999237061	0.061037588864565	-0.41622415184975	65.000000000000	0.00000000000000
30.309999465942	0.060059167444706	-0.41477781534195	65.000000000000	0.00000000000000
30.319999694824	0.059085395187140	-0.41332727670670	65.000000000000	0.00000000000000
30.329999923706	0.058116476982832	-0.41187253594398	65.000000000000	0.00000000000000
30.340000152588	0.057152252644300	-0.41041365265846	65.000000000000	0.00000000000000
30.350000381470	0.056192930787802	-0.40895065665245	65.000000000000	0.00000000000000
30.360000610352	0.055238440632820	-0.40748354792595	65.000000000000	0.00000000000000
30.370000839233	0.054288797080517	-0.40601229667664	65.000000000000	0.00000000000000
30.379999160767	0.053344119340181	-0.40453702211380	65.000000000000	0.00000000000000
30.389999389648	0.052404336631298	-0.40305766463280	65.000000000000	0.00000000000000
30.399999618530	0.051469460129738	-0.40157431364059	65.000000000000	0.00000000000000
30.409999847412	0.050539527088404	-0.40008693933487	65.000000000000	0.00000000000000
30.420000076294	0.049614634364843	-0.39859560132027	65.000000000000	0.00000000000000
30.430000305176	0.048694819211960	-0.39710035920143	65.000000000000	0.00000000000000
30.440000534058	0.047779995948076	-0.39560112357140	65.000000000000	0.00000000000000
30.450000762939	0.046870186924934	-0.39409801363945	65.000000000000	0.00000000000000
30.459999084473	0.045965604484081	-0.39259102940559	65.000000000000	0.00000000000000
30.469999313354	0.045065980404615	-0.39108017086983	65.000000000000	0.00000000000000
30.479999542236	0.044171627610922	-0.38956549763680	65.000000000000	0.00000000000000
30.489999771118	0.043282359838486	-0.38804700970650	65.000000000000	0.00000000000000
30.500000000000	0.042398214340210	-0.38652470707893	65.000000000000	0.00000000000000
30.510000228882	0.041519388556480	-0.38499870896339	65.000000000000	0.00000000000000
30.520000457764	0.040645714849234	-0.38346895575523	65.000000000000	0.00000000000000
30.530000686646	0.039777394384146	-0.38193547725677	65.000000000000	0.00000000000000
30.540000915527	0.038914270699024	-0.38039833307266	65.000000000000	0.00000000000000
30.549999237061	0.038056451827288	-0.37885752320290	65.000000000000	0.00000000000000
30.559999465942	0.037204042077065	-0.37731310725212	65.000000000000	0.00000000000000
30.569999694824	0.036356791853905	-0.37576505541801	65.000000000000	0.00000000000000
30.579999923706	0.035515081137419	-0.37421345710754	65.000000000000	0.00000000000000
30.590000152588	0.034678652882576	-0.37265831232071	65.000000000000	0.00000000000000
30.600000381470	0.033847622573376	-0.37109962105751	65.000000000000	0.00000000000000
30.610000610352	0.033022087067366	-0.36953741312027	65.000000000000	0.00000000000000
30.620000839233	0.032201986759901	-0.36797180771828	65.000000000000	0.00000000000000
30.629999160767	0.031387418508530	-0.36640268564224	65.000000000000	0.00000000000000
30.639999389648	0.030578223988414	-0.36483022570610	65.000000000000	0.00000000000000
30.649999618530	0.029774602502584	-0.36325433850288	65.000000000000	0.00000000000000
30.659999847412	0.028976475819945	-0.36167508363724	65.000000000000	0.00000000000000
30.670000076294	0.028183951973915	-0.36009246110916	65.000000000000	0.00000000000000
30.680000305176	0.027397044003010	-0.35850656032562	65.000000000000	0.00000000000000
30.690000534058	0.026615602895617	-0.35691738128662	65.000000000000	0.00000000000000
30.700000762939	0.025839813053608	-0.35532498359680	65.000000000000	0.00000000000000
30.709999084473	0.025069687515497	-0.35372933745384	65.000000000000	0.00000000000000
30.719999313354	0.024305243045092	-0.35213050246239	65.000000000000	0.00000000000000
30.729999542236	0.023546492680907	-0.35052853822708	65.000000000000	0.00000000000000
30.739999771118	0.022793298587203	-0.34892338514328	65.000000000000	0.00000000000000
30.750000000000	0.022045994177461	-0.34731516242027	65.000000000000	0.00000000000000
30.760000228882	0.021304264664650	-0.34570384025574	65.000000000000	0.00000000000000
30.770000457764	0.020568456500769	-0.34408947825432	65.000000000000	0.00000000000000
30.780000686646	0.019838258624077	-0.34247213602066	65.000000000000	0.00000000000000
30.790000915527	0.019113847985864	-0.34085172414780	65.000000000000	0.00000000000000
30.799999237061	0.018395399674773	-0.33922842144966	65.000000000000	0.00000000000000
30.809999465942	0.017682606354356	-0.33760213851929	65.000000000000	0.00000000000000
30.819999694824	0.016975643113256	-0.33597302436829	65.000000000000	0.00000000000000
30.829999923706	0.016274686902761	-0.33434098958969	65.000000000000	0.00000000000000
30.840000152588	0.015579425729811	-0.33270612359047	65.000000000000	0.00000000000000
30.850000381470	0.014890194870532	-0.33106845617294	65.000000000000	0.00000000000000
30.860000610352	0.014206849038601	-0.32942801713943	65.000000000000	0.00000000000000
30.870000839233	0.013529243879020	-0.32778483629227	65.000000000000	0.00000000000000
30.879999160767	0.012857706286013	-0.32613891363144	65.000000000000	0.00000000000000
30.889999389648	0.012192248366773	-0.32449030876160	65.000000000000	0.00000000000000
30.899999618530	0.011532570235431	-0.32283905148506	65.000000000000	0.00000000000000
30.909999847412	0.010878997854888	-0.32118517160416	65.000000000000	0.00000000000000
30.920000076294	0.010231385007501	-0.31952869892120	65.000000000000	0.00000000000000
30.930000305176	0.0095898965373635	-0.31786966323853	65.000000000000	0.00000000000000
30.940000534058	0.0089542428031564	-0.31620809435844	65.000000000000	0.00000000000000
30.950000762939	0.0083248866721988	-0.31454402208328	65.000000000000	0.00000000000000
30.959999084473	0.0077013890258968	-0.31287750601768	65.000000000000	0.00000000000000
30.969999313354	0.0070840604603291	-0.31120857596397	65.000000000000	0.00000000000000
30.979999542236	0.0064727631397545	-0.30953717231750	65.000000000000	0.00000000000000
30.989999771118	0.0058675087057054	-0.30786344408989	65.000000000000	0.00000000000000
31.000000000000	0.0052685998380184	-0.30618736147881	65.000000000000	0.00000000000000
31.010000228882	0.0046756090596318	-0.30450898408890	65.000000000000	0.00000000000000
31.020000457764	0.0040888376533985	-0.30282834172249	65.000000000000	0.00000000000000
31.030000686646	0.0035082944668829	-0.30114543437958	65.000000000000	0.00000000000000
31.040000915527	0.0029338453896344	-0.29946035146713	65.000000000000	0.00000000000000
31.049999237061	0.0023655008990318	-0.29777306318283	65.000000000000	0.00000000000000
31.059999465942	0.0018035543616861	-0.29608362913132	65.000000000000	0.00000000000000
31.069999694824	0.0012477305717766	-0.29439210891724	65.000000000000	0.00000000000000
31.079999923706	0.00069817918119952	-0.29269847273827	65.000000000000	0.00000000000000
31.090000152588	0.00015476938278880	-0.29100283980370	65.000000000000	0.00000000000000
31.100000381470	-0.00038248903001659	-0.28930518031120	65.000000000000	0.00000000000000
31.110000610352	-0.00091331178555265	-0.28760549426079	65.000000000000	0.00000000000000
31.120000839233	-0.0014378303894773	-0.28590393066406	65.000000000000	0.00000000000000
31.129999160767	-0.0019561734516174	-0.28420040011406	65.000000000000	0.00000000000000
31.139999389648	-0.0024683319497854	-0.28249502182007	65.000000000000	0.00000000000000
31.149999618530	-0.0029738941229880	-0.28078782558441	65.000000000000	0.00000000000000
31.159999847412	-0.0034732583444566	-0.27907878160477	65.000000000000	0.00000000000000
31.170000076294	-0.0039664148353040	-0.27736794948578	65.000000000000	0.00000000000000
31.180000305176	-0.0044532245956361	-0.27565538883209	65.000000000000	0.00000000000000
31.190000534058	-0.0049335500225425	-0.27394112944603	65.000000000000	0.00000000000000
31.200000762939	-0.0054077771492302	-0.27222517132759	65.000000000000	0.00000000000000
31.209999084473	-0.0058753797784448	-0.27050757408142	65.000000000000	0.00000000000000
31.219999313354	-0.0063366135582328	-0.26878839731216	65.000000000000	0.00000000000000
31.229999542236	-0.0067917271517217	-0.26706761121750	65.000000000000	0.00000000000000
31.239999771118	-0.0072402055375278	-0.26534533500671	65.000000000000	0.00000000000000
31.250000000000	-0.0076824231073260	-0.26362150907516	65.000000000000	0.00000000000000
31.260000228882	-0.0081182494759560	-0.26189622282982	65.000000000000	0.00000000000000
31.270000457764	-0.0085475565865636	-0.26016953587532	65.000000000000	0.00000000000000
31.280000686646	-0.0089704636484385	-0.25844138860703	65.000000000000	0.00000000000000
31.290000915527	-0.0093870908021927	-0.25671193003654	65.000000000000	0.00000000000000
31.299999237061	-0.0097971847280860	-0.25498110055923	65.000000000000	0.00000000000000
31.309999465942	-0.010200747288764	-0.25324898958206	65.000000000000	0.00000000000000
31.319999694824	-0.010597895830870	-0.25151562690735	65.000000000000	0.00000000000000
31.329999923706	-0.010988743975759	-0.24978102743626	65.000000000000	0.00000000000000
31.340000152588	-0.011373052373528	-0.24804522097111	65.000000000000	0.00000000000000
31.350000381470	-0.011750933714211	-0.24630825221539	65.000000000000	0.00000000000000
31.360000610352	-0.012122271582484	-0.24457018077374	65.000000000000	0.00000000000000
31.370000839233	-0.012487179599702	-0.24283102154732	65.000000000000	0.00000000000000
31.379999160767	-0.012845539487898	-0.24109078943729	65.000000000000	0.00000000000000
31.389999389648	-0.013197466731071	-0.23934955894947	65.000000000000	0.00000000000000
31.399999618530	-0.013542956672609	-0.23760735988617	65.000000000000	0.00000000000000
31.409999847412	-0.013881901279092	-0.23586416244507	65.000000000000	0.00000000000000
31.420000076294	-0.014214400202036	-0.23412008583546	65.000000000000	0.00000000000000
31.430000305176	-0.014540347270668	-0.23237511515617	65.000000000000	0.00000000000000
31.440000534058	-0.014859798364341	-0.23062932491302	65.000000000000	0.00000000000000
31.450000762939	-0.015172699466348	-0.22888273000717	65.000000000000	0.00000000000000
31.459999084473	-0.015479154884815	-0.22713531553745	65.000000000000	0.00000000000000
31.469999313354	-0.015779061242938	-0.22538720071316	65.000000000000	0.00000000000000
31.479999542236	-0.016072468832135	-0.22363837063313	65.000000000000	0.00000000000000
31.489999771118	-0.016359383240342	-0.22188888490200	65.000000000000	0.00000000000000
31.500000000000	-0.016639746725559	-0.22013875842094	65.000000000000	0.00000000000000
31.510000228882	-0.016913615167141	-0.21838805079460	65.000000000000	0.00000000000000
31.520000457764	-0.017180940136313	-0.21663674712181	65.000000000000	0.00000000000000
31.530000686646	-0.017441719770432	-0.21488495171070	65.000000000000	0.00000000000000
31.540000915527	-0.017695959657431	-0.21313263475895	65.000000000000	0.00000000000000
31.549999237061	-0.017943760380149	-0.21137990057468	65.000000000000	0.00000000000000
31.559999465942	-0.018184924498200	-0.20962671935558	65.000000000000	0.00000000000000
31.569999694824	-0.018419653177261	-0.20787316560745	65.000000000000	0.00000000000000
31.579999923706	-0.018647851422429	-0.20611925423145	65.000000000000	0.00000000000000
31.590000152588	-0.018869424238801	-0.20436504483223	65.000000000000	0.00000000000000
31.600000381470	-0.019084569066763	-0.20261055231094	65.000000000000	0.00000000000000
31.610000610352	-0.019293144345284	-0.20085580646992	65.000000000000	0.00000000000000
31.620000839233	-0.019495202228427	-0.19910085201263	65.000000000000	0.00000000000000
31.629999160767	-0.019690746441483	-0.19734573364258	65.000000000000	0.00000000000000
31.639999389648	-0.019879782572389	-0.19559046626091	65.000000000000	0.00000000000000
31.649999618530	-0.020062265917659	-0.19383510947227	65.000000000000	0.00000000000000
31.659999847412	-0.020238250494003	-0.19207967817783	65.000000000000	0.00000000000000
31.670000076294	-0.020407648757100	-0.19032420217991	65.000000000000	0.00000000000000
31.680000305176	-0.020570645108819	-0.18856875598431	65.000000000000	0.00000000000000
31.690000534058	-0.020727068185806	-0.18681333959103	65.000000000000	0.00000000000000
31.700000762939	-0.020876970142126	-0.18505798280239	65.000000000000	0.00000000000000
31.709999084473	-0.021020393818617	-0.18330276012421	65.000000000000	0.00000000000000
31.719999313354	-0.021157311275601	-0.18154765665531	65.000000000000	0.00000000000000
31.729999542236	-0.021287722513080	-0.17979274690151	65.000000000000	0.00000000000000
31.739999771118	-0.021411636844277	-0.17803804576397	65.000000000000	0.00000000000000
31.750000000000	-0.021529059857130	-0.17628359794617	65.000000000000	0.00000000000000
31.760000228882	-0.021640000864863	-0.17452940344810	65.000000000000	0.00000000000000
31.770000457764	-0.021744506433606	-0.17277556657791	65.000000000000	0.00000000000000
31.780000686646	-0.021842503920197	-0.17102204263210	65.000000000000	0.00000000000000
31.790000915527	-0.021933998912573	-0.16926895081997	65.000000000000	0.00000000000000
31.799999237061	-0.022019041702151	-0.16751624643803	65.000000000000	0.00000000000000
31.809999465942	-0.022097643464804	-0.16576401889324	65.000000000000	0.00000000000000
31.819999694824	-0.022169770672917	-0.16401228308678	65.000000000000	0.00000000000000
31.829999923706	-0.022235471755266	-0.16226106882095	65.000000000000	0.00000000000000
31.840000152588	-0.022294716909528	-0.16051040589809	65.000000000000	0.00000000000000
31.850000381470	-0.022347517311573	-0.15876035392284	65.000000000000	0.00000000000000
31.860000610352	-0.022393921390176	-0.15701092779636	65.000000000000	0.00000000000000
31.870000839233	-0.022433897480369	-0.15526214241982	65.000000000000	0.00000000000000
31.879999160767	-0.022467456758022	-0.15351408720016	65.000000000000	0.00000000000000
31.889999389648	-0.022494578734040	-0.15176676213741	65.000000000000	0.00000000000000
31.899999618530	-0.022515306249261	-0.15002019703388	65.000000000000	0.00000000000000
31.909999847412	-0.022529684007168	-0.14827442169189	65.000000000000	0.00000000000000
31.920000076294	-0.022537691518664	-0.14652948081493	65.000000000000	0.00000000000000
31.930000305176	-0.022539269179106	-0.14478541910648	65.000000000000	0.00000000000000
31.940000534058	-0.022534500807524	-0.14304225146770	65.000000000000	0.00000000000000
31.950000762939	-0.022523393854499	-0.14130002260208	65.000000000000	0.00000000000000
31.959999084473	-0.022505929693580	-0.13955876231194	65.000000000000	0.00000000000000
31.969999313354	-0.022482154890895	-0.13781850039959	65.000000000000	0.00000000000000
31.979999542236	-0.022451981902122	-0.13607926666737	65.000000000000	0.00000000000000
31.989999771118	-0.022415554150939	-0.13434112071991	65.000000000000	0.00000000000000
32.000000000000	-0.022372823208570	-0.13260407745838	65.000000000000	0.00000000000000
32.009998321533	-0.022323768585920	-0.13086815178394	65.000000000000	0.00000000000000
32.020000457764	-0.022268436849117	-0.12913340330124	65.000000000000	0.00000000000000
32.029998779297	-0.022206844761968	-0.12739986181259	65.000000000000	0.00000000000000
32.040000915527	-0.022138969972730	-0.12566754221916	65.000000000000	0.00000000000000
32.049999237061	-0.022064864635468	-0.12393651902676	65.000000000000	0.00000000000000
32.060001373291	-0.021984508261085	-0.12220676988363	65.000000000000	0.00000000000000
32.069999694824	-0.021897919476032	-0.12047836184502	65.000000000000	0.00000000000000
32.080001831055	-0.021805113181472	-0.11875130981207	65.000000000000	0.00000000000000
32.090000152588	-0.021706134080887	-0.11702565848827	65.000000000000	0.00000000000000
32.099998474121	-0.021600915119052	-0.11530144512653	65.000000000000	0.00000000000000
32.110000610352	-0.021489528939128	-0.11357869207859	65.000000000000	0.00000000000000
32.119998931885	-0.021371992304921	-0.11185742914677	65.000000000000	0.00000000000000
32.130001068115	-0.021248318254948	-0.11013768613338	65.000000000000	0.00000000000000
32.139999389648	-0.021118475124240	-0.10841950029135	65.000000000000	0.00000000000000
32.150001525879	-0.020982535555959	-0.10670290887356	65.000000000000	0.00000000000000
32.159999847412	-0.020840460434556	-0.10498793423176	65.000000000000	0.00000000000000
32.169998168945	-0.020692322403193	-0.10327462106943	65.000000000000	0.00000000000000
32.180000305176	-0.020538067445159	-0.10156298428774	65.000000000000	0.00000000000000
32.189998626709	-0.020377734676003	-0.099853053689003	65.000000000000	0.00000000000000
32.200000762939	-0.020211370661855	-0.098144873976707	65.000000000000	0.00000000000000
32.209999084473	-0.020038975402713	-0.096438482403755	65.000000000000	0.00000000000000
32.220001220703	-0.019860560074449	-0.094733871519566	65.000000000000	0.00000000000000
32.229999542236	-0.019676109775901	-0.093031115829945	65.000000000000	0.00000000000000
32.240001678467	-0.019485685974360	-0.091330222785473	65.000000000000	0.00000000000000
32.250000000000	-0.019289288669825	-0.089631229639053	65.000000000000	0.00000000000000
32.259998321533	-0.019086917862296	-0.087934158742428	65.000000000000	0.00000000000000
32.270000457764	-0.018878616392612	-0.086239039897919	65.000000000000	0.00000000000000
32.279998779297	-0.018664369359612	-0.084545925259590	65.000000000000	0.00000000000000
32.290000915527	-0.018444217741489	-0.082854814827442	65.000000000000	0.00000000000000
32.299999237061	-0.018218167126179	-0.081165760755539	65.000000000000	0.00000000000000
32.310001373291	-0.017986264079809	-0.079478777945042	65.000000000000	0.00000000000000
32.319999694824	-0.017748452723026	-0.077793903648853	65.000000000000	0.00000000000000
32.330001831055	-0.017504837363958	-0.076111160218716	65.000000000000	0.00000000000000
32.340000152588	-0.017255386337638	-0.074430577456951	65.000000000000	0.00000000000000
32.349998474121	-0.017000129446387	-0.072752192616463	65.000000000000	0.00000000000000
32.360000610352	-0.016739076003432	-0.071076020598412	65.000000000000	0.00000000000000
32.369998931885	-0.016472257673740	-0.069402106106281	65.000000000000	0.00000000000000
32.380001068115	-0.016199681907892	-0.067730464041233	65.000000000000	0.00000000000000
32.389999389648	-0.015921384096146	-0.066061131656170	65.000000000000	0.00000000000000
32.400001525879	-0.015637345612049	-0.064394123852253	65.000000000000	0.00000000000000
32.409999847412	-0.015347630716860	-0.062729485332966	65.000000000000	0.00000000000000
32.419998168945	-0.015052212402225	-0.061067234724760	65.000000000000	0.00000000000000
32.430000305176	-0.014751171693206	-0.059407401829958	65.000000000000	0.00000000000000
32.439998626709	-0.014444470405579	-0.057750005275011	65.000000000000	0.00000000000000
32.450000762939	-0.014132149517536	-0.056095086038113	65.000000000000	0.00000000000000
32.459999084473	-0.013814245350659	-0.054442659020424	65.000000000000	0.00000000000000
32.470001220703	-0.013490734621882	-0.052792761474848	65.000000000000	0.00000000000000
32.479999542236	-0.013161675073206	-0.051145408302546	65.000000000000	0.00000000000000
32.490001678467	-0.012827088125050	-0.049500633031130	65.000000000000	0.00000000000000
32.500000000000	-0.012486970983446	-0.047858465462923	65.000000000000	0.00000000000000
32.509998321533	-0.012141355313361	-0.046218924224377	65.000000000000	0.00000000000000
32.520000457764	-0.011790270917118	-0.044582035392523	65.000000000000	0.00000000000000
32.529998779297	-0.011433714069426	-0.042947828769684	65.000000000000	0.00000000000000
32.540000915527	-0.011071744374931	-0.041316326707602	65.000000000000	0.00000000000000
32.549999237061	-0.010704339481890	-0.039687559008598	65.000000000000	0.00000000000000
32.560001373291	-0.010331546887755	-0.038061548024416	65.000000000000	0.00000000000000
32.569999694824	-0.0099533973261714	-0.036438312381506	65.000000000000	0.00000000000000
32.580001831055	-0.0095698805525899	-0.034817881882191	65.000000000000	0.00000000000000
32.590000152588	-0.0091810459271073	-0.033200282603502	65.000000000000	0.00000000000000
32.599998474121	-0.0087869027629495	-0.031585536897182	65.000000000000	0.00000000000000
32.610000610352	-0.0083874789997935	-0.029973670840263	65.000000000000	0.00000000000000
32.619998931885	-0.0079827969893813	-0.028364708647132	65.000000000000	0.00000000000000
32.630001068115	-0.0075728734955192	-0.026758665218949	65.000000000000	0.00000000000000
32.639999389648	-0.0071577290073037	-0.025155577808619	65.000000000000	0.00000000000000
32.650001525879	-0.0067373965866864	-0.023555457592010	65.000000000000	0.00000000000000
32.659999847412	-0.0063118925318122	-0.021958336234093	65.000000000000	0.00000000000000
32.669998168945	-0.0058812433853745	-0.020364230498672	65.000000000000	0.00000000000000
32.680000305176	-0.0054454696364701	-0.018773164600134	65.000000000000	0.00000000000000
32.689998626709	-0.0050045978277922	-0.017185160890222	65.000000000000	0.00000000000000
32.700000762939	-0.0045586475171149	-0.015600246377289	65.000000000000	0.00000000000000
32.709999084473	-0.0041076429188251	-0.014018435031176	65.000000000000	0.00000000000000
32.720001220703	-0.0036516098771244	-0.012439753860235	65.000000000000	0.00000000000000
32.729999542236	-0.0031905695796013	-0.010864222422242	65.000000000000	0.00000000000000
32.740001678467	-0.0027245476376265	-0.0092918640002608	65.000000000000	0.00000000000000
32.750000000000	-0.0022535671014339	-0.0077226967550814	65.000000000000	0.00000000000000
32.759998321533	-0.0017776542808861	-0.0061567444354296	65.000000000000	0.00000000000000
32.770000457764	-0.0012968291994184	-0.0045940261334181	65.000000000000	0.00000000000000
32.779998779297	-0.00081111997133121	-0.0030345621053129	65.000000000000	0.00000000000000
32.790000915527	-0.00032054985058494	-0.0014783734222874	65.000000000000	0.00000000000000
32.799999237061	0.00017485630814917	7.4520110501908e-05	65.000000000000	0.00000000000000
32.810001373291	0.00067507411586121	0.0016240988625214	65.000000000000	0.00000000000000
32.819999694824	0.0011800783686340	0.0031703431159258	65.000000000000	0.00000000000000
32.830001831055	0.0016898460453376	0.0047132335603237	65.000000000000	0.00000000000000
32.840000152588	0.0022043492645025	0.0062527502886951	65.000000000000	0.00000000000000
32.849998474121	0.0027235641609877	0.0077888765372336	65.000000000000	0.00000000000000
32.860000610352	0.0032474668696523	0.0093215908855200	65.000000000000	0.00000000000000
32.869998931885	0.0037760294508189	0.010850876569748	65.000000000000	0.00000000000000
32.880001068115	0.0043092304840684	0.012376716360450	65.000000000000	0.00000000000000
32.889999389648	0.0048470417968929	0.013899087905884	65.000000000000	0.00000000000000
32.900001525879	0.0053894361481071	0.015417979098856	65.000000000000	0.00000000000000
32.909999847412	0.0059363930486143	0.016933368518949	65.000000000000	0.00000000000000
32.919998168945	0.0064878789708018	0.018445238471031	65.000000000000	0.00000000000000
32.930000305176	0.0070438743568957	0.019953574985266	65.000000000000	0.00000000000000
32.939998626709	0.0076043582521379	0.021458359435201	65.000000000000	0.00000000000000
32.950000762939	0.0081692961975932	0.022959578782320	65.000000000000	0.00000000000000
32.959999084473	0.0087386611849070	0.024457205086946	65.000000000000	0.00000000000000
32.970001220703	0.0093124406412244	0.025951234623790	65.000000000000	0.00000000000000
32.979999542236	0.0098905861377716	0.027441648766398	65.000000000000	0.00000000000000
32.990001678467	0.010473089292645	0.028928427025676	65.000000000000	0.00000000000000
33.000000000000	0.011059921234846	0.030411554500461	65.000000000000	0.00000000000000
33.009998321533	0.011651044711471	0.031891021877527	65.000000000000	0.00000000000000
33.020000457764	0.012246450409293	0.033366810530424	65.000000000000	0.00000000000000
33.029998779297	0.012846100144088	0.034838903695345	65.000000000000	0.00000000000000
33.040000915527	0.013449972495437	0.036307290196419	65.000000000000	0.00000000000000
33.049999237061	0.014058033935726	0.037771955132484	65.000000000000	0.00000000000000
33.060001373291	0.014670268632472	0.039232876151800	65.000000000000	0.00000000000000
33.069999694824	0.015286643989384	0.040690053254366	65.000000000000	0.00000000000000
33.080001831055	0.015907136723399	0.042143464088440	65.000000000000	0.00000000000000
33.090000152588	0.016531700268388	0.043593101203442	65.000000000000	0.00000000000000
33.099998474121	0.017160352319479	0.045038942247629	65.000000000000	0.00000000000000
33.110000610352	0.017793023958802	0.046480983495712	65.000000000000	0.00000000000000
33.119998931885	0.018429702147841	0.047919202595949	65.000000000000	0.00000000000000
33.130001068115	0.019070379436016	0.049353599548340	65.000000000000	0.00000000000000
33.139999389648	0.019714992493391	0.050784144550562	65.000000000000	0.00000000000000
33.150001525879	0.020363537594676	0.052210848778486	65.000000000000	0.00000000000000
33.159999847412	0.021015979349613	0.053633682429790	65.000000000000	0.00000000000000
33.169998168945	0.021672312170267	0.055052634328604	65.000000000000	0.00000000000000
33.180000305176	0.022332470864058	0.056467700749636	65.000000000000	0.00000000000000
33.189998626709	0.022996472194791	0.057878874242306	65.000000000000	0.00000000000000
33.200000762939	0.023664247244596	0.059286128729582	65.000000000000	0.00000000000000
33.209999084473	0.024335814639926	0.060689464211464	65.000000000000	0.00000000000000
33.220001220703	0.025011098012328	0.062088869512081	65.000000000000	0.00000000000000
33.229999542236	0.025690114125609	0.063484340906143	65.000000000000	0.00000000000000
33.240001678467	0.026372814550996	0.064875848591328	65.000000000000	0.00000000000000
33.250000000000	0.027059152722359	0.066263400018215	65.000000000000	0.00000000000000
33.259998321533	0.027749139815569	0.067646980285645	65.000000000000	0.00000000000000
33.270000457764	0.028442729264498	0.069026581943035	65.000000000000	0.00000000000000
33.279998779297	0.029139900580049	0.070402190089226	65.000000000000	0.00000000000000
33.290000915527	0.029840635135770	0.071773804724216	65.000000000000	0.00000000000000
33.299999237061	0.030544880777597	0.073141403496265	65.000000000000	0.00000000000000
33.310001373291	0.031252652406693	0.074504993855953	65.000000000000	0.00000000000000
33.319999694824	0.031963855028152	0.075864560902119	65.000000000000	0.00000000000000
33.330001831055	0.032678522169590	0.077220097184181	65.000000000000	0.00000000000000
33.340000152588	0.033396616578102	0.078571595251560	65.000000000000	0.00000000000000
33.349998474121	0.034118086099625	0.079919047653675	65.000000000000	0.00000000000000
33.360000610352	0.034842938184738	0.081262446939945	65.000000000000	0.00000000000000
33.369998931885	0.035571116954088	0.082601778209209	65.000000000000	0.00000000000000
33.380001068115	0.036302596330643	0.083937048912048	65.000000000000	0.00000000000000
33.389999389648	0.037037398666143	0.085268244147301	65.000000000000	0.00000000000000
33.400001525879	0.037775438278913	0.086595349013805	65.000000000000	0.00000000000000
33.409999847412	0.038516715168953	0.087918370962143	65.000000000000	0.00000000000000
33.419998168945	0.039261184632778	0.089237295091152	65.000000000000	0.00000000000000
33.430000305176	0.040008846670389	0.090552136301994	65.000000000000	0.00000000000000
33.439998626709	0.040759656578302	0.091862872242928	65.000000000000	0.00000000000000
33.450000762939	0.041513606905937	0.093169473111629	65.000000000000	0.00000000000000
33.459999084473	0.042270664125681	0.094471983611584	65.000000000000	0.00000000000000
33.470001220703	0.043030750006437	0.095770373940468	65.000000000000	0.00000000000000
33.479999542236	0.043793942779303	0.097064621746540	65.000000000000	0.00000000000000
33.490001678467	0.044560141861439	0.098354749381542	65.000000000000	0.00000000000000
33.500000000000	0.045329302549362	0.099640741944313	65.000000000000	0.00000000000000
33.509998321533	0.046101469546556	0.10092260688543	65.000000000000	0.00000000000000
33.520000457764	0.046876579523087	0.10220031440258	65.000000000000	0.00000000000000
33.529998779297	0.047654602676630	0.10347388684750	65.000000000000	0.00000000000000
33.540000915527	0.048435516655445	0.10474330186844	65.000000000000	0.00000000000000
33.549999237061	0.049219302833080	0.10600857436657	65.000000000000	0.00000000000000
33.560001373291	0.050005927681923	0.10726967453957	65.000000000000	0.00000000000000
33.569999694824	0.050795402377844	0.10852663218975	65.000000000000	0.00000000000000
33.580001831055	0.051587626338005	0.10977942496538	65.000000000000	0.00000000000000
33.590000152588	0.052382644265890	0.11102804541588	65.000000000000	0.00000000000000
33.599998474121	0.053180392831564	0.11227250844240	65.000000000000	0.00000000000000
33.610000610352	0.053980838507414	0.11351280659437	65.000000000000	0.00000000000000
33.619998931885	0.054784014821053	0.11474891752005	65.000000000000	0.00000000000000
33.630001068115	0.055589821189642	0.11598086357117	65.000000000000	0.00000000000000
33.639999389648	0.056398283690214	0.11720864474773	65.000000000000	0.00000000000000
33.650001525879	0.057209361344576	0.11843223869801	65.000000000000	0.00000000000000
33.659999847412	0.058023046702147	0.11965167522430	65.000000000000	0.00000000000000
33.669998168945	0.058839261531830	0.12086690217257	65.000000000000	0.00000000000000
33.680000305176	0.059658035635948	0.12207796424627	65.000000000000	0.00000000000000
33.689998626709	0.060479365289211	0.12328485399485	65.000000000000	0.00000000000000
33.700000762939	0.061303142458200	0.12448754906654	65.000000000000	0.00000000000000
33.709999084473	0.062129434198141	0.12568607926369	65.000000000000	0.00000000000000
33.720001220703	0.062958128750324	0.12688043713570	65.000000000000	0.00000000000000
33.729999542236	0.063789248466492	0.12807059288025	65.000000000000	0.00000000000000
33.740001678467	0.064622797071934	0.12925657629967	65.000000000000	0.00000000000000
33.750000000000	0.065458655357361	0.13043837249279	65.000000000000	0.00000000000000
33.759998321533	0.066296935081482	0.13161598145962	65.000000000000	0.00000000000000
33.770000457764	0.067137509584427	0.13278943300247	65.000000000000	0.00000000000000
33.779998779297	0.067980393767357	0.13395868241787	65.000000000000	0.00000000000000
33.790000915527	0.068825528025627	0.13512377440929	65.000000000000	0.00000000000000
33.799999237061	0.069672957062721	0.13628467917442	65.000000000000	0.00000000000000
33.810001373291	0.070522598922253	0.13744141161442	65.000000000000	0.00000000000000
33.819999694824	0.071374490857124	0.13859397172928	65.000000000000	0.00000000000000
33.830001831055	0.072228536009789	0.13974234461784	65.000000000000	0.00000000000000
33.840000152588	0.073084734380245	0.14088654518127	65.000000000000	0.00000000000000
33.849998474121	0.073943108320236	0.14202658832073	65.000000000000	0.00000000000000
33.860000610352	0.074803583323956	0.14316245913506	65.000000000000	0.00000000000000
33.869998931885	0.075666196644306	0.14429415762424	65.000000000000	0.00000000000000
33.880001068115	0.076530829071999	0.14542169868946	65.000000000000	0.00000000000000
33.889999389648	0.077397525310516	0.14654508233070	65.000000000000	0.00000000000000
33.900001525879	0.078266255557537	0.14766430854797	65.000000000000	0.00000000000000
33.909999847412	0.079137019813061	0.14877936244011	65.000000000000	0.00000000000000
33.919998168945	0.080009736120701	0.14989027380943	65.000000000000	0.00000000000000
33.930000305176	0.080884434282780	0.15099702775478	65.000000000000	0.00000000000000
33.939998626709	0.081761084496975	0.15209963917732	65.000000000000	0.00000000000000
33.950000762939	0.082639671862125	0.15319809317589	65.000000000000	0.00000000000000
33.959999084473	0.083520099520683	0.15429240465164	65.000000000000	0.00000000000000
33.970001220703	0.084402464330196	0.15538260340691	65.000000000000	0.00000000000000
33.979999542236	0.085286699235439	0.15646864473820	65.000000000000	0.00000000000000
33.990001678467	0.086172744631767	0.15755055844784	65.000000000000	0.00000000000000
34.000000000000	0.087060630321503	0.15862834453583	65.000000000000	0.00000000000000
34.009998321533	0.087950281798840	0.15970201790333	65.000000000000	0.00000000000000
34.020000457764	0.088841751217842	0.16077153384686	65.000000000000	0.00000000000000
34.029998779297	0.089734964072704	0.16183696687222	65.000000000000	0.00000000000000
34.040000915527	0.090629883110523	0.16289827227592	65.000000000000	0.00000000000000
34.049999237061	0.091526560485363	0.16395546495914	65.000000000000	0.00000000000000
34.060001373291	0.092424914240837	0.16500855982304	65.000000000000	0.00000000000000
34.069999694824	0.093324922025204	0.16605754196644	65.000000000000	0.00000000000000
34.080001831055	0.094226635992527	0.16710245609283	65.000000000000	0.00000000000000
34.090000152588	0.095129951834679	0.16814324259758	65.000000000000	0.00000000000000
34.099998474121	0.096034936606884	0.16917994618416	65.000000000000	0.00000000000000
34.110000610352	0.096941493451595	0.17021258175373	65.000000000000	0.00000000000000
34.119998931885	0.097849600017071	0.17124113440514	65.000000000000	0.00000000000000
34.130001068115	0.098759315907955	0.17226560413837	65.000000000000	0.00000000000000
34.139999389648	0.099670536816120	0.17328600585461	65.000000000000	0.00000000000000
34.150001525879	0.10058333724737	0.17430235445499	65.000000000000	0.00000000000000
34.159999847412	0.10149759799242	0.17531463503838	65.000000000000	0.00000000000000
34.169998168945	0.10241336375475	0.17632287740707	65.000000000000	0.00000000000000
34.180000305176	0.10333064198494	0.17732705175877	65.000000000000	0.00000000000000
34.189998626709	0.10424929112196	0.17832718789577	65.000000000000	0.00000000000000
34.200000762939	0.10516941547394	0.17932327091694	65.000000000000	0.00000000000000
34.209999084473	0.10609100759029	0.18031533062458	65.000000000000	0.00000000000000
34.220001220703	0.10701395571232	0.18130336701870	65.000000000000	0.00000000000000
34.229999542236	0.10793831199408	0.18228735029697	65.000000000000	0.00000000000000
34.240001678467	0.10886391252279	0.18326738476753	65.000000000000	0.00000000000000
34.250000000000	0.10979099571705	0.18424335122108	65.000000000000	0.00000000000000
34.259998321533	0.11071944236755	0.18521527945995	65.000000000000	0.00000000000000
34.270000457764	0.11164914816618	0.18618322908878	65.000000000000	0.00000000000000
34.279998779297	0.11258009821177	0.18714722990990	65.000000000000	0.00000000000000
34.290000915527	0.11351237446070	0.18810719251633	65.000000000000	0.00000000000000
34.299999237061	0.11444593220949	0.18906316161156	65.000000000000	0.00000000000000
34.310001373291	0.11538070440292	0.19001518189907	65.000000000000	0.00000000000000
34.319999694824	0.11631663143635	0.19096325337887	65.000000000000	0.00000000000000
34.330001831055	0.11725389957428	0.19190728664398	65.000000000000	0.00000000000000
34.340000152588	0.11819232255220	0.19284741580486	65.000000000000	0.00000000000000
34.349998474121	0.11913193017244	0.19378355145454	65.000000000000	0.00000000000000
34.360000610352	0.12007275223732	0.19471570849419	65.000000000000	0.00000000000000
34.369998931885	0.12101474404335	0.19564391672611	65.000000000000	0.00000000000000
34.380001068115	0.12195771932602	0.19656829535961	65.000000000000	0.00000000000000
34.389999389648	0.12290192395449	0.19748865067959	65.000000000000	0.00000000000000
34.400001525879	0.12384725362062	0.19840505719185	65.000000000000	0.00000000000000
34.409999847412	0.12479370087385	0.19931754469872	65.000000000000	0.00000000000000
34.419998168945	0.12574115395546	0.20022612810135	65.000000000000	0.00000000000000
34.430000305176	0.12668977677822	0.20113077759743	65.000000000000	0.00000000000000
34.439998626709	0.12763926386833	0.20203159749508	65.000000000000	0.00000000000000
34.450000762939	0.12859000265598	0.20292840898037	65.000000000000	0.00000000000000
34.459999084473	0.12954156100750	0.20382142066956	65.000000000000	0.00000000000000
34.470001220703	0.13049422204494	0.20471048355103	65.000000000000	0.00000000000000
34.479999542236	0.13144789636135	0.20559565722942	65.000000000000	0.00000000000000
34.490001678467	0.13240243494511	0.20647700130939	65.000000000000	0.00000000000000
34.500000000000	0.13335807621479	0.20735442638397	65.000000000000	0.00000000000000
34.509998321533	0.13431462645531	0.20822794735432	65.000000000000	0.00000000000000
34.520000457764	0.13527202606201	0.20909771323204	65.000000000000	0.00000000000000
34.529998779297	0.13623045384884	0.20996354520321	65.000000000000	0.00000000000000
34.540000915527	0.13718967139721	0.21082557737827	65.000000000000	0.00000000000000
34.549999237061	0.13814997673035	0.21168366074562	65.000000000000	0.00000000000000
34.560001373291	0.13911095261574	0.21253801882267	65.000000000000	0.00000000000000
34.569999694824	0.14007298648357	0.21338844299316	65.000000000000	0.00000000000000
34.580001831055	0.14103575050831	0.21423508226871	65.000000000000	0.00000000000000
34.590000152588	0.14199946820736	0.21507787704468	65.000000000000	0.00000000000000
34.599998474121	0.14296384155750	0.21591690182686	65.000000000000	0.00000000000000
34.610000610352	0.14392916858196	0.21675208210945	65.000000000000	0.00000000000000
34.619998931885	0.14489522576332	0.21758343279362	65.000000000000	0.00000000000000
34.630001068115	0.14586208760738	0.21841102838516	65.000000000000	0.00000000000000
34.639999389648	0.14682978391647	0.21923474967480	65.000000000000	0.00000000000000
34.650001525879	0.14779822528362	0.22005473077297	65.000000000000	0.00000000000000
34.659999847412	0.14876736700535	0.22087089717388	65.000000000000	0.00000000000000
34.669998168945	0.14973728358746	0.22168330848217	65.000000000000	0.00000000000000
34.680000305176	0.15070797502995	0.22249189019203	65.000000000000	0.00000000000000
34.689998626709	0.15167930722237	0.22329673171043	65.000000000000	0.00000000000000
34.700000762939	0.15265138447285	0.22409780323505	65.000000000000	0.00000000000000
34.709999084473	0.15362417697906	0.22489508986473	65.000000000000	0.00000000000000
34.720001220703	0.15459758043289	0.22568862140179	65.000000000000	0.00000000000000
34.729999542236	0.15557172894478	0.22647839784622	65.000000000000	0.00000000000000
34.740001678467	0.15654647350311	0.22726443409920	65.000000000000	0.00000000000000
34.750000000000	0.15752190351486	0.22804671525955	65.000000000000	0.00000000000000
34.759998321533	0.15849797427654	0.22882522642612	65.000000000000	0.00000000000000
34.770000457764	0.15947464108467	0.22960001230240	65.000000000000	0.00000000000000
34.779998779297	0.16045190393925	0.23037107288837	65.000000000000	0.00000000000000
34.790000915527	0.16142982244492	0.23113840818405	65.000000000000	0.00000000000000
34.799999237061	0.16240823268890	0.23190198838711	65.000000000000	0.00000000000000
34.810001373291	0.16338732838631	0.23266187310219	65.000000000000	0.00000000000000
34.819999694824	0.16436690092087	0.23341803252697	65.000000000000	0.00000000000000
34.830001831055	0.16534711420536	0.23417048156261	65.000000000000	0.00000000000000
34.840000152588	0.16632778942585	0.23491920530796	65.000000000000	0.00000000000000
34.849998474121	0.16730900108814	0.23566424846649	65.000000000000	0.00000000000000
34.860000610352	0.16829077899456	0.23640556633472	65.000000000000	0.00000000000000
34.869998931885	0.16927298903465	0.23714318871498	65.000000000000	0.00000000000000
34.880001068115	0.17025575041771	0.23787711560726	65.000000000000	0.00000000000000
34.889999389648	0.17123898863792	0.23860736191273	65.000000000000	0.00000000000000
34.900001525879	0.17222271859646	0.23933388292789	65.000000000000	0.00000000000000
34.909999847412	0.17320686578751	0.24005675315857	65.000000000000	0.00000000000000
34.919998168945	0.17419146001339	0.24077592790127	65.000000000000	0.00000000000000
34.930000305176	0.17517656087875	0.24149140715599	65.000000000000	0.00000000000000
34.939998626709	0.17616200447083	0.24220323562622	65.000000000000	0.00000000000000
34.950000762939	0.17714790999889	0.24291138350964	65.000000000000	0.00000000000000
34.959999084473	0.17813417315483	0.24361585080624	65.000000000000	0.00000000000000
34.970001220703	0.17912091314793	0.24431665241718	65.000000000000	0.00000000000000
34.979999542236	0.18010796606541	0.24501381814480	65.000000000000	0.00000000000000
34.990001678467	0.18109537661076	0.24570730328560	65.000000000000	0.00000000000000
35.000000000000	0.18208324909210	0.24639713764191	65.000000000000	0.00000000000000
