#Parameters = {d=0.2609296482412; l2=5.218592964824; lambda=10.437185929648; r=0.035162879396984}
#"Frequency / GHz"	"S1,1 (lambda=10.4372) [Re]"	"S1,1 (lambda=10.4372) [Im]"	"Ref.Imp. [Re]"	"Ref.Imp. [Im]"
#-----------------------------------------------------------------------------------------------------------
25.000000000000	-0.024961320683360	-0.16821941733360	65.000000000000	0.00000000000000
25.010000228882	-0.025089297443628	-0.16597194969654	65.000000000000	0.00000000000000
25.020000457764	-0.025206675752997	-0.16372506320477	65.000000000000	0.00000000000000
25.030000686646	-0.025313496589661	-0.16147883236408	65.000000000000	0.00000000000000
25.040000915527	-0.025409631431103	-0.15923339128494	65.000000000000	0.00000000000000
25.049999237061	-0.025495255365968	-0.15698872506618	65.000000000000	0.00000000000000
25.059999465942	-0.025570319965482	-0.15474493801594	65.000000000000	0.00000000000000
25.069999694824	-0.025634845718741	-0.15250214934349	65.000000000000	0.00000000000000
25.079999923706	-0.025688841938972	-0.15026035904884	65.000000000000	0.00000000000000
25.090000152588	-0.025732325389981	-0.14801968634129	65.000000000000	0.00000000000000
25.100000381470	-0.025765307247639	-0.14578020572662	65.000000000000	0.00000000000000
25.110000610352	-0.025787923485041	-0.14354193210602	65.000000000000	0.00000000000000
25.120000839233	-0.025800036266446	-0.14130498468876	65.000000000000	0.00000000000000
25.129999160767	-0.025801647454500	-0.13906946778297	65.000000000000	0.00000000000000
25.139999389648	-0.025792879983783	-0.13683538138866	65.000000000000	0.00000000000000
25.149999618530	-0.025773778557777	-0.13460281491280	65.000000000000	0.00000000000000
25.159999847412	-0.025744261220098	-0.13237185776234	65.000000000000	0.00000000000000
25.170000076294	-0.025704495608807	-0.13014255464077	65.000000000000	0.00000000000000
25.180000305176	-0.025654252618551	-0.12791500985622	65.000000000000	0.00000000000000
25.190000534058	-0.025593878701329	-0.12568925321102	65.000000000000	0.00000000000000
25.200000762939	-0.025523127987981	-0.12346536666155	65.000000000000	0.00000000000000
25.209999084473	-0.025442142039537	-0.12124343961477	65.000000000000	0.00000000000000
25.219999313354	-0.025350967422128	-0.11902350932360	65.000000000000	0.00000000000000
25.229999542236	-0.025249592959881	-0.11680565029383	65.000000000000	0.00000000000000
25.239999771118	-0.025138059630990	-0.11458994448185	65.000000000000	0.00000000000000
25.250000000000	-0.025016384199262	-0.11237643659115	65.000000000000	0.00000000000000
25.260000228882	-0.024884527549148	-0.11016522347927	65.000000000000	0.00000000000000
25.270000457764	-0.024742648005486	-0.10795634239912	65.000000000000	0.00000000000000
25.280000686646	-0.024590728804469	-0.10574986040592	65.000000000000	0.00000000000000
25.290000915527	-0.024428738281131	-0.10354585945606	65.000000000000	0.00000000000000
25.299999237061	-0.024256734177470	-0.10134439170361	65.000000000000	0.00000000000000
25.309999465942	-0.024074802175164	-0.099145524203777	65.000000000000	0.00000000000000
25.319999694824	-0.023882955312729	-0.096949309110641	65.000000000000	0.00000000000000
25.329999923706	-0.023681139573455	-0.094755835831165	65.000000000000	0.00000000000000
25.340000152588	-0.023469472303987	-0.092565149068832	65.000000000000	0.00000000000000
25.350000381470	-0.023247946053743	-0.090377315878868	65.000000000000	0.00000000000000
25.360000610352	-0.023016655817628	-0.088192395865917	65.000000000000	0.00000000000000
25.370000839233	-0.022775579243898	-0.086010441184044	65.000000000000	0.00000000000000
25.379999160767	-0.022524749860168	-0.083831541240215	65.000000000000	0.00000000000000
25.389999389648	-0.022264204919338	-0.081655725836754	65.000000000000	0.00000000000000
25.399999618530	-0.021993981674314	-0.079483076930046	65.000000000000	0.00000000000000
25.409999847412	-0.021714145317674	-0.077313646674156	65.000000000000	0.00000000000000
25.420000076294	-0.021424671635032	-0.075147487223148	65.000000000000	0.00000000000000
25.430000305176	-0.021125676110387	-0.072984665632248	65.000000000000	0.00000000000000
25.440000534058	-0.020817130804062	-0.070825241506100	65.000000000000	0.00000000000000
25.450000762939	-0.020499082282186	-0.068669266998768	65.000000000000	0.00000000000000
25.459999084473	-0.020171569660306	-0.066516801714897	65.000000000000	0.00000000000000
25.469999313354	-0.019834645092487	-0.064367920160294	65.000000000000	0.00000000000000
25.479999542236	-0.019488355144858	-0.062222640961409	65.000000000000	0.00000000000000
25.489999771118	-0.019132727757096	-0.060081042349339	65.000000000000	0.00000000000000
25.500000000000	-0.018767764791846	-0.057943198829889	65.000000000000	0.00000000000000
25.510000228882	-0.018393572419882	-0.055809129029512	65.000000000000	0.00000000000000
25.520000457764	-0.018010130152106	-0.053678914904594	65.000000000000	0.00000000000000
25.530000686646	-0.017617501318455	-0.051552597433329	65.000000000000	0.00000000000000
25.540000915527	-0.017215738072991	-0.049430239945650	65.000000000000	0.00000000000000
25.549999237061	-0.016804877668619	-0.047311879694462	65.000000000000	0.00000000000000
25.559999465942	-0.016384940594435	-0.045197583734989	65.000000000000	0.00000000000000
25.569999694824	-0.015955986455083	-0.043087407946587	65.000000000000	0.00000000000000
25.579999923706	-0.015518055297434	-0.040981393307447	65.000000000000	0.00000000000000
25.590000152588	-0.015071201138198	-0.038879580795765	65.000000000000	0.00000000000000
25.600000381470	-0.014615433290601	-0.036782052367926	65.000000000000	0.00000000000000
25.610000610352	-0.014150804840028	-0.034688837826252	65.000000000000	0.00000000000000
25.620000839233	-0.013677391223609	-0.032599985599518	65.000000000000	0.00000000000000
25.629999160767	-0.013195204548538	-0.030515551567078	65.000000000000	0.00000000000000
25.639999389648	-0.012704289518297	-0.028435584157705	65.000000000000	0.00000000000000
25.649999618530	-0.012204702012241	-0.026360131800175	65.000000000000	0.00000000000000
25.659999847412	-0.011696481145918	-0.024289235472679	65.000000000000	0.00000000000000
25.670000076294	-0.011179662309587	-0.022222958505154	65.000000000000	0.00000000000000
25.680000305176	-0.010654305107892	-0.020161332562566	65.000000000000	0.00000000000000
25.690000534058	-0.010120457038283	-0.018104406073689	65.000000000000	0.00000000000000
25.700000762939	-0.0095781404525042	-0.016052236780524	65.000000000000	0.00000000000000
25.709999084473	-0.0090274261310697	-0.014004854485393	65.000000000000	0.00000000000000
25.719999313354	-0.0084683438763022	-0.011962315998971	65.000000000000	0.00000000000000
25.729999542236	-0.0079009560868144	-0.0099246548488736	65.000000000000	0.00000000000000
25.739999771118	-0.0073252897709608	-0.0078919278457761	65.000000000000	0.00000000000000
25.750000000000	-0.0067414036020637	-0.0058641680516303	65.000000000000	0.00000000000000
25.760000228882	-0.0061493385583162	-0.0038414245937020	65.000000000000	0.00000000000000
25.770000457764	-0.0055491486564279	-0.0018237342592329	65.000000000000	0.00000000000000
25.780000686646	-0.0049408753402531	0.00018885479948949	65.000000000000	0.00000000000000
25.790000915527	-0.0043245684355497	0.0021963061299175	65.000000000000	0.00000000000000
25.799999237061	-0.0037002770695835	0.0041985763236880	65.000000000000	0.00000000000000
25.809999465942	-0.0030680471099913	0.0061956257559359	65.000000000000	0.00000000000000
25.819999694824	-0.0024279248900712	0.0081874150782824	65.000000000000	0.00000000000000
25.829999923706	-0.0017799639608711	0.010173905640841	65.000000000000	0.00000000000000
25.840000152588	-0.0011242111213505	0.012155054137111	65.000000000000	0.00000000000000
25.850000381470	-0.00046071005635895	0.014130827970803	65.000000000000	0.00000000000000
25.860000610352	0.00021048972848803	0.016101187095046	65.000000000000	0.00000000000000
25.870000839233	0.00088932336075231	0.018066091462970	65.000000000000	0.00000000000000
25.879999160767	0.0015757575165480	0.020025506615639	65.000000000000	0.00000000000000
25.889999389648	0.0022697434760630	0.021979399025440	65.000000000000	0.00000000000000
25.899999618530	0.0029712226241827	0.023927729576826	65.000000000000	0.00000000000000
25.909999847412	0.0036801558453590	0.025870461016893	65.000000000000	0.00000000000000
25.920000076294	0.0043964902870357	0.027807561680675	65.000000000000	0.00000000000000
25.930000305176	0.0051201661117375	0.029738996177912	65.000000000000	0.00000000000000
25.940000534058	0.0058511304669082	0.031664732843637	65.000000000000	0.00000000000000
25.950000762939	0.0065893442369998	0.033584740012884	65.000000000000	0.00000000000000
25.959999084473	0.0073347776196897	0.035498976707458	65.000000000000	0.00000000000000
25.969999313354	0.0080873472616076	0.037407413125038	65.000000000000	0.00000000000000
25.979999542236	0.0088470065966249	0.039310023188591	65.000000000000	0.00000000000000
25.989999771118	0.0096136946231127	0.041206777095795	65.000000000000	0.00000000000000
26.000000000000	0.010387403890491	0.043097633868456	65.000000000000	0.00000000000000
26.010000228882	0.011168069206178	0.044982559978962	65.000000000000	0.00000000000000
26.020000457764	0.011955587193370	0.046861547976732	65.000000000000	0.00000000000000
26.030000686646	0.012749978341162	0.048734549432993	65.000000000000	0.00000000000000
26.040000915527	0.013551172800362	0.050601534545422	65.000000000000	0.00000000000000
26.049999237061	0.014359065331519	0.052462488412857	65.000000000000	0.00000000000000
26.059999465942	0.015173693187535	0.054317370057106	65.000000000000	0.00000000000000
26.069999694824	0.015994902700186	0.056166168302298	65.000000000000	0.00000000000000
26.079999923706	0.016822732985020	0.058008842170238	65.000000000000	0.00000000000000
26.090000152588	0.017657089978456	0.059845365583897	65.000000000000	0.00000000000000
26.100000381470	0.018497942015529	0.061675712466240	65.000000000000	0.00000000000000
26.110000610352	0.019345203414559	0.063499867916107	65.000000000000	0.00000000000000
26.120000839233	0.020198840647936	0.065317802131176	65.000000000000	0.00000000000000
26.129999160767	0.021058831363916	0.067129485309124	65.000000000000	0.00000000000000
26.139999389648	0.021925065666437	0.068934895098209	65.000000000000	0.00000000000000
26.149999618530	0.022797562181950	0.070734016597271	65.000000000000	0.00000000000000
26.159999847412	0.023676190525293	0.072526820003986	65.000000000000	0.00000000000000
26.170000076294	0.024560960009694	0.074313275516033	65.000000000000	0.00000000000000
26.180000305176	0.025451790541410	0.076093375682831	65.000000000000	0.00000000000000
26.190000534058	0.026348689571023	0.077867068350315	65.000000000000	0.00000000000000
26.200000762939	0.027251480147243	0.079634390771389	65.000000000000	0.00000000000000
26.209999084473	0.028160221874714	0.081395275890827	65.000000000000	0.00000000000000
26.219999313354	0.029074808582664	0.083149708807468	65.000000000000	0.00000000000000
26.229999542236	0.029995217919350	0.084897682070732	65.000000000000	0.00000000000000
26.239999771118	0.030921364203095	0.086639165878296	65.000000000000	0.00000000000000
26.250000000000	0.031853280961514	0.088374122977257	65.000000000000	0.00000000000000
26.260000228882	0.032790821045637	0.090102590620518	65.000000000000	0.00000000000000
26.270000457764	0.033733930438757	0.091824509203434	65.000000000000	0.00000000000000
26.280000686646	0.034682624042034	0.093539863824844	65.000000000000	0.00000000000000
26.290000915527	0.035636767745018	0.095248669385910	65.000000000000	0.00000000000000
26.299999237061	0.036596409976482	0.096950858831406	65.000000000000	0.00000000000000
26.309999465942	0.037561450153589	0.098646439611912	65.000000000000	0.00000000000000
26.319999694824	0.038531836122274	0.10033539682627	65.000000000000	0.00000000000000
26.329999923706	0.039507485926151	0.10201773047447	65.000000000000	0.00000000000000
26.340000152588	0.040488377213478	0.10369340330362	65.000000000000	0.00000000000000
26.350000381470	0.041474502533674	0.10536240041256	65.000000000000	0.00000000000000
26.360000610352	0.042465716600418	0.10702472925186	65.000000000000	0.00000000000000
26.370000839233	0.043462079018354	0.10868036001921	65.000000000000	0.00000000000000
26.379999160767	0.044463437050581	0.11032927781343	65.000000000000	0.00000000000000
26.389999389648	0.045469798147678	0.11197147518396	65.000000000000	0.00000000000000
26.399999618530	0.046481076627970	0.11360695958138	65.000000000000	0.00000000000000
26.409999847412	0.047497261315584	0.11523568630219	65.000000000000	0.00000000000000
26.420000076294	0.048518281430006	0.11685765534639	65.000000000000	0.00000000000000
26.430000305176	0.049544077366590	0.11847284436226	65.000000000000	0.00000000000000
26.440000534058	0.050574608147144	0.12008128315210	65.000000000000	0.00000000000000
26.450000762939	0.051609814167023	0.12168291956186	65.000000000000	0.00000000000000
26.459999084473	0.052649646997452	0.12327776104212	65.000000000000	0.00000000000000
26.469999313354	0.053694061934948	0.12486580759287	65.000000000000	0.00000000000000
26.479999542236	0.054743044078350	0.12644702196121	65.000000000000	0.00000000000000
26.489999771118	0.055796470493078	0.12802141904831	65.000000000000	0.00000000000000
26.500000000000	0.056854337453842	0.12958897650242	65.000000000000	0.00000000000000
26.510000228882	0.057916563004255	0.13114972412586	65.000000000000	0.00000000000000
26.520000457764	0.058983147144318	0.13270358741283	65.000000000000	0.00000000000000
26.530000686646	0.060053989291191	0.13425062596798	65.000000000000	0.00000000000000
26.540000915527	0.061129089444876	0.13579079508781	65.000000000000	0.00000000000000
26.549999237061	0.062208380550146	0.13732407987118	65.000000000000	0.00000000000000
26.559999465942	0.063291765749454	0.13885052502155	65.000000000000	0.00000000000000
26.569999694824	0.064379259943962	0.14037005603313	65.000000000000	0.00000000000000
26.579999923706	0.065470799803734	0.14188273251057	65.000000000000	0.00000000000000
26.590000152588	0.066566318273544	0.14338850975037	65.000000000000	0.00000000000000
26.600000381470	0.067665763199329	0.14488741755486	65.000000000000	0.00000000000000
26.610000610352	0.068769074976444	0.14637939631939	65.000000000000	0.00000000000000
26.620000839233	0.069876290857792	0.14786450564861	65.000000000000	0.00000000000000
26.629999160767	0.070987254381180	0.14934270083904	65.000000000000	0.00000000000000
26.639999389648	0.072101943194866	0.15081399679184	65.000000000000	0.00000000000000
26.649999618530	0.073220342397690	0.15227837860584	65.000000000000	0.00000000000000
26.659999847412	0.074342414736748	0.15373586118221	65.000000000000	0.00000000000000
26.670000076294	0.075468100607395	0.15518642961979	65.000000000000	0.00000000000000
26.680000305176	0.076597273349762	0.15663008391857	65.000000000000	0.00000000000000
26.690000534058	0.077729977667332	0.15806680917740	65.000000000000	0.00000000000000
26.700000762939	0.078866131603718	0.15949663519859	65.000000000000	0.00000000000000
26.709999084473	0.080005720257759	0.16091954708099	65.000000000000	0.00000000000000
26.719999313354	0.081148684024811	0.16233552992344	65.000000000000	0.00000000000000
26.729999542236	0.082294948399067	0.16374462842941	65.000000000000	0.00000000000000
26.739999771118	0.083444453775883	0.16514679789543	65.000000000000	0.00000000000000
26.750000000000	0.084597177803516	0.16654205322266	65.000000000000	0.00000000000000
26.760000228882	0.085753127932549	0.16793039441109	65.000000000000	0.00000000000000
26.770000457764	0.086912162601948	0.16931185126305	65.000000000000	0.00000000000000
26.780000686646	0.088074319064617	0.17068637907505	65.000000000000	0.00000000000000
26.790000915527	0.089239478111267	0.17205399274826	65.000000000000	0.00000000000000
26.799999237061	0.090407684445381	0.17341472208500	65.000000000000	0.00000000000000
26.809999465942	0.091578833758831	0.17476853728294	65.000000000000	0.00000000000000
26.819999694824	0.092752844095230	0.17611546814442	65.000000000000	0.00000000000000
26.829999923706	0.093929708003998	0.17745549976826	65.000000000000	0.00000000000000
26.840000152588	0.095109388232231	0.17878864705563	65.000000000000	0.00000000000000
26.850000381470	0.096291892230511	0.18011492490768	65.000000000000	0.00000000000000
26.860000610352	0.097477063536644	0.18143428862095	65.000000000000	0.00000000000000
26.870000839233	0.098664931952953	0.18274678289890	65.000000000000	0.00000000000000
26.879999160767	0.099855437874794	0.18405240774155	65.000000000000	0.00000000000000
26.889999389648	0.10104852169752	0.18535117805004	65.000000000000	0.00000000000000
26.899999618530	0.10224415361881	0.18664307892323	65.000000000000	0.00000000000000
26.909999847412	0.10344233363867	0.18792814016342	65.000000000000	0.00000000000000
26.920000076294	0.10464295744896	0.18920634686947	65.000000000000	0.00000000000000
26.930000305176	0.10584598779678	0.19047769904137	65.000000000000	0.00000000000000
26.940000534058	0.10705135017633	0.19174224138260	65.000000000000	0.00000000000000
26.950000762939	0.10825909674168	0.19299992918968	65.000000000000	0.00000000000000
26.959999084473	0.10946914553642	0.19425079226494	65.000000000000	0.00000000000000
26.969999313354	0.11068139225245	0.19549484550953	65.000000000000	0.00000000000000
26.979999542236	0.11189591884613	0.19673210382462	65.000000000000	0.00000000000000
26.989999771118	0.11311257630587	0.19796256721020	65.000000000000	0.00000000000000
27.000000000000	0.11433130502701	0.19918623566628	65.000000000000	0.00000000000000
27.010000228882	0.11555214226246	0.20040312409401	65.000000000000	0.00000000000000
27.020000457764	0.11677505075932	0.20161324739456	65.000000000000	0.00000000000000
27.030000686646	0.11799995601177	0.20281659066677	65.000000000000	0.00000000000000
27.040000915527	0.11922682821751	0.20401318371296	65.000000000000	0.00000000000000
27.049999237061	0.12045554816723	0.20520304143429	65.000000000000	0.00000000000000
27.059999465942	0.12168621271849	0.20638614892960	65.000000000000	0.00000000000000
27.069999694824	0.12291870266199	0.20756252110004	65.000000000000	0.00000000000000
27.079999923706	0.12415297329426	0.20873221755028	65.000000000000	0.00000000000000
27.090000152588	0.12538899481297	0.20989519357681	65.000000000000	0.00000000000000
27.100000381470	0.12662672996521	0.21105146408081	65.000000000000	0.00000000000000
27.110000610352	0.12786619365215	0.21220104396343	65.000000000000	0.00000000000000
27.120000839233	0.12910722196102	0.21334396302700	65.000000000000	0.00000000000000
27.129999160767	0.13034990429878	0.21448023617268	65.000000000000	0.00000000000000
27.139999389648	0.13159416615963	0.21560983359814	65.000000000000	0.00000000000000
27.149999618530	0.13283990323544	0.21673281490803	65.000000000000	0.00000000000000
27.159999847412	0.13408721983433	0.21784913539886	65.000000000000	0.00000000000000
27.170000076294	0.13533584773540	0.21895889937878	65.000000000000	0.00000000000000
27.180000305176	0.13658601045609	0.22006201744080	65.000000000000	0.00000000000000
27.190000534058	0.13783749938011	0.22115854918957	65.000000000000	0.00000000000000
27.200000762939	0.13909031450748	0.22224852442741	65.000000000000	0.00000000000000
27.209999084473	0.14034445583820	0.22333191335201	65.000000000000	0.00000000000000
27.219999313354	0.14159980416298	0.22440877556801	65.000000000000	0.00000000000000
27.229999542236	0.14285638928413	0.22547906637192	65.000000000000	0.00000000000000
27.239999771118	0.14411419630051	0.22654289007187	65.000000000000	0.00000000000000
27.250000000000	0.14537315070629	0.22760017216206	65.000000000000	0.00000000000000
27.260000228882	0.14663325250149	0.22865092754364	65.000000000000	0.00000000000000
27.270000457764	0.14789441227913	0.22969524562359	65.000000000000	0.00000000000000
27.280000686646	0.14915663003922	0.23073308169842	65.000000000000	0.00000000000000
27.290000915527	0.15041983127594	0.23176446557045	65.000000000000	0.00000000000000
27.299999237061	0.15168404579163	0.23278941214085	65.000000000000	0.00000000000000
27.309999465942	0.15294916927814	0.23380793631077	65.000000000000	0.00000000000000
27.319999694824	0.15421521663666	0.23482002317905	65.000000000000	0.00000000000000
27.329999923706	0.15548209846020	0.23582576215267	65.000000000000	0.00000000000000
27.340000152588	0.15674987435341	0.23682506382465	65.000000000000	0.00000000000000
27.350000381470	0.15801839530468	0.23781804740429	65.000000000000	0.00000000000000
27.360000610352	0.15928776562214	0.23880466818810	65.000000000000	0.00000000000000
27.370000839233	0.16055786609650	0.23978497087955	65.000000000000	0.00000000000000
27.379999160767	0.16182863712311	0.24075894057751	65.000000000000	0.00000000000000
27.389999389648	0.16310004889965	0.24172662198544	65.000000000000	0.00000000000000
27.399999618530	0.16437216103077	0.24268801510334	65.000000000000	0.00000000000000
27.409999847412	0.16564488410950	0.24364311993122	65.000000000000	0.00000000000000
27.420000076294	0.16691817343235	0.24459199607372	65.000000000000	0.00000000000000
27.430000305176	0.16819201409817	0.24553464353085	65.000000000000	0.00000000000000
27.440000534058	0.16946634650230	0.24647104740143	65.000000000000	0.00000000000000
27.450000762939	0.17074114084244	0.24740126729012	65.000000000000	0.00000000000000
27.459999084473	0.17201644182205	0.24832528829575	65.000000000000	0.00000000000000
27.469999313354	0.17329214513302	0.24924314022064	65.000000000000	0.00000000000000
27.479999542236	0.17456817626953	0.25015488266945	65.000000000000	0.00000000000000
27.489999771118	0.17584465444088	0.25106045603752	65.000000000000	0.00000000000000
27.500000000000	0.17712140083313	0.25195991992950	65.000000000000	0.00000000000000
27.510000228882	0.17839847505093	0.25285327434540	65.000000000000	0.00000000000000
27.520000457764	0.17967584729195	0.25374057888985	65.000000000000	0.00000000000000
27.530000686646	0.18095341324806	0.25462177395821	65.000000000000	0.00000000000000
27.540000915527	0.18223115801811	0.25549694895744	65.000000000000	0.00000000000000
27.549999237061	0.18350917100906	0.25636610388756	65.000000000000	0.00000000000000
27.559999465942	0.18478727340698	0.25722923874855	65.000000000000	0.00000000000000
27.569999694824	0.18606545031071	0.25808641314507	65.000000000000	0.00000000000000
27.579999923706	0.18734382092953	0.25893759727478	65.000000000000	0.00000000000000
27.590000152588	0.18862222135067	0.25978279113770	65.000000000000	0.00000000000000
27.600000381470	0.18990068137646	0.26062211394310	65.000000000000	0.00000000000000
27.610000610352	0.19117912650108	0.26145544648170	65.000000000000	0.00000000000000
27.620000839233	0.19245757162571	0.26228296756744	65.000000000000	0.00000000000000
27.629999160767	0.19373591244221	0.26310452818871	65.000000000000	0.00000000000000
27.639999389648	0.19501425325871	0.26392027735710	65.000000000000	0.00000000000000
27.649999618530	0.19629248976707	0.26473012566566	65.000000000000	0.00000000000000
27.659999847412	0.19757056236267	0.26553422212601	65.000000000000	0.00000000000000
27.670000076294	0.19884851574898	0.26633250713348	65.000000000000	0.00000000000000
27.680000305176	0.20012632012367	0.26712495088577	65.000000000000	0.00000000000000
27.690000534058	0.20140382647514	0.26791170239449	65.000000000000	0.00000000000000
27.700000762939	0.20268118381500	0.26869270205498	65.000000000000	0.00000000000000
27.709999084473	0.20395831763744	0.26946792006493	65.000000000000	0.00000000000000
27.719999313354	0.20523512363434	0.27023747563362	65.000000000000	0.00000000000000
27.729999542236	0.20651160180569	0.27100130915642	65.000000000000	0.00000000000000
27.739999771118	0.20778772234917	0.27175951004028	65.000000000000	0.00000000000000
27.750000000000	0.20906363427639	0.27251204848289	65.000000000000	0.00000000000000
27.760000228882	0.21033902466297	0.27325898408890	65.000000000000	0.00000000000000
27.770000457764	0.21161408722401	0.27400025725365	65.000000000000	0.00000000000000
27.780000686646	0.21288871765137	0.27473598718643	65.000000000000	0.00000000000000
27.790000915527	0.21416287124157	0.27546611428261	65.000000000000	0.00000000000000
27.799999237061	0.21543654799461	0.27619072794914	65.000000000000	0.00000000000000
27.809999465942	0.21670973300934	0.27690982818604	65.000000000000	0.00000000000000
27.819999694824	0.21798242628574	0.27762338519096	65.000000000000	0.00000000000000
27.829999923706	0.21925458312035	0.27833148837090	65.000000000000	0.00000000000000
27.840000152588	0.22052612900734	0.27903410792351	65.000000000000	0.00000000000000
27.850000381470	0.22179710865021	0.27973124384880	65.000000000000	0.00000000000000
27.860000610352	0.22306747734547	0.28042301535606	65.000000000000	0.00000000000000
27.870000839233	0.22433724999428	0.28110936284065	65.000000000000	0.00000000000000
27.879999160767	0.22560639679432	0.28179028630257	65.000000000000	0.00000000000000
27.889999389648	0.22687478363514	0.28246587514877	65.000000000000	0.00000000000000
27.899999618530	0.22814247012138	0.28313612937927	65.000000000000	0.00000000000000
27.909999847412	0.22940945625305	0.28380104899406	65.000000000000	0.00000000000000
27.920000076294	0.23067580163479	0.28446066379547	65.000000000000	0.00000000000000
27.930000305176	0.23194131255150	0.28511500358582	65.000000000000	0.00000000000000
27.940000534058	0.23320600390434	0.28576406836510	65.000000000000	0.00000000000000
27.950000762939	0.23446998000145	0.28640791773796	65.000000000000	0.00000000000000
27.959999084473	0.23573304712772	0.28704649209976	65.000000000000	0.00000000000000
27.969999313354	0.23699535429478	0.28767991065979	65.000000000000	0.00000000000000
27.979999542236	0.23825681209564	0.28830814361572	65.000000000000	0.00000000000000
27.989999771118	0.23951731622219	0.28893125057220	65.000000000000	0.00000000000000
28.000000000000	0.24077698588371	0.28954917192459	65.000000000000	0.00000000000000
28.010000228882	0.24203573167324	0.29016199707985	65.000000000000	0.00000000000000
28.020000457764	0.24329353868961	0.29076969623566	65.000000000000	0.00000000000000
28.030000686646	0.24455036222935	0.29137235879898	65.000000000000	0.00000000000000
28.040000915527	0.24580626189709	0.29196992516518	65.000000000000	0.00000000000000
28.049999237061	0.24706108868122	0.29256254434586	65.000000000000	0.00000000000000
28.059999465942	0.24831494688988	0.29315006732941	65.000000000000	0.00000000000000
28.069999694824	0.24956783652306	0.29373264312744	65.000000000000	0.00000000000000
28.079999923706	0.25081959366798	0.29431021213531	65.000000000000	0.00000000000000
28.090000152588	0.25207036733627	0.29488286375999	65.000000000000	0.00000000000000
28.100000381470	0.25332003831863	0.29545056819916	65.000000000000	0.00000000000000
28.110000610352	0.25456857681274	0.29601335525513	65.000000000000	0.00000000000000
28.120000839233	0.25581604242325	0.29657128453255	65.000000000000	0.00000000000000
28.129999160767	0.25706237554550	0.29712432622910	65.000000000000	0.00000000000000
28.139999389648	0.25830754637718	0.29767253994942	65.000000000000	0.00000000000000
28.149999618530	0.25955158472061	0.29821592569351	65.000000000000	0.00000000000000
28.159999847412	0.26079446077347	0.29875448346138	65.000000000000	0.00000000000000
28.170000076294	0.26203605532646	0.29928830265999	65.000000000000	0.00000000000000
28.180000305176	0.26327648758888	0.29981732368469	65.000000000000	0.00000000000000
28.190000534058	0.26451569795609	0.30034163594246	65.000000000000	0.00000000000000
28.200000762939	0.26575368642807	0.30086120963097	65.000000000000	0.00000000000000
28.209999084473	0.26699039340019	0.30137610435486	65.000000000000	0.00000000000000
28.219999313354	0.26822587847710	0.30188629031181	65.000000000000	0.00000000000000
28.229999542236	0.26946002244949	0.30239182710648	65.000000000000	0.00000000000000
28.239999771118	0.27069285511971	0.30289277434349	65.000000000000	0.00000000000000
28.250000000000	0.27192440629005	0.30338907241821	65.000000000000	0.00000000000000
28.260000228882	0.27315467596054	0.30388072133064	65.000000000000	0.00000000000000
28.270000457764	0.27438348531723	0.30436789989471	65.000000000000	0.00000000000000
28.280000686646	0.27561104297638	0.30485045909882	65.000000000000	0.00000000000000
28.290000915527	0.27683717012405	0.30532851815224	65.000000000000	0.00000000000000
28.299999237061	0.27806192636490	0.30580201745033	65.000000000000	0.00000000000000
28.309999465942	0.27928531169891	0.30627110600471	65.000000000000	0.00000000000000
28.319999694824	0.28050723671913	0.30673569440842	65.000000000000	0.00000000000000
28.329999923706	0.28172779083252	0.30719584226608	65.000000000000	0.00000000000000
28.340000152588	0.28294682502747	0.30765157938004	65.000000000000	0.00000000000000
28.350000381470	0.28416451811790	0.30810287594795	65.000000000000	0.00000000000000
28.360000610352	0.28538069128990	0.30854979157448	65.000000000000	0.00000000000000
28.370000839233	0.28659537434578	0.30899232625961	65.000000000000	0.00000000000000
28.379999160767	0.28780859708786	0.30943053960800	65.000000000000	0.00000000000000
28.389999389648	0.28902035951614	0.30986443161964	65.000000000000	0.00000000000000
28.399999618530	0.29023051261902	0.31029403209686	65.000000000000	0.00000000000000
28.409999847412	0.29143929481506	0.31071931123734	65.000000000000	0.00000000000000
28.420000076294	0.29264634847641	0.31114035844803	65.000000000000	0.00000000000000
28.430000305176	0.29385197162628	0.31155714392662	65.000000000000	0.00000000000000
28.440000534058	0.29505601525307	0.31196972727776	65.000000000000	0.00000000000000
28.450000762939	0.29625856876373	0.31237810850143	65.000000000000	0.00000000000000
28.459999084473	0.29745945334435	0.31278231739998	65.000000000000	0.00000000000000
28.469999313354	0.29865872859955	0.31318235397339	65.000000000000	0.00000000000000
28.479999542236	0.29985648393631	0.31357827782631	65.000000000000	0.00000000000000
28.489999771118	0.30105257034302	0.31397002935410	65.000000000000	0.00000000000000
28.500000000000	0.30224701762199	0.31435772776604	65.000000000000	0.00000000000000
28.510000228882	0.30343988537788	0.31474134325981	65.000000000000	0.00000000000000
28.520000457764	0.30463111400604	0.31512090563774	65.000000000000	0.00000000000000
28.530000686646	0.30582067370415	0.31549641489983	65.000000000000	0.00000000000000
28.540000915527	0.30700856447220	0.31586790084839	65.000000000000	0.00000000000000
28.549999237061	0.30819478631020	0.31623539328575	65.000000000000	0.00000000000000
28.559999465942	0.30937933921814	0.31659892201424	65.000000000000	0.00000000000000
28.569999694824	0.31056216359138	0.31695845723152	65.000000000000	0.00000000000000
28.579999923706	0.31174334883690	0.31731411814690	65.000000000000	0.00000000000000
28.590000152588	0.31292280554771	0.31766581535339	65.000000000000	0.00000000000000
28.600000381470	0.31410059332848	0.31801363825798	65.000000000000	0.00000000000000
28.610000610352	0.31527659296989	0.31835758686066	65.000000000000	0.00000000000000
28.620000839233	0.31645092368126	0.31869757175446	65.000000000000	0.00000000000000
28.629999160767	0.31762355566025	0.31903374195099	65.000000000000	0.00000000000000
28.639999389648	0.31879419088364	0.31936630606651	65.000000000000	0.00000000000000
28.649999618530	0.31996324658394	0.31969487667084	65.000000000000	0.00000000000000
28.659999847412	0.32113060355186	0.32001963257790	65.000000000000	0.00000000000000
28.670000076294	0.32229605317116	0.32034075260162	65.000000000000	0.00000000000000
28.680000305176	0.32345977425575	0.32065805792809	65.000000000000	0.00000000000000
28.690000534058	0.32462158799171	0.32097181677818	65.000000000000	0.00000000000000
28.700000762939	0.32578176259995	0.32128164172173	65.000000000000	0.00000000000000
28.709999084473	0.32694005966187	0.32158792018890	65.000000000000	0.00000000000000
28.719999313354	0.32809653878212	0.32189050316811	65.000000000000	0.00000000000000
28.729999542236	0.32925137877464	0.32218927145004	65.000000000000	0.00000000000000
28.739999771118	0.33040413260460	0.32248467206955	65.000000000000	0.00000000000000
28.750000000000	0.33155503869057	0.32277646660805	65.000000000000	0.00000000000000
28.760000228882	0.33270430564880	0.32306453585625	65.000000000000	0.00000000000000
28.770000457764	0.33385172486305	0.32334896922112	65.000000000000	0.00000000000000
28.780000686646	0.33499717712402	0.32363003492355	65.000000000000	0.00000000000000
28.790000915527	0.33614078164101	0.32390755414963	65.000000000000	0.00000000000000
28.799999237061	0.33728262782097	0.32418134808540	65.000000000000	0.00000000000000
28.809999465942	0.33842250704765	0.32445183396339	65.000000000000	0.00000000000000
28.819999694824	0.33956050872803	0.32471883296967	65.000000000000	0.00000000000000
28.829999923706	0.34069666266441	0.32498240470886	65.000000000000	0.00000000000000
28.840000152588	0.34183084964752	0.32524251937866	65.000000000000	0.00000000000000
28.850000381470	0.34296318888664	0.32549920678139	65.000000000000	0.00000000000000
28.860000610352	0.34409373998642	0.32575234770775	65.000000000000	0.00000000000000
28.870000839233	0.34522226452827	0.32600229978561	65.000000000000	0.00000000000000
28.879999160767	0.34634888172150	0.32624891400337	65.000000000000	0.00000000000000
28.889999389648	0.34747353196144	0.32649216055870	65.000000000000	0.00000000000000
28.899999618530	0.34859642386436	0.32673195004463	65.000000000000	0.00000000000000
28.909999847412	0.34971737861633	0.32696843147278	65.000000000000	0.00000000000000
28.920000076294	0.35083636641502	0.32720163464546	65.000000000000	0.00000000000000
28.930000305176	0.35195323824883	0.32743179798126	65.000000000000	0.00000000000000
28.940000534058	0.35306829214096	0.32765850424767	65.000000000000	0.00000000000000
28.950000762939	0.35418146848679	0.32788199186325	65.000000000000	0.00000000000000
28.959999084473	0.35529261827469	0.32810232043266	65.000000000000	0.00000000000000
28.969999313354	0.35640183091164	0.32831937074661	65.000000000000	0.00000000000000
28.979999542236	0.35750913619995	0.32853332161903	65.000000000000	0.00000000000000
28.989999771118	0.35861444473267	0.32874402403831	65.000000000000	0.00000000000000
29.000000000000	0.35971781611443	0.32895165681839	65.000000000000	0.00000000000000
29.010000228882	0.36081916093826	0.32915613055229	65.000000000000	0.00000000000000
29.020000457764	0.36191859841347	0.32935750484467	65.000000000000	0.00000000000000
29.030000686646	0.36301603913307	0.32955574989319	65.000000000000	0.00000000000000
29.040000915527	0.36411148309708	0.32975092530251	65.000000000000	0.00000000000000
29.049999237061	0.36520498991013	0.32994306087494	65.000000000000	0.00000000000000
29.059999465942	0.36629641056061	0.33013215661049	65.000000000000	0.00000000000000
29.069999694824	0.36738592386246	0.33031821250916	65.000000000000	0.00000000000000
29.079999923706	0.36847347021103	0.33050125837326	65.000000000000	0.00000000000000
29.090000152588	0.36955890059471	0.33068135380745	65.000000000000	0.00000000000000
29.100000381470	0.37064245343208	0.33085843920708	65.000000000000	0.00000000000000
29.110000610352	0.37172394990921	0.33103260397911	65.000000000000	0.00000000000000
29.120000839233	0.37280339002609	0.33120378851891	65.000000000000	0.00000000000000
29.129999160767	0.37388086318970	0.33137208223343	65.000000000000	0.00000000000000
29.139999389648	0.37495636940002	0.33153739571571	65.000000000000	0.00000000000000
29.149999618530	0.37602984905243	0.33169993758202	65.000000000000	0.00000000000000
29.159999847412	0.37710136175156	0.33185955882072	65.000000000000	0.00000000000000
29.170000076294	0.37817078828812	0.33201625943184	65.000000000000	0.00000000000000
29.180000305176	0.37923812866211	0.33217018842697	65.000000000000	0.00000000000000
29.190000534058	0.38030356168747	0.33232128620148	65.000000000000	0.00000000000000
29.200000762939	0.38136687874794	0.33246955275536	65.000000000000	0.00000000000000
29.209999084473	0.38242822885513	0.33261507749557	65.000000000000	0.00000000000000
29.219999313354	0.38348755240440	0.33275777101517	65.000000000000	0.00000000000000
29.229999542236	0.38454478979111	0.33289775252342	65.000000000000	0.00000000000000
29.239999771118	0.38560000061989	0.33303493261337	65.000000000000	0.00000000000000
29.250000000000	0.38665318489075	0.33316946029663	65.000000000000	0.00000000000000
29.260000228882	0.38770443201065	0.33330124616623	65.000000000000	0.00000000000000
29.270000457764	0.38875350356102	0.33343029022217	65.000000000000	0.00000000000000
29.280000686646	0.38980063796043	0.33355674147606	65.000000000000	0.00000000000000
29.290000915527	0.39084568619728	0.33368045091629	65.000000000000	0.00000000000000
29.299999237061	0.39188867807388	0.33380156755447	65.000000000000	0.00000000000000
29.309999465942	0.39292964339256	0.33392003178596	65.000000000000	0.00000000000000
29.319999694824	0.39396861195564	0.33403587341309	65.000000000000	0.00000000000000
29.329999923706	0.39500543475151	0.33414912223816	65.000000000000	0.00000000000000
29.340000152588	0.39604020118713	0.33425977826118	65.000000000000	0.00000000000000
29.350000381470	0.39707311987877	0.33436787128448	65.000000000000	0.00000000000000
29.360000610352	0.39810383319855	0.33447343111038	65.000000000000	0.00000000000000
29.370000839233	0.39913249015808	0.33457639813423	65.000000000000	0.00000000000000
29.379999160767	0.40015918016434	0.33467686176300	65.000000000000	0.00000000000000
29.389999389648	0.40118372440338	0.33477482199669	65.000000000000	0.00000000000000
29.399999618530	0.40220621228218	0.33487036824226	65.000000000000	0.00000000000000
29.409999847412	0.40322673320770	0.33496335148811	65.000000000000	0.00000000000000
29.420000076294	0.40424513816833	0.33505389094353	65.000000000000	0.00000000000000
29.430000305176	0.40526148676872	0.33514192700386	65.000000000000	0.00000000000000
29.440000534058	0.40627583861351	0.33522757887840	65.000000000000	0.00000000000000
29.450000762939	0.40728810429573	0.33531078696251	65.000000000000	0.00000000000000
29.459999084473	0.40829834342003	0.33539161086082	65.000000000000	0.00000000000000
29.469999313354	0.40930643677711	0.33547002077103	65.000000000000	0.00000000000000
29.479999542236	0.41031253337860	0.33554604649544	65.000000000000	0.00000000000000
29.489999771118	0.41131657361984	0.33561974763870	65.000000000000	0.00000000000000
29.500000000000	0.41231858730316	0.33569112420082	65.000000000000	0.00000000000000
29.510000228882	0.41331857442856	0.33576014637947	65.000000000000	0.00000000000000
29.520000457764	0.41431644558907	0.33582678437233	65.000000000000	0.00000000000000
29.530000686646	0.41531223058701	0.33589115738869	65.000000000000	0.00000000000000
29.540000915527	0.41630598902702	0.33595326542854	65.000000000000	0.00000000000000
29.549999237061	0.41729766130447	0.33601304888725	65.000000000000	0.00000000000000
29.559999465942	0.41828736662865	0.33607056736946	65.000000000000	0.00000000000000
29.569999694824	0.41927501559258	0.33612588047981	65.000000000000	0.00000000000000
29.579999923706	0.42026060819626	0.33617892861366	65.000000000000	0.00000000000000
29.590000152588	0.42124402523041	0.33622980117798	65.000000000000	0.00000000000000
29.600000381470	0.42222556471825	0.33627843856812	65.000000000000	0.00000000000000
29.610000610352	0.42320489883423	0.33632484078407	65.000000000000	0.00000000000000
29.620000839233	0.42418223619461	0.33636909723282	65.000000000000	0.00000000000000
29.629999160767	0.42515757679939	0.33641117811203	65.000000000000	0.00000000000000
29.639999389648	0.42613080143929	0.33645111322403	65.000000000000	0.00000000000000
29.649999618530	0.42710199952126	0.33648890256882	65.000000000000	0.00000000000000
29.659999847412	0.42807114124298	0.33652454614639	65.000000000000	0.00000000000000
29.670000076294	0.42903831601143	0.33655807375908	65.000000000000	0.00000000000000
29.680000305176	0.43000334501266	0.33658951520920	65.000000000000	0.00000000000000
29.690000534058	0.43096631765366	0.33661887049675	65.000000000000	0.00000000000000
29.700000762939	0.43192729353905	0.33664613962173	65.000000000000	0.00000000000000
29.709999084473	0.43288624286652	0.33667138218880	65.000000000000	0.00000000000000
29.719999313354	0.43384313583374	0.33669450879097	65.000000000000	0.00000000000000
29.729999542236	0.43479800224304	0.33671566843987	65.000000000000	0.00000000000000
29.739999771118	0.43575081229210	0.33673474192619	65.000000000000	0.00000000000000
29.750000000000	0.43670156598091	0.33675178885460	65.000000000000	0.00000000000000
29.760000228882	0.43765026330948	0.33676692843437	65.000000000000	0.00000000000000
29.770000457764	0.43859690427780	0.33678004145622	65.000000000000	0.00000000000000
29.780000686646	0.43954166769981	0.33679115772247	65.000000000000	0.00000000000000
29.790000915527	0.44048419594765	0.33680024743080	65.000000000000	0.00000000000000
29.799999237061	0.44142487645149	0.33680754899979	65.000000000000	0.00000000000000
29.809999465942	0.44236341118813	0.33681276440620	65.000000000000	0.00000000000000
29.819999694824	0.44329994916916	0.33681613206863	65.000000000000	0.00000000000000
29.829999923706	0.44423446059227	0.33681753277779	65.000000000000	0.00000000000000
29.840000152588	0.44516697525978	0.33681711554527	65.000000000000	0.00000000000000
29.850000381470	0.44609731435776	0.33681473135948	65.000000000000	0.00000000000000
29.860000610352	0.44702580571175	0.33681052923203	65.000000000000	0.00000000000000
29.870000839233	0.44795227050781	0.33680438995361	65.000000000000	0.00000000000000
29.879999160767	0.44887661933899	0.33679646253586	65.000000000000	0.00000000000000
29.889999389648	0.44979897141457	0.33678671717644	65.000000000000	0.00000000000000
29.899999618530	0.45071935653687	0.33677509427071	65.000000000000	0.00000000000000
29.909999847412	0.45163771510124	0.33676162362099	65.000000000000	0.00000000000000
29.920000076294	0.45255398750305	0.33674636483192	65.000000000000	0.00000000000000
29.930000305176	0.45346835255623	0.33672934770584	65.000000000000	0.00000000000000
29.940000534058	0.45438069105148	0.33671051263809	65.000000000000	0.00000000000000
29.950000762939	0.45529097318649	0.33668988943100	65.000000000000	0.00000000000000
29.959999084473	0.45619928836823	0.33666753768921	65.000000000000	0.00000000000000
29.969999313354	0.45710560679436	0.33664339780807	65.000000000000	0.00000000000000
29.979999542236	0.45800989866257	0.33661758899689	65.000000000000	0.00000000000000
29.989999771118	0.45891222357750	0.33659002184868	65.000000000000	0.00000000000000
30.000000000000	0.45981258153915	0.33656075596809	65.000000000000	0.00000000000000
30.010000228882	0.46071088314056	0.33652976155281	65.000000000000	0.00000000000000
30.020000457764	0.46160721778870	0.33649706840515	65.000000000000	0.00000000000000
30.030000686646	0.46250155568123	0.33646267652512	65.000000000000	0.00000000000000
30.040000915527	0.46339395642281	0.33642664551735	65.000000000000	0.00000000000000
30.049999237061	0.46428430080414	0.33638891577721	65.000000000000	0.00000000000000
30.059999465942	0.46517261862755	0.33634954690933	65.000000000000	0.00000000000000
30.069999694824	0.46605908870697	0.33630856871605	65.000000000000	0.00000000000000
30.079999923706	0.46694350242615	0.33626598119736	65.000000000000	0.00000000000000
30.090000152588	0.46782591938972	0.33622169494629	65.000000000000	0.00000000000000
30.100000381470	0.46870639920235	0.33617582917213	65.000000000000	0.00000000000000
30.110000610352	0.46958491206169	0.33612835407257	65.000000000000	0.00000000000000
30.120000839233	0.47046142816544	0.33607932925224	65.000000000000	0.00000000000000
30.129999160767	0.47133597731590	0.33602872490883	65.000000000000	0.00000000000000
30.139999389648	0.47220864892006	0.33597654104233	65.000000000000	0.00000000000000
30.149999618530	0.47307929396629	0.33592280745506	65.000000000000	0.00000000000000
30.159999847412	0.47394794225693	0.33586749434471	65.000000000000	0.00000000000000
30.170000076294	0.47481468319893	0.33581069111824	65.000000000000	0.00000000000000
30.180000305176	0.47567957639694	0.33575233817101	65.000000000000	0.00000000000000
30.190000534058	0.47654238343239	0.33569246530533	65.000000000000	0.00000000000000
30.200000762939	0.47740319371223	0.33563113212585	65.000000000000	0.00000000000000
30.209999084473	0.47826215624809	0.33556821942329	65.000000000000	0.00000000000000
30.219999313354	0.47911909222603	0.33550387620926	65.000000000000	0.00000000000000
30.229999542236	0.47997424006462	0.33543804287910	65.000000000000	0.00000000000000
30.239999771118	0.48082733154297	0.33537074923515	65.000000000000	0.00000000000000
30.250000000000	0.48167851567268	0.33530199527740	65.000000000000	0.00000000000000
30.260000228882	0.48252779245377	0.33523184061050	65.000000000000	0.00000000000000
30.270000457764	0.48337513208389	0.33516019582748	65.000000000000	0.00000000000000
30.280000686646	0.48422044515610	0.33508709073067	65.000000000000	0.00000000000000
30.290000915527	0.48506397008896	0.33501264452934	65.000000000000	0.00000000000000
30.299999237061	0.48590552806854	0.33493673801422	65.000000000000	0.00000000000000
30.309999465942	0.48674514889717	0.33485940098763	65.000000000000	0.00000000000000
30.319999694824	0.48758289217949	0.33478069305420	65.000000000000	0.00000000000000
30.329999923706	0.48841872811317	0.33470067381859	65.000000000000	0.00000000000000
30.340000152588	0.48925268650055	0.33461925387383	65.000000000000	0.00000000000000
30.350000381470	0.49008461833000	0.33453643321991	65.000000000000	0.00000000000000
30.360000610352	0.49091467261314	0.33445227146149	65.000000000000	0.00000000000000
30.370000839233	0.49174284934998	0.33436676859856	65.000000000000	0.00000000000000
30.379999160767	0.49256914854050	0.33427989482880	65.000000000000	0.00000000000000
30.389999389648	0.49339351058006	0.33419176936150	65.000000000000	0.00000000000000
30.399999618530	0.49421611428261	0.33410227298737	65.000000000000	0.00000000000000
30.409999847412	0.49503669142723	0.33401146531105	65.000000000000	0.00000000000000
30.420000076294	0.49585545063019	0.33391937613487	65.000000000000	0.00000000000000
30.430000305176	0.49667224287987	0.33382600545883	65.000000000000	0.00000000000000
30.440000534058	0.49748724699020	0.33373135328293	65.000000000000	0.00000000000000
30.450000762939	0.49830037355423	0.33363541960716	65.000000000000	0.00000000000000
30.459999084473	0.49911147356033	0.33353817462921	65.000000000000	0.00000000000000
30.469999313354	0.49992081522942	0.33343973755836	65.000000000000	0.00000000000000
30.479999542236	0.50072836875916	0.33334001898766	65.000000000000	0.00000000000000
30.489999771118	0.50153398513794	0.33323907852173	65.000000000000	0.00000000000000
30.500000000000	0.50233775377274	0.33313688635826	65.000000000000	0.00000000000000
30.510000228882	0.50313967466354	0.33303350210190	65.000000000000	0.00000000000000
30.520000457764	0.50393968820572	0.33292883634567	65.000000000000	0.00000000000000
30.530000686646	0.50473779439926	0.33282306790352	65.000000000000	0.00000000000000
30.540000915527	0.50553423166275	0.33271601796150	65.000000000000	0.00000000000000
30.549999237061	0.50632870197296	0.33260780572891	65.000000000000	0.00000000000000
30.559999465942	0.50712132453918	0.33249846100807	65.000000000000	0.00000000000000
30.569999694824	0.50791215896606	0.33238783478737	65.000000000000	0.00000000000000
30.579999923706	0.50870114564896	0.33227610588074	65.000000000000	0.00000000000000
30.590000152588	0.50948834419250	0.33216321468353	65.000000000000	0.00000000000000
30.600000381470	0.51027357578278	0.33204919099808	65.000000000000	0.00000000000000
30.610000610352	0.51105707883835	0.33193403482437	65.000000000000	0.00000000000000
30.620000839233	0.51183873414993	0.33181768655777	65.000000000000	0.00000000000000
30.629999160767	0.51261860132217	0.33170026540756	65.000000000000	0.00000000000000
30.639999389648	0.51339656114578	0.33158171176910	65.000000000000	0.00000000000000
30.649999618530	0.51417285203934	0.33146205544472	65.000000000000	0.00000000000000
30.659999847412	0.51494723558426	0.33134126663208	65.000000000000	0.00000000000000
30.670000076294	0.51571983098984	0.33121943473816	65.000000000000	0.00000000000000
30.680000305176	0.51649051904678	0.33109644055367	65.000000000000	0.00000000000000
30.690000534058	0.51725953817368	0.33097243309021	65.000000000000	0.00000000000000
30.700000762939	0.51802670955658	0.33084732294083	65.000000000000	0.00000000000000
30.709999084473	0.51879215240479	0.33072113990784	65.000000000000	0.00000000000000
30.719999313354	0.51955568790436	0.33059391379356	65.000000000000	0.00000000000000
30.729999542236	0.52031761407852	0.33046567440033	65.000000000000	0.00000000000000
30.739999771118	0.52107757329941	0.33033636212349	65.000000000000	0.00000000000000
30.750000000000	0.52183580398560	0.33020600676537	65.000000000000	0.00000000000000
30.760000228882	0.52259230613708	0.33007460832596	65.000000000000	0.00000000000000
30.770000457764	0.52334702014923	0.32994222640991	65.000000000000	0.00000000000000
30.780000686646	0.52409994602203	0.32980883121490	65.000000000000	0.00000000000000
30.790000915527	0.52485114336014	0.32967439293861	65.000000000000	0.00000000000000
30.799999237061	0.52560049295425	0.32953903079033	65.000000000000	0.00000000000000
30.809999465942	0.52634823322296	0.32940259575844	65.000000000000	0.00000000000000
30.819999694824	0.52709406614304	0.32926523685455	65.000000000000	0.00000000000000
30.829999923706	0.52783811092377	0.32912683486938	65.000000000000	0.00000000000000
30.840000152588	0.52858054637909	0.32898756861687	65.000000000000	0.00000000000000
30.850000381470	0.52932119369507	0.32884722948074	65.000000000000	0.00000000000000
30.860000610352	0.53006005287170	0.32870599627495	65.000000000000	0.00000000000000
30.870000839233	0.53079718351364	0.32856380939484	65.000000000000	0.00000000000000
30.879999160767	0.53153252601624	0.32842060923576	65.000000000000	0.00000000000000
30.889999389648	0.53226625919342	0.32827657461166	65.000000000000	0.00000000000000
30.899999618530	0.53299814462662	0.32813152670860	65.000000000000	0.00000000000000
30.909999847412	0.53372836112976	0.32798561453819	65.000000000000	0.00000000000000
30.920000076294	0.53445684909821	0.32783877849579	65.000000000000	0.00000000000000
30.930000305176	0.53518360853195	0.32769101858139	65.000000000000	0.00000000000000
30.940000534058	0.53590863943100	0.32754236459732	65.000000000000	0.00000000000000
30.950000762939	0.53663194179535	0.32739281654358	65.000000000000	0.00000000000000
30.959999084473	0.53735351562500	0.32724237442017	65.000000000000	0.00000000000000
30.969999313354	0.53807353973389	0.32709103822708	65.000000000000	0.00000000000000
30.979999542236	0.53879171609879	0.32693886756897	65.000000000000	0.00000000000000
30.989999771118	0.53950816392899	0.32678574323654	65.000000000000	0.00000000000000
31.000000000000	0.54022300243378	0.32663184404373	65.000000000000	0.00000000000000
31.010000228882	0.54093611240387	0.32647705078125	65.000000000000	0.00000000000000
31.020000457764	0.54164755344391	0.32632139325142	65.000000000000	0.00000000000000
31.030000686646	0.54235732555389	0.32616490125656	65.000000000000	0.00000000000000
31.040000915527	0.54306536912918	0.32600760459900	65.000000000000	0.00000000000000
31.049999237061	0.54377180337906	0.32584944367409	65.000000000000	0.00000000000000
31.059999465942	0.54447644948959	0.32569044828415	65.000000000000	0.00000000000000
31.069999694824	0.54517954587936	0.32553064823151	65.000000000000	0.00000000000000
31.079999923706	0.54588085412979	0.32537004351616	65.000000000000	0.00000000000000
31.090000152588	0.54658061265945	0.32520863413811	65.000000000000	0.00000000000000
31.100000381470	0.54727858304977	0.32504642009735	65.000000000000	0.00000000000000
31.110000610352	0.54797488451004	0.32488337159157	65.000000000000	0.00000000000000
31.120000839233	0.54866963624954	0.32471960783005	65.000000000000	0.00000000000000
31.129999160767	0.54936277866364	0.32455500960350	65.000000000000	0.00000000000000
31.139999389648	0.55005407333374	0.32438963651657	65.000000000000	0.00000000000000
31.149999618530	0.55074387788773	0.32422351837158	65.000000000000	0.00000000000000
31.159999847412	0.55143207311630	0.32405659556389	65.000000000000	0.00000000000000
31.170000076294	0.55211853981018	0.32388889789581	65.000000000000	0.00000000000000
31.180000305176	0.55280339717865	0.32372051477432	65.000000000000	0.00000000000000
31.190000534058	0.55348664522171	0.32355138659477	65.000000000000	0.00000000000000
31.200000762939	0.55416816473007	0.32338145375252	65.000000000000	0.00000000000000
31.209999084473	0.55484819412231	0.32321083545685	65.000000000000	0.00000000000000
31.219999313354	0.55552649497986	0.32303944230080	65.000000000000	0.00000000000000
31.229999542236	0.55620318651199	0.32286739349365	65.000000000000	0.00000000000000
31.239999771118	0.55687838792801	0.32269456982613	65.000000000000	0.00000000000000
31.250000000000	0.55755186080933	0.32252106070518	65.000000000000	0.00000000000000
31.260000228882	0.55822378396988	0.32234680652618	65.000000000000	0.00000000000000
31.270000457764	0.55889409780502	0.32217183709145	65.000000000000	0.00000000000000
31.280000686646	0.55956274271011	0.32199618220329	65.000000000000	0.00000000000000
31.290000915527	0.56022983789444	0.32181987166405	65.000000000000	0.00000000000000
31.299999237061	0.56089544296265	0.32164287567139	65.000000000000	0.00000000000000
31.309999465942	0.56155920028687	0.32146516442299	65.000000000000	0.00000000000000
31.319999694824	0.56222158670425	0.32128682732582	65.000000000000	0.00000000000000
31.329999923706	0.56288242340088	0.32110774517059	65.000000000000	0.00000000000000
31.340000152588	0.56354153156281	0.32092809677124	65.000000000000	0.00000000000000
31.350000381470	0.56419909000397	0.32074770331383	65.000000000000	0.00000000000000
31.360000610352	0.56485515832901	0.32056665420532	65.000000000000	0.00000000000000
31.370000839233	0.56550961732864	0.32038500905037	65.000000000000	0.00000000000000
31.379999160767	0.56616246700287	0.32020273804665	65.000000000000	0.00000000000000
31.389999389648	0.56681376695633	0.32001975178719	65.000000000000	0.00000000000000
31.399999618530	0.56746357679367	0.31983613967896	65.000000000000	0.00000000000000
31.409999847412	0.56811195611954	0.31965175271034	65.000000000000	0.00000000000000
31.420000076294	0.56875854730606	0.31946700811386	65.000000000000	0.00000000000000
31.430000305176	0.56940346956253	0.31928190588951	65.000000000000	0.00000000000000
31.440000534058	0.57004714012146	0.31909570097923	65.000000000000	0.00000000000000
31.450000762939	0.57068920135498	0.31890890002251	65.000000000000	0.00000000000000
31.459999084473	0.57132971286774	0.31872150301933	65.000000000000	0.00000000000000
31.469999313354	0.57196855545044	0.31853380799294	65.000000000000	0.00000000000000
31.479999542236	0.57260584831238	0.31834554672241	65.000000000000	0.00000000000000
31.489999771118	0.57324171066284	0.31815648078918	65.000000000000	0.00000000000000
31.500000000000	0.57387626171112	0.31796658039093	65.000000000000	0.00000000000000
31.510000228882	0.57450908422470	0.31777641177177	65.000000000000	0.00000000000000
31.520000457764	0.57514035701752	0.31758570671082	65.000000000000	0.00000000000000
31.530000686646	0.57577025890350	0.31739419698715	65.000000000000	0.00000000000000
31.540000915527	0.57639843225479	0.31720244884491	65.000000000000	0.00000000000000
31.549999237061	0.57702547311783	0.31700962781906	65.000000000000	0.00000000000000
31.559999465942	0.57765054702759	0.31681683659554	65.000000000000	0.00000000000000
31.569999694824	0.57827430963516	0.31662327051163	65.000000000000	0.00000000000000
31.579999923706	0.57889682054520	0.31642895936966	65.000000000000	0.00000000000000
31.590000152588	0.57951748371124	0.31623440980911	65.000000000000	0.00000000000000
31.600000381470	0.58013689517975	0.31603914499283	65.000000000000	0.00000000000000
31.610000610352	0.58075469732285	0.31584334373474	65.000000000000	0.00000000000000
31.620000839233	0.58137100934982	0.31564709544182	65.000000000000	0.00000000000000
31.629999160767	0.58198583126068	0.31545040011406	65.000000000000	0.00000000000000
31.639999389648	0.58259922266006	0.31525301933289	65.000000000000	0.00000000000000
31.649999618530	0.58321112394333	0.31505519151688	65.000000000000	0.00000000000000
31.659999847412	0.58382159471512	0.31485685706139	65.000000000000	0.00000000000000
31.670000076294	0.58443057537079	0.31465801596642	65.000000000000	0.00000000000000
31.680000305176	0.58503806591034	0.31445866823196	65.000000000000	0.00000000000000
31.690000534058	0.58564418554306	0.31425884366035	65.000000000000	0.00000000000000
31.700000762939	0.58624881505966	0.31405851244926	65.000000000000	0.00000000000000
31.709999084473	0.58685183525085	0.31385767459869	65.000000000000	0.00000000000000
31.719999313354	0.58745360374451	0.31365641951561	65.000000000000	0.00000000000000
31.729999542236	0.58805388212204	0.31345459818840	65.000000000000	0.00000000000000
31.739999771118	0.58865272998810	0.31325238943100	65.000000000000	0.00000000000000
31.750000000000	0.58925008773804	0.31304964423180	65.000000000000	0.00000000000000
31.760000228882	0.58984607458115	0.31284648180008	65.000000000000	0.00000000000000
31.770000457764	0.59044057130814	0.31264284253120	65.000000000000	0.00000000000000
31.780000686646	0.59103369712830	0.31243872642517	65.000000000000	0.00000000000000
31.790000915527	0.59162539243698	0.31223416328430	65.000000000000	0.00000000000000
31.799999237061	0.59221559762955	0.31202915310860	65.000000000000	0.00000000000000
31.809999465942	0.59280443191528	0.31182366609573	65.000000000000	0.00000000000000
31.819999694824	0.59339183568954	0.31161782145500	65.000000000000	0.00000000000000
31.829999923706	0.59397786855698	0.31141147017479	65.000000000000	0.00000000000000
31.840000152588	0.59456247091293	0.31120470166206	65.000000000000	0.00000000000000
31.850000381470	0.59514570236206	0.31099751591682	65.000000000000	0.00000000000000
31.860000610352	0.59572744369507	0.31078991293907	65.000000000000	0.00000000000000
31.870000839233	0.59630787372589	0.31058186292648	65.000000000000	0.00000000000000
31.879999160767	0.59688687324524	0.31037342548370	65.000000000000	0.00000000000000
31.889999389648	0.59746450185776	0.31016454100609	65.000000000000	0.00000000000000
31.899999618530	0.59804069995880	0.30995526909828	65.000000000000	0.00000000000000
31.909999847412	0.59861558675766	0.30974557995796	65.000000000000	0.00000000000000
31.920000076294	0.59918904304504	0.30953550338745	65.000000000000	0.00000000000000
31.930000305176	0.59976118803024	0.30932500958443	65.000000000000	0.00000000000000
31.940000534058	0.60033184289932	0.30911412835121	65.000000000000	0.00000000000000
31.950000762939	0.60090124607086	0.30890285968781	65.000000000000	0.00000000000000
31.959999084473	0.60146921873093	0.30869123339653	65.000000000000	0.00000000000000
31.969999313354	0.60203588008881	0.30847918987274	65.000000000000	0.00000000000000
31.979999542236	0.60260105133057	0.30826678872108	65.000000000000	0.00000000000000
31.989999771118	0.60316497087479	0.30805400013924	65.000000000000	0.00000000000000
32.000000000000	0.60372757911682	0.30784082412720	65.000000000000	0.00000000000000
32.009998321533	0.60428881645203	0.30762729048729	65.000000000000	0.00000000000000
32.020000457764	0.60484868288040	0.30741339921951	65.000000000000	0.00000000000000
32.029998779297	0.60540717840195	0.30719915032387	65.000000000000	0.00000000000000
32.040000915527	0.60596436262131	0.30698454380035	65.000000000000	0.00000000000000
32.049999237061	0.60652023553848	0.30676954984665	65.000000000000	0.00000000000000
32.060001373291	0.60707479715347	0.30655425786972	65.000000000000	0.00000000000000
32.069999694824	0.60762792825699	0.30633857846260	65.000000000000	0.00000000000000
32.080001831055	0.60817980766296	0.30612257122993	65.000000000000	0.00000000000000
32.090000152588	0.60873037576675	0.30590623617172	65.000000000000	0.00000000000000
32.099998474121	0.60927957296371	0.30568957328796	65.000000000000	0.00000000000000
32.110000610352	0.60982751846313	0.30547255277634	65.000000000000	0.00000000000000
32.119998931885	0.61037409305573	0.30525520443916	65.000000000000	0.00000000000000
32.130001068115	0.61091941595078	0.30503755807877	65.000000000000	0.00000000000000
32.139999389648	0.61146330833435	0.30481952428818	65.000000000000	0.00000000000000
32.150001525879	0.61200606822968	0.30460122227669	65.000000000000	0.00000000000000
32.159999847412	0.61254751682281	0.30438259243965	65.000000000000	0.00000000000000
32.169998168945	0.61308753490448	0.30416366457939	65.000000000000	0.00000000000000
32.180000305176	0.61362642049789	0.30394443869591	65.000000000000	0.00000000000000
32.189998626709	0.61416387557983	0.30372485518456	65.000000000000	0.00000000000000
32.200000762939	0.61470007896423	0.30350497364998	65.000000000000	0.00000000000000
32.209999084473	0.61523509025574	0.30328482389450	65.000000000000	0.00000000000000
32.220001220703	0.61576873064041	0.30306437611580	65.000000000000	0.00000000000000
32.229999542236	0.61630111932755	0.30284363031387	65.000000000000	0.00000000000000
32.240001678467	0.61683231592178	0.30262258648872	65.000000000000	0.00000000000000
32.250000000000	0.61736214160919	0.30240127444267	65.000000000000	0.00000000000000
32.259998321533	0.61789071559906	0.30217966437340	65.000000000000	0.00000000000000
32.270000457764	0.61841803789139	0.30195775628090	65.000000000000	0.00000000000000
32.279998779297	0.61894410848618	0.30173557996750	65.000000000000	0.00000000000000
32.290000915527	0.61946904659271	0.30151313543320	65.000000000000	0.00000000000000
32.299999237061	0.61999255418777	0.30129042267799	65.000000000000	0.00000000000000
32.310001373291	0.62051486968994	0.30106744170189	65.000000000000	0.00000000000000
32.319999694824	0.62103593349457	0.30084419250488	65.000000000000	0.00000000000000
32.330001831055	0.62155586481094	0.30062064528465	65.000000000000	0.00000000000000
32.340000152588	0.62207442522049	0.30039688944817	65.000000000000	0.00000000000000
32.349998474121	0.62259173393250	0.30017286539078	65.000000000000	0.00000000000000
32.360000610352	0.62310785055161	0.29994857311249	65.000000000000	0.00000000000000
32.369998931885	0.62362283468246	0.29972404241562	65.000000000000	0.00000000000000
32.380001068115	0.62413650751114	0.29949924349785	65.000000000000	0.00000000000000
32.389999389648	0.62464898824692	0.29927420616150	65.000000000000	0.00000000000000
32.400001525879	0.62516027688980	0.29904893040657	65.000000000000	0.00000000000000
32.409999847412	0.62567025423050	0.29882338643074	65.000000000000	0.00000000000000
32.419998168945	0.62617903947830	0.29859763383865	65.000000000000	0.00000000000000
32.430000305176	0.62668675184250	0.29837167263031	65.000000000000	0.00000000000000
32.439998626709	0.62719315290451	0.29814544320107	65.000000000000	0.00000000000000
32.450000762939	0.62769830226898	0.29791897535324	65.000000000000	0.00000000000000
32.459999084473	0.62820231914520	0.29769229888916	65.000000000000	0.00000000000000
32.470001220703	0.62870514392853	0.29746541380882	65.000000000000	0.00000000000000
32.479999542236	0.62920683622360	0.29723829030991	65.000000000000	0.00000000000000
32.490001678467	0.62970721721649	0.29701092839241	65.000000000000	0.00000000000000
32.500000000000	0.63020646572113	0.29678341746330	65.000000000000	0.00000000000000
32.509998321533	0.63070458173752	0.29655557870865	65.000000000000	0.00000000000000
32.520000457764	0.63120144605637	0.29632762074471	65.000000000000	0.00000000000000
32.529998779297	0.63169717788696	0.29609945416451	65.000000000000	0.00000000000000
32.540000915527	0.63219171762466	0.29587101936340	65.000000000000	0.00000000000000
32.549999237061	0.63268506526947	0.29564240574837	65.000000000000	0.00000000000000
32.560001373291	0.63317728042603	0.29541361331940	65.000000000000	0.00000000000000
32.569999694824	0.63366830348969	0.29518464207649	65.000000000000	0.00000000000000
32.580001831055	0.63415819406509	0.29495543241501	65.000000000000	0.00000000000000
32.590000152588	0.63464701175690	0.29472604393959	65.000000000000	0.00000000000000
32.599998474121	0.63513457775116	0.29449647665024	65.000000000000	0.00000000000000
32.610000610352	0.63562095165253	0.29426670074463	65.000000000000	0.00000000000000
32.619998931885	0.63610625267029	0.29403674602509	65.000000000000	0.00000000000000
32.630001068115	0.63659030199051	0.29380661249161	65.000000000000	0.00000000000000
32.639999389648	0.63707339763641	0.29357630014420	65.000000000000	0.00000000000000
32.650001525879	0.63755524158478	0.29334577918053	65.000000000000	0.00000000000000
32.659999847412	0.63803601264954	0.29311513900757	65.000000000000	0.00000000000000
32.669998168945	0.63851565122604	0.29288426041603	65.000000000000	0.00000000000000
32.680000305176	0.63899403810501	0.29265323281288	65.000000000000	0.00000000000000
32.689998626709	0.63947141170502	0.29242202639580	65.000000000000	0.00000000000000
32.700000762939	0.63994765281677	0.29219067096710	65.000000000000	0.00000000000000
32.709999084473	0.64042270183563	0.29195913672447	65.000000000000	0.00000000000000
32.720001220703	0.64089673757553	0.29172745347023	65.000000000000	0.00000000000000
32.729999542236	0.64136958122253	0.29149559140205	65.000000000000	0.00000000000000
32.740001678467	0.64184135198593	0.29126358032227	65.000000000000	0.00000000000000
32.750000000000	0.64231204986572	0.29103139042854	65.000000000000	0.00000000000000
32.759998321533	0.64278155565262	0.29079908132553	65.000000000000	0.00000000000000
32.770000457764	0.64325004816055	0.29056662321091	65.000000000000	0.00000000000000
32.779998779297	0.64371746778488	0.29033398628235	65.000000000000	0.00000000000000
32.790000915527	0.64418369531631	0.29010117053986	65.000000000000	0.00000000000000
32.799999237061	0.64464890956879	0.28986826539040	65.000000000000	0.00000000000000
32.810001373291	0.64511299133301	0.28963518142700	65.000000000000	0.00000000000000
32.819999694824	0.64557600021362	0.28940197825432	65.000000000000	0.00000000000000
32.830001831055	0.64603787660599	0.28916862607002	65.000000000000	0.00000000000000
32.840000152588	0.64649879932404	0.28893515467644	65.000000000000	0.00000000000000
32.849998474121	0.64695852994919	0.28870150446892	65.000000000000	0.00000000000000
32.860000610352	0.64741730690002	0.28846776485443	65.000000000000	0.00000000000000
32.869998931885	0.64787495136261	0.28823381662369	65.000000000000	0.00000000000000
32.880001068115	0.64833146333694	0.28799980878830	65.000000000000	0.00000000000000
32.889999389648	0.64878708124161	0.28776568174362	65.000000000000	0.00000000000000
32.900001525879	0.64924144744873	0.28753134608269	65.000000000000	0.00000000000000
32.909999847412	0.64969491958618	0.28729695081711	65.000000000000	0.00000000000000
32.919998168945	0.65014719963074	0.28706240653992	65.000000000000	0.00000000000000
32.930000305176	0.65059846639633	0.28682777285576	65.000000000000	0.00000000000000
32.939998626709	0.65104877948761	0.28659299015999	65.000000000000	0.00000000000000
32.950000762939	0.65149796009064	0.28635808825493	65.000000000000	0.00000000000000
32.959999084473	0.65194606781006	0.28612303733826	65.000000000000	0.00000000000000
32.970001220703	0.65239328145981	0.28588792681694	65.000000000000	0.00000000000000
32.979999542236	0.65283930301666	0.28565269708633	65.000000000000	0.00000000000000
32.990001678467	0.65328437089920	0.28541731834412	65.000000000000	0.00000000000000
33.000000000000	0.65372842550278	0.28518187999725	65.000000000000	0.00000000000000
33.009998321533	0.65417140722275	0.28494629263878	65.000000000000	0.00000000000000
33.020000457764	0.65461337566376	0.28471061587334	65.000000000000	0.00000000000000
33.029998779297	0.65505427122116	0.28447481989861	65.000000000000	0.00000000000000
33.040000915527	0.65549421310425	0.28423893451691	65.000000000000	0.00000000000000
33.049999237061	0.65593314170837	0.28400295972824	65.000000000000	0.00000000000000
33.060001373291	0.65637099742889	0.28376686573029	65.000000000000	0.00000000000000
33.069999694824	0.65680789947510	0.28353068232536	65.000000000000	0.00000000000000
33.080001831055	0.65724378824234	0.28329440951347	65.000000000000	0.00000000000000
33.090000152588	0.65767866373062	0.28305801749229	65.000000000000	0.00000000000000
33.099998474121	0.65811258554459	0.28282156586647	65.000000000000	0.00000000000000
33.110000610352	0.65854549407959	0.28258496522903	65.000000000000	0.00000000000000
33.119998931885	0.65897732973099	0.28234833478928	65.000000000000	0.00000000000000
33.130001068115	0.65940821170807	0.28211155533791	65.000000000000	0.00000000000000
33.139999389648	0.65983814001083	0.28187474608421	65.000000000000	0.00000000000000
33.150001525879	0.66026705503464	0.28163781762123	65.000000000000	0.00000000000000
33.159999847412	0.66069495677948	0.28140079975128	65.000000000000	0.00000000000000
33.169998168945	0.66112190485001	0.28116369247437	65.000000000000	0.00000000000000
33.180000305176	0.66154783964157	0.28092655539513	65.000000000000	0.00000000000000
33.189998626709	0.66197288036346	0.28068929910660	65.000000000000	0.00000000000000
33.200000762939	0.66239690780640	0.28045198321342	65.000000000000	0.00000000000000
33.209999084473	0.66281992197037	0.28021451830864	65.000000000000	0.00000000000000
33.220001220703	0.66324204206467	0.27997705340385	65.000000000000	0.00000000000000
33.229999542236	0.66366308927536	0.27973949909210	65.000000000000	0.00000000000000
33.240001678467	0.66408330202103	0.27950185537338	65.000000000000	0.00000000000000
33.250000000000	0.66450250148773	0.27926415205002	65.000000000000	0.00000000000000
33.259998321533	0.66492074728012	0.27902635931969	65.000000000000	0.00000000000000
33.270000457764	0.66533803939819	0.27878850698471	65.000000000000	0.00000000000000
33.279998779297	0.66575431823730	0.27855059504509	65.000000000000	0.00000000000000
33.290000915527	0.66616964340210	0.27831259369850	65.000000000000	0.00000000000000
33.299999237061	0.66658413410187	0.27807456254959	65.000000000000	0.00000000000000
33.310001373291	0.66699761152267	0.27783641219139	65.000000000000	0.00000000000000
33.319999694824	0.66741013526917	0.27759823203087	65.000000000000	0.00000000000000
33.330001831055	0.66782170534134	0.27735996246338	65.000000000000	0.00000000000000
33.340000152588	0.66823244094849	0.27712166309357	65.000000000000	0.00000000000000
33.349998474121	0.66864210367203	0.27688330411911	65.000000000000	0.00000000000000
33.360000610352	0.66905093193054	0.27664488554001	65.000000000000	0.00000000000000
33.369998931885	0.66945880651474	0.27640637755394	65.000000000000	0.00000000000000
33.380001068115	0.66986572742462	0.27616783976555	65.000000000000	0.00000000000000
33.389999389648	0.67027181386948	0.27592927217484	65.000000000000	0.00000000000000
33.400001525879	0.67067688703537	0.27569058537483	65.000000000000	0.00000000000000
33.409999847412	0.67108106613159	0.27545186877251	65.000000000000	0.00000000000000
33.419998168945	0.67148435115814	0.27521309256554	65.000000000000	0.00000000000000
33.430000305176	0.67188662290573	0.27497431635857	65.000000000000	0.00000000000000
33.439998626709	0.67228806018829	0.27473542094231	65.000000000000	0.00000000000000
33.450000762939	0.67268866300583	0.27449652552605	65.000000000000	0.00000000000000
33.459999084473	0.67308825254440	0.27425754070282	65.000000000000	0.00000000000000
33.470001220703	0.67348694801331	0.27401855587959	65.000000000000	0.00000000000000
33.479999542236	0.67388480901718	0.27377948164940	65.000000000000	0.00000000000000
33.490001678467	0.67428171634674	0.27354037761688	65.000000000000	0.00000000000000
33.500000000000	0.67467772960663	0.27330124378204	65.000000000000	0.00000000000000
33.509998321533	0.67507278919220	0.27306205034256	65.000000000000	0.00000000000000
33.520000457764	0.67546701431274	0.27282279729843	65.000000000000	0.00000000000000
33.529998779297	0.67586040496826	0.27258354425430	65.000000000000	0.00000000000000
33.540000915527	0.67625278234482	0.27234423160553	65.000000000000	0.00000000000000
33.549999237061	0.67664438486099	0.27210488915443	65.000000000000	0.00000000000000
33.560001373291	0.67703509330750	0.27186548709869	65.000000000000	0.00000000000000
33.569999694824	0.67742490768433	0.27162605524063	65.000000000000	0.00000000000000
33.580001831055	0.67781382799149	0.27138659358025	65.000000000000	0.00000000000000
33.590000152588	0.67820185422897	0.27114710211754	65.000000000000	0.00000000000000
33.599998474121	0.67858904600143	0.27090758085251	65.000000000000	0.00000000000000
33.610000610352	0.67897534370422	0.27066802978516	65.000000000000	0.00000000000000
33.619998931885	0.67936080694199	0.27042841911316	65.000000000000	0.00000000000000
33.630001068115	0.67974531650543	0.27018877863884	65.000000000000	0.00000000000000
33.639999389648	0.68012899160385	0.26994910836220	65.000000000000	0.00000000000000
33.650001525879	0.68051189184189	0.26970940828323	65.000000000000	0.00000000000000
33.659999847412	0.68089383840561	0.26946967840195	65.000000000000	0.00000000000000
33.669998168945	0.68127495050430	0.26922991871834	65.000000000000	0.00000000000000
33.680000305176	0.68165516853333	0.26899012923241	65.000000000000	0.00000000000000
33.689998626709	0.68203461170197	0.26875036954880	65.000000000000	0.00000000000000
33.700000762939	0.68241310119629	0.26851052045822	65.000000000000	0.00000000000000
33.709999084473	0.68279081583023	0.26827064156532	65.000000000000	0.00000000000000
33.720001220703	0.68316769599915	0.26803076267242	65.000000000000	0.00000000000000
33.729999542236	0.68354368209839	0.26779088377953	65.000000000000	0.00000000000000
33.740001678467	0.68391883373260	0.26755091547966	65.000000000000	0.00000000000000
33.750000000000	0.68429315090179	0.26731097698212	65.000000000000	0.00000000000000
33.759998321533	0.68466663360596	0.26707100868225	65.000000000000	0.00000000000000
33.770000457764	0.68503922224045	0.26683101058006	65.000000000000	0.00000000000000
33.779998779297	0.68541103601456	0.26659101247787	65.000000000000	0.00000000000000
33.790000915527	0.68578201532364	0.26635098457336	65.000000000000	0.00000000000000
33.799999237061	0.68615210056305	0.26611092686653	65.000000000000	0.00000000000000
33.810001373291	0.68652147054672	0.26587086915970	65.000000000000	0.00000000000000
33.819999694824	0.68688994646072	0.26563081145287	65.000000000000	0.00000000000000
33.830001831055	0.68725752830505	0.26539069414139	65.000000000000	0.00000000000000
33.840000152588	0.68762439489365	0.26515060663223	65.000000000000	0.00000000000000
33.849998474121	0.68799042701721	0.26491045951843	65.000000000000	0.00000000000000
33.860000610352	0.68835556507111	0.26467034220695	65.000000000000	0.00000000000000
33.869998931885	0.68871992826462	0.26443016529083	65.000000000000	0.00000000000000
33.880001068115	0.68908351659775	0.26419001817703	65.000000000000	0.00000000000000
33.889999389648	0.68944621086121	0.26394990086555	65.000000000000	0.00000000000000
33.900001525879	0.68980813026428	0.26370966434479	65.000000000000	0.00000000000000
33.909999847412	0.69016921520233	0.26346951723099	65.000000000000	0.00000000000000
33.919998168945	0.69052946567535	0.26322928071022	65.000000000000	0.00000000000000
33.930000305176	0.69088894128799	0.26298907399178	65.000000000000	0.00000000000000
33.939998626709	0.69124770164490	0.26274889707565	65.000000000000	0.00000000000000
33.950000762939	0.69160550832748	0.26250866055489	65.000000000000	0.00000000000000
33.959999084473	0.69196265935898	0.26226842403412	65.000000000000	0.00000000000000
33.970001220703	0.69231885671616	0.26202821731567	65.000000000000	0.00000000000000
33.979999542236	0.69267439842224	0.26178798079491	65.000000000000	0.00000000000000
33.990001678467	0.69302904605865	0.26154777407646	65.000000000000	0.00000000000000
34.000000000000	0.69338291883469	0.26130747795105	65.000000000000	0.00000000000000
34.009998321533	0.69373601675034	0.26106727123260	65.000000000000	0.00000000000000
34.020000457764	0.69408833980560	0.26082703471184	65.000000000000	0.00000000000000
34.029998779297	0.69443976879120	0.26058679819107	65.000000000000	0.00000000000000
34.040000915527	0.69479048252106	0.26034656167030	65.000000000000	0.00000000000000
34.049999237061	0.69514042139053	0.26010635495186	65.000000000000	0.00000000000000
34.060001373291	0.69548958539963	0.25986608862877	65.000000000000	0.00000000000000
34.069999694824	0.69583803415298	0.25962588191032	65.000000000000	0.00000000000000
34.080001831055	0.69618552923203	0.25938561558723	65.000000000000	0.00000000000000
34.090000152588	0.69653230905533	0.25914543867111	65.000000000000	0.00000000000000
34.099998474121	0.69687837362289	0.25890520215034	65.000000000000	0.00000000000000
34.110000610352	0.69722360372543	0.25866499543190	65.000000000000	0.00000000000000
34.119998931885	0.69756805896759	0.25842478871346	65.000000000000	0.00000000000000
34.130001068115	0.69791167974472	0.25818461179733	65.000000000000	0.00000000000000
34.139999389648	0.69825458526611	0.25794437527657	65.000000000000	0.00000000000000
34.150001525879	0.69859683513641	0.25770422816277	65.000000000000	0.00000000000000
34.159999847412	0.69893819093704	0.25746405124664	65.000000000000	0.00000000000000
34.169998168945	0.69927877187729	0.25722390413284	65.000000000000	0.00000000000000
34.180000305176	0.69961857795715	0.25698372721672	65.000000000000	0.00000000000000
34.189998626709	0.69995772838593	0.25674360990524	65.000000000000	0.00000000000000
34.200000762939	0.70029604434967	0.25650352239609	65.000000000000	0.00000000000000
34.209999084473	0.70063358545303	0.25626343488693	65.000000000000	0.00000000000000
34.220001220703	0.70097029209137	0.25602331757545	65.000000000000	0.00000000000000
34.229999542236	0.70130646228790	0.25578325986862	65.000000000000	0.00000000000000
34.240001678467	0.70164167881012	0.25554320216179	65.000000000000	0.00000000000000
34.250000000000	0.70197606086731	0.25530338287354	65.000000000000	0.00000000000000
34.259998321533	0.70231002569199	0.25506311655045	65.000000000000	0.00000000000000
34.270000457764	0.70264303684235	0.25482308864594	65.000000000000	0.00000000000000
34.279998779297	0.70297533273697	0.25458297133446	65.000000000000	0.00000000000000
34.290000915527	0.70330679416656	0.25434306263924	65.000000000000	0.00000000000000
34.299999237061	0.70363748073578	0.25410342216492	65.000000000000	0.00000000000000
34.310001373291	0.70396751165390	0.25386333465576	65.000000000000	0.00000000000000
34.319999694824	0.70429682731628	0.25362348556519	65.000000000000	0.00000000000000
34.330001831055	0.70462530851364	0.25338351726532	65.000000000000	0.00000000000000
34.340000152588	0.70495307445526	0.25314384698868	65.000000000000	0.00000000000000
34.349998474121	0.70528018474579	0.25290372967720	65.000000000000	0.00000000000000
34.360000610352	0.70560640096664	0.25266420841217	65.000000000000	0.00000000000000
34.369998931885	0.70593190193176	0.25242459774017	65.000000000000	0.00000000000000
34.380001068115	0.70625674724579	0.25218459963799	65.000000000000	0.00000000000000
34.389999389648	0.70658087730408	0.25194486975670	65.000000000000	0.00000000000000
34.400001525879	0.70690417289734	0.25170519948006	65.000000000000	0.00000000000000
34.409999847412	0.70722687244415	0.25146555900574	65.000000000000	0.00000000000000
34.419998168945	0.70754867792130	0.25122597813606	65.000000000000	0.00000000000000
34.430000305176	0.70786976814270	0.25098636746407	65.000000000000	0.00000000000000
34.439998626709	0.70819026231766	0.25074681639671	65.000000000000	0.00000000000000
34.450000762939	0.70850992202759	0.25050732493401	65.000000000000	0.00000000000000
34.459999084473	0.70882898569107	0.25026786327362	65.000000000000	0.00000000000000
34.470001220703	0.70914715528488	0.25002840161324	65.000000000000	0.00000000000000
34.479999542236	0.70946472883224	0.24978902935982	65.000000000000	0.00000000000000
34.490001678467	0.70978152751923	0.24954965710640	65.000000000000	0.00000000000000
34.500000000000	0.71009761095047	0.24931035935879	65.000000000000	0.00000000000000
34.509998321533	0.71041297912598	0.24907107651234	65.000000000000	0.00000000000000
34.520000457764	0.71072757244110	0.24883183836937	65.000000000000	0.00000000000000
34.529998779297	0.71104151010513	0.24859264492989	65.000000000000	0.00000000000000
34.540000915527	0.71135473251343	0.24835349619389	65.000000000000	0.00000000000000
34.549999237061	0.71166718006134	0.24811440706253	65.000000000000	0.00000000000000
34.560001373291	0.71197891235352	0.24787530303001	65.000000000000	0.00000000000000
34.569999694824	0.71229004859924	0.24763634800911	65.000000000000	0.00000000000000
34.580001831055	0.71260040998459	0.24739737808704	65.000000000000	0.00000000000000
34.590000152588	0.71290999650955	0.24715845286846	65.000000000000	0.00000000000000
34.599998474121	0.71321904659271	0.24691961705685	65.000000000000	0.00000000000000
34.610000610352	0.71352726221085	0.24668078124523	65.000000000000	0.00000000000000
34.619998931885	0.71383476257324	0.24644200503826	65.000000000000	0.00000000000000
34.630001068115	0.71414160728455	0.24620334804058	65.000000000000	0.00000000000000
34.639999389648	0.71444767713547	0.24596470594406	65.000000000000	0.00000000000000
34.650001525879	0.71475309133530	0.24572609364986	65.000000000000	0.00000000000000
34.659999847412	0.71505779027939	0.24548757076263	65.000000000000	0.00000000000000
34.669998168945	0.71536177396774	0.24524909257889	65.000000000000	0.00000000000000
34.680000305176	0.71566516160965	0.24501065909863	65.000000000000	0.00000000000000
34.689998626709	0.71596783399582	0.24477232992649	65.000000000000	0.00000000000000
34.700000762939	0.71626973152161	0.24453401565552	65.000000000000	0.00000000000000
34.709999084473	0.71657097339630	0.24429579079151	65.000000000000	0.00000000000000
34.720001220703	0.71687155961990	0.24405762553215	65.000000000000	0.00000000000000
34.729999542236	0.71717143058777	0.24381950497627	65.000000000000	0.00000000000000
34.740001678467	0.71747052669525	0.24358148872852	65.000000000000	0.00000000000000
34.750000000000	0.71776908636093	0.24334351718426	65.000000000000	0.00000000000000
34.759998321533	0.71806681156158	0.24310562014580	65.000000000000	0.00000000000000
34.770000457764	0.71836405992508	0.24286779761314	65.000000000000	0.00000000000000
34.779998779297	0.71866041421890	0.24263003468513	65.000000000000	0.00000000000000
34.790000915527	0.71895611286163	0.24239236116409	65.000000000000	0.00000000000000
34.799999237061	0.71925127506256	0.24215476214886	65.000000000000	0.00000000000000
34.810001373291	0.71954566240311	0.24191723763943	65.000000000000	0.00000000000000
34.819999694824	0.71983939409256	0.24167977273464	65.000000000000	0.00000000000000
34.830001831055	0.72013241052628	0.24144239723682	65.000000000000	0.00000000000000
34.840000152588	0.72042477130890	0.24120508134365	65.000000000000	0.00000000000000
34.849998474121	0.72071647644043	0.24096785485744	65.000000000000	0.00000000000000
34.860000610352	0.72100752592087	0.24073073267937	65.000000000000	0.00000000000000
34.869998931885	0.72129786014557	0.24049367010593	65.000000000000	0.00000000000000
34.880001068115	0.72158753871918	0.24025669693947	65.000000000000	0.00000000000000
34.889999389648	0.72187656164169	0.24001982808113	65.000000000000	0.00000000000000
34.900001525879	0.72216492891312	0.23978303372860	65.000000000000	0.00000000000000
34.909999847412	0.72245258092880	0.23954631388187	65.000000000000	0.00000000000000
34.919998168945	0.72273963689804	0.23930966854095	65.000000000000	0.00000000000000
34.930000305176	0.72302597761154	0.23907312750816	65.000000000000	0.00000000000000
34.939998626709	0.72331172227859	0.23883672058582	65.000000000000	0.00000000000000
34.950000762939	0.72359675168991	0.23860037326813	65.000000000000	0.00000000000000
34.959999084473	0.72388112545013	0.23836410045624	65.000000000000	0.00000000000000
34.970001220703	0.72416490316391	0.23812797665596	65.000000000000	0.00000000000000
34.979999542236	0.72444802522659	0.23789192736149	65.000000000000	0.00000000000000
34.990001678467	0.72473049163818	0.23765595257282	65.000000000000	0.00000000000000
35.000000000000	0.72501224279404	0.23742006719112	65.000000000000	0.00000000000000
