#Parameters = {d=0.2106783919598; l2=4.213567839196; lambda=8.427135678392; r=0.028391020100503}
#"Frequency / GHz"	"S1,1 (lambda=8.42714) [Re]"	"S1,1 (lambda=8.42714) [Im]"	"Ref.Imp. [Re]"	"Ref.Imp. [Im]"
#-----------------------------------------------------------------------------------------------------------
25.000000000000	0.61321151256561	-0.60730552673340	65.000000000000	0.00000000000000
25.010000228882	0.61227774620056	-0.60760384798050	65.000000000000	0.00000000000000
25.020000457764	0.61134189367294	-0.60790073871613	65.000000000000	0.00000000000000
25.030000686646	0.61040329933167	-0.60819631814957	65.000000000000	0.00000000000000
25.040000915527	0.60946232080460	-0.60849040746689	65.000000000000	0.00000000000000
25.049999237061	0.60851895809174	-0.60878300666809	65.000000000000	0.00000000000000
25.059999465942	0.60757315158844	-0.60907423496246	65.000000000000	0.00000000000000
25.069999694824	0.60662484169006	-0.60936391353607	65.000000000000	0.00000000000000
25.079999923706	0.60567408800125	-0.60965210199356	65.000000000000	0.00000000000000
25.090000152588	0.60472089052200	-0.60993885993958	65.000000000000	0.00000000000000
25.100000381470	0.60376524925232	-0.61022406816483	65.000000000000	0.00000000000000
25.110000610352	0.60280710458755	-0.61050766706467	65.000000000000	0.00000000000000
25.120000839233	0.60184669494629	-0.61078983545303	65.000000000000	0.00000000000000
25.129999160767	0.60088372230530	-0.61107033491135	65.000000000000	0.00000000000000
25.139999389648	0.59991842508316	-0.61134928464890	65.000000000000	0.00000000000000
25.149999618530	0.59895050525665	-0.61162668466568	65.000000000000	0.00000000000000
25.159999847412	0.59798032045364	-0.61190241575241	65.000000000000	0.00000000000000
25.170000076294	0.59700763225555	-0.61217653751373	65.000000000000	0.00000000000000
25.180000305176	0.59603273868561	-0.61244904994965	65.000000000000	0.00000000000000
25.190000534058	0.59505516290665	-0.61271989345551	65.000000000000	0.00000000000000
25.200000762939	0.59407538175583	-0.61298906803131	65.000000000000	0.00000000000000
25.209999084473	0.59309309720993	-0.61325663328171	65.000000000000	0.00000000000000
25.219999313354	0.59210842847824	-0.61352241039276	65.000000000000	0.00000000000000
25.229999542236	0.59112125635147	-0.61378651857376	65.000000000000	0.00000000000000
25.239999771118	0.59013187885284	-0.61404889822006	65.000000000000	0.00000000000000
25.250000000000	0.58914005756378	-0.61430960893631	65.000000000000	0.00000000000000
25.260000228882	0.58814579248428	-0.61456853151321	65.000000000000	0.00000000000000
25.270000457764	0.58714908361435	-0.61482566595078	65.000000000000	0.00000000000000
25.280000686646	0.58615010976791	-0.61508113145828	65.000000000000	0.00000000000000
25.290000915527	0.58514875173569	-0.61533474922180	65.000000000000	0.00000000000000
25.299999237061	0.58414489030838	-0.61558651924133	65.000000000000	0.00000000000000
25.309999465942	0.58313888311386	-0.61583650112152	65.000000000000	0.00000000000000
25.319999694824	0.58213037252426	-0.61608463525772	65.000000000000	0.00000000000000
25.329999923706	0.58111953735352	-0.61633110046387	65.000000000000	0.00000000000000
25.340000152588	0.58010631799698	-0.61657553911209	65.000000000000	0.00000000000000
25.350000381470	0.57909077405930	-0.61681813001633	65.000000000000	0.00000000000000
25.360000610352	0.57807290554047	-0.61705899238586	65.000000000000	0.00000000000000
25.370000839233	0.57705259323120	-0.61729782819748	65.000000000000	0.00000000000000
25.379999160767	0.57602995634079	-0.61753481626511	65.000000000000	0.00000000000000
25.389999389648	0.57500505447388	-0.61776989698410	65.000000000000	0.00000000000000
25.399999618530	0.57397788763046	-0.61800307035446	65.000000000000	0.00000000000000
25.409999847412	0.57294821739197	-0.61823427677155	65.000000000000	0.00000000000000
25.420000076294	0.57191634178162	-0.61846369504929	65.000000000000	0.00000000000000
25.430000305176	0.57088214159012	-0.61869096755981	65.000000000000	0.00000000000000
25.440000534058	0.56984555721283	-0.61891639232635	65.000000000000	0.00000000000000
25.450000762939	0.56880688667297	-0.61913955211639	65.000000000000	0.00000000000000
25.459999084473	0.56776559352875	-0.61936104297638	65.000000000000	0.00000000000000
25.469999313354	0.56672221422195	-0.61958032846451	65.000000000000	0.00000000000000
25.479999542236	0.56567651033401	-0.61979770660400	65.000000000000	0.00000000000000
25.489999771118	0.56462842226028	-0.62001299858093	65.000000000000	0.00000000000000
25.500000000000	0.56357795000076	-0.62022632360458	65.000000000000	0.00000000000000
25.510000228882	0.56252551078796	-0.62043744325638	65.000000000000	0.00000000000000
25.520000457764	0.56147044897079	-0.62064683437347	65.000000000000	0.00000000000000
25.530000686646	0.56041330099106	-0.62085384130478	65.000000000000	0.00000000000000
25.540000915527	0.55935382843018	-0.62105888128281	65.000000000000	0.00000000000000
25.549999237061	0.55829232931137	-0.62126159667969	65.000000000000	0.00000000000000
25.559999465942	0.55722820758820	-0.62146252393723	65.000000000000	0.00000000000000
25.569999694824	0.55616176128387	-0.62166136503220	65.000000000000	0.00000000000000
25.579999923706	0.55509364604950	-0.62185758352280	65.000000000000	0.00000000000000
25.590000152588	0.55402261018753	-0.62205231189728	65.000000000000	0.00000000000000
25.600000381470	0.55294978618622	-0.62224429845810	65.000000000000	0.00000000000000
25.610000610352	0.55187439918518	-0.62243449687958	65.000000000000	0.00000000000000
25.620000839233	0.55079680681229	-0.62262254953384	65.000000000000	0.00000000000000
25.629999160767	0.54971742630005	-0.62280797958374	65.000000000000	0.00000000000000
25.639999389648	0.54863518476486	-0.62299174070358	65.000000000000	0.00000000000000
25.649999618530	0.54755133390427	-0.62317287921906	65.000000000000	0.00000000000000
25.659999847412	0.54646450281143	-0.62335228919983	65.000000000000	0.00000000000000
25.670000076294	0.54537606239319	-0.62352901697159	65.000000000000	0.00000000000000
25.680000305176	0.54428535699844	-0.62370353937149	65.000000000000	0.00000000000000
25.690000534058	0.54319208860397	-0.62387615442276	65.000000000000	0.00000000000000
25.700000762939	0.54209715127945	-0.62404596805573	65.000000000000	0.00000000000000
25.709999084473	0.54099935293198	-0.62421405315399	65.000000000000	0.00000000000000
25.719999313354	0.53989964723587	-0.62437975406647	65.000000000000	0.00000000000000
25.729999542236	0.53879767656326	-0.62454313039780	65.000000000000	0.00000000000000
25.739999771118	0.53769403696060	-0.62470370531082	65.000000000000	0.00000000000000
25.750000000000	0.53658735752106	-0.62486273050308	65.000000000000	0.00000000000000
25.760000228882	0.53547930717468	-0.62501877546310	65.000000000000	0.00000000000000
25.770000457764	0.53436869382858	-0.62517267465591	65.000000000000	0.00000000000000
25.780000686646	0.53325563669205	-0.62532460689545	65.000000000000	0.00000000000000
25.790000915527	0.53214079141617	-0.62547373771667	65.000000000000	0.00000000000000
25.799999237061	0.53102374076843	-0.62562066316605	65.000000000000	0.00000000000000
25.809999465942	0.52990436553955	-0.62576514482498	65.000000000000	0.00000000000000
25.819999694824	0.52878290414810	-0.62590730190277	65.000000000000	0.00000000000000
25.829999923706	0.52765929698944	-0.62604701519012	65.000000000000	0.00000000000000
25.840000152588	0.52653366327286	-0.62618440389633	65.000000000000	0.00000000000000
25.850000381470	0.52540564537048	-0.62631922960281	65.000000000000	0.00000000000000
25.860000610352	0.52427566051483	-0.62645173072815	65.000000000000	0.00000000000000
25.870000839233	0.52314347028732	-0.62658172845840	65.000000000000	0.00000000000000
25.879999160767	0.52200919389725	-0.62670928239822	65.000000000000	0.00000000000000
25.889999389648	0.52087271213531	-0.62683433294296	65.000000000000	0.00000000000000
25.899999618530	0.51973408460617	-0.62695693969727	65.000000000000	0.00000000000000
25.909999847412	0.51859331130981	-0.62707710266113	65.000000000000	0.00000000000000
25.920000076294	0.51745057106018	-0.62719464302063	65.000000000000	0.00000000000000
25.930000305176	0.51630556583405	-0.62730973958969	65.000000000000	0.00000000000000
25.940000534058	0.51515853404999	-0.62742239236832	65.000000000000	0.00000000000000
25.950000762939	0.51400929689407	-0.62753236293793	65.000000000000	0.00000000000000
25.959999084473	0.51285803318024	-0.62763983011246	65.000000000000	0.00000000000000
25.969999313354	0.51170456409454	-0.62774479389191	65.000000000000	0.00000000000000
25.979999542236	0.51054912805557	-0.62784713506699	65.000000000000	0.00000000000000
25.989999771118	0.50939160585403	-0.62794703245163	65.000000000000	0.00000000000000
26.000000000000	0.50823181867599	-0.62804412841797	65.000000000000	0.00000000000000
26.010000228882	0.50707012414932	-0.62813878059387	65.000000000000	0.00000000000000
26.020000457764	0.50590616464615	-0.62823075056076	65.000000000000	0.00000000000000
26.030000686646	0.50474017858505	-0.62832015752792	65.000000000000	0.00000000000000
26.040000915527	0.50357228517532	-0.62840688228607	65.000000000000	0.00000000000000
26.049999237061	0.50240212678909	-0.62849092483521	65.000000000000	0.00000000000000
26.059999465942	0.50122994184494	-0.62857228517532	65.000000000000	0.00000000000000
26.069999694824	0.50005567073822	-0.62865102291107	65.000000000000	0.00000000000000
26.079999923706	0.49887943267822	-0.62872713804245	65.000000000000	0.00000000000000
26.090000152588	0.49770098924637	-0.62880051136017	65.000000000000	0.00000000000000
26.100000381470	0.49652054905891	-0.62887114286423	65.000000000000	0.00000000000000
26.110000610352	0.49533820152283	-0.62893909215927	65.000000000000	0.00000000000000
26.120000839233	0.49415349960327	-0.62900429964066	65.000000000000	0.00000000000000
26.129999160767	0.49296700954437	-0.62906682491302	65.000000000000	0.00000000000000
26.139999389648	0.49177846312523	-0.62912648916245	65.000000000000	0.00000000000000
26.149999618530	0.49058783054352	-0.62918347120285	65.000000000000	0.00000000000000
26.159999847412	0.48939502239227	-0.62923765182495	65.000000000000	0.00000000000000
26.170000076294	0.48820036649704	-0.62928903102875	65.000000000000	0.00000000000000
26.180000305176	0.48700359463692	-0.62933766841888	65.000000000000	0.00000000000000
26.190000534058	0.48580485582352	-0.62938344478607	65.000000000000	0.00000000000000
26.200000762939	0.48460403084755	-0.62942641973495	65.000000000000	0.00000000000000
26.209999084473	0.48340120911598	-0.62946647405624	65.000000000000	0.00000000000000
26.219999313354	0.48219645023346	-0.62950378656387	65.000000000000	0.00000000000000
26.229999542236	0.48098960518837	-0.62953817844391	65.000000000000	0.00000000000000
26.239999771118	0.47978064417839	-0.62956976890564	65.000000000000	0.00000000000000
26.250000000000	0.47856992483139	-0.62959837913513	65.000000000000	0.00000000000000
26.260000228882	0.47735700011253	-0.62962412834167	65.000000000000	0.00000000000000
26.270000457764	0.47614231705666	-0.62964695692062	65.000000000000	0.00000000000000
26.280000686646	0.47492554783821	-0.62966686487198	65.000000000000	0.00000000000000
26.290000915527	0.47370675206184	-0.62968385219574	65.000000000000	0.00000000000000
26.299999237061	0.47248587012291	-0.62969785928726	65.000000000000	0.00000000000000
26.309999465942	0.47126328945160	-0.62970888614655	65.000000000000	0.00000000000000
26.319999694824	0.47003853321075	-0.62971699237823	65.000000000000	0.00000000000000
26.329999923706	0.46881183981895	-0.62972205877304	65.000000000000	0.00000000000000
26.340000152588	0.46758320927620	-0.62972420454025	65.000000000000	0.00000000000000
26.350000381470	0.46635270118713	-0.62972325086594	65.000000000000	0.00000000000000
26.360000610352	0.46512013673782	-0.62971931695938	65.000000000000	0.00000000000000
26.370000839233	0.46388563513756	-0.62971228361130	65.000000000000	0.00000000000000
26.379999160767	0.46264916658401	-0.62970227003098	65.000000000000	0.00000000000000
26.389999389648	0.46141085028648	-0.62968915700912	65.000000000000	0.00000000000000
26.399999618530	0.46017047762871	-0.62967294454575	65.000000000000	0.00000000000000
26.409999847412	0.45892822742462	-0.62965369224548	65.000000000000	0.00000000000000
26.420000076294	0.45768412947655	-0.62963128089905	65.000000000000	0.00000000000000
26.430000305176	0.45643797516823	-0.62960571050644	65.000000000000	0.00000000000000
26.440000534058	0.45519003272057	-0.62957704067230	65.000000000000	0.00000000000000
26.450000762939	0.45394009351730	-0.62954521179199	65.000000000000	0.00000000000000
26.459999084473	0.45268842577934	-0.62951022386551	65.000000000000	0.00000000000000
26.469999313354	0.45143470168114	-0.62947207689285	65.000000000000	0.00000000000000
26.479999542236	0.45017901062965	-0.62943071126938	65.000000000000	0.00000000000000
26.489999771118	0.44892162084579	-0.62938618659973	65.000000000000	0.00000000000000
26.500000000000	0.44766214489937	-0.62933832406998	65.000000000000	0.00000000000000
26.510000228882	0.44640100002289	-0.62928736209869	65.000000000000	0.00000000000000
26.520000457764	0.44513776898384	-0.62923312187195	65.000000000000	0.00000000000000
26.530000686646	0.44387280941010	-0.62917560338974	65.000000000000	0.00000000000000
26.540000915527	0.44260603189468	-0.62911480665207	65.000000000000	0.00000000000000
26.549999237061	0.44133722782135	-0.62905067205429	65.000000000000	0.00000000000000
26.559999465942	0.44006660580635	-0.62898331880569	65.000000000000	0.00000000000000
26.569999694824	0.43879428505898	-0.62891256809235	65.000000000000	0.00000000000000
26.579999923706	0.43752008676529	-0.62883847951889	65.000000000000	0.00000000000000
26.590000152588	0.43624398112297	-0.62876105308533	65.000000000000	0.00000000000000
26.600000381470	0.43496605753899	-0.62868034839630	65.000000000000	0.00000000000000
26.610000610352	0.43368631601334	-0.62859618663788	65.000000000000	0.00000000000000
26.620000839233	0.43240481615067	-0.62850856781006	65.000000000000	0.00000000000000
26.629999160767	0.43112134933472	-0.62841767072678	65.000000000000	0.00000000000000
26.639999389648	0.42983630299568	-0.62832325696945	65.000000000000	0.00000000000000
26.649999618530	0.42854928970337	-0.62822538614273	65.000000000000	0.00000000000000
26.659999847412	0.42726069688797	-0.62812417745590	65.000000000000	0.00000000000000
26.670000076294	0.42597016692162	-0.62801933288574	65.000000000000	0.00000000000000
26.680000305176	0.42467778921127	-0.62791109085083	65.000000000000	0.00000000000000
26.690000534058	0.42338383197784	-0.62779939174652	65.000000000000	0.00000000000000
26.700000762939	0.42208805680275	-0.62768411636353	65.000000000000	0.00000000000000
26.709999084473	0.42079046368599	-0.62756532430649	65.000000000000	0.00000000000000
26.719999313354	0.41949111223221	-0.62744295597076	65.000000000000	0.00000000000000
26.729999542236	0.41819003224373	-0.62731701135635	65.000000000000	0.00000000000000
26.739999771118	0.41688725352287	-0.62718755006790	65.000000000000	0.00000000000000
26.750000000000	0.41558286547661	-0.62705445289612	65.000000000000	0.00000000000000
26.760000228882	0.41427662968636	-0.62691777944565	65.000000000000	0.00000000000000
26.770000457764	0.41296872496605	-0.62677741050720	65.000000000000	0.00000000000000
26.780000686646	0.41165903210640	-0.62663346529007	65.000000000000	0.00000000000000
26.790000915527	0.41034775972366	-0.62648582458496	65.000000000000	0.00000000000000
26.799999237061	0.40903487801552	-0.62633454799652	65.000000000000	0.00000000000000
26.809999465942	0.40772014856339	-0.62617951631546	65.000000000000	0.00000000000000
26.819999694824	0.40640380978584	-0.62602090835571	65.000000000000	0.00000000000000
26.829999923706	0.40508589148521	-0.62585842609406	65.000000000000	0.00000000000000
26.840000152588	0.40376621484756	-0.62569230794907	65.000000000000	0.00000000000000
26.850000381470	0.40244501829147	-0.62552237510681	65.000000000000	0.00000000000000
26.860000610352	0.40112206339836	-0.62534868717194	65.000000000000	0.00000000000000
26.870000839233	0.39979752898216	-0.62517124414444	65.000000000000	0.00000000000000
26.879999160767	0.39847147464752	-0.62498998641968	65.000000000000	0.00000000000000
26.889999389648	0.39714372158051	-0.62480485439301	65.000000000000	0.00000000000000
26.899999618530	0.39581444859505	-0.62461590766907	65.000000000000	0.00000000000000
26.909999847412	0.39448356628418	-0.62442314624786	65.000000000000	0.00000000000000
26.920000076294	0.39315101504326	-0.62422651052475	65.000000000000	0.00000000000000
26.930000305176	0.39181718230247	-0.62402594089508	65.000000000000	0.00000000000000
26.940000534058	0.39048138260841	-0.62382155656815	65.000000000000	0.00000000000000
26.950000762939	0.38914430141449	-0.62361311912537	65.000000000000	0.00000000000000
26.959999084473	0.38780564069748	-0.62340086698532	65.000000000000	0.00000000000000
26.969999313354	0.38646543025970	-0.62318462133408	65.000000000000	0.00000000000000
26.979999542236	0.38512390851974	-0.62296438217163	65.000000000000	0.00000000000000
26.989999771118	0.38378059864044	-0.62274026870728	65.000000000000	0.00000000000000
27.000000000000	0.38243594765663	-0.62251198291779	65.000000000000	0.00000000000000
27.010000228882	0.38108986616135	-0.62227982282639	65.000000000000	0.00000000000000
27.020000457764	0.37974223494530	-0.62204355001450	65.000000000000	0.00000000000000
27.030000686646	0.37839308381081	-0.62180322408676	65.000000000000	0.00000000000000
27.040000915527	0.37704277038574	-0.62155884504318	65.000000000000	0.00000000000000
27.049999237061	0.37569069862366	-0.62131041288376	65.000000000000	0.00000000000000
27.059999465942	0.37433737516403	-0.62105786800385	65.000000000000	0.00000000000000
27.069999694824	0.37298256158829	-0.62080115079880	65.000000000000	0.00000000000000
27.079999923706	0.37162640690804	-0.62054038047791	65.000000000000	0.00000000000000
27.090000152588	0.37026900053024	-0.62027543783188	65.000000000000	0.00000000000000
27.100000381470	0.36891001462936	-0.62000626325607	65.000000000000	0.00000000000000
27.110000610352	0.36754962801933	-0.61973297595978	65.000000000000	0.00000000000000
27.120000839233	0.36618816852570	-0.61945545673370	65.000000000000	0.00000000000000
27.129999160767	0.36482504010201	-0.61917376518250	65.000000000000	0.00000000000000
27.139999389648	0.36346089839935	-0.61888778209686	65.000000000000	0.00000000000000
27.149999618530	0.36209538578987	-0.61859750747681	65.000000000000	0.00000000000000
27.159999847412	0.36072853207588	-0.61830306053162	65.000000000000	0.00000000000000
27.170000076294	0.35936039686203	-0.61800426244736	65.000000000000	0.00000000000000
27.180000305176	0.35799092054367	-0.61770117282867	65.000000000000	0.00000000000000
27.190000534058	0.35662019252777	-0.61739385128021	65.000000000000	0.00000000000000
27.200000762939	0.35524851083755	-0.61708205938339	65.000000000000	0.00000000000000
27.209999084473	0.35387524962425	-0.61676597595215	65.000000000000	0.00000000000000
27.219999313354	0.35250106453896	-0.61644554138184	65.000000000000	0.00000000000000
27.229999542236	0.35112565755844	-0.61612063646317	65.000000000000	0.00000000000000
27.239999771118	0.34974890947342	-0.61579144001007	65.000000000000	0.00000000000000
27.250000000000	0.34837093949318	-0.61545777320862	65.000000000000	0.00000000000000
27.260000228882	0.34699195623398	-0.61511969566345	65.000000000000	0.00000000000000
27.270000457764	0.34561198949814	-0.61477708816528	65.000000000000	0.00000000000000
27.280000686646	0.34423086047173	-0.61443006992340	65.000000000000	0.00000000000000
27.290000915527	0.34284842014313	-0.61407858133316	65.000000000000	0.00000000000000
27.299999237061	0.34146505594254	-0.61372256278992	65.000000000000	0.00000000000000
27.309999465942	0.34008058905602	-0.61336207389832	65.000000000000	0.00000000000000
27.319999694824	0.33869501948357	-0.61299693584442	65.000000000000	0.00000000000000
27.329999923706	0.33730840682983	-0.61262732744217	65.000000000000	0.00000000000000
27.340000152588	0.33592092990875	-0.61225318908691	65.000000000000	0.00000000000000
27.350000381470	0.33453235030174	-0.61187440156937	65.000000000000	0.00000000000000
27.360000610352	0.33314278721809	-0.61149102449417	65.000000000000	0.00000000000000
27.370000839233	0.33175224065781	-0.61110305786133	65.000000000000	0.00000000000000
27.379999160767	0.33036071062088	-0.61071050167084	65.000000000000	0.00000000000000
27.389999389648	0.32896819710732	-0.61031317710876	65.000000000000	0.00000000000000
27.399999618530	0.32757505774498	-0.60991120338440	65.000000000000	0.00000000000000
27.409999847412	0.32618072628975	-0.60950458049774	65.000000000000	0.00000000000000
27.420000076294	0.32478570938110	-0.60909336805344	65.000000000000	0.00000000000000
27.430000305176	0.32338955998421	-0.60867732763290	65.000000000000	0.00000000000000
27.440000534058	0.32199278473854	-0.60825651884079	65.000000000000	0.00000000000000
27.450000762939	0.32059520483017	-0.60783112049103	65.000000000000	0.00000000000000
27.459999084473	0.31919676065445	-0.60740083456039	65.000000000000	0.00000000000000
27.469999313354	0.31779748201370	-0.60696572065353	65.000000000000	0.00000000000000
27.479999542236	0.31639754772186	-0.60652595758438	65.000000000000	0.00000000000000
27.489999771118	0.31499689817429	-0.60608130693436	65.000000000000	0.00000000000000
27.500000000000	0.31359529495239	-0.60563188791275	65.000000000000	0.00000000000000
27.510000228882	0.31219321489334	-0.60517764091492	65.000000000000	0.00000000000000
27.520000457764	0.31079030036926	-0.60471844673157	65.000000000000	0.00000000000000
27.530000686646	0.30938678979874	-0.60425436496735	65.000000000000	0.00000000000000
27.540000915527	0.30798244476318	-0.60378551483154	65.000000000000	0.00000000000000
27.549999237061	0.30657771229744	-0.60331171751022	65.000000000000	0.00000000000000
27.559999465942	0.30517238378525	-0.60283303260803	65.000000000000	0.00000000000000
27.569999694824	0.30376625061035	-0.60234928131104	65.000000000000	0.00000000000000
27.579999923706	0.30235967040062	-0.60186082124710	65.000000000000	0.00000000000000
27.590000152588	0.30095246434212	-0.60136723518372	65.000000000000	0.00000000000000
27.600000381470	0.29954484105110	-0.60086876153946	65.000000000000	0.00000000000000
27.610000610352	0.29813668131828	-0.60036528110504	65.000000000000	0.00000000000000
27.620000839233	0.29672798514366	-0.59985667467117	65.000000000000	0.00000000000000
27.629999160767	0.29531890153885	-0.59934324026108	65.000000000000	0.00000000000000
27.639999389648	0.29390937089920	-0.59882467985153	65.000000000000	0.00000000000000
27.649999618530	0.29249948263168	-0.59830105304718	65.000000000000	0.00000000000000
27.659999847412	0.29108917713165	-0.59777235984802	65.000000000000	0.00000000000000
27.670000076294	0.28967827558517	-0.59723871946335	65.000000000000	0.00000000000000
27.680000305176	0.28826725482941	-0.59669983386993	65.000000000000	0.00000000000000
27.690000534058	0.28685584664345	-0.59615588188171	65.000000000000	0.00000000000000
27.700000762939	0.28544411063194	-0.59560692310333	65.000000000000	0.00000000000000
27.709999084473	0.28403216600418	-0.59505271911621	65.000000000000	0.00000000000000
27.719999313354	0.28261986374855	-0.59449344873428	65.000000000000	0.00000000000000
27.729999542236	0.28120729327202	-0.59392899274826	65.000000000000	0.00000000000000
27.739999771118	0.27979457378387	-0.59335935115814	65.000000000000	0.00000000000000
27.750000000000	0.27838161587715	-0.59278452396393	65.000000000000	0.00000000000000
27.760000228882	0.27696856856346	-0.59220451116562	65.000000000000	0.00000000000000
27.770000457764	0.27555528283119	-0.59161937236786	65.000000000000	0.00000000000000
27.780000686646	0.27414214611053	-0.59102892875671	65.000000000000	0.00000000000000
27.790000915527	0.27272880077362	-0.59043323993683	65.000000000000	0.00000000000000
27.799999237061	0.27131515741348	-0.58983236551285	65.000000000000	0.00000000000000
27.809999465942	0.26990172266960	-0.58922618627548	65.000000000000	0.00000000000000
27.819999694824	0.26848813891411	-0.58861470222473	65.000000000000	0.00000000000000
27.829999923706	0.26707452535629	-0.58799809217453	65.000000000000	0.00000000000000
27.840000152588	0.26566097140312	-0.58737605810165	65.000000000000	0.00000000000000
27.850000381470	0.26424768567085	-0.58674871921539	65.000000000000	0.00000000000000
27.860000610352	0.26283425092697	-0.58611613512039	65.000000000000	0.00000000000000
27.870000839233	0.26142084598541	-0.58547818660736	65.000000000000	0.00000000000000
27.879999160767	0.26000785827637	-0.58483493328094	65.000000000000	0.00000000000000
27.889999389648	0.25859472155571	-0.58418631553650	65.000000000000	0.00000000000000
27.899999618530	0.25718203186989	-0.58353227376938	65.000000000000	0.00000000000000
27.909999847412	0.25576949119568	-0.58287286758423	65.000000000000	0.00000000000000
27.920000076294	0.25435709953308	-0.58220815658569	65.000000000000	0.00000000000000
27.930000305176	0.25294512510300	-0.58153802156448	65.000000000000	0.00000000000000
27.940000534058	0.25153321027756	-0.58086246252060	65.000000000000	0.00000000000000
27.950000762939	0.25012177228928	-0.58018141984940	65.000000000000	0.00000000000000
27.959999084473	0.24871072173119	-0.57949507236481	65.000000000000	0.00000000000000
27.969999313354	0.24729990959167	-0.57880324125290	65.000000000000	0.00000000000000
27.979999542236	0.24588954448700	-0.57810604572296	65.000000000000	0.00000000000000
27.989999771118	0.24447974562645	-0.57740324735641	65.000000000000	0.00000000000000
28.000000000000	0.24307015538216	-0.57669508457184	65.000000000000	0.00000000000000
28.010000228882	0.24166120588779	-0.57598143815994	65.000000000000	0.00000000000000
28.020000457764	0.24025276303291	-0.57526230812073	65.000000000000	0.00000000000000
28.030000686646	0.23884473741055	-0.57453763484955	65.000000000000	0.00000000000000
28.040000915527	0.23743739724159	-0.57380753755569	65.000000000000	0.00000000000000
28.049999237061	0.23603056371212	-0.57307189702988	65.000000000000	0.00000000000000
28.059999465942	0.23462444543839	-0.57233077287674	65.000000000000	0.00000000000000
28.069999694824	0.23321889340878	-0.57158416509628	65.000000000000	0.00000000000000
28.079999923706	0.23181438446045	-0.57083177566528	65.000000000000	0.00000000000000
28.090000152588	0.23041018843651	-0.57007408142090	65.000000000000	0.00000000000000
28.100000381470	0.22900655865669	-0.56931090354919	65.000000000000	0.00000000000000
28.110000610352	0.22760383784771	-0.56854206323624	65.000000000000	0.00000000000000
28.120000839233	0.22620232403278	-0.56776762008667	65.000000000000	0.00000000000000
28.129999160767	0.22480116784573	-0.56698763370514	65.000000000000	0.00000000000000
28.139999389648	0.22340099513531	-0.56620210409164	65.000000000000	0.00000000000000
28.149999618530	0.22200180590153	-0.56541085243225	65.000000000000	0.00000000000000
28.159999847412	0.22060336172581	-0.56461423635483	65.000000000000	0.00000000000000
28.170000076294	0.21920597553253	-0.56381189823151	65.000000000000	0.00000000000000
28.180000305176	0.21780939400196	-0.56300401687622	65.000000000000	0.00000000000000
28.190000534058	0.21641416847706	-0.56219035387039	65.000000000000	0.00000000000000
28.200000762939	0.21501980721951	-0.56137114763260	65.000000000000	0.00000000000000
28.209999084473	0.21362632513046	-0.56054645776749	65.000000000000	0.00000000000000
28.219999313354	0.21223402023315	-0.55971604585648	65.000000000000	0.00000000000000
28.229999542236	0.21084292232990	-0.55888003110886	65.000000000000	0.00000000000000
28.239999771118	0.20945280790329	-0.55803841352463	65.000000000000	0.00000000000000
28.250000000000	0.20806418359280	-0.55719101428986	65.000000000000	0.00000000000000
28.260000228882	0.20667661726475	-0.55633807182312	65.000000000000	0.00000000000000
28.270000457764	0.20529009401798	-0.55547952651978	65.000000000000	0.00000000000000
28.280000686646	0.20390489697456	-0.55461531877518	65.000000000000	0.00000000000000
28.290000915527	0.20252135396004	-0.55374532938004	65.000000000000	0.00000000000000
28.299999237061	0.20113891363144	-0.55286967754364	65.000000000000	0.00000000000000
28.309999465942	0.19975790381432	-0.55198848247528	65.000000000000	0.00000000000000
28.319999694824	0.19837810099125	-0.55110162496567	65.000000000000	0.00000000000000
28.329999923706	0.19700004160404	-0.55020898580551	65.000000000000	0.00000000000000
28.340000152588	0.19562293589115	-0.54931086301804	65.000000000000	0.00000000000000
28.350000381470	0.19424791634083	-0.54840677976608	65.000000000000	0.00000000000000
28.360000610352	0.19287391006947	-0.54749727249146	65.000000000000	0.00000000000000
28.370000839233	0.19150206446648	-0.54658192396164	65.000000000000	0.00000000000000
28.379999160767	0.19013127684593	-0.54566097259521	65.000000000000	0.00000000000000
28.389999389648	0.18876212835312	-0.54473435878754	65.000000000000	0.00000000000000
28.399999618530	0.18739494681358	-0.54380196332932	65.000000000000	0.00000000000000
28.409999847412	0.18602921068668	-0.54286396503448	65.000000000000	0.00000000000000
28.420000076294	0.18466544151306	-0.54192018508911	65.000000000000	0.00000000000000
28.430000305176	0.18330346047878	-0.54097068309784	65.000000000000	0.00000000000000
28.440000534058	0.18194271624088	-0.54001569747925	65.000000000000	0.00000000000000
28.450000762939	0.18058408796787	-0.53905498981476	65.000000000000	0.00000000000000
28.459999084473	0.17922751605511	-0.53808838129044	65.000000000000	0.00000000000000
28.469999313354	0.17787262797356	-0.53711622953415	65.000000000000	0.00000000000000
28.479999542236	0.17651985585690	-0.53613829612732	65.000000000000	0.00000000000000
28.489999771118	0.17516875267029	-0.53515475988388	65.000000000000	0.00000000000000
28.500000000000	0.17381963133812	-0.53416556119919	65.000000000000	0.00000000000000
28.510000228882	0.17247247695923	-0.53317070007324	65.000000000000	0.00000000000000
28.520000457764	0.17112734913826	-0.53217005729675	65.000000000000	0.00000000000000
28.530000686646	0.16978456079960	-0.53116375207901	65.000000000000	0.00000000000000
28.540000915527	0.16844356060028	-0.53015178442001	65.000000000000	0.00000000000000
28.549999237061	0.16710492968559	-0.52913415431976	65.000000000000	0.00000000000000
28.559999465942	0.16576868295670	-0.52811062335968	65.000000000000	0.00000000000000
28.569999694824	0.16443434357643	-0.52708160877228	65.000000000000	0.00000000000000
28.579999923706	0.16310246288776	-0.52604687213898	65.000000000000	0.00000000000000
28.590000152588	0.16177253425121	-0.52500653266907	65.000000000000	0.00000000000000
28.600000381470	0.16044484078884	-0.52396047115326	65.000000000000	0.00000000000000
28.610000610352	0.15911969542503	-0.52290874719620	65.000000000000	0.00000000000000
28.620000839233	0.15779700875282	-0.52185136079788	65.000000000000	0.00000000000000
28.629999160767	0.15647652745247	-0.52078837156296	65.000000000000	0.00000000000000
28.639999389648	0.15515865385532	-0.51971966028214	65.000000000000	0.00000000000000
28.649999618530	0.15384319424629	-0.51864534616470	65.000000000000	0.00000000000000
28.659999847412	0.15253026783466	-0.51756531000137	65.000000000000	0.00000000000000
28.670000076294	0.15121968090534	-0.51647967100143	65.000000000000	0.00000000000000
28.680000305176	0.14991195499897	-0.51538836956024	65.000000000000	0.00000000000000
28.690000534058	0.14860661327839	-0.51429152488708	65.000000000000	0.00000000000000
28.700000762939	0.14730395376682	-0.51318895816803	65.000000000000	0.00000000000000
28.709999084473	0.14600409567356	-0.51208078861237	65.000000000000	0.00000000000000
28.719999313354	0.14470686018467	-0.51096707582474	65.000000000000	0.00000000000000
28.729999542236	0.14341223239899	-0.50984770059586	65.000000000000	0.00000000000000
28.739999771118	0.14212054014206	-0.50872272253036	65.000000000000	0.00000000000000
28.750000000000	0.14083166420460	-0.50759220123291	65.000000000000	0.00000000000000
28.760000228882	0.13954547047615	-0.50645601749420	65.000000000000	0.00000000000000
28.770000457764	0.13826231658459	-0.50531429052353	65.000000000000	0.00000000000000
28.780000686646	0.13698190450668	-0.50416696071625	65.000000000000	0.00000000000000
28.790000915527	0.13570445775986	-0.50301414728165	65.000000000000	0.00000000000000
28.799999237061	0.13443006575108	-0.50185567140579	65.000000000000	0.00000000000000
28.809999465942	0.13315869867802	-0.50069171190262	65.000000000000	0.00000000000000
28.819999694824	0.13189019262791	-0.49952217936516	65.000000000000	0.00000000000000
28.829999923706	0.13062487542629	-0.49834719300270	65.000000000000	0.00000000000000
28.840000152588	0.12936273217201	-0.49716657400131	65.000000000000	0.00000000000000
28.850000381470	0.12810359895229	-0.49598053097725	65.000000000000	0.00000000000000
28.860000610352	0.12684771418571	-0.49478894472122	65.000000000000	0.00000000000000
28.870000839233	0.12559486925602	-0.49359187483788	65.000000000000	0.00000000000000
28.879999160767	0.12434547394514	-0.49238929152489	65.000000000000	0.00000000000000
28.889999389648	0.12309928238392	-0.49118125438690	65.000000000000	0.00000000000000
28.899999618530	0.12185635417700	-0.48996776342392	65.000000000000	0.00000000000000
28.909999847412	0.12061671167612	-0.48874887824059	65.000000000000	0.00000000000000
28.920000076294	0.11938047409058	-0.48752442002296	65.000000000000	0.00000000000000
28.930000305176	0.11814771592617	-0.48629462718964	65.000000000000	0.00000000000000
28.940000534058	0.11691843718290	-0.48505938053131	65.000000000000	0.00000000000000
28.950000762939	0.11569243669510	-0.48381870985031	65.000000000000	0.00000000000000
28.959999084473	0.11446999013424	-0.48257267475128	65.000000000000	0.00000000000000
28.969999313354	0.11325110495090	-0.48132127523422	65.000000000000	0.00000000000000
28.979999542236	0.11203582584858	-0.48006448149681	65.000000000000	0.00000000000000
28.989999771118	0.11082417517900	-0.47880229353905	65.000000000000	0.00000000000000
29.000000000000	0.10961605608463	-0.47753477096558	65.000000000000	0.00000000000000
29.010000228882	0.10841163247824	-0.47626197338104	65.000000000000	0.00000000000000
29.020000457764	0.10721091926098	-0.47498381137848	65.000000000000	0.00000000000000
29.030000686646	0.10601395368576	-0.47370037436485	65.000000000000	0.00000000000000
29.040000915527	0.10482064634562	-0.47241160273552	65.000000000000	0.00000000000000
29.049999237061	0.10363125801086	-0.47111761569977	65.000000000000	0.00000000000000
29.059999465942	0.10244568437338	-0.46981835365295	65.000000000000	0.00000000000000
29.069999694824	0.10126385837793	-0.46851381659508	65.000000000000	0.00000000000000
29.079999923706	0.10008602589369	-0.46720406413078	65.000000000000	0.00000000000000
29.090000152588	0.098912119865417	-0.46588909626007	65.000000000000	0.00000000000000
29.100000381470	0.097742140293121	-0.46456891298294	65.000000000000	0.00000000000000
29.110000610352	0.096576131880283	-0.46324357390404	65.000000000000	0.00000000000000
29.120000839233	0.095414236187935	-0.46191301941872	65.000000000000	0.00000000000000
29.129999160767	0.094256252050400	-0.46057733893394	65.000000000000	0.00000000000000
29.139999389648	0.093102432787418	-0.45923656225204	65.000000000000	0.00000000000000
29.149999618530	0.091952688992023	-0.45789057016373	65.000000000000	0.00000000000000
29.159999847412	0.090807169675827	-0.45653957128525	65.000000000000	0.00000000000000
29.170000076294	0.089665777981281	-0.45518338680267	65.000000000000	0.00000000000000
29.180000305176	0.088528551161289	-0.45382219552994	65.000000000000	0.00000000000000
29.190000534058	0.087395630776882	-0.45245596766472	65.000000000000	0.00000000000000
29.200000762939	0.086266927421093	-0.45108467340469	65.000000000000	0.00000000000000
29.209999084473	0.085142686963081	-0.44970840215683	65.000000000000	0.00000000000000
29.219999313354	0.084022603929043	-0.44832712411880	65.000000000000	0.00000000000000
29.229999542236	0.082906931638718	-0.44694080948830	65.000000000000	0.00000000000000
29.239999771118	0.081795692443848	-0.44554960727692	65.000000000000	0.00000000000000
29.250000000000	0.080688811838627	-0.44415342807770	65.000000000000	0.00000000000000
29.260000228882	0.079586520791054	-0.44275233149529	65.000000000000	0.00000000000000
29.270000457764	0.078488536179066	-0.44134634733200	65.000000000000	0.00000000000000
29.280000686646	0.077395193278790	-0.43993550539017	65.000000000000	0.00000000000000
29.290000915527	0.076306417584419	-0.43851974606514	65.000000000000	0.00000000000000
29.299999237061	0.075222142040730	-0.43709918856621	65.000000000000	0.00000000000000
29.309999465942	0.074142478406429	-0.43567377328873	65.000000000000	0.00000000000000
29.319999694824	0.073067560791969	-0.43424361944199	65.000000000000	0.00000000000000
29.329999923706	0.071997210383415	-0.43280863761902	65.000000000000	0.00000000000000
29.340000152588	0.070931673049927	-0.43136888742447	65.000000000000	0.00000000000000
29.350000381470	0.069870747625828	-0.42992445826530	65.000000000000	0.00000000000000
29.360000610352	0.068814672529697	-0.42847529053688	65.000000000000	0.00000000000000
29.370000839233	0.067763373255730	-0.42702138423920	65.000000000000	0.00000000000000
29.379999160767	0.066716767847538	-0.42556288838387	65.000000000000	0.00000000000000
29.389999389648	0.065675199031830	-0.42409968376160	65.000000000000	0.00000000000000
29.399999618530	0.064638376235962	-0.42263188958168	65.000000000000	0.00000000000000
29.409999847412	0.063606530427933	-0.42115944623947	65.000000000000	0.00000000000000
29.420000076294	0.062579587101936	-0.41968244314194	65.000000000000	0.00000000000000
29.430000305176	0.061557572335005	-0.41820093989372	65.000000000000	0.00000000000000
29.440000534058	0.060540601611137	-0.41671481728554	65.000000000000	0.00000000000000
29.450000762939	0.059528615325689	-0.41522425413132	65.000000000000	0.00000000000000
29.459999084473	0.058521721512079	-0.41372916102409	65.000000000000	0.00000000000000
29.469999313354	0.057519856840372	-0.41222965717316	65.000000000000	0.00000000000000
29.479999542236	0.056523136794567	-0.41072568297386	65.000000000000	0.00000000000000
29.489999771118	0.055531498044729	-0.40921732783318	65.000000000000	0.00000000000000
29.500000000000	0.054545141756535	-0.40770453214645	65.000000000000	0.00000000000000
29.510000228882	0.053563818335533	-0.40618741512299	65.000000000000	0.00000000000000
29.520000457764	0.052587732672691	-0.40466594696045	65.000000000000	0.00000000000000
29.530000686646	0.051617007702589	-0.40314012765884	65.000000000000	0.00000000000000
29.540000915527	0.050651382654905	-0.40161010622978	65.000000000000	0.00000000000000
29.549999237061	0.049691163003445	-0.40007573366165	65.000000000000	0.00000000000000
29.559999465942	0.048736281692982	-0.39853718876839	65.000000000000	0.00000000000000
29.569999694824	0.047786761075258	-0.39699444174767	65.000000000000	0.00000000000000
29.579999923706	0.046842616051435	-0.39544749259949	65.000000000000	0.00000000000000
29.590000152588	0.045903686434031	-0.39389640092850	65.000000000000	0.00000000000000
29.600000381470	0.044970367103815	-0.39234116673470	65.000000000000	0.00000000000000
29.610000610352	0.044042501598597	-0.39078181982040	65.000000000000	0.00000000000000
29.620000839233	0.043120104819536	-0.38921844959259	65.000000000000	0.00000000000000
29.629999160767	0.042203105986118	-0.38765099644661	65.000000000000	0.00000000000000
29.639999389648	0.041291810572147	-0.38607951998711	65.000000000000	0.00000000000000
29.649999618530	0.040385860949755	-0.38450407981873	65.000000000000	0.00000000000000
29.659999847412	0.039485651999712	-0.38292464613914	65.000000000000	0.00000000000000
29.670000076294	0.038590937852859	-0.38134127855301	65.000000000000	0.00000000000000
29.680000305176	0.037701908499002	-0.37975403666496	65.000000000000	0.00000000000000
29.690000534058	0.036818500608206	-0.37816289067268	65.000000000000	0.00000000000000
29.700000762939	0.035940829664469	-0.37656790018082	65.000000000000	0.00000000000000
29.709999084473	0.035068813711405	-0.37496912479401	65.000000000000	0.00000000000000
29.719999313354	0.034202490001917	-0.37336653470993	65.000000000000	0.00000000000000
29.729999542236	0.033342041075230	-0.37176015973091	65.000000000000	0.00000000000000
29.739999771118	0.032487232238054	-0.37015008926392	65.000000000000	0.00000000000000
29.750000000000	0.031638257205486	-0.36853632330894	65.000000000000	0.00000000000000
29.760000228882	0.030795130878687	-0.36691886186600	65.000000000000	0.00000000000000
29.770000457764	0.029957791790366	-0.36529776453972	65.000000000000	0.00000000000000
29.780000686646	0.029126342386007	-0.36367309093475	65.000000000000	0.00000000000000
29.790000915527	0.028300805017352	-0.36204478144646	65.000000000000	0.00000000000000
29.799999237061	0.027481196448207	-0.36041298508644	65.000000000000	0.00000000000000
29.809999465942	0.026667445898056	-0.35877761244774	65.000000000000	0.00000000000000
29.819999694824	0.025859665125608	-0.35713878273964	65.000000000000	0.00000000000000
29.829999923706	0.025057872757316	-0.35549649596214	65.000000000000	0.00000000000000
29.840000152588	0.024261994287372	-0.35385075211525	65.000000000000	0.00000000000000
29.850000381470	0.023472309112549	-0.35220167040825	65.000000000000	0.00000000000000
29.860000610352	0.022688494995236	-0.35054919123650	65.000000000000	0.00000000000000
29.870000839233	0.021910820156336	-0.34889334440231	65.000000000000	0.00000000000000
29.879999160767	0.021139139309525	-0.34723424911499	65.000000000000	0.00000000000000
29.889999389648	0.020373631268740	-0.34557187557220	65.000000000000	0.00000000000000
29.899999618530	0.019614234566689	-0.34390628337860	65.000000000000	0.00000000000000
29.909999847412	0.018860882148147	-0.34223747253418	65.000000000000	0.00000000000000
29.920000076294	0.018113834783435	-0.34056550264359	65.000000000000	0.00000000000000
29.930000305176	0.017372868955135	-0.33889037370682	65.000000000000	0.00000000000000
29.940000534058	0.016638159751892	-0.33721220493317	65.000000000000	0.00000000000000
29.950000762939	0.015909563750029	-0.33553087711334	65.000000000000	0.00000000000000
29.959999084473	0.015187254175544	-0.33384653925896	65.000000000000	0.00000000000000
29.969999313354	0.014471251517534	-0.33215922117233	65.000000000000	0.00000000000000
29.979999542236	0.013761488720775	-0.33046895265579	65.000000000000	0.00000000000000
29.989999771118	0.013057983480394	-0.32877573370934	65.000000000000	0.00000000000000
30.000000000000	0.012360748834908	-0.32707953453064	65.000000000000	0.00000000000000
30.010000228882	0.011669958941638	-0.32538056373596	65.000000000000	0.00000000000000
30.020000457764	0.010985392145813	-0.32367870211601	65.000000000000	0.00000000000000
30.030000686646	0.010307220742106	-0.32197409868240	65.000000000000	0.00000000000000
30.040000915527	0.0096354549750686	-0.32026663422585	65.000000000000	0.00000000000000
30.049999237061	0.0089700380340219	-0.31855651736259	65.000000000000	0.00000000000000
30.059999465942	0.0083110556006432	-0.31684365868568	65.000000000000	0.00000000000000
30.069999694824	0.0076584490016103	-0.31512814760208	65.000000000000	0.00000000000000
30.079999923706	0.0070123057812452	-0.31341004371643	65.000000000000	0.00000000000000
30.090000152588	0.0063726389780641	-0.31168931722641	65.000000000000	0.00000000000000
30.100000381470	0.0057394620962441	-0.30996602773666	65.000000000000	0.00000000000000
30.110000610352	0.0051127136684954	-0.30824023485184	65.000000000000	0.00000000000000
30.120000839233	0.0044924812391400	-0.30651190876961	65.000000000000	0.00000000000000
30.129999160767	0.0038787033408880	-0.30478116869926	65.000000000000	0.00000000000000
30.139999389648	0.0032716111745685	-0.30304801464081	65.000000000000	0.00000000000000
30.149999618530	0.0026709265075624	-0.30131244659424	65.000000000000	0.00000000000000
30.159999847412	0.0020768067333847	-0.29957455396652	65.000000000000	0.00000000000000
30.170000076294	0.0014893341576681	-0.29783436655998	65.000000000000	0.00000000000000
30.180000305176	0.00090837787138298	-0.29609182476997	65.000000000000	0.00000000000000
30.190000534058	0.00033409101888537	-0.29434713721275	65.000000000000	0.00000000000000
30.200000762939	-0.00023365631932393	-0.29260021448135	65.000000000000	0.00000000000000
30.209999084473	-0.00079478253610432	-0.29085108637810	65.000000000000	0.00000000000000
30.219999313354	-0.0013492769794539	-0.28909990191460	65.000000000000	0.00000000000000
30.229999542236	-0.0018971287645400	-0.28734657168388	65.000000000000	0.00000000000000
30.239999771118	-0.0024383277632296	-0.28559118509293	65.000000000000	0.00000000000000
30.250000000000	-0.0029727960936725	-0.28383380174637	65.000000000000	0.00000000000000
30.260000228882	-0.0035005921963602	-0.28207439184189	65.000000000000	0.00000000000000
30.270000457764	-0.0040217065252364	-0.28031307458878	65.000000000000	0.00000000000000
30.280000686646	-0.0045361286029220	-0.27854984998703	65.000000000000	0.00000000000000
30.290000915527	-0.0050438498146832	-0.27678471803665	65.000000000000	0.00000000000000
30.299999237061	-0.0055448599159718	-0.27501776814461	65.000000000000	0.00000000000000
30.309999465942	-0.0060390862636268	-0.27324903011322	65.000000000000	0.00000000000000
30.319999694824	-0.0065265838056803	-0.27147850394249	65.000000000000	0.00000000000000
30.329999923706	-0.0070073450915515	-0.26970624923706	65.000000000000	0.00000000000000
30.340000152588	-0.0074813622049987	-0.26793232560158	65.000000000000	0.00000000000000
30.350000381470	-0.0079486249014735	-0.26615673303604	65.000000000000	0.00000000000000
30.360000610352	-0.0084089990705252	-0.26437953114510	65.000000000000	0.00000000000000
30.370000839233	-0.0088626071810722	-0.26260074973106	65.000000000000	0.00000000000000
30.379999160767	-0.0093095004558563	-0.26082044839859	65.000000000000	0.00000000000000
30.389999389648	-0.0097495485097170	-0.25903862714767	65.000000000000	0.00000000000000
30.399999618530	-0.010182807222009	-0.25725537538528	65.000000000000	0.00000000000000
30.409999847412	-0.010609205812216	-0.25547066330910	65.000000000000	0.00000000000000
30.420000076294	-0.011028798297048	-0.25368455052376	65.000000000000	0.00000000000000
30.430000305176	-0.011441581882536	-0.25189706683159	65.000000000000	0.00000000000000
30.440000534058	-0.011847487650812	-0.25010833144188	65.000000000000	0.00000000000000
30.450000762939	-0.012246569618583	-0.24831829965115	65.000000000000	0.00000000000000
30.459999084473	-0.012638822197914	-0.24652701616287	65.000000000000	0.00000000000000
30.469999313354	-0.013024121522903	-0.24473451077938	65.000000000000	0.00000000000000
30.479999542236	-0.013402697630227	-0.24294088780880	65.000000000000	0.00000000000000
30.489999771118	-0.013774311169982	-0.24114611744881	65.000000000000	0.00000000000000
30.500000000000	-0.014139014296234	-0.23935025930405	65.000000000000	0.00000000000000
30.510000228882	-0.014496920630336	-0.23755337297916	65.000000000000	0.00000000000000
30.520000457764	-0.014847909100354	-0.23575544357300	65.000000000000	0.00000000000000
30.530000686646	-0.015191973187029	-0.23395654559135	65.000000000000	0.00000000000000
30.540000915527	-0.015529279597104	-0.23215672373772	65.000000000000	0.00000000000000
30.549999237061	-0.015859546139836	-0.23035602271557	65.000000000000	0.00000000000000
30.559999465942	-0.016182934865355	-0.22855444252491	65.000000000000	0.00000000000000
30.569999694824	-0.016499491408467	-0.22675204277039	65.000000000000	0.00000000000000
30.579999923706	-0.016809165477753	-0.22494888305664	65.000000000000	0.00000000000000
30.590000152588	-0.017111839726567	-0.22314493358135	65.000000000000	0.00000000000000
30.600000381470	-0.017407624050975	-0.22134032845497	65.000000000000	0.00000000000000
30.610000610352	-0.017696561291814	-0.21953502297401	65.000000000000	0.00000000000000
30.620000839233	-0.017978494986892	-0.21772909164429	65.000000000000	0.00000000000000
30.629999160767	-0.018253579735756	-0.21592259407043	65.000000000000	0.00000000000000
30.639999389648	-0.018521759659052	-0.21411553025246	65.000000000000	0.00000000000000
30.649999618530	-0.018783029168844	-0.21230792999268	65.000000000000	0.00000000000000
30.659999847412	-0.019037341699004	-0.21049986779690	65.000000000000	0.00000000000000
30.670000076294	-0.019284635782242	-0.20869138836861	65.000000000000	0.00000000000000
30.680000305176	-0.019525170326233	-0.20688246190548	65.000000000000	0.00000000000000
30.690000534058	-0.019758690148592	-0.20507320761681	65.000000000000	0.00000000000000
30.700000762939	-0.019985392689705	-0.20326364040375	65.000000000000	0.00000000000000
30.709999084473	-0.020205173641443	-0.20145374536514	65.000000000000	0.00000000000000
30.719999313354	-0.020418034866452	-0.19964361190796	65.000000000000	0.00000000000000
30.729999542236	-0.020623972639441	-0.19783329963684	65.000000000000	0.00000000000000
30.739999771118	-0.020822893828154	-0.19602280855179	65.000000000000	0.00000000000000
30.750000000000	-0.021014986559749	-0.19421216845512	65.000000000000	0.00000000000000
30.760000228882	-0.021200153976679	-0.19240143895149	65.000000000000	0.00000000000000
30.770000457764	-0.021378489211202	-0.19059063494205	65.000000000000	0.00000000000000
30.780000686646	-0.021549897268414	-0.18877981603146	65.000000000000	0.00000000000000
30.790000915527	-0.021714378148317	-0.18696902692318	65.000000000000	0.00000000000000
30.799999237061	-0.021872021257877	-0.18515828251839	65.000000000000	0.00000000000000
30.809999465942	-0.022022739052773	-0.18334764242172	65.000000000000	0.00000000000000
30.819999694824	-0.022166440263391	-0.18153712153435	65.000000000000	0.00000000000000
30.829999923706	-0.022303389385343	-0.17972677946091	65.000000000000	0.00000000000000
30.840000152588	-0.022433498874307	-0.17791664600372	65.000000000000	0.00000000000000
30.850000381470	-0.022556597366929	-0.17610675096512	65.000000000000	0.00000000000000
30.860000610352	-0.022672852501273	-0.17429713904858	65.000000000000	0.00000000000000
30.870000839233	-0.022782349959016	-0.17248785495758	65.000000000000	0.00000000000000
30.879999160767	-0.022884920239449	-0.17067889869213	65.000000000000	0.00000000000000
30.889999389648	-0.022980568930507	-0.16887037456036	65.000000000000	0.00000000000000
30.899999618530	-0.023069456219673	-0.16706225275993	65.000000000000	0.00000000000000
30.909999847412	-0.023151498287916	-0.16525460779667	65.000000000000	0.00000000000000
30.920000076294	-0.023226696997881	-0.16344746947289	65.000000000000	0.00000000000000
30.930000305176	-0.023295050486922	-0.16164088249207	65.000000000000	0.00000000000000
30.940000534058	-0.023356562480330	-0.15983487665653	65.000000000000	0.00000000000000
30.950000762939	-0.023411232978106	-0.15802948176861	65.000000000000	0.00000000000000
30.959999084473	-0.023459209129214	-0.15622474253178	65.000000000000	0.00000000000000
30.969999313354	-0.023500269278884	-0.15442068874836	65.000000000000	0.00000000000000
30.979999542236	-0.023534635081887	-0.15261738002300	65.000000000000	0.00000000000000
30.989999771118	-0.023562155663967	-0.15081481635571	65.000000000000	0.00000000000000
31.000000000000	-0.023582834750414	-0.14901305735111	65.000000000000	0.00000000000000
31.010000228882	-0.023596884682775	-0.14721214771271	65.000000000000	0.00000000000000
31.020000457764	-0.023604091256857	-0.14541210234165	65.000000000000	0.00000000000000
31.030000686646	-0.023604592308402	-0.14361296594143	65.000000000000	0.00000000000000
31.040000915527	-0.023598322644830	-0.14181478321552	65.000000000000	0.00000000000000
31.049999237061	-0.023585341870785	-0.14001758396626	65.000000000000	0.00000000000000
31.059999465942	-0.023565651848912	-0.13822139799595	65.000000000000	0.00000000000000
31.069999694824	-0.023539185523987	-0.13642627000809	65.000000000000	0.00000000000000
31.079999923706	-0.023506071418524	-0.13463224470615	65.000000000000	0.00000000000000
31.090000152588	-0.023466236889362	-0.13283933699131	65.000000000000	0.00000000000000
31.100000381470	-0.023419752717018	-0.13104760646820	65.000000000000	0.00000000000000
31.110000610352	-0.023366544395685	-0.12925705313683	65.000000000000	0.00000000000000
31.120000839233	-0.023306798189878	-0.12746772170067	65.000000000000	0.00000000000000
31.129999160767	-0.023240325972438	-0.12567970156670	65.000000000000	0.00000000000000
31.139999389648	-0.023167239502072	-0.12389295548201	65.000000000000	0.00000000000000
31.149999618530	-0.023087540641427	-0.12210755795240	65.000000000000	0.00000000000000
31.159999847412	-0.023001274093986	-0.12032352387905	65.000000000000	0.00000000000000
31.170000076294	-0.022908380255103	-0.11854091286659	65.000000000000	0.00000000000000
31.180000305176	-0.022808851674199	-0.11675974726677	65.000000000000	0.00000000000000
31.190000534058	-0.022702794522047	-0.11498005688190	65.000000000000	0.00000000000000
31.200000762939	-0.022590201348066	-0.11320187151432	65.000000000000	0.00000000000000
31.209999084473	-0.022471057251096	-0.11142525821924	65.000000000000	0.00000000000000
31.219999313354	-0.022345356643200	-0.10965020954609	65.000000000000	0.00000000000000
31.229999542236	-0.022213192656636	-0.10787677764893	65.000000000000	0.00000000000000
31.239999771118	-0.022074501961470	-0.10610499978065	65.000000000000	0.00000000000000
31.250000000000	-0.021929319947958	-0.10433491319418	65.000000000000	0.00000000000000
31.260000228882	-0.021777683869004	-0.10256653279066	65.000000000000	0.00000000000000
31.270000457764	-0.021619629114866	-0.10079991072416	65.000000000000	0.00000000000000
31.280000686646	-0.021455038338900	-0.099035091698170	65.000000000000	0.00000000000000
31.290000915527	-0.021284133195877	-0.097272053360939	65.000000000000	0.00000000000000
31.299999237061	-0.021106798201799	-0.095510885119438	65.000000000000	0.00000000000000
31.309999465942	-0.020923057571054	-0.093751616775990	65.000000000000	0.00000000000000
31.319999694824	-0.020732888951898	-0.091994248330593	65.000000000000	0.00000000000000
31.329999923706	-0.020536398515105	-0.090238846838474	65.000000000000	0.00000000000000
31.340000152588	-0.020333603024483	-0.088485412299633	65.000000000000	0.00000000000000
31.350000381470	-0.020124468952417	-0.086733996868134	65.000000000000	0.00000000000000
31.360000610352	-0.019909005612135	-0.084984637796879	65.000000000000	0.00000000000000
31.370000839233	-0.019687259569764	-0.083237357437611	65.000000000000	0.00000000000000
31.379999160767	-0.019459193572402	-0.081492193043232	65.000000000000	0.00000000000000
31.389999389648	-0.019224924966693	-0.079749181866646	65.000000000000	0.00000000000000
31.399999618530	-0.018984436988831	-0.078008323907852	65.000000000000	0.00000000000000
31.409999847412	-0.018737725913525	-0.076269678771496	65.000000000000	0.00000000000000
31.420000076294	-0.018484786152840	-0.074533283710480	65.000000000000	0.00000000000000
31.430000305176	-0.018225669860840	-0.072799153625965	65.000000000000	0.00000000000000
31.440000534058	-0.017960382625461	-0.071067325770855	65.000000000000	0.00000000000000
31.450000762939	-0.017688959836960	-0.069337829947472	65.000000000000	0.00000000000000
31.459999084473	-0.017411423847079	-0.067610695958138	65.000000000000	0.00000000000000
31.469999313354	-0.017127772793174	-0.065885953605175	65.000000000000	0.00000000000000
31.479999542236	-0.016838025301695	-0.064163632690907	65.000000000000	0.00000000000000
31.489999771118	-0.016542213037610	-0.062443774193525	65.000000000000	0.00000000000000
31.500000000000	-0.016240358352661	-0.060726396739483	65.000000000000	0.00000000000000
31.510000228882	-0.015932478010654	-0.059011541306973	65.000000000000	0.00000000000000
31.520000457764	-0.015618595294654	-0.057299219071865	65.000000000000	0.00000000000000
31.530000686646	-0.015298709273338	-0.055589474737644	65.000000000000	0.00000000000000
31.540000915527	-0.014972875826061	-0.053882330656052	65.000000000000	0.00000000000000
31.549999237061	-0.014641090296209	-0.052177820354700	65.000000000000	0.00000000000000
31.559999465942	-0.014303376898170	-0.050475962460041	65.000000000000	0.00000000000000
31.569999694824	-0.013959767296910	-0.048776805400848	65.000000000000	0.00000000000000
31.579999923706	-0.013610283844173	-0.047080360352993	65.000000000000	0.00000000000000
31.590000152588	-0.013254926539958	-0.045386657118797	65.000000000000	0.00000000000000
31.600000381470	-0.012893742881715	-0.043695732951164	65.000000000000	0.00000000000000
31.610000610352	-0.012526743113995	-0.042007610201836	65.000000000000	0.00000000000000
31.620000839233	-0.012153940275311	-0.040322314947844	65.000000000000	0.00000000000000
31.629999160767	-0.011775381863117	-0.038639876991510	65.000000000000	0.00000000000000
31.639999389648	-0.011391066946089	-0.036960326135159	65.000000000000	0.00000000000000
31.649999618530	-0.011001023463905	-0.035283688455820	65.000000000000	0.00000000000000
31.659999847412	-0.010605292394757	-0.033609982579947	65.000000000000	0.00000000000000
31.670000076294	-0.010203864425421	-0.031939249485731	65.000000000000	0.00000000000000
31.680000305176	-0.0097967879846692	-0.030271505936980	65.000000000000	0.00000000000000
31.690000534058	-0.0093840770423412	-0.028606776148081	65.000000000000	0.00000000000000
31.700000762939	-0.0089657530188560	-0.026945095509291	65.000000000000	0.00000000000000
31.709999084473	-0.0085418438538909	-0.025286486372352	65.000000000000	0.00000000000000
31.719999313354	-0.0081123737618327	-0.023630971089005	65.000000000000	0.00000000000000
31.729999542236	-0.0076773650944233	-0.021978579461575	65.000000000000	0.00000000000000
31.739999771118	-0.0072368364781141	-0.020329333841801	65.000000000000	0.00000000000000
31.750000000000	-0.0067908251658082	-0.018683260306716	65.000000000000	0.00000000000000
31.760000228882	-0.0063393493182957	-0.017040384933352	65.000000000000	0.00000000000000
31.770000457764	-0.0058824275620282	-0.015400731004775	65.000000000000	0.00000000000000
31.780000686646	-0.0054200887680054	-0.013764321804047	65.000000000000	0.00000000000000
31.790000915527	-0.0049523566849530	-0.012131184339523	65.000000000000	0.00000000000000
31.799999237061	-0.0044792592525482	-0.010501340962946	65.000000000000	0.00000000000000
31.809999465942	-0.0040008220821619	-0.0088748149573803	65.000000000000	0.00000000000000
31.819999694824	-0.0035170656628907	-0.0072516319341958	65.000000000000	0.00000000000000
31.829999923706	-0.0030280186329037	-0.0056318128481507	65.000000000000	0.00000000000000
31.840000152588	-0.0025337066035718	-0.0040153828449547	65.000000000000	0.00000000000000
31.850000381470	-0.0020341523922980	-0.0024023645091802	65.000000000000	0.00000000000000
31.860000610352	-0.0015293842880055	-0.00079278001794592	65.000000000000	0.00000000000000
31.870000839233	-0.0010194270871580	0.00081334827700630	65.000000000000	0.00000000000000
31.879999160767	-0.00050430692499503	0.0024159979075193	65.000000000000	0.00000000000000
31.889999389648	1.5951080058585e-05	0.0040151467546821	65.000000000000	0.00000000000000
31.899999618530	0.00054131780052558	0.0056107733398676	65.000000000000	0.00000000000000
31.909999847412	0.0010717678815126	0.0072028557769954	65.000000000000	0.00000000000000
31.920000076294	0.0016072813887149	0.0087913721799850	65.000000000000	0.00000000000000
31.930000305176	0.0021478252019733	0.010376301594079	65.000000000000	0.00000000000000
31.940000534058	0.0026933671906590	0.011957625858486	65.000000000000	0.00000000000000
31.950000762939	0.0032438947819173	0.013535319827497	65.000000000000	0.00000000000000
31.959999084473	0.0037993711885065	0.015109364874661	65.000000000000	0.00000000000000
31.969999313354	0.0043597761541605	0.016679739579558	65.000000000000	0.00000000000000
31.979999542236	0.0049250666052103	0.018246432766318	65.000000000000	0.00000000000000
31.989999771118	0.0054952292703092	0.019809413701296	65.000000000000	0.00000000000000
32.000000000000	0.0060702408663929	0.021368663758039	65.000000000000	0.00000000000000
32.009998321533	0.0066500655375421	0.022924168035388	65.000000000000	0.00000000000000
32.020000457764	0.0072346827946603	0.024475906044245	65.000000000000	0.00000000000000
32.029998779297	0.0078240558505058	0.026023859158158	65.000000000000	0.00000000000000
32.040000915527	0.0084181642159820	0.027568008750677	65.000000000000	0.00000000000000
32.049999237061	0.0090169748291373	0.029108338057995	65.000000000000	0.00000000000000
32.060001373291	0.0096204690635204	0.030644826591015	65.000000000000	0.00000000000000
32.069999694824	0.010228613391519	0.032177451997995	65.000000000000	0.00000000000000
32.080001831055	0.010841377079487	0.033706210553646	65.000000000000	0.00000000000000
32.090000152588	0.011458730325103	0.035231068730354	65.000000000000	0.00000000000000
32.099998474121	0.012080655433238	0.036752022802830	65.000000000000	0.00000000000000
32.110000610352	0.012707117013633	0.038269046694040	65.000000000000	0.00000000000000
32.119998931885	0.013338095508516	0.039782121777534	65.000000000000	0.00000000000000
32.130001068115	0.013973540626466	0.041291248053312	65.000000000000	0.00000000000000
32.139999389648	0.014613448642194	0.042796388268471	65.000000000000	0.00000000000000
32.150001525879	0.015257777646184	0.044297542423010	65.000000000000	0.00000000000000
32.159999847412	0.015906514599919	0.045794680714607	65.000000000000	0.00000000000000
32.169998168945	0.016559615731239	0.047287803143263	65.000000000000	0.00000000000000
32.180000305176	0.017217047512531	0.048776883631945	65.000000000000	0.00000000000000
32.189998626709	0.017878802493215	0.050261907279491	65.000000000000	0.00000000000000
32.200000762939	0.018544830381870	0.051742870360613	65.000000000000	0.00000000000000
32.209999084473	0.019215103238821	0.053219743072987	65.000000000000	0.00000000000000
32.220001220703	0.019889621064067	0.054692521691322	65.000000000000	0.00000000000000
32.229999542236	0.020568320527673	0.056161187589169	65.000000000000	0.00000000000000
32.240001678467	0.021251188591123	0.057625729590654	65.000000000000	0.00000000000000
32.250000000000	0.021938206627965	0.059086129069328	65.000000000000	0.00000000000000
32.259998321533	0.022629324346781	0.060542382299900	65.000000000000	0.00000000000000
32.270000457764	0.023324536159635	0.061994463205338	65.000000000000	0.00000000000000
32.279998779297	0.024023797363043	0.063442371785641	65.000000000000	0.00000000000000
32.290000915527	0.024727070704103	0.064886085689068	65.000000000000	0.00000000000000
32.299999237061	0.025434343144298	0.066325597465038	65.000000000000	0.00000000000000
32.310001373291	0.026145592331886	0.067760892212391	65.000000000000	0.00000000000000
32.319999694824	0.026860764250159	0.069191969931126	65.000000000000	0.00000000000000
32.330001831055	0.027579845860600	0.070618793368340	65.000000000000	0.00000000000000
32.340000152588	0.028302798047662	0.072041377425194	65.000000000000	0.00000000000000
32.349998474121	0.029029605910182	0.073459692299366	65.000000000000	0.00000000000000
32.360000610352	0.029760254547000	0.074873745441437	65.000000000000	0.00000000000000
32.369998931885	0.030494654551148	0.076283514499664	65.000000000000	0.00000000000000
32.380001068115	0.031232854351401	0.077688969671726	65.000000000000	0.00000000000000
32.389999389648	0.031974751502275	0.079090148210526	65.000000000000	0.00000000000000
32.400001525879	0.032720405608416	0.080486990511417	65.000000000000	0.00000000000000
32.409999847412	0.033469688147306	0.081879518926144	65.000000000000	0.00000000000000
32.419998168945	0.034222640097141	0.083267718553543	65.000000000000	0.00000000000000
32.430000305176	0.034979194402695	0.084651574492455	65.000000000000	0.00000000000000
32.439998626709	0.035739343613386	0.086031071841717	65.000000000000	0.00000000000000
32.450000762939	0.036503043025732	0.087406210601330	65.000000000000	0.00000000000000
32.459999084473	0.037270296365023	0.088776990771294	65.000000000000	0.00000000000000
32.470001220703	0.038041021674871	0.090143375098705	65.000000000000	0.00000000000000
32.479999542236	0.038815241307020	0.091505385935307	65.000000000000	0.00000000000000
32.490001678467	0.039592903107405	0.092863000929356	65.000000000000	0.00000000000000
32.500000000000	0.040373947471380	0.094216212630272	65.000000000000	0.00000000000000
32.509998321533	0.041158411651850	0.095565021038055	65.000000000000	0.00000000000000
32.520000457764	0.041946217417717	0.096909403800964	65.000000000000	0.00000000000000
32.529998779297	0.042737338691950	0.098249368369579	65.000000000000	0.00000000000000
32.540000915527	0.043531790375710	0.099584907293320	65.000000000000	0.00000000000000
32.549999237061	0.044329501688480	0.10091599822044	65.000000000000	0.00000000000000
32.560001373291	0.045130427926779	0.10224266350269	65.000000000000	0.00000000000000
32.569999694824	0.045934583991766	0.10356486588717	65.000000000000	0.00000000000000
32.580001831055	0.046741906553507	0.10488262027502	65.000000000000	0.00000000000000
32.590000152588	0.047552417963743	0.10619591176510	65.000000000000	0.00000000000000
32.599998474121	0.048366054892540	0.10750473290682	65.000000000000	0.00000000000000
32.610000610352	0.049182768911123	0.10880909115076	65.000000000000	0.00000000000000
32.619998931885	0.050002541393042	0.11010897159576	65.000000000000	0.00000000000000
32.630001068115	0.050825353711843	0.11140436679125	65.000000000000	0.00000000000000
32.639999389648	0.051651220768690	0.11269527673721	65.000000000000	0.00000000000000
32.650001525879	0.052480045706034	0.11398169398308	65.000000000000	0.00000000000000
32.659999847412	0.053311813622713	0.11526363343000	65.000000000000	0.00000000000000
32.669998168945	0.054146509617567	0.11654105037451	65.000000000000	0.00000000000000
32.680000305176	0.054984122514725	0.11781398952007	65.000000000000	0.00000000000000
32.689998626709	0.055824592709541	0.11908242106438	65.000000000000	0.00000000000000
32.700000762939	0.056667916476727	0.12034632265568	65.000000000000	0.00000000000000
32.709999084473	0.057514056563377	0.12160573154688	65.000000000000	0.00000000000000
32.720001220703	0.058362983167171	0.12286063283682	65.000000000000	0.00000000000000
32.729999542236	0.059214655309916	0.12411098927259	65.000000000000	0.00000000000000
32.740001678467	0.060069080442190	0.12535683810711	65.000000000000	0.00000000000000
32.750000000000	0.060926180332899	0.12659817934036	65.000000000000	0.00000000000000
32.759998321533	0.061785992234945	0.12783499062061	65.000000000000	0.00000000000000
32.770000457764	0.062648437917233	0.12906727194786	65.000000000000	0.00000000000000
32.779998779297	0.063513480126858	0.13029502332211	65.000000000000	0.00000000000000
32.790000915527	0.064381122589111	0.13151824474335	65.000000000000	0.00000000000000
32.799999237061	0.065251357853413	0.13273695111275	65.000000000000	0.00000000000000
32.810001373291	0.066124118864536	0.13395109772682	65.000000000000	0.00000000000000
32.819999694824	0.066999368369579	0.13516072928905	65.000000000000	0.00000000000000
32.830001831055	0.067877151072025	0.13636584579945	65.000000000000	0.00000000000000
32.840000152588	0.068757355213165	0.13756640255451	65.000000000000	0.00000000000000
32.849998474121	0.069640018045902	0.13876242935658	65.000000000000	0.00000000000000
32.860000610352	0.070525035262108	0.13995392620564	65.000000000000	0.00000000000000
32.869998931885	0.071412451565266	0.14114089310169	65.000000000000	0.00000000000000
32.880001068115	0.072302222251892	0.14232331514359	65.000000000000	0.00000000000000
32.889999389648	0.073194317519665	0.14350122213364	65.000000000000	0.00000000000000
32.900001525879	0.074088715016842	0.14467459917068	65.000000000000	0.00000000000000
32.909999847412	0.074985407292843	0.14584341645241	65.000000000000	0.00000000000000
32.919998168945	0.075884334743023	0.14700773358345	65.000000000000	0.00000000000000
32.930000305176	0.076785422861576	0.14816749095917	65.000000000000	0.00000000000000
32.939998626709	0.077688761055470	0.14932274818420	65.000000000000	0.00000000000000
32.950000762939	0.078594274818897	0.15047344565392	65.000000000000	0.00000000000000
32.959999084473	0.079501889646053	0.15161964297295	65.000000000000	0.00000000000000
32.970001220703	0.080411627888680	0.15276134014130	65.000000000000	0.00000000000000
32.979999542236	0.081323482096195	0.15389847755432	65.000000000000	0.00000000000000
32.990001678467	0.082237400114536	0.15503109991550	65.000000000000	0.00000000000000
33.000000000000	0.083153337240219	0.15615922212601	65.000000000000	0.00000000000000
33.009998321533	0.084071278572083	0.15728281438351	65.000000000000	0.00000000000000
33.020000457764	0.084991253912449	0.15840190649033	65.000000000000	0.00000000000000
33.029998779297	0.085913136601448	0.15951648354530	65.000000000000	0.00000000000000
33.040000915527	0.086837008595467	0.16062656044960	65.000000000000	0.00000000000000
33.049999237061	0.087762802839279	0.16173213720322	65.000000000000	0.00000000000000
33.060001373291	0.088690437376499	0.16283321380615	65.000000000000	0.00000000000000
33.069999694824	0.089619949460030	0.16392977535725	65.000000000000	0.00000000000000
33.080001831055	0.090551294386387	0.16502185165882	65.000000000000	0.00000000000000
33.090000152588	0.091484479606152	0.16610945761204	65.000000000000	0.00000000000000
33.099998474121	0.092419445514679	0.16719257831573	65.000000000000	0.00000000000000
33.110000610352	0.093356177210808	0.16827119886875	65.000000000000	0.00000000000000
33.119998931885	0.094294667243958	0.16934534907341	65.000000000000	0.00000000000000
33.130001068115	0.095234863460064	0.17041504383087	65.000000000000	0.00000000000000
33.139999389648	0.096176765859127	0.17148025333881	65.000000000000	0.00000000000000
33.150001525879	0.097120366990566	0.17254100739956	65.000000000000	0.00000000000000
33.159999847412	0.098065577447414	0.17359729111195	65.000000000000	0.00000000000000
33.169998168945	0.099012389779091	0.17464913427830	65.000000000000	0.00000000000000
33.180000305176	0.099960848689079	0.17569652199745	65.000000000000	0.00000000000000
33.189998626709	0.10091089457273	0.17673948407173	65.000000000000	0.00000000000000
33.200000762939	0.10186246037483	0.17777799069881	65.000000000000	0.00000000000000
33.209999084473	0.10281562805176	0.17881205677986	65.000000000000	0.00000000000000
33.220001220703	0.10377028584480	0.17984171211720	65.000000000000	0.00000000000000
33.229999542236	0.10472637414932	0.18086694180965	65.000000000000	0.00000000000000
33.240001678467	0.10568395256996	0.18188776075840	65.000000000000	0.00000000000000
33.250000000000	0.10664302110672	0.18290415406227	65.000000000000	0.00000000000000
33.259998321533	0.10760349780321	0.18391616642475	65.000000000000	0.00000000000000
33.270000457764	0.10856539011002	0.18492373824120	65.000000000000	0.00000000000000
33.279998779297	0.10952860862017	0.18592695891857	65.000000000000	0.00000000000000
33.290000915527	0.11049321293831	0.18692578375340	65.000000000000	0.00000000000000
33.299999237061	0.11145915836096	0.18792021274567	65.000000000000	0.00000000000000
33.310001373291	0.11242645978928	0.18891029059887	65.000000000000	0.00000000000000
33.319999694824	0.11339500546455	0.18989598751068	65.000000000000	0.00000000000000
33.330001831055	0.11436484754086	0.19087733328342	65.000000000000	0.00000000000000
33.340000152588	0.11533586680889	0.19185432791710	65.000000000000	0.00000000000000
33.349998474121	0.11630821228027	0.19282695651054	65.000000000000	0.00000000000000
33.360000610352	0.11728173494339	0.19379527866840	65.000000000000	0.00000000000000
33.369998931885	0.11825644224882	0.19475923478603	65.000000000000	0.00000000000000
33.380001068115	0.11923237890005	0.19571888446808	65.000000000000	0.00000000000000
33.389999389648	0.12020936608315	0.19667421281338	65.000000000000	0.00000000000000
33.400001525879	0.12118759006262	0.19762523472309	65.000000000000	0.00000000000000
33.409999847412	0.12216681241989	0.19857196509838	65.000000000000	0.00000000000000
33.419998168945	0.12314721196890	0.19951435923576	65.000000000000	0.00000000000000
33.430000305176	0.12412867695093	0.20045250654221	65.000000000000	0.00000000000000
33.439998626709	0.12511119246483	0.20138633251190	65.000000000000	0.00000000000000
33.450000762939	0.12609471380711	0.20231591165066	65.000000000000	0.00000000000000
33.459999084473	0.12707923352718	0.20324122905731	65.000000000000	0.00000000000000
33.470001220703	0.12806473672390	0.20416229963303	65.000000000000	0.00000000000000
33.479999542236	0.12905129790306	0.20507909357548	65.000000000000	0.00000000000000
33.490001678467	0.13003872334957	0.20599167048931	65.000000000000	0.00000000000000
33.500000000000	0.13102719187737	0.20689998567104	65.000000000000	0.00000000000000
33.509998321533	0.13201647996902	0.20780408382416	65.000000000000	0.00000000000000
33.520000457764	0.13300669193268	0.20870397984982	65.000000000000	0.00000000000000
33.529998779297	0.13399781286716	0.20959964394569	65.000000000000	0.00000000000000
33.540000915527	0.13498982787132	0.21049112081528	65.000000000000	0.00000000000000
33.549999237061	0.13598263263702	0.21137841045856	65.000000000000	0.00000000000000
33.560001373291	0.13697627186775	0.21226149797440	65.000000000000	0.00000000000000
33.569999694824	0.13797074556351	0.21314041316509	65.000000000000	0.00000000000000
33.580001831055	0.13896603882313	0.21401518583298	65.000000000000	0.00000000000000
33.590000152588	0.13996204733849	0.21488577127457	65.000000000000	0.00000000000000
33.599998474121	0.14095887541771	0.21575222909451	65.000000000000	0.00000000000000
33.610000610352	0.14195638895035	0.21661451458931	65.000000000000	0.00000000000000
33.619998931885	0.14295467734337	0.21747270226479	65.000000000000	0.00000000000000
33.630001068115	0.14395365118980	0.21832673251629	65.000000000000	0.00000000000000
33.639999389648	0.14495334029198	0.21917666494846	65.000000000000	0.00000000000000
33.650001525879	0.14595368504524	0.22002246975899	65.000000000000	0.00000000000000
33.659999847412	0.14695471525192	0.22086419165134	65.000000000000	0.00000000000000
33.669998168945	0.14795635640621	0.22170181572437	65.000000000000	0.00000000000000
33.680000305176	0.14895862340927	0.22253540158272	65.000000000000	0.00000000000000
33.689998626709	0.14996157586575	0.22336485981941	65.000000000000	0.00000000000000
33.700000762939	0.15096506476402	0.22419029474258	65.000000000000	0.00000000000000
33.709999084473	0.15196910500526	0.22501164674759	65.000000000000	0.00000000000000
33.720001220703	0.15297372639179	0.22582894563675	65.000000000000	0.00000000000000
33.729999542236	0.15397894382477	0.22664222121239	65.000000000000	0.00000000000000
33.740001678467	0.15498468279839	0.22745145857334	65.000000000000	0.00000000000000
33.750000000000	0.15599094331264	0.22825667262077	65.000000000000	0.00000000000000
33.759998321533	0.15699766576290	0.22905789315701	65.000000000000	0.00000000000000
33.770000457764	0.15800492465496	0.22985510528088	65.000000000000	0.00000000000000
33.779998779297	0.15901267528534	0.23064830899239	65.000000000000	0.00000000000000
33.790000915527	0.16002082824707	0.23143753409386	65.000000000000	0.00000000000000
33.799999237061	0.16102944314480	0.23222281038761	65.000000000000	0.00000000000000
33.810001373291	0.16203850507736	0.23300410807133	65.000000000000	0.00000000000000
33.819999694824	0.16304799914360	0.23378145694733	65.000000000000	0.00000000000000
33.830001831055	0.16405788064003	0.23455482721329	65.000000000000	0.00000000000000
33.840000152588	0.16506816446781	0.23532427847385	65.000000000000	0.00000000000000
33.849998474121	0.16607877612114	0.23608979582787	65.000000000000	0.00000000000000
33.860000610352	0.16708979010582	0.23685139417648	65.000000000000	0.00000000000000
33.869998931885	0.16810114681721	0.23760904371738	65.000000000000	0.00000000000000
33.880001068115	0.16911284625530	0.23836284875870	65.000000000000	0.00000000000000
33.889999389648	0.17012482881546	0.23911271989346	65.000000000000	0.00000000000000
33.900001525879	0.17113719880581	0.23985873162746	65.000000000000	0.00000000000000
33.909999847412	0.17214982211590	0.24060083925724	65.000000000000	0.00000000000000
33.919998168945	0.17316266894341	0.24133908748627	65.000000000000	0.00000000000000
33.930000305176	0.17417585849762	0.24207346141338	65.000000000000	0.00000000000000
33.939998626709	0.17518924176693	0.24280397593975	65.000000000000	0.00000000000000
33.950000762939	0.17620296776295	0.24353069067001	65.000000000000	0.00000000000000
33.959999084473	0.17721681296825	0.24425354599953	65.000000000000	0.00000000000000
33.970001220703	0.17823097109795	0.24497257173061	65.000000000000	0.00000000000000
33.979999542236	0.17924524843693	0.24568778276443	65.000000000000	0.00000000000000
33.990001678467	0.18025980889797	0.24639917910099	65.000000000000	0.00000000000000
34.000000000000	0.18127450346947	0.24710679054260	65.000000000000	0.00000000000000
34.009998321533	0.18228933215141	0.24781061708927	65.000000000000	0.00000000000000
34.020000457764	0.18330436944962	0.24851062893867	65.000000000000	0.00000000000000
34.029998779297	0.18431951105595	0.24920688569546	65.000000000000	0.00000000000000
34.040000915527	0.18533483147621	0.24989938735962	65.000000000000	0.00000000000000
34.049999237061	0.18635019659996	0.25058814883232	65.000000000000	0.00000000000000
34.060001373291	0.18736571073532	0.25127312541008	65.000000000000	0.00000000000000
34.069999694824	0.18838134407997	0.25195437669754	65.000000000000	0.00000000000000
34.080001831055	0.18939709663391	0.25263190269470	65.000000000000	0.00000000000000
34.090000152588	0.19041286408901	0.25330567359924	65.000000000000	0.00000000000000
34.099998474121	0.19142866134644	0.25397577881813	65.000000000000	0.00000000000000
34.110000610352	0.19244456291199	0.25464215874672	65.000000000000	0.00000000000000
34.119998931885	0.19346056878567	0.25530481338501	65.000000000000	0.00000000000000
34.130001068115	0.19447650015354	0.25596380233765	65.000000000000	0.00000000000000
34.139999389648	0.19549244642258	0.25661909580231	65.000000000000	0.00000000000000
34.150001525879	0.19650843739510	0.25727072358131	65.000000000000	0.00000000000000
34.159999847412	0.19752439856529	0.25791868567467	65.000000000000	0.00000000000000
34.169998168945	0.19854041934013	0.25856298208237	65.000000000000	0.00000000000000
34.180000305176	0.19955635070801	0.25920364260674	65.000000000000	0.00000000000000
34.189998626709	0.20057228207588	0.25984060764313	65.000000000000	0.00000000000000
34.200000762939	0.20158813893795	0.26047399640083	65.000000000000	0.00000000000000
34.209999084473	0.20260390639305	0.26110374927521	65.000000000000	0.00000000000000
34.220001220703	0.20361964404583	0.26172989606857	65.000000000000	0.00000000000000
34.229999542236	0.20463523268700	0.26235246658325	65.000000000000	0.00000000000000
34.240001678467	0.20565089583397	0.26297128200531	65.000000000000	0.00000000000000
34.250000000000	0.20666636526585	0.26358661055565	65.000000000000	0.00000000000000
34.259998321533	0.20768171548843	0.26419833302498	65.000000000000	0.00000000000000
34.270000457764	0.20869696140289	0.26480644941330	65.000000000000	0.00000000000000
34.279998779297	0.20971208810806	0.26541098952293	65.000000000000	0.00000000000000
34.290000915527	0.21072696149349	0.26601207256317	65.000000000000	0.00000000000000
34.299999237061	0.21174181997776	0.26660951972008	65.000000000000	0.00000000000000
34.310001373291	0.21275638043880	0.26720345020294	65.000000000000	0.00000000000000
34.319999694824	0.21377076208591	0.26779386401176	65.000000000000	0.00000000000000
34.330001831055	0.21478509902954	0.26838064193726	65.000000000000	0.00000000000000
34.340000152588	0.21579922735691	0.26896387338638	65.000000000000	0.00000000000000
34.349998474121	0.21681302785873	0.26954373717308	65.000000000000	0.00000000000000
34.360000610352	0.21782675385475	0.27011996507645	65.000000000000	0.00000000000000
34.369998931885	0.21884019672871	0.27069267630577	65.000000000000	0.00000000000000
34.380001068115	0.21985344588757	0.27126193046570	65.000000000000	0.00000000000000
34.389999389648	0.22086638212204	0.27182769775391	65.000000000000	0.00000000000000
34.400001525879	0.22187907993793	0.27238997817039	65.000000000000	0.00000000000000
34.409999847412	0.22289149463177	0.27294883131981	65.000000000000	0.00000000000000
34.419998168945	0.22390371561050	0.27350407838821	65.000000000000	0.00000000000000
34.430000305176	0.22491563856602	0.27405589818954	65.000000000000	0.00000000000000
34.439998626709	0.22592709958553	0.27460438013077	65.000000000000	0.00000000000000
34.450000762939	0.22693839669228	0.27514934539795	65.000000000000	0.00000000000000
34.459999084473	0.22794945538044	0.27569076418877	65.000000000000	0.00000000000000
34.470001220703	0.22896002233028	0.27622890472412	65.000000000000	0.00000000000000
34.479999542236	0.22997033596039	0.27676352858543	65.000000000000	0.00000000000000
34.490001678467	0.23098041117191	0.27729466557503	65.000000000000	0.00000000000000
34.500000000000	0.23198983073235	0.27782261371613	65.000000000000	0.00000000000000
34.509998321533	0.23299923539162	0.27834683656693	65.000000000000	0.00000000000000
34.520000457764	0.23400810360909	0.27886784076691	65.000000000000	0.00000000000000
34.529998779297	0.23501662909985	0.27938535809517	65.000000000000	0.00000000000000
34.540000915527	0.23602461814880	0.27989965677261	65.000000000000	0.00000000000000
34.549999237061	0.23703241348267	0.28041034936905	65.000000000000	0.00000000000000
34.560001373291	0.23803959786892	0.28091785311699	65.000000000000	0.00000000000000
34.569999694824	0.23904643952847	0.28142195940018	65.000000000000	0.00000000000000
34.580001831055	0.24005293846130	0.28192254900932	65.000000000000	0.00000000000000
34.590000152588	0.24105891585350	0.28241989016533	65.000000000000	0.00000000000000
34.599998474121	0.24206435680389	0.28291389346123	65.000000000000	0.00000000000000
34.610000610352	0.24306938052177	0.28340449929237	65.000000000000	0.00000000000000
34.619998931885	0.24407397210598	0.28389179706573	65.000000000000	0.00000000000000
34.630001068115	0.24507808685303	0.28437575697899	65.000000000000	0.00000000000000
34.639999389648	0.24608165025711	0.28485637903214	65.000000000000	0.00000000000000
34.650001525879	0.24708476662636	0.28533372282982	65.000000000000	0.00000000000000
34.659999847412	0.24808737635612	0.28580769896507	65.000000000000	0.00000000000000
34.669998168945	0.24908936023712	0.28627836704254	65.000000000000	0.00000000000000
34.680000305176	0.25009083747864	0.28674575686455	65.000000000000	0.00000000000000
34.689998626709	0.25109180808067	0.28720983862877	65.000000000000	0.00000000000000
34.700000762939	0.25209224224091	0.28767064213753	65.000000000000	0.00000000000000
34.709999084473	0.25309211015701	0.28812810778618	65.000000000000	0.00000000000000
34.720001220703	0.25409135222435	0.28858238458633	65.000000000000	0.00000000000000
34.729999542236	0.25508996844292	0.28903335332870	65.000000000000	0.00000000000000
34.740001678467	0.25608804821968	0.28948104381561	65.000000000000	0.00000000000000
34.750000000000	0.25708559155464	0.28992548584938	65.000000000000	0.00000000000000
34.759998321533	0.25808238983154	0.29036670923233	65.000000000000	0.00000000000000
34.770000457764	0.25907853245735	0.29080465435982	65.000000000000	0.00000000000000
34.779998779297	0.26007413864136	0.29123935103416	65.000000000000	0.00000000000000
34.790000915527	0.26106902956963	0.29167082905769	65.000000000000	0.00000000000000
34.799999237061	0.26206326484680	0.29209911823273	65.000000000000	0.00000000000000
34.810001373291	0.26305687427521	0.29252412915230	65.000000000000	0.00000000000000
34.819999694824	0.26404973864555	0.29294595122337	65.000000000000	0.00000000000000
34.830001831055	0.26504191756248	0.29336455464363	65.000000000000	0.00000000000000
34.840000152588	0.26603335142136	0.29377996921539	65.000000000000	0.00000000000000
34.849998474121	0.26702412962914	0.29419222474098	65.000000000000	0.00000000000000
34.860000610352	0.26801413297653	0.29460126161575	65.000000000000	0.00000000000000
34.869998931885	0.26900336146355	0.29500707983971	65.000000000000	0.00000000000000
34.880001068115	0.26999193429947	0.29540979862213	65.000000000000	0.00000000000000
34.889999389648	0.27097967267036	0.29580929875374	65.000000000000	0.00000000000000
34.900001525879	0.27196672558784	0.29620566964149	65.000000000000	0.00000000000000
34.909999847412	0.27295294404030	0.29659888148308	65.000000000000	0.00000000000000
34.919998168945	0.27393820881844	0.29698893427849	65.000000000000	0.00000000000000
34.930000305176	0.27492284774780	0.29737585783005	65.000000000000	0.00000000000000
34.939998626709	0.27590653300285	0.29775968194008	65.000000000000	0.00000000000000
34.950000762939	0.27688953280449	0.29814031720161	65.000000000000	0.00000000000000
34.959999084473	0.27787160873413	0.29851788282394	65.000000000000	0.00000000000000
34.970001220703	0.27885285019875	0.29889231920242	65.000000000000	0.00000000000000
34.979999542236	0.27983319759369	0.29926362633705	65.000000000000	0.00000000000000
34.990001678467	0.28081268072128	0.29963186383247	65.000000000000	0.00000000000000
35.000000000000	0.28179123997688	0.29999703168869	65.000000000000	0.00000000000000
