#Parameters = {d=0.2498743718593; l2=4.997487437186; lambda=9.9949748743719; r=0.033673070351759}
#"Frequency / GHz"	"S1,1 (lambda=9.99497) [Re]"	"S1,1 (lambda=9.99497) [Im]"	"Ref.Imp. [Re]"	"Ref.Imp. [Im]"
#-----------------------------------------------------------------------------------------------------------
25.000000000000	0.045111909508705	-0.39313688874245	65.000000000000	0.00000000000000
25.010000228882	0.043985784053802	-0.39130291342735	65.000000000000	0.00000000000000
25.020000457764	0.042867373675108	-0.38946273922920	65.000000000000	0.00000000000000
25.030000686646	0.041756536811590	-0.38761645555496	65.000000000000	0.00000000000000
25.040000915527	0.040653321892023	-0.38576406240463	65.000000000000	0.00000000000000
25.049999237061	0.039557952433825	-0.38390564918518	65.000000000000	0.00000000000000
25.059999465942	0.038470201194286	-0.38204124569893	65.000000000000	0.00000000000000
25.069999694824	0.037390198558569	-0.38017097115517	65.000000000000	0.00000000000000
25.079999923706	0.036318086087704	-0.37829479575157	65.000000000000	0.00000000000000
25.090000152588	0.035253986716270	-0.37641277909279	65.000000000000	0.00000000000000
25.100000381470	0.034197676926851	-0.37452498078346	65.000000000000	0.00000000000000
25.110000610352	0.033149469643831	-0.37263143062592	65.000000000000	0.00000000000000
25.120000839233	0.032109502702951	-0.37073224782944	65.000000000000	0.00000000000000
25.129999160767	0.031077351421118	-0.36882740259171	65.000000000000	0.00000000000000
25.139999389648	0.030053336173296	-0.36691698431969	65.000000000000	0.00000000000000
25.149999618530	0.029037494212389	-0.36500105261803	65.000000000000	0.00000000000000
25.159999847412	0.028029873967171	-0.36307966709137	65.000000000000	0.00000000000000
25.170000076294	0.027030678465962	-0.36115282773972	65.000000000000	0.00000000000000
25.180000305176	0.026039777323604	-0.35922065377235	65.000000000000	0.00000000000000
25.190000534058	0.025057038292289	-0.35728317499161	65.000000000000	0.00000000000000
25.200000762939	0.024082845076919	-0.35534045100212	65.000000000000	0.00000000000000
25.209999084473	0.023117059841752	-0.35339254140854	65.000000000000	0.00000000000000
25.219999313354	0.022159559652209	-0.35143947601318	65.000000000000	0.00000000000000
25.229999542236	0.021211046725512	-0.34948134422302	65.000000000000	0.00000000000000
25.239999771118	0.020270889624953	-0.34751814603806	65.000000000000	0.00000000000000
25.250000000000	0.019339131191373	-0.34555006027222	65.000000000000	0.00000000000000
25.260000228882	0.018416136503220	-0.34357702732086	65.000000000000	0.00000000000000
25.270000457764	0.017501937225461	-0.34159913659096	65.000000000000	0.00000000000000
25.280000686646	0.016596410423517	-0.33961644768715	65.000000000000	0.00000000000000
25.290000915527	0.015699587762356	-0.33762902021408	65.000000000000	0.00000000000000
25.299999237061	0.014811507426202	-0.33563694357872	65.000000000000	0.00000000000000
25.309999465942	0.013932202942669	-0.33364024758339	65.000000000000	0.00000000000000
25.319999694824	0.013062030076981	-0.33163902163506	65.000000000000	0.00000000000000
25.329999923706	0.012200541794300	-0.32963323593140	65.000000000000	0.00000000000000
25.340000152588	0.011348089203238	-0.32762303948402	65.000000000000	0.00000000000000
25.350000381470	0.010504703968763	-0.32560849189758	65.000000000000	0.00000000000000
25.360000610352	0.0096701094880700	-0.32358962297440	65.000000000000	0.00000000000000
25.370000839233	0.0088446475565434	-0.32156649231911	65.000000000000	0.00000000000000
25.379999160767	0.0080281952396035	-0.31953921914101	65.000000000000	0.00000000000000
25.389999389648	0.0072209369391203	-0.31750777363777	65.000000000000	0.00000000000000
25.399999618530	0.0064227525144815	-0.31547227501869	65.000000000000	0.00000000000000
25.409999847412	0.0056338231079280	-0.31343281269073	65.000000000000	0.00000000000000
25.420000076294	0.0048540276475251	-0.31138935685158	65.000000000000	0.00000000000000
25.430000305176	0.0040833982639015	-0.30934202671051	65.000000000000	0.00000000000000
25.440000534058	0.0033221130724996	-0.30729088187218	65.000000000000	0.00000000000000
25.450000762939	0.0025699075777084	-0.30523604154587	65.000000000000	0.00000000000000
25.459999084473	0.0018272486049682	-0.30317747592926	65.000000000000	0.00000000000000
25.469999313354	0.0010937289334834	-0.30111533403397	65.000000000000	0.00000000000000
25.479999542236	0.00036966637708247	-0.29904958605766	65.000000000000	0.00000000000000
25.489999771118	-0.00034491327824071	-0.29698035120964	65.000000000000	0.00000000000000
25.500000000000	-0.0010504063684493	-0.29490771889687	65.000000000000	0.00000000000000
25.510000228882	-0.0017460806993768	-0.29283171892166	65.000000000000	0.00000000000000
25.520000457764	-0.0024324720725417	-0.29075244069099	65.000000000000	0.00000000000000
25.530000686646	-0.0031094125006348	-0.28866991400719	65.000000000000	0.00000000000000
25.540000915527	-0.0037768748588860	-0.28658419847488	65.000000000000	0.00000000000000
25.549999237061	-0.0044348333030939	-0.28449541330338	65.000000000000	0.00000000000000
25.559999465942	-0.0050832605920732	-0.28240358829498	65.000000000000	0.00000000000000
25.569999694824	-0.0057219988666475	-0.28030881285667	65.000000000000	0.00000000000000
25.579999923706	-0.0063511570915580	-0.27821111679077	65.000000000000	0.00000000000000
25.590000152588	-0.0069708428345621	-0.27611058950424	65.000000000000	0.00000000000000
25.600000381470	-0.0075807669200003	-0.27400729060173	65.000000000000	0.00000000000000
25.610000610352	-0.0081811677664518	-0.27190127968788	65.000000000000	0.00000000000000
25.620000839233	-0.0087718898430467	-0.26979264616966	65.000000000000	0.00000000000000
25.629999160767	-0.0093530388548970	-0.26768147945404	65.000000000000	0.00000000000000
25.639999389648	-0.0099244592711329	-0.26556777954102	65.000000000000	0.00000000000000
25.649999618530	-0.010486131533980	-0.26345160603523	65.000000000000	0.00000000000000
25.659999847412	-0.011038157157600	-0.26133313775063	65.000000000000	0.00000000000000
25.670000076294	-0.011580263264477	-0.25921231508255	65.000000000000	0.00000000000000
25.680000305176	-0.012112801894546	-0.25708925724030	65.000000000000	0.00000000000000
25.690000534058	-0.012635502032936	-0.25496405363083	65.000000000000	0.00000000000000
25.700000762939	-0.013148464262486	-0.25283679366112	65.000000000000	0.00000000000000
25.709999084473	-0.013651662506163	-0.25070744752884	65.000000000000	0.00000000000000
25.719999313354	-0.014145079068840	-0.24857614934444	65.000000000000	0.00000000000000
25.729999542236	-0.014628687873483	-0.24644294381142	65.000000000000	0.00000000000000
25.739999771118	-0.015102470293641	-0.24430792033672	65.000000000000	0.00000000000000
25.750000000000	-0.015566520392895	-0.24217112362385	65.000000000000	0.00000000000000
25.760000228882	-0.016020696610212	-0.24003264307976	65.000000000000	0.00000000000000
25.770000457764	-0.016464982181787	-0.23789256811142	65.000000000000	0.00000000000000
25.780000686646	-0.016899464651942	-0.23575089871883	65.000000000000	0.00000000000000
25.790000915527	-0.017324188724160	-0.23360773921013	65.000000000000	0.00000000000000
25.799999237061	-0.017738953232765	-0.23146314918995	65.000000000000	0.00000000000000
25.809999465942	-0.018143901601434	-0.22931720316410	65.000000000000	0.00000000000000
25.819999694824	-0.018539020791650	-0.22716997563839	65.000000000000	0.00000000000000
25.829999923706	-0.018924281001091	-0.22502149641514	65.000000000000	0.00000000000000
25.840000152588	-0.019299615174532	-0.22287189960480	65.000000000000	0.00000000000000
25.850000381470	-0.019665149971843	-0.22072120010853	65.000000000000	0.00000000000000
25.860000610352	-0.020020768046379	-0.21856947243214	65.000000000000	0.00000000000000
25.870000839233	-0.020366493612528	-0.21641679108143	65.000000000000	0.00000000000000
25.879999160767	-0.020702358335257	-0.21426321566105	65.000000000000	0.00000000000000
25.889999389648	-0.021028390154243	-0.21210883557796	65.000000000000	0.00000000000000
25.899999618530	-0.021344510838389	-0.20995368063450	65.000000000000	0.00000000000000
25.909999847412	-0.021650753915310	-0.20779785513878	65.000000000000	0.00000000000000
25.920000076294	-0.021947192028165	-0.20564140379429	65.000000000000	0.00000000000000
25.930000305176	-0.022233702242374	-0.20348438620567	65.000000000000	0.00000000000000
25.940000534058	-0.022510359063745	-0.20132689177990	65.000000000000	0.00000000000000
25.950000762939	-0.022777132689953	-0.19916895031929	65.000000000000	0.00000000000000
25.959999084473	-0.023034099489450	-0.19701069593430	65.000000000000	0.00000000000000
25.969999313354	-0.023281229659915	-0.19485211372375	65.000000000000	0.00000000000000
25.979999542236	-0.023518405854702	-0.19269333779812	65.000000000000	0.00000000000000
25.989999771118	-0.023745829239488	-0.19053438305855	65.000000000000	0.00000000000000
26.000000000000	-0.023963427171111	-0.18837533891201	65.000000000000	0.00000000000000
26.010000228882	-0.024171127006412	-0.18621626496315	65.000000000000	0.00000000000000
26.020000457764	-0.024369033053517	-0.18405726552010	65.000000000000	0.00000000000000
26.030000686646	-0.024557158350945	-0.18189829587936	65.000000000000	0.00000000000000
26.040000915527	-0.024735469371080	-0.17973953485489	65.000000000000	0.00000000000000
26.049999237061	-0.024903940036893	-0.17758102715015	65.000000000000	0.00000000000000
26.059999465942	-0.025062702596188	-0.17542278766632	65.000000000000	0.00000000000000
26.069999694824	-0.025211596861482	-0.17326492071152	65.000000000000	0.00000000000000
26.079999923706	-0.025350797921419	-0.17110747098923	65.000000000000	0.00000000000000
26.090000152588	-0.025480227544904	-0.16895051300526	65.000000000000	0.00000000000000
26.100000381470	-0.025599885731936	-0.16679410636425	65.000000000000	0.00000000000000
26.110000610352	-0.025709856301546	-0.16463831067085	65.000000000000	0.00000000000000
26.120000839233	-0.025810096412897	-0.16248321533203	65.000000000000	0.00000000000000
26.129999160767	-0.025900641456246	-0.16032885015011	65.000000000000	0.00000000000000
26.139999389648	-0.025981521233916	-0.15817528963089	65.000000000000	0.00000000000000
26.149999618530	-0.026052653789520	-0.15602260828018	65.000000000000	0.00000000000000
26.159999847412	-0.026114180684090	-0.15387085080147	65.000000000000	0.00000000000000
26.170000076294	-0.026166047900915	-0.15172009170055	65.000000000000	0.00000000000000
26.180000305176	-0.026208311319351	-0.14957036077976	65.000000000000	0.00000000000000
26.190000534058	-0.026240918785334	-0.14742177724838	65.000000000000	0.00000000000000
26.200000762939	-0.026263954117894	-0.14527437090874	65.000000000000	0.00000000000000
26.209999084473	-0.026277422904968	-0.14312820136547	65.000000000000	0.00000000000000
26.219999313354	-0.026281330734491	-0.14098332822323	65.000000000000	0.00000000000000
26.229999542236	-0.026275683194399	-0.13883981108665	65.000000000000	0.00000000000000
26.239999771118	-0.026260538026690	-0.13669770956039	65.000000000000	0.00000000000000
26.250000000000	-0.026235857978463	-0.13455711305141	65.000000000000	0.00000000000000
26.260000228882	-0.026201728731394	-0.13241805136204	65.000000000000	0.00000000000000
26.270000457764	-0.026158099994063	-0.13028059899807	65.000000000000	0.00000000000000
26.280000686646	-0.026105068624020	-0.12814480066299	65.000000000000	0.00000000000000
26.290000915527	-0.026042608544230	-0.12601071596146	65.000000000000	0.00000000000000
26.299999237061	-0.025970749557018	-0.12387841939926	65.000000000000	0.00000000000000
26.309999465942	-0.025889502838254	-0.12174794822931	65.000000000000	0.00000000000000
26.319999694824	-0.025798914954066	-0.11961939185858	65.000000000000	0.00000000000000
26.329999923706	-0.025699011981487	-0.11749278008938	65.000000000000	0.00000000000000
26.340000152588	-0.025589786469936	-0.11536817252636	65.000000000000	0.00000000000000
26.350000381470	-0.025471286848187	-0.11324564367533	65.000000000000	0.00000000000000
26.360000610352	-0.025343503803015	-0.11112523078918	65.000000000000	0.00000000000000
26.370000839233	-0.025206495076418	-0.10900700837374	65.000000000000	0.00000000000000
26.379999160767	-0.025060310959816	-0.10689102113247	65.000000000000	0.00000000000000
26.389999389648	-0.024904945865273	-0.10477732867002	65.000000000000	0.00000000000000
26.399999618530	-0.024740407243371	-0.10266598314047	65.000000000000	0.00000000000000
26.409999847412	-0.024566736072302	-0.10055705159903	65.000000000000	0.00000000000000
26.420000076294	-0.024383958429098	-0.098450571298599	65.000000000000	0.00000000000000
26.430000305176	-0.024192124605179	-0.096346609294415	65.000000000000	0.00000000000000
26.440000534058	-0.023991225287318	-0.094245217740536	65.000000000000	0.00000000000000
26.450000762939	-0.023781320080161	-0.092146448791027	65.000000000000	0.00000000000000
26.459999084473	-0.023562425747514	-0.090050369501114	65.000000000000	0.00000000000000
26.469999313354	-0.023334568366408	-0.087956994771957	65.000000000000	0.00000000000000
26.479999542236	-0.023097762838006	-0.085866436362267	65.000000000000	0.00000000000000
26.489999771118	-0.022852066904306	-0.083778686821461	65.000000000000	0.00000000000000
26.500000000000	-0.022597508504987	-0.081693835556507	65.000000000000	0.00000000000000
26.510000228882	-0.022334121167660	-0.079611919820309	65.000000000000	0.00000000000000
26.520000457764	-0.022061897441745	-0.077532991766930	65.000000000000	0.00000000000000
26.530000686646	-0.021780909970403	-0.075457125902176	65.000000000000	0.00000000000000
26.540000915527	-0.021491168066859	-0.073384337127209	65.000000000000	0.00000000000000
26.549999237061	-0.021192686632276	-0.071314699947834	65.000000000000	0.00000000000000
26.559999465942	-0.020885560661554	-0.069248259067535	65.000000000000	0.00000000000000
26.569999694824	-0.020569756627083	-0.067185059189796	65.000000000000	0.00000000000000
26.579999923706	-0.020245343446732	-0.065125152468681	65.000000000000	0.00000000000000
26.590000152588	-0.019912349060178	-0.063068576157093	65.000000000000	0.00000000000000
26.600000381470	-0.019570805132389	-0.061015408486128	65.000000000000	0.00000000000000
26.610000610352	-0.019220735877752	-0.058965671807528	65.000000000000	0.00000000000000
26.620000839233	-0.018862193450332	-0.056919425725937	65.000000000000	0.00000000000000
26.629999160767	-0.018495181575418	-0.054876711219549	65.000000000000	0.00000000000000
26.639999389648	-0.018119765445590	-0.052837580442429	65.000000000000	0.00000000000000
26.649999618530	-0.017735965549946	-0.050802078098059	65.000000000000	0.00000000000000
26.659999847412	-0.017343835905194	-0.048770248889923	65.000000000000	0.00000000000000
26.670000076294	-0.016943382099271	-0.046742141246796	65.000000000000	0.00000000000000
26.680000305176	-0.016534656286240	-0.044717799872160	65.000000000000	0.00000000000000
26.690000534058	-0.016117691993713	-0.042697269469500	65.000000000000	0.00000000000000
26.700000762939	-0.015692545101047	-0.040680594742298	65.000000000000	0.00000000000000
26.709999084473	-0.015259210020304	-0.038667816668749	65.000000000000	0.00000000000000
26.719999313354	-0.014817764051259	-0.036658987402916	65.000000000000	0.00000000000000
26.729999542236	-0.014368234202266	-0.034654144197702	65.000000000000	0.00000000000000
26.739999771118	-0.013910642825067	-0.032653328031301	65.000000000000	0.00000000000000
26.750000000000	-0.013445036485791	-0.030656589195132	65.000000000000	0.00000000000000
26.760000228882	-0.012971462681890	-0.028663966804743	65.000000000000	0.00000000000000
26.770000457764	-0.012489939108491	-0.026675503700972	65.000000000000	0.00000000000000
26.780000686646	-0.012000530958176	-0.024691237136722	65.000000000000	0.00000000000000
26.790000915527	-0.011503248475492	-0.022711211815476	65.000000000000	0.00000000000000
26.799999237061	-0.010998154059052	-0.020735466852784	65.000000000000	0.00000000000000
26.809999465942	-0.010485276579857	-0.018764045089483	65.000000000000	0.00000000000000
26.819999694824	-0.0099646551534534	-0.016796985641122	65.000000000000	0.00000000000000
26.829999923706	-0.0094363326206803	-0.014834324829280	65.000000000000	0.00000000000000
26.840000152588	-0.0089003443717957	-0.012876109220088	65.000000000000	0.00000000000000
26.850000381470	-0.0083567388355732	-0.010922365821898	65.000000000000	0.00000000000000
26.860000610352	-0.0078055425547063	-0.0089731449261308	65.000000000000	0.00000000000000
26.870000839233	-0.0072468090802431	-0.0070284758694470	65.000000000000	0.00000000000000
26.879999160767	-0.0066805733367801	-0.0050884005613625	65.000000000000	0.00000000000000
26.889999389648	-0.0061068776994944	-0.0031529555562884	65.000000000000	0.00000000000000
26.899999618530	-0.0055257617495954	-0.0012221757788211	65.000000000000	0.00000000000000
26.909999847412	-0.0049372669309378	0.00070390058681369	65.000000000000	0.00000000000000
26.920000076294	-0.0043414356186986	0.0026252390816808	65.000000000000	0.00000000000000
26.930000305176	-0.0037383085582405	0.0045418036170304	65.000000000000	0.00000000000000
26.940000534058	-0.0031279297545552	0.0064535592682660	65.000000000000	0.00000000000000
26.950000762939	-0.0025103378575295	0.0083604697138071	65.000000000000	0.00000000000000
26.959999084473	-0.0018855768721551	0.010262504220009	65.000000000000	0.00000000000000
26.969999313354	-0.0012536902213469	0.012159627862275	65.000000000000	0.00000000000000
26.979999542236	-0.00061471445951611	0.014051805250347	65.000000000000	0.00000000000000
26.989999771118	3.1300522095989e-05	0.015939006581903	65.000000000000	0.00000000000000
27.000000000000	0.00068431458203122	0.017821194604039	65.000000000000	0.00000000000000
27.010000228882	0.0013442873023450	0.019698342308402	65.000000000000	0.00000000000000
27.020000457764	0.0020111692138016	0.021570414304733	65.000000000000	0.00000000000000
27.030000686646	0.0026849287096411	0.023437382653356	65.000000000000	0.00000000000000
27.040000915527	0.0033655129373074	0.025299211964011	65.000000000000	0.00000000000000
27.049999237061	0.0040528806857765	0.027155876159668	65.000000000000	0.00000000000000
27.059999465942	0.0047469926066697	0.029007343575358	65.000000000000	0.00000000000000
27.069999694824	0.0054478021338582	0.030853584408760	65.000000000000	0.00000000000000
27.079999923706	0.0061552566476166	0.032694566994905	65.000000000000	0.00000000000000
27.090000152588	0.0068693268112838	0.034530267119408	65.000000000000	0.00000000000000
27.100000381470	0.0075899707153440	0.036360651254654	65.000000000000	0.00000000000000
27.110000610352	0.0083171240985394	0.038185697048903	65.000000000000	0.00000000000000
27.120000839233	0.0090507604181767	0.040005370974541	65.000000000000	0.00000000000000
27.129999160767	0.0097908331081271	0.041819650679827	65.000000000000	0.00000000000000
27.139999389648	0.010537282563746	0.043628506362438	65.000000000000	0.00000000000000
27.149999618530	0.011290095746517	0.045431911945343	65.000000000000	0.00000000000000
27.159999847412	0.012049200013280	0.047229845076799	65.000000000000	0.00000000000000
27.170000076294	0.012814563699067	0.049022272229195	65.000000000000	0.00000000000000
27.180000305176	0.013586138375103	0.050809174776077	65.000000000000	0.00000000000000
27.190000534058	0.014363870024681	0.052590534090996	65.000000000000	0.00000000000000
27.200000762939	0.015147740952671	0.054366309195757	65.000000000000	0.00000000000000
27.209999084473	0.015937667340040	0.056136485189199	65.000000000000	0.00000000000000
27.219999313354	0.016733655706048	0.057901039719582	65.000000000000	0.00000000000000
27.229999542236	0.017535606399179	0.059659946709871	65.000000000000	0.00000000000000
27.239999771118	0.018343517556787	0.061413183808327	65.000000000000	0.00000000000000
27.250000000000	0.019157299771905	0.063160724937916	65.000000000000	0.00000000000000
27.260000228882	0.019976969808340	0.064902566373348	65.000000000000	0.00000000000000
27.270000457764	0.020802428945899	0.066638670861721	65.000000000000	0.00000000000000
27.280000686646	0.021633667871356	0.068369008600712	65.000000000000	0.00000000000000
27.290000915527	0.022470597177744	0.070093564689159	65.000000000000	0.00000000000000
27.299999237061	0.023313222452998	0.071812339127064	65.000000000000	0.00000000000000
27.309999465942	0.024161458015442	0.073525287210941	65.000000000000	0.00000000000000
27.319999694824	0.025015279650688	0.075232401490211	65.000000000000	0.00000000000000
27.329999923706	0.025874650105834	0.076933652162552	65.000000000000	0.00000000000000
27.340000152588	0.026739511638880	0.078629031777382	65.000000000000	0.00000000000000
27.350000381470	0.027609813958406	0.080318510532379	65.000000000000	0.00000000000000
27.360000610352	0.028485532850027	0.082002088427544	65.000000000000	0.00000000000000
27.370000839233	0.029366582632065	0.083679735660553	65.000000000000	0.00000000000000
27.379999160767	0.030252965167165	0.085351437330246	65.000000000000	0.00000000000000
27.389999389648	0.031144594773650	0.087017171084881	65.000000000000	0.00000000000000
27.399999618530	0.032041464000940	0.088676914572716	65.000000000000	0.00000000000000
27.409999847412	0.032943502068520	0.090330675244331	65.000000000000	0.00000000000000
27.420000076294	0.033850666135550	0.091978415846825	65.000000000000	0.00000000000000
27.430000305176	0.034762918949127	0.093620121479034	65.000000000000	0.00000000000000
27.440000534058	0.035680215805769	0.095255792140961	65.000000000000	0.00000000000000
27.450000762939	0.036602508276701	0.096885405480862	65.000000000000	0.00000000000000
27.459999084473	0.037529751658440	0.098508946597576	65.000000000000	0.00000000000000
27.469999313354	0.038461875170469	0.10012640058994	65.000000000000	0.00000000000000
27.479999542236	0.039398893713951	0.10173774510622	65.000000000000	0.00000000000000
27.489999771118	0.040340706706047	0.10334298759699	65.000000000000	0.00000000000000
27.500000000000	0.041287302970886	0.10494210571051	65.000000000000	0.00000000000000
27.510000228882	0.042238622903824	0.10653508454561	65.000000000000	0.00000000000000
27.520000457764	0.043194621801376	0.10812189429998	65.000000000000	0.00000000000000
27.530000686646	0.044155262410641	0.10970255732536	65.000000000000	0.00000000000000
27.540000915527	0.045120500028133	0.11127704381943	65.000000000000	0.00000000000000
27.549999237061	0.046090271323919	0.11284534633160	65.000000000000	0.00000000000000
27.559999465942	0.047064542770386	0.11440744996071	65.000000000000	0.00000000000000
27.569999694824	0.048043280839920	0.11596334725618	65.000000000000	0.00000000000000
27.579999923706	0.049026403576136	0.11751302331686	65.000000000000	0.00000000000000
27.590000152588	0.050013910979033	0.11905649304390	65.000000000000	0.00000000000000
27.600000381470	0.051005754619837	0.12059369683266	65.000000000000	0.00000000000000
27.610000610352	0.052001848816872	0.12212467938662	65.000000000000	0.00000000000000
27.620000839233	0.053002208471298	0.12364938855171	65.000000000000	0.00000000000000
27.629999160767	0.054006751626730	0.12516786158085	65.000000000000	0.00000000000000
27.639999389648	0.055015444755554	0.12668004631996	65.000000000000	0.00000000000000
27.649999618530	0.056028265506029	0.12818595767021	65.000000000000	0.00000000000000
27.659999847412	0.057045079767704	0.12968559563160	65.000000000000	0.00000000000000
27.670000076294	0.058065969496965	0.13117893040180	65.000000000000	0.00000000000000
27.680000305176	0.059090819209814	0.13266596198082	65.000000000000	0.00000000000000
27.690000534058	0.060119565576315	0.13414669036865	65.000000000000	0.00000000000000
27.700000762939	0.061152212321758	0.13562111556530	65.000000000000	0.00000000000000
27.709999084473	0.062188677489758	0.13708923757076	65.000000000000	0.00000000000000
27.719999313354	0.063228979706764	0.13855099678040	65.000000000000	0.00000000000000
27.729999542236	0.064273022115231	0.14000645279884	65.000000000000	0.00000000000000
27.739999771118	0.065320789813995	0.14145559072495	65.000000000000	0.00000000000000
27.750000000000	0.066372208297253	0.14289838075638	65.000000000000	0.00000000000000
27.760000228882	0.067427240312099	0.14433483779430	65.000000000000	0.00000000000000
27.770000457764	0.068485908210278	0.14576493203640	65.000000000000	0.00000000000000
27.780000686646	0.069548077881336	0.14718867838383	65.000000000000	0.00000000000000
27.790000915527	0.070613726973534	0.14860610663891	65.000000000000	0.00000000000000
27.799999237061	0.071682848036289	0.15001715719700	65.000000000000	0.00000000000000
27.809999465942	0.072755359113216	0.15142185986042	65.000000000000	0.00000000000000
27.819999694824	0.073831260204315	0.15282019972801	65.000000000000	0.00000000000000
27.829999923706	0.074910506606102	0.15421217679977	65.000000000000	0.00000000000000
27.840000152588	0.075993008911610	0.15559780597687	65.000000000000	0.00000000000000
27.850000381470	0.077078767120838	0.15697707235813	65.000000000000	0.00000000000000
27.860000610352	0.078167706727982	0.15834994614124	65.000000000000	0.00000000000000
27.870000839233	0.079259842634201	0.15971648693085	65.000000000000	0.00000000000000
27.879999160767	0.080355055630207	0.16107663512230	65.000000000000	0.00000000000000
27.889999389648	0.081453412771225	0.16243045032024	65.000000000000	0.00000000000000
27.899999618530	0.082554735243320	0.16377785801888	65.000000000000	0.00000000000000
27.909999847412	0.083659067749977	0.16511893272400	65.000000000000	0.00000000000000
27.920000076294	0.084766350686550	0.16645362973213	65.000000000000	0.00000000000000
27.930000305176	0.085876598954201	0.16778197884560	65.000000000000	0.00000000000000
27.940000534058	0.086989633738995	0.16910393536091	65.000000000000	0.00000000000000
27.950000762939	0.088105566799641	0.17041955888271	65.000000000000	0.00000000000000
27.959999084473	0.089224256575108	0.17172881960869	65.000000000000	0.00000000000000
27.969999313354	0.090345717966557	0.17303171753883	65.000000000000	0.00000000000000
27.979999542236	0.091469898819923	0.17432826757431	65.000000000000	0.00000000000000
27.989999771118	0.092596739530563	0.17561843991280	65.000000000000	0.00000000000000
28.000000000000	0.093726158142090	0.17690229415894	65.000000000000	0.00000000000000
28.010000228882	0.094858206808567	0.17817978560925	65.000000000000	0.00000000000000
28.020000457764	0.095992825925350	0.17945092916489	65.000000000000	0.00000000000000
28.030000686646	0.097129948437214	0.18071573972702	65.000000000000	0.00000000000000
28.040000915527	0.098269551992416	0.18197418749332	65.000000000000	0.00000000000000
28.049999237061	0.099411562085152	0.18322633206844	65.000000000000	0.00000000000000
28.059999465942	0.10055600106716	0.18447215855122	65.000000000000	0.00000000000000
28.069999694824	0.10170277208090	0.18571165204048	65.000000000000	0.00000000000000
28.079999923706	0.10285189747810	0.18694482743740	65.000000000000	0.00000000000000
28.090000152588	0.10400324314833	0.18817168474197	65.000000000000	0.00000000000000
28.100000381470	0.10515684634447	0.18939223885536	65.000000000000	0.00000000000000
28.110000610352	0.10631266236305	0.19060648977757	65.000000000000	0.00000000000000
28.120000839233	0.10747062414885	0.19181443750858	65.000000000000	0.00000000000000
28.129999160767	0.10863077640533	0.19301608204842	65.000000000000	0.00000000000000
28.139999389648	0.10979294031858	0.19421146810055	65.000000000000	0.00000000000000
28.149999618530	0.11095719784498	0.19540058076382	65.000000000000	0.00000000000000
28.159999847412	0.11212345957756	0.19658340513706	65.000000000000	0.00000000000000
28.170000076294	0.11329171061516	0.19775997102261	65.000000000000	0.00000000000000
28.180000305176	0.11446186155081	0.19893026351929	65.000000000000	0.00000000000000
28.190000534058	0.11563396453857	0.20009432733059	65.000000000000	0.00000000000000
28.200000762939	0.11680791527033	0.20125213265419	65.000000000000	0.00000000000000
28.209999084473	0.11798372864723	0.20240370929241	65.000000000000	0.00000000000000
28.219999313354	0.11916128546000	0.20354905724525	65.000000000000	0.00000000000000
28.229999542236	0.12034060806036	0.20468819141388	65.000000000000	0.00000000000000
28.239999771118	0.12152170389891	0.20582109689713	65.000000000000	0.00000000000000
28.250000000000	0.12270445376635	0.20694783329964	65.000000000000	0.00000000000000
28.260000228882	0.12388883531094	0.20806835591793	65.000000000000	0.00000000000000
28.270000457764	0.12507484853268	0.20918270945549	65.000000000000	0.00000000000000
28.280000686646	0.12626244127750	0.21029086410999	65.000000000000	0.00000000000000
28.290000915527	0.12745156884193	0.21139287948608	65.000000000000	0.00000000000000
28.299999237061	0.12864224612713	0.21248871088028	65.000000000000	0.00000000000000
28.309999465942	0.12983438372612	0.21357843279839	65.000000000000	0.00000000000000
28.319999694824	0.13102798163891	0.21466198563576	65.000000000000	0.00000000000000
28.329999923706	0.13222296535969	0.21573942899704	65.000000000000	0.00000000000000
28.340000152588	0.13341930508614	0.21681074798107	65.000000000000	0.00000000000000
28.350000381470	0.13461698591709	0.21787597239017	65.000000000000	0.00000000000000
28.360000610352	0.13581606745720	0.21893508732319	65.000000000000	0.00000000000000
28.370000839233	0.13701629638672	0.21998813748360	65.000000000000	0.00000000000000
28.379999160767	0.13821785151958	0.22103512287140	65.000000000000	0.00000000000000
28.389999389648	0.13942055404186	0.22207599878311	65.000000000000	0.00000000000000
28.399999618530	0.14062446355820	0.22311086952686	65.000000000000	0.00000000000000
28.409999847412	0.14182953536510	0.22413967549801	65.000000000000	0.00000000000000
28.420000076294	0.14303569495678	0.22516246140003	65.000000000000	0.00000000000000
28.430000305176	0.14424294233322	0.22617925703526	65.000000000000	0.00000000000000
28.440000534058	0.14545118808746	0.22719003260136	65.000000000000	0.00000000000000
28.450000762939	0.14666050672531	0.22819481790066	65.000000000000	0.00000000000000
28.459999084473	0.14787077903748	0.22919361293316	65.000000000000	0.00000000000000
28.469999313354	0.14908199012280	0.23018646240234	65.000000000000	0.00000000000000
28.479999542236	0.15029418468475	0.23117336630821	65.000000000000	0.00000000000000
28.489999771118	0.15150719881058	0.23215432465076	65.000000000000	0.00000000000000
28.500000000000	0.15272106230259	0.23312930762768	65.000000000000	0.00000000000000
28.510000228882	0.15393577516079	0.23409846425056	65.000000000000	0.00000000000000
28.520000457764	0.15515132248402	0.23506166040897	65.000000000000	0.00000000000000
28.530000686646	0.15636755526066	0.23601897060871	65.000000000000	0.00000000000000
28.540000915527	0.15758456289768	0.23697043955326	65.000000000000	0.00000000000000
28.549999237061	0.15880231559277	0.23791602253914	65.000000000000	0.00000000000000
28.559999465942	0.16002070903778	0.23885573446751	65.000000000000	0.00000000000000
28.569999694824	0.16123972833157	0.23978966474533	65.000000000000	0.00000000000000
28.579999923706	0.16245943307877	0.24071775376797	65.000000000000	0.00000000000000
28.590000152588	0.16367962956429	0.24164006114006	65.000000000000	0.00000000000000
28.600000381470	0.16490042209625	0.24255658686161	65.000000000000	0.00000000000000
28.610000610352	0.16612184047699	0.24346728622913	65.000000000000	0.00000000000000
28.620000839233	0.16734369099140	0.24437221884727	65.000000000000	0.00000000000000
28.629999160767	0.16856597363949	0.24527148902416	65.000000000000	0.00000000000000
28.639999389648	0.16978871822357	0.24616497755051	65.000000000000	0.00000000000000
28.649999618530	0.17101180553436	0.24705280363560	65.000000000000	0.00000000000000
28.659999847412	0.17223533987999	0.24793489277363	65.000000000000	0.00000000000000
28.670000076294	0.17345926165581	0.24881127476692	65.000000000000	0.00000000000000
28.680000305176	0.17468357086182	0.24968196451664	65.000000000000	0.00000000000000
28.690000534058	0.17590808868408	0.25054708123207	65.000000000000	0.00000000000000
28.700000762939	0.17713299393654	0.25140643119812	65.000000000000	0.00000000000000
28.709999084473	0.17835810780525	0.25226023793221	65.000000000000	0.00000000000000
28.719999313354	0.17958344519138	0.25310844182968	65.000000000000	0.00000000000000
28.729999542236	0.18080885708332	0.25395107269287	65.000000000000	0.00000000000000
28.739999771118	0.18203458189964	0.25478810071945	65.000000000000	0.00000000000000
28.750000000000	0.18326036632061	0.25561961531639	65.000000000000	0.00000000000000
28.760000228882	0.18448647856712	0.25644543766975	65.000000000000	0.00000000000000
28.770000457764	0.18571244180202	0.25726589560509	65.000000000000	0.00000000000000
28.780000686646	0.18693849444389	0.25808084011078	65.000000000000	0.00000000000000
28.790000915527	0.18816471099854	0.25889024138451	65.000000000000	0.00000000000000
28.799999237061	0.18939092755318	0.25969415903091	65.000000000000	0.00000000000000
28.809999465942	0.19061711430550	0.26049262285233	65.000000000000	0.00000000000000
28.819999694824	0.19184325635433	0.26128563284874	65.000000000000	0.00000000000000
28.829999923706	0.19306944310665	0.26207315921783	65.000000000000	0.00000000000000
28.840000152588	0.19429540634155	0.26285538077354	65.000000000000	0.00000000000000
28.850000381470	0.19552138447762	0.26363214850426	65.000000000000	0.00000000000000
28.860000610352	0.19674718379974	0.26440355181694	65.000000000000	0.00000000000000
28.870000839233	0.19797280430794	0.26516965031624	65.000000000000	0.00000000000000
28.879999160767	0.19919845461845	0.26593023538589	65.000000000000	0.00000000000000
28.889999389648	0.20042362809181	0.26668569445610	65.000000000000	0.00000000000000
28.899999618530	0.20164877176285	0.26743572950363	65.000000000000	0.00000000000000
28.909999847412	0.20287364721298	0.26818048954010	65.000000000000	0.00000000000000
28.920000076294	0.20409819483757	0.26892003417015	65.000000000000	0.00000000000000
28.930000305176	0.20532251894474	0.26965424418449	65.000000000000	0.00000000000000
28.940000534058	0.20654636621475	0.27038338780403	65.000000000000	0.00000000000000
28.950000762939	0.20777004957199	0.27110713720322	65.000000000000	0.00000000000000
28.959999084473	0.20899333059788	0.27182573080063	65.000000000000	0.00000000000000
28.969999313354	0.21021629869938	0.27253910899162	65.000000000000	0.00000000000000
28.979999542236	0.21143893897533	0.27324727177620	65.000000000000	0.00000000000000
28.989999771118	0.21266108751297	0.27395033836365	65.000000000000	0.00000000000000
29.000000000000	0.21388269960880	0.27464833855629	65.000000000000	0.00000000000000
29.010000228882	0.21510384976864	0.27534121274948	65.000000000000	0.00000000000000
29.020000457764	0.21632456779480	0.27602896094322	65.000000000000	0.00000000000000
29.030000686646	0.21754482388496	0.27671164274216	65.000000000000	0.00000000000000
29.040000915527	0.21876452863216	0.27738925814629	65.000000000000	0.00000000000000
29.049999237061	0.21998369693756	0.27806183695793	65.000000000000	0.00000000000000
29.059999465942	0.22120237350464	0.27872937917709	65.000000000000	0.00000000000000
29.069999694824	0.22242037951946	0.27939197421074	65.000000000000	0.00000000000000
29.079999923706	0.22363781929016	0.28004950284958	65.000000000000	0.00000000000000
29.090000152588	0.22485464811325	0.28070211410522	65.000000000000	0.00000000000000
29.100000381470	0.22607085108757	0.28134974837303	65.000000000000	0.00000000000000
29.110000610352	0.22728636860847	0.28199249505997	65.000000000000	0.00000000000000
29.120000839233	0.22850118577480	0.28263032436371	65.000000000000	0.00000000000000
29.129999160767	0.22971531748772	0.28326320648193	65.000000000000	0.00000000000000
29.139999389648	0.23092874884605	0.28389126062393	65.000000000000	0.00000000000000
29.149999618530	0.23214153945446	0.28451442718506	65.000000000000	0.00000000000000
29.159999847412	0.23335342109203	0.28513279557228	65.000000000000	0.00000000000000
29.170000076294	0.23456464707851	0.28574630618095	65.000000000000	0.00000000000000
29.180000305176	0.23577508330345	0.28635504841805	65.000000000000	0.00000000000000
29.190000534058	0.23698471486568	0.28695896267891	65.000000000000	0.00000000000000
29.200000762939	0.23819346725941	0.28755816817284	65.000000000000	0.00000000000000
29.209999084473	0.23940138518810	0.28815260529518	65.000000000000	0.00000000000000
29.219999313354	0.24060846865177	0.28874230384827	65.000000000000	0.00000000000000
29.229999542236	0.24181471765041	0.28932729363441	65.000000000000	0.00000000000000
29.239999771118	0.24302002787590	0.28990763425827	65.000000000000	0.00000000000000
29.250000000000	0.24422447383404	0.29048329591751	65.000000000000	0.00000000000000
29.260000228882	0.24542795121670	0.29105427861214	65.000000000000	0.00000000000000
29.270000457764	0.24663059413433	0.29162061214447	65.000000000000	0.00000000000000
29.280000686646	0.24783217906952	0.29218241572380	65.000000000000	0.00000000000000
29.290000915527	0.24903285503387	0.29273957014084	65.000000000000	0.00000000000000
29.299999237061	0.25023254752159	0.29329210519791	65.000000000000	0.00000000000000
29.309999465942	0.25143113732338	0.29384014010429	65.000000000000	0.00000000000000
29.319999694824	0.25262883305550	0.29438364505768	65.000000000000	0.00000000000000
29.329999923706	0.25382545590401	0.29492262005806	65.000000000000	0.00000000000000
29.340000152588	0.25502097606659	0.29545709490776	65.000000000000	0.00000000000000
29.350000381470	0.25621551275253	0.29598703980446	65.000000000000	0.00000000000000
29.360000610352	0.25740897655487	0.29651260375977	65.000000000000	0.00000000000000
29.370000839233	0.25860133767128	0.29703369736671	65.000000000000	0.00000000000000
29.379999160767	0.25979259610176	0.29755035042763	65.000000000000	0.00000000000000
29.389999389648	0.26098269224167	0.29806259274483	65.000000000000	0.00000000000000
29.399999618530	0.26217171549797	0.29857045412064	65.000000000000	0.00000000000000
29.409999847412	0.26335960626602	0.29907399415970	65.000000000000	0.00000000000000
29.420000076294	0.26454624533653	0.29957312345505	65.000000000000	0.00000000000000
29.430000305176	0.26573181152344	0.30006796121597	65.000000000000	0.00000000000000
29.440000534058	0.26691609621048	0.30055847764015	65.000000000000	0.00000000000000
29.450000762939	0.26809924840927	0.30104470252991	65.000000000000	0.00000000000000
29.459999084473	0.26928114891052	0.30152663588524	65.000000000000	0.00000000000000
29.469999313354	0.27046185731888	0.30200433731079	65.000000000000	0.00000000000000
29.479999542236	0.27164131402969	0.30247780680656	65.000000000000	0.00000000000000
29.489999771118	0.27281951904297	0.30294701457024	65.000000000000	0.00000000000000
29.500000000000	0.27399647235870	0.30341207981110	65.000000000000	0.00000000000000
29.510000228882	0.27517217397690	0.30387294292450	65.000000000000	0.00000000000000
29.520000457764	0.27634659409523	0.30432963371277	65.000000000000	0.00000000000000
29.530000686646	0.27751967310905	0.30478221178055	65.000000000000	0.00000000000000
29.540000915527	0.27869144082069	0.30523064732552	65.000000000000	0.00000000000000
29.549999237061	0.27986192703247	0.30567502975464	65.000000000000	0.00000000000000
29.559999465942	0.28103104233742	0.30611523985863	65.000000000000	0.00000000000000
29.569999694824	0.28219884634018	0.30655142664909	65.000000000000	0.00000000000000
29.579999923706	0.28336524963379	0.30698356032372	65.000000000000	0.00000000000000
29.590000152588	0.28453034162521	0.30741167068481	65.000000000000	0.00000000000000
29.600000381470	0.28569400310516	0.30783575773239	65.000000000000	0.00000000000000
29.610000610352	0.28685626387596	0.30825588107109	65.000000000000	0.00000000000000
29.620000839233	0.28801721334457	0.30867201089859	65.000000000000	0.00000000000000
29.629999160767	0.28917667269707	0.30908420681953	65.000000000000	0.00000000000000
29.639999389648	0.29033476114273	0.30949240922928	65.000000000000	0.00000000000000
29.649999618530	0.29149138927460	0.30989676713943	65.000000000000	0.00000000000000
29.659999847412	0.29264661669731	0.31029716134071	65.000000000000	0.00000000000000
29.670000076294	0.29380035400391	0.31069371104240	65.000000000000	0.00000000000000
29.680000305176	0.29495263099670	0.31108641624451	65.000000000000	0.00000000000000
29.690000534058	0.29610341787338	0.31147521734238	65.000000000000	0.00000000000000
29.700000762939	0.29725283384323	0.31186023354530	65.000000000000	0.00000000000000
29.709999084473	0.29840064048767	0.31224143505096	65.000000000000	0.00000000000000
29.719999313354	0.29954704642296	0.31261885166168	65.000000000000	0.00000000000000
29.729999542236	0.30069187283516	0.31299245357513	65.000000000000	0.00000000000000
29.739999771118	0.30183523893356	0.31336238980293	65.000000000000	0.00000000000000
29.750000000000	0.30297705531120	0.31372854113579	65.000000000000	0.00000000000000
29.760000228882	0.30411732196808	0.31409096717834	65.000000000000	0.00000000000000
29.770000457764	0.30525609850883	0.31444969773293	65.000000000000	0.00000000000000
29.780000686646	0.30639335513115	0.31480476260185	65.000000000000	0.00000000000000
29.790000915527	0.30752894282341	0.31515616178513	65.000000000000	0.00000000000000
29.799999237061	0.30866304039955	0.31550392508507	65.000000000000	0.00000000000000
29.809999465942	0.30979561805725	0.31584802269936	65.000000000000	0.00000000000000
29.819999694824	0.31092649698257	0.31618854403496	65.000000000000	0.00000000000000
29.829999923706	0.31205582618713	0.31652545928955	65.000000000000	0.00000000000000
29.840000152588	0.31318363547325	0.31685879826546	65.000000000000	0.00000000000000
29.850000381470	0.31430971622467	0.31718862056732	65.000000000000	0.00000000000000
29.860000610352	0.31543421745300	0.31751489639282	65.000000000000	0.00000000000000
29.870000839233	0.31655716896057	0.31783759593964	65.000000000000	0.00000000000000
29.879999160767	0.31767845153809	0.31815683841705	65.000000000000	0.00000000000000
29.889999389648	0.31879809498787	0.31847259402275	65.000000000000	0.00000000000000
29.899999618530	0.31991615891457	0.31878486275673	65.000000000000	0.00000000000000
29.909999847412	0.32103258371353	0.31909370422363	65.000000000000	0.00000000000000
29.920000076294	0.32214719057083	0.31939911842346	65.000000000000	0.00000000000000
29.930000305176	0.32326033711433	0.31970113515854	65.000000000000	0.00000000000000
29.940000534058	0.32437175512314	0.31999969482422	65.000000000000	0.00000000000000
29.950000762939	0.32548147439957	0.32029491662979	65.000000000000	0.00000000000000
29.959999084473	0.32658949494362	0.32058674097061	65.000000000000	0.00000000000000
29.969999313354	0.32769587635994	0.32087525725365	65.000000000000	0.00000000000000
29.979999542236	0.32880058884621	0.32116040587425	65.000000000000	0.00000000000000
29.989999771118	0.32990351319313	0.32144227623940	65.000000000000	0.00000000000000
30.000000000000	0.33100482821465	0.32172083854675	65.000000000000	0.00000000000000
30.010000228882	0.33210438489914	0.32199612259865	65.000000000000	0.00000000000000
30.020000457764	0.33320230245590	0.32226815819740	65.000000000000	0.00000000000000
30.030000686646	0.33429840207100	0.32253694534302	65.000000000000	0.00000000000000
30.040000915527	0.33539283275604	0.32280251383781	65.000000000000	0.00000000000000
30.049999237061	0.33648559451103	0.32306486368179	65.000000000000	0.00000000000000
30.059999465942	0.33757659792900	0.32332399487495	65.000000000000	0.00000000000000
30.069999694824	0.33866572380066	0.32357999682426	65.000000000000	0.00000000000000
30.079999923706	0.33975324034691	0.32383280992508	65.000000000000	0.00000000000000
30.090000152588	0.34083899855614	0.32408249378204	65.000000000000	0.00000000000000
30.100000381470	0.34192305803299	0.32432904839516	65.000000000000	0.00000000000000
30.110000610352	0.34300529956818	0.32457244396210	65.000000000000	0.00000000000000
30.120000839233	0.34408569335938	0.32481282949448	65.000000000000	0.00000000000000
30.129999160767	0.34516447782516	0.32505008578300	65.000000000000	0.00000000000000
30.139999389648	0.34624141454697	0.32528430223465	65.000000000000	0.00000000000000
30.149999618530	0.34731656312943	0.32551547884941	65.000000000000	0.00000000000000
30.159999847412	0.34839001297951	0.32574358582497	65.000000000000	0.00000000000000
30.170000076294	0.34946161508560	0.32596871256828	65.000000000000	0.00000000000000
30.180000305176	0.35053142905235	0.32619079947472	65.000000000000	0.00000000000000
30.190000534058	0.35159948468208	0.32640996575356	65.000000000000	0.00000000000000
30.200000762939	0.35266569256783	0.32662618160248	65.000000000000	0.00000000000000
30.209999084473	0.35373017191887	0.32683938741684	65.000000000000	0.00000000000000
30.219999313354	0.35479283332825	0.32704970240593	65.000000000000	0.00000000000000
30.229999542236	0.35585358738899	0.32725706696510	65.000000000000	0.00000000000000
30.239999771118	0.35691267251968	0.32746154069901	65.000000000000	0.00000000000000
30.250000000000	0.35796993970871	0.32766312360764	65.000000000000	0.00000000000000
30.260000228882	0.35902538895607	0.32786184549332	65.000000000000	0.00000000000000
30.270000457764	0.36007899045944	0.32805773615837	65.000000000000	0.00000000000000
30.280000686646	0.36113071441650	0.32825076580048	65.000000000000	0.00000000000000
30.290000915527	0.36218068003654	0.32844096422195	65.000000000000	0.00000000000000
30.299999237061	0.36322885751724	0.32862836122513	65.000000000000	0.00000000000000
30.309999465942	0.36427512764931	0.32881298661232	65.000000000000	0.00000000000000
30.319999694824	0.36531963944435	0.32899478077888	65.000000000000	0.00000000000000
30.329999923706	0.36636224389076	0.32917386293411	65.000000000000	0.00000000000000
30.340000152588	0.36740309000015	0.32935017347336	65.000000000000	0.00000000000000
30.350000381470	0.36844208836555	0.32952377200127	65.000000000000	0.00000000000000
30.360000610352	0.36947920918465	0.32969462871552	65.000000000000	0.00000000000000
30.370000839233	0.37051448225975	0.32986280322075	65.000000000000	0.00000000000000
30.379999160767	0.37154793739319	0.33002826571465	65.000000000000	0.00000000000000
30.389999389648	0.37257954478264	0.33019107580185	65.000000000000	0.00000000000000
30.399999618530	0.37360936403275	0.33035120368004	65.000000000000	0.00000000000000
30.409999847412	0.37463721632957	0.33050870895386	65.000000000000	0.00000000000000
30.420000076294	0.37566328048706	0.33066359162331	65.000000000000	0.00000000000000
30.430000305176	0.37668746709824	0.33081588149071	65.000000000000	0.00000000000000
30.440000534058	0.37770983576775	0.33096545934677	65.000000000000	0.00000000000000
30.450000762939	0.37873038649559	0.33111259341240	65.000000000000	0.00000000000000
30.459999084473	0.37974891066551	0.33125710487366	65.000000000000	0.00000000000000
30.469999313354	0.38076567649841	0.33139902353287	65.000000000000	0.00000000000000
30.479999542236	0.38178062438965	0.33153840899467	65.000000000000	0.00000000000000
30.489999771118	0.38279372453690	0.33167535066605	65.000000000000	0.00000000000000
30.500000000000	0.38380488753319	0.33180966973305	65.000000000000	0.00000000000000
30.510000228882	0.38481414318085	0.33194151520729	65.000000000000	0.00000000000000
30.520000457764	0.38582164049149	0.33207094669342	65.000000000000	0.00000000000000
30.530000686646	0.38682723045349	0.33219784498215	65.000000000000	0.00000000000000
30.540000915527	0.38783085346222	0.33232223987579	65.000000000000	0.00000000000000
30.549999237061	0.38883271813393	0.33244431018829	65.000000000000	0.00000000000000
30.559999465942	0.38983267545700	0.33256384730339	65.000000000000	0.00000000000000
30.569999694824	0.39083084464073	0.33268100023270	65.000000000000	0.00000000000000
30.579999923706	0.39182698726654	0.33279573917389	65.000000000000	0.00000000000000
30.590000152588	0.39282134175301	0.33290806412697	65.000000000000	0.00000000000000
30.600000381470	0.39381381869316	0.33301806449890	65.000000000000	0.00000000000000
30.610000610352	0.39480450749397	0.33312571048737	65.000000000000	0.00000000000000
30.620000839233	0.39579313993454	0.33323094248772	65.000000000000	0.00000000000000
30.629999160767	0.39678001403809	0.33333390951157	65.000000000000	0.00000000000000
30.639999389648	0.39776492118835	0.33343449234962	65.000000000000	0.00000000000000
30.649999618530	0.39874804019928	0.33353281021118	65.000000000000	0.00000000000000
30.659999847412	0.39972922205925	0.33362880349159	65.000000000000	0.00000000000000
30.670000076294	0.40070861577988	0.33372253179550	65.000000000000	0.00000000000000
30.680000305176	0.40168607234955	0.33381396532059	65.000000000000	0.00000000000000
30.690000534058	0.40266168117523	0.33390313386917	65.000000000000	0.00000000000000
30.700000762939	0.40363535284996	0.33399009704590	65.000000000000	0.00000000000000
30.709999084473	0.40460711717606	0.33407482504845	65.000000000000	0.00000000000000
30.719999313354	0.40557709336281	0.33415731787682	65.000000000000	0.00000000000000
30.729999542236	0.40654522180557	0.33423760533333	65.000000000000	0.00000000000000
30.739999771118	0.40751132369041	0.33431568741798	65.000000000000	0.00000000000000
30.750000000000	0.40847560763359	0.33439159393311	65.000000000000	0.00000000000000
30.760000228882	0.40943804383278	0.33446535468102	65.000000000000	0.00000000000000
30.770000457764	0.41039860248566	0.33453693985939	65.000000000000	0.00000000000000
30.780000686646	0.41135737299919	0.33460637927055	65.000000000000	0.00000000000000
30.790000915527	0.41231411695480	0.33467370271683	65.000000000000	0.00000000000000
30.799999237061	0.41326889395714	0.33473885059357	65.000000000000	0.00000000000000
30.809999465942	0.41422197222710	0.33480194211006	65.000000000000	0.00000000000000
30.819999694824	0.41517317295074	0.33486294746399	65.000000000000	0.00000000000000
30.829999923706	0.41612237691879	0.33492180705070	65.000000000000	0.00000000000000
30.840000152588	0.41706982254982	0.33497864007950	65.000000000000	0.00000000000000
30.850000381470	0.41801530122757	0.33503341674805	65.000000000000	0.00000000000000
30.860000610352	0.41895905137062	0.33508616685867	65.000000000000	0.00000000000000
30.870000839233	0.41990080475807	0.33513686060905	65.000000000000	0.00000000000000
30.879999160767	0.42084068059921	0.33518555760384	65.000000000000	0.00000000000000
30.889999389648	0.42177873849869	0.33523213863373	65.000000000000	0.00000000000000
30.899999618530	0.42271485924721	0.33527681231499	65.000000000000	0.00000000000000
30.909999847412	0.42364916205406	0.33531942963600	65.000000000000	0.00000000000000
30.920000076294	0.42458149790764	0.33536013960838	65.000000000000	0.00000000000000
30.930000305176	0.42551207542419	0.33539888262749	65.000000000000	0.00000000000000
30.940000534058	0.42644080519676	0.33543562889099	65.000000000000	0.00000000000000
30.950000762939	0.42736759781837	0.33547046780586	65.000000000000	0.00000000000000
30.959999084473	0.42829248309135	0.33550330996513	65.000000000000	0.00000000000000
30.969999313354	0.42921555042267	0.33553427457809	65.000000000000	0.00000000000000
30.979999542236	0.43013677000999	0.33556333184242	65.000000000000	0.00000000000000
30.989999771118	0.43105611205101	0.33559048175812	65.000000000000	0.00000000000000
31.000000000000	0.43197360634804	0.33561575412750	65.000000000000	0.00000000000000
31.010000228882	0.43288919329643	0.33563911914825	65.000000000000	0.00000000000000
31.020000457764	0.43380290269852	0.33566066622734	65.000000000000	0.00000000000000
31.030000686646	0.43471485376358	0.33568039536476	65.000000000000	0.00000000000000
31.040000915527	0.43562483787537	0.33569818735123	65.000000000000	0.00000000000000
31.049999237061	0.43653294444084	0.33571419119835	65.000000000000	0.00000000000000
31.059999465942	0.43743929266930	0.33572837710381	65.000000000000	0.00000000000000
31.069999694824	0.43834373354912	0.33574074506760	65.000000000000	0.00000000000000
31.079999923706	0.43924632668495	0.33575126528740	65.000000000000	0.00000000000000
31.090000152588	0.44014704227448	0.33576005697250	65.000000000000	0.00000000000000
31.100000381470	0.44104596972466	0.33576703071594	65.000000000000	0.00000000000000
31.110000610352	0.44194304943085	0.33577224612236	65.000000000000	0.00000000000000
31.120000839233	0.44283819198608	0.33577570319176	65.000000000000	0.00000000000000
31.129999160767	0.44373151659966	0.33577743172646	65.000000000000	0.00000000000000
31.139999389648	0.44462305307388	0.33577740192413	65.000000000000	0.00000000000000
31.149999618530	0.44551265239716	0.33577564358711	65.000000000000	0.00000000000000
31.159999847412	0.44640055298805	0.33577221632004	65.000000000000	0.00000000000000
31.170000076294	0.44728639721870	0.33576700091362	65.000000000000	0.00000000000000
31.180000305176	0.44817057251930	0.33576008677483	65.000000000000	0.00000000000000
31.190000534058	0.44905292987823	0.33575153350830	65.000000000000	0.00000000000000
31.200000762939	0.44993332028389	0.33574125170708	65.000000000000	0.00000000000000
31.209999084473	0.45081189274788	0.33572936058044	65.000000000000	0.00000000000000
31.219999313354	0.45168870687485	0.33571580052376	65.000000000000	0.00000000000000
31.229999542236	0.45256364345551	0.33570060133934	65.000000000000	0.00000000000000
31.239999771118	0.45343673229218	0.33568373322487	65.000000000000	0.00000000000000
31.250000000000	0.45430809259415	0.33566528558731	65.000000000000	0.00000000000000
31.260000228882	0.45517757534981	0.33564519882202	65.000000000000	0.00000000000000
31.270000457764	0.45604512095451	0.33562344312668	65.000000000000	0.00000000000000
31.280000686646	0.45691099762917	0.33560013771057	65.000000000000	0.00000000000000
31.290000915527	0.45777496695518	0.33557522296906	65.000000000000	0.00000000000000
31.299999237061	0.45863702893257	0.33554872870445	65.000000000000	0.00000000000000
31.309999465942	0.45949739217758	0.33552068471909	65.000000000000	0.00000000000000
31.319999694824	0.46035596728325	0.33549109101295	65.000000000000	0.00000000000000
31.329999923706	0.46121266484261	0.33545991778374	65.000000000000	0.00000000000000
31.340000152588	0.46206757426262	0.33542719483376	65.000000000000	0.00000000000000
31.350000381470	0.46292063593864	0.33539292216301	65.000000000000	0.00000000000000
31.360000610352	0.46377199888229	0.33535715937614	65.000000000000	0.00000000000000
31.370000839233	0.46462136507034	0.33531987667084	65.000000000000	0.00000000000000
31.379999160767	0.46546912193298	0.33528110384941	65.000000000000	0.00000000000000
31.389999389648	0.46631494164467	0.33524078130722	65.000000000000	0.00000000000000
31.399999618530	0.46715897321701	0.33519902825356	65.000000000000	0.00000000000000
31.409999847412	0.46800142526627	0.33515566587448	65.000000000000	0.00000000000000
31.420000076294	0.46884170174599	0.33511117100716	65.000000000000	0.00000000000000
31.430000305176	0.46968042850494	0.33506479859352	65.000000000000	0.00000000000000
31.440000534058	0.47051727771759	0.33501726388931	65.000000000000	0.00000000000000
31.450000762939	0.47135239839554	0.33496809005737	65.000000000000	0.00000000000000
31.459999084473	0.47218567132950	0.33491748571396	65.000000000000	0.00000000000000
31.469999313354	0.47301718592644	0.33486559987068	65.000000000000	0.00000000000000
31.479999542236	0.47384685277939	0.33481228351593	65.000000000000	0.00000000000000
31.489999771118	0.47467479109764	0.33475735783577	65.000000000000	0.00000000000000
31.500000000000	0.47550085186958	0.33470138907433	65.000000000000	0.00000000000000
31.510000228882	0.47632539272308	0.33464360237122	65.000000000000	0.00000000000000
31.520000457764	0.47714769840240	0.33458492159843	65.000000000000	0.00000000000000
31.530000686646	0.47796863317490	0.33452448248863	65.000000000000	0.00000000000000
31.540000915527	0.47878769040108	0.33446276187897	65.000000000000	0.00000000000000
31.549999237061	0.47960492968559	0.33439975976944	65.000000000000	0.00000000000000
31.559999465942	0.48042052984238	0.33433520793915	65.000000000000	0.00000000000000
31.569999694824	0.48123428225517	0.33426943421364	65.000000000000	0.00000000000000
31.579999923706	0.48204621672630	0.33420237898827	65.000000000000	0.00000000000000
31.590000152588	0.48285651206970	0.33413383364677	65.000000000000	0.00000000000000
31.600000381470	0.48366487026215	0.33406430482864	65.000000000000	0.00000000000000
31.610000610352	0.48447149991989	0.33399331569672	65.000000000000	0.00000000000000
31.620000839233	0.48527646064758	0.33392083644867	65.000000000000	0.00000000000000
31.629999160767	0.48607969284058	0.33384722471237	65.000000000000	0.00000000000000
31.639999389648	0.48688104748726	0.33377236127853	65.000000000000	0.00000000000000
31.649999618530	0.48768076300621	0.33369612693787	65.000000000000	0.00000000000000
31.659999847412	0.48847866058350	0.33361870050430	65.000000000000	0.00000000000000
31.670000076294	0.48927474021912	0.33354008197784	65.000000000000	0.00000000000000
31.680000305176	0.49006918072701	0.33346000313759	65.000000000000	0.00000000000000
31.690000534058	0.49086189270020	0.33337876200676	65.000000000000	0.00000000000000
31.700000762939	0.49165287613869	0.33329629898071	65.000000000000	0.00000000000000
31.709999084473	0.49244204163551	0.33321264386177	65.000000000000	0.00000000000000
31.719999313354	0.49322956800461	0.33312770724297	65.000000000000	0.00000000000000
31.729999542236	0.49401527643204	0.33304160833359	65.000000000000	0.00000000000000
31.739999771118	0.49479937553406	0.33295425772667	65.000000000000	0.00000000000000
31.750000000000	0.49558162689209	0.33286571502686	65.000000000000	0.00000000000000
31.760000228882	0.49636223912239	0.33277601003647	65.000000000000	0.00000000000000
31.770000457764	0.49714103341103	0.33268508315086	65.000000000000	0.00000000000000
31.780000686646	0.49791821837425	0.33259302377701	65.000000000000	0.00000000000000
31.790000915527	0.49869358539581	0.33249977231026	65.000000000000	0.00000000000000
31.799999237061	0.49946728348732	0.33240535855293	65.000000000000	0.00000000000000
31.809999465942	0.50023937225342	0.33230981230736	65.000000000000	0.00000000000000
31.819999694824	0.50100964307785	0.33221307396889	65.000000000000	0.00000000000000
31.829999923706	0.50177818536758	0.33211520314217	65.000000000000	0.00000000000000
31.840000152588	0.50254499912262	0.33201619982719	65.000000000000	0.00000000000000
31.850000381470	0.50331014394760	0.33191612362862	65.000000000000	0.00000000000000
31.860000610352	0.50407367944717	0.33181488513947	65.000000000000	0.00000000000000
31.870000839233	0.50483542680740	0.33171254396439	65.000000000000	0.00000000000000
31.879999160767	0.50559544563293	0.33160907030106	65.000000000000	0.00000000000000
31.889999389648	0.50635379552841	0.33150455355644	65.000000000000	0.00000000000000
31.899999618530	0.50711059570313	0.33139893412590	65.000000000000	0.00000000000000
31.909999847412	0.50786542892456	0.33129221200943	65.000000000000	0.00000000000000
31.920000076294	0.50861877202988	0.33118441700935	65.000000000000	0.00000000000000
31.930000305176	0.50937044620514	0.33107557892799	65.000000000000	0.00000000000000
31.940000534058	0.51012033224106	0.33096563816071	65.000000000000	0.00000000000000
31.950000762939	0.51086860895157	0.33085471391678	65.000000000000	0.00000000000000
31.959999084473	0.51161521673203	0.33074268698692	65.000000000000	0.00000000000000
31.969999313354	0.51236015558243	0.33062958717346	65.000000000000	0.00000000000000
31.979999542236	0.51310336589813	0.33051553368568	65.000000000000	0.00000000000000
31.989999771118	0.51384490728378	0.33040040731430	65.000000000000	0.00000000000000
32.000000000000	0.51458477973938	0.33028426766396	65.000000000000	0.00000000000000
32.009998321533	0.51532304286957	0.33016714453697	65.000000000000	0.00000000000000
32.020000457764	0.51605963706970	0.33004897832870	65.000000000000	0.00000000000000
32.029998779297	0.51679456233978	0.32992982864380	65.000000000000	0.00000000000000
32.040000915527	0.51752781867981	0.32980972528458	65.000000000000	0.00000000000000
32.049999237061	0.51825940608978	0.32968854904175	65.000000000000	0.00000000000000
32.060001373291	0.51898938417435	0.32956644892693	65.000000000000	0.00000000000000
32.069999694824	0.51971769332886	0.32944339513779	65.000000000000	0.00000000000000
32.080001831055	0.52044427394867	0.32931932806969	65.000000000000	0.00000000000000
32.090000152588	0.52116936445236	0.32919436693192	65.000000000000	0.00000000000000
32.099998474121	0.52189272642136	0.32906836271286	65.000000000000	0.00000000000000
32.110000610352	0.52261447906494	0.32894149422646	65.000000000000	0.00000000000000
32.119998931885	0.52333450317383	0.32881367206573	65.000000000000	0.00000000000000
32.130001068115	0.52405303716660	0.32868489623070	65.000000000000	0.00000000000000
32.139999389648	0.52476990222931	0.32855519652367	65.000000000000	0.00000000000000
32.150001525879	0.52548509836197	0.32842457294464	65.000000000000	0.00000000000000
32.159999847412	0.52619868516922	0.32829302549362	65.000000000000	0.00000000000000
32.169998168945	0.52691066265106	0.32816058397293	65.000000000000	0.00000000000000
32.180000305176	0.52762097120285	0.32802730798721	65.000000000000	0.00000000000000
32.189998626709	0.52832967042923	0.32789301872253	65.000000000000	0.00000000000000
32.200000762939	0.52903676033020	0.32775789499283	65.000000000000	0.00000000000000
32.209999084473	0.52974224090576	0.32762190699577	65.000000000000	0.00000000000000
32.220001220703	0.53044611215591	0.32748502492905	65.000000000000	0.00000000000000
32.229999542236	0.53114849328995	0.32734727859497	65.000000000000	0.00000000000000
32.240001678467	0.53184914588928	0.32720866799355	65.000000000000	0.00000000000000
32.250000000000	0.53254824876785	0.32706919312477	65.000000000000	0.00000000000000
32.259998321533	0.53324562311172	0.32692888379097	65.000000000000	0.00000000000000
32.270000457764	0.53394156694412	0.32678773999214	65.000000000000	0.00000000000000
32.279998779297	0.53463584184647	0.32664570212364	65.000000000000	0.00000000000000
32.290000915527	0.53532856702805	0.32650291919708	65.000000000000	0.00000000000000
32.299999237061	0.53601956367493	0.32635924220085	65.000000000000	0.00000000000000
32.310001373291	0.53670907020569	0.32621473073959	65.000000000000	0.00000000000000
32.319999694824	0.53739708662033	0.32606944441795	65.000000000000	0.00000000000000
32.330001831055	0.53808337450027	0.32592332363129	65.000000000000	0.00000000000000
32.340000152588	0.53876817226410	0.32577648758888	65.000000000000	0.00000000000000
32.349998474121	0.53945136070251	0.32562875747681	65.000000000000	0.00000000000000
32.360000610352	0.54013299942017	0.32548028230667	65.000000000000	0.00000000000000
32.369998931885	0.54081308841705	0.32533097267151	65.000000000000	0.00000000000000
32.380001068115	0.54149150848389	0.32518100738525	65.000000000000	0.00000000000000
32.389999389648	0.54216837882996	0.32503011822701	65.000000000000	0.00000000000000
32.400001525879	0.54284387826920	0.32487857341766	65.000000000000	0.00000000000000
32.409999847412	0.54351770877838	0.32472625374794	65.000000000000	0.00000000000000
32.419998168945	0.54418987035751	0.32457312941551	65.000000000000	0.00000000000000
32.430000305176	0.54486060142517	0.32441926002502	65.000000000000	0.00000000000000
32.439998626709	0.54552972316742	0.32426467537880	65.000000000000	0.00000000000000
32.450000762939	0.54619729518890	0.32410937547684	65.000000000000	0.00000000000000
32.459999084473	0.54686343669891	0.32395330071449	65.000000000000	0.00000000000000
32.470001220703	0.54752796888351	0.32379648089409	65.000000000000	0.00000000000000
32.479999542236	0.54819083213806	0.32363900542259	65.000000000000	0.00000000000000
32.490001678467	0.54885238409042	0.32348075509071	65.000000000000	0.00000000000000
32.500000000000	0.54951220750809	0.32332178950310	65.000000000000	0.00000000000000
32.509998321533	0.55017066001892	0.32316213846207	65.000000000000	0.00000000000000
32.520000457764	0.55082750320435	0.32300183176994	65.000000000000	0.00000000000000
32.529998779297	0.55148279666901	0.32284080982208	65.000000000000	0.00000000000000
32.540000915527	0.55213660001755	0.32267910242081	65.000000000000	0.00000000000000
32.549999237061	0.55278891324997	0.32251676917076	65.000000000000	0.00000000000000
32.560001373291	0.55343967676163	0.32235363125801	65.000000000000	0.00000000000000
32.569999694824	0.55408895015717	0.32218989729881	65.000000000000	0.00000000000000
32.580001831055	0.55473661422729	0.32202553749084	65.000000000000	0.00000000000000
32.590000152588	0.55538290739059	0.32186043262482	65.000000000000	0.00000000000000
32.599998474121	0.55602765083313	0.32169473171234	65.000000000000	0.00000000000000
32.610000610352	0.55667090415955	0.32152834534645	65.000000000000	0.00000000000000
32.619998931885	0.55731266736984	0.32136136293411	65.000000000000	0.00000000000000
32.630001068115	0.55795294046402	0.32119372487068	65.000000000000	0.00000000000000
32.639999389648	0.55859166383743	0.32102543115616	65.000000000000	0.00000000000000
32.650001525879	0.55922895669937	0.32085654139519	65.000000000000	0.00000000000000
32.659999847412	0.55986475944519	0.32068696618080	65.000000000000	0.00000000000000
32.669998168945	0.56049901247025	0.32051682472229	65.000000000000	0.00000000000000
32.680000305176	0.56113183498383	0.32034611701965	65.000000000000	0.00000000000000
32.689998626709	0.56176316738129	0.32017472386360	65.000000000000	0.00000000000000
32.700000762939	0.56239306926727	0.32000276446342	65.000000000000	0.00000000000000
32.709999084473	0.56302148103714	0.31983020901680	65.000000000000	0.00000000000000
32.720001220703	0.56364846229553	0.31965705752373	65.000000000000	0.00000000000000
32.729999542236	0.56427389383316	0.31948333978653	65.000000000000	0.00000000000000
32.740001678467	0.56489789485931	0.31930902600288	65.000000000000	0.00000000000000
32.750000000000	0.56552046537399	0.31913417577744	65.000000000000	0.00000000000000
32.759998321533	0.56614160537720	0.31895869970322	65.000000000000	0.00000000000000
32.770000457764	0.56676119565964	0.31878265738487	65.000000000000	0.00000000000000
32.779998779297	0.56737935543060	0.31860607862473	65.000000000000	0.00000000000000
32.790000915527	0.56799614429474	0.31842893362045	65.000000000000	0.00000000000000
32.799999237061	0.56861144304276	0.31825128197670	65.000000000000	0.00000000000000
32.810001373291	0.56922537088394	0.31807303428650	65.000000000000	0.00000000000000
32.819999694824	0.56983780860901	0.31789427995682	65.000000000000	0.00000000000000
32.830001831055	0.57044881582260	0.31771495938301	65.000000000000	0.00000000000000
32.840000152588	0.57105839252472	0.31753510236740	65.000000000000	0.00000000000000
32.849998474121	0.57166653871536	0.31735476851463	65.000000000000	0.00000000000000
32.860000610352	0.57227325439453	0.31717386841774	65.000000000000	0.00000000000000
32.869998931885	0.57287859916687	0.31699249148369	65.000000000000	0.00000000000000
32.880001068115	0.57348245382309	0.31681057810783	65.000000000000	0.00000000000000
32.889999389648	0.57408499717712	0.31662818789482	65.000000000000	0.00000000000000
32.900001525879	0.57468599081039	0.31644526124001	65.000000000000	0.00000000000000
32.909999847412	0.57528567314148	0.31626188755035	65.000000000000	0.00000000000000
32.919998168945	0.57588404417038	0.31607794761658	65.000000000000	0.00000000000000
32.930000305176	0.57648086547852	0.31589356064796	65.000000000000	0.00000000000000
32.939998626709	0.57707637548447	0.31570866703987	65.000000000000	0.00000000000000
32.950000762939	0.57767039537430	0.31552332639694	65.000000000000	0.00000000000000
32.959999084473	0.57826316356659	0.31533750891685	65.000000000000	0.00000000000000
32.970001220703	0.57885438203812	0.31515118479729	65.000000000000	0.00000000000000
32.979999542236	0.57944428920746	0.31496444344521	65.000000000000	0.00000000000000
32.990001678467	0.58003282546997	0.31477722525597	65.000000000000	0.00000000000000
33.000000000000	0.58061999082565	0.31458958983421	65.000000000000	0.00000000000000
33.009998321533	0.58120584487915	0.31440144777298	65.000000000000	0.00000000000000
33.020000457764	0.58179026842117	0.31421288847923	65.000000000000	0.00000000000000
33.029998779297	0.58237332105637	0.31402388215065	65.000000000000	0.00000000000000
33.040000915527	0.58295506238937	0.31383439898491	65.000000000000	0.00000000000000
33.049999237061	0.58353537321091	0.31364452838898	65.000000000000	0.00000000000000
33.060001373291	0.58411443233490	0.31345421075821	65.000000000000	0.00000000000000
33.069999694824	0.58469200134277	0.31326347589493	65.000000000000	0.00000000000000
33.080001831055	0.58526825904846	0.31307232379913	65.000000000000	0.00000000000000
33.090000152588	0.58584320545197	0.31288072466850	65.000000000000	0.00000000000000
33.099998474121	0.58641684055328	0.31268876791000	65.000000000000	0.00000000000000
33.110000610352	0.58698910474777	0.31249639391899	65.000000000000	0.00000000000000
33.119998931885	0.58755999803543	0.31230360269547	65.000000000000	0.00000000000000
33.130001068115	0.58812969923019	0.31211039423943	65.000000000000	0.00000000000000
33.139999389648	0.58869785070419	0.31191679835320	65.000000000000	0.00000000000000
33.150001525879	0.58926486968994	0.31172281503677	65.000000000000	0.00000000000000
33.159999847412	0.58983045816422	0.31152847409248	65.000000000000	0.00000000000000
33.169998168945	0.59039479494095	0.31133371591568	65.000000000000	0.00000000000000
33.180000305176	0.59095782041550	0.31113860011101	65.000000000000	0.00000000000000
33.189998626709	0.59151953458786	0.31094309687614	65.000000000000	0.00000000000000
33.200000762939	0.59207987785339	0.31074720621109	65.000000000000	0.00000000000000
33.209999084473	0.59263896942139	0.31055095791817	65.000000000000	0.00000000000000
33.220001220703	0.59319669008255	0.31035435199738	65.000000000000	0.00000000000000
33.229999542236	0.59375321865082	0.31015738844872	65.000000000000	0.00000000000000
33.240001678467	0.59430843591690	0.30996003746986	65.000000000000	0.00000000000000
33.250000000000	0.59486240148544	0.30976241827011	65.000000000000	0.00000000000000
33.259998321533	0.59541499614716	0.30956438183784	65.000000000000	0.00000000000000
33.270000457764	0.59596639871597	0.30936604738235	65.000000000000	0.00000000000000
33.279998779297	0.59651643037796	0.30916729569435	65.000000000000	0.00000000000000
33.290000915527	0.59706526994705	0.30896827578545	65.000000000000	0.00000000000000
33.299999237061	0.59761279821396	0.30876889824867	65.000000000000	0.00000000000000
33.310001373291	0.59815907478333	0.30856919288635	65.000000000000	0.00000000000000
33.319999694824	0.59870409965515	0.30836915969849	65.000000000000	0.00000000000000
33.330001831055	0.59924787282944	0.30816879868507	65.000000000000	0.00000000000000
33.340000152588	0.59979033470154	0.30796810984612	65.000000000000	0.00000000000000
33.349998474121	0.60033166408539	0.30776712298393	65.000000000000	0.00000000000000
33.360000610352	0.60087168216705	0.30756583809853	65.000000000000	0.00000000000000
33.369998931885	0.60141044855118	0.30736422538757	65.000000000000	0.00000000000000
33.380001068115	0.60194796323776	0.30716231465340	65.000000000000	0.00000000000000
33.389999389648	0.60248422622681	0.30696010589600	65.000000000000	0.00000000000000
33.400001525879	0.60301929712296	0.30675756931305	65.000000000000	0.00000000000000
33.409999847412	0.60355323553085	0.30655476450920	65.000000000000	0.00000000000000
33.419998168945	0.60408574342728	0.30635166168213	65.000000000000	0.00000000000000
33.430000305176	0.60461723804474	0.30614826083183	65.000000000000	0.00000000000000
33.439998626709	0.60514736175537	0.30594459176064	65.000000000000	0.00000000000000
33.450000762939	0.60567635297775	0.30574062466621	65.000000000000	0.00000000000000
33.459999084473	0.60620415210724	0.30553638935089	65.000000000000	0.00000000000000
33.470001220703	0.60673069953918	0.30533188581467	65.000000000000	0.00000000000000
33.479999542236	0.60725611448288	0.30512708425522	65.000000000000	0.00000000000000
33.490001678467	0.60778021812439	0.30492201447487	65.000000000000	0.00000000000000
33.500000000000	0.60830318927765	0.30471670627594	65.000000000000	0.00000000000000
33.509998321533	0.60882496833801	0.30451107025146	65.000000000000	0.00000000000000
33.520000457764	0.60934561491013	0.30430522561073	65.000000000000	0.00000000000000
33.529998779297	0.60986495018005	0.30409911274910	65.000000000000	0.00000000000000
33.540000915527	0.61038321256638	0.30389276146889	65.000000000000	0.00000000000000
33.549999237061	0.61090034246445	0.30368611216545	65.000000000000	0.00000000000000
33.560001373291	0.61141616106033	0.30347925424576	65.000000000000	0.00000000000000
33.569999694824	0.61193090677261	0.30327209830284	65.000000000000	0.00000000000000
33.580001831055	0.61244440078735	0.30306473374367	65.000000000000	0.00000000000000
33.590000152588	0.61295688152313	0.30285713076591	65.000000000000	0.00000000000000
33.599998474121	0.61346811056137	0.30264928936958	65.000000000000	0.00000000000000
33.610000610352	0.61397826671600	0.30244120955467	65.000000000000	0.00000000000000
33.619998931885	0.61448717117310	0.30223286151886	65.000000000000	0.00000000000000
33.630001068115	0.61499506235123	0.30202433466911	65.000000000000	0.00000000000000
33.639999389648	0.61550170183182	0.30181550979614	65.000000000000	0.00000000000000
33.650001525879	0.61600726842880	0.30160653591156	65.000000000000	0.00000000000000
33.659999847412	0.61651170253754	0.30139726400375	65.000000000000	0.00000000000000
33.669998168945	0.61701494455338	0.30118781328201	65.000000000000	0.00000000000000
33.680000305176	0.61751711368561	0.30097815394402	65.000000000000	0.00000000000000
33.689998626709	0.61801815032959	0.30076822638512	65.000000000000	0.00000000000000
33.700000762939	0.61851811408997	0.30055812001228	65.000000000000	0.00000000000000
33.709999084473	0.61901688575745	0.30034774541855	65.000000000000	0.00000000000000
33.720001220703	0.61951458454132	0.30013722181320	65.000000000000	0.00000000000000
33.729999542236	0.62001121044159	0.29992648959160	65.000000000000	0.00000000000000
33.740001678467	0.62050670385361	0.29971551895142	65.000000000000	0.00000000000000
33.750000000000	0.62100112438202	0.29950436949730	65.000000000000	0.00000000000000
33.759998321533	0.62149447202682	0.29929301142693	65.000000000000	0.00000000000000
33.770000457764	0.62198668718338	0.29908141493797	65.000000000000	0.00000000000000
33.779998779297	0.62247776985168	0.29886960983276	65.000000000000	0.00000000000000
33.790000915527	0.62296783924103	0.29865768551826	65.000000000000	0.00000000000000
33.799999237061	0.62345677614212	0.29844552278519	65.000000000000	0.00000000000000
33.810001373291	0.62394469976425	0.29823315143585	65.000000000000	0.00000000000000
33.819999694824	0.62443155050278	0.29802063107491	65.000000000000	0.00000000000000
33.830001831055	0.62491726875305	0.29780787229538	65.000000000000	0.00000000000000
33.840000152588	0.62540197372437	0.29759493470192	65.000000000000	0.00000000000000
33.849998474121	0.62588560581207	0.29738181829453	65.000000000000	0.00000000000000
33.860000610352	0.62636822462082	0.29716852307320	65.000000000000	0.00000000000000
33.869998931885	0.62684977054596	0.29695504903793	65.000000000000	0.00000000000000
33.880001068115	0.62733024358749	0.29674136638641	65.000000000000	0.00000000000000
33.889999389648	0.62780970335007	0.29652750492096	65.000000000000	0.00000000000000
33.900001525879	0.62828803062439	0.29631349444389	65.000000000000	0.00000000000000
33.909999847412	0.62876540422440	0.29609930515289	65.000000000000	0.00000000000000
33.919998168945	0.62924170494080	0.29588487744331	65.000000000000	0.00000000000000
33.930000305176	0.62971699237823	0.29567036032677	65.000000000000	0.00000000000000
33.939998626709	0.63019126653671	0.29545563459396	65.000000000000	0.00000000000000
33.950000762939	0.63066452741623	0.29524073004723	65.000000000000	0.00000000000000
33.959999084473	0.63113671541214	0.29502564668655	65.000000000000	0.00000000000000
33.970001220703	0.63160794973373	0.29481038451195	65.000000000000	0.00000000000000
33.979999542236	0.63207805156708	0.29459497332573	65.000000000000	0.00000000000000
33.990001678467	0.63254731893539	0.29437938332558	65.000000000000	0.00000000000000
34.000000000000	0.63301545381546	0.29416364431381	65.000000000000	0.00000000000000
34.009998321533	0.63348263502121	0.29394772648811	65.000000000000	0.00000000000000
34.020000457764	0.63394880294800	0.29373165965080	65.000000000000	0.00000000000000
34.029998779297	0.63441401720047	0.29351538419724	65.000000000000	0.00000000000000
34.040000915527	0.63487821817398	0.29329895973206	65.000000000000	0.00000000000000
34.049999237061	0.63534134626389	0.29308244585991	65.000000000000	0.00000000000000
34.060001373291	0.63580358028412	0.29286569356918	65.000000000000	0.00000000000000
34.069999694824	0.63626480102539	0.29264882206917	65.000000000000	0.00000000000000
34.080001831055	0.63672506809235	0.29243177175522	65.000000000000	0.00000000000000
34.090000152588	0.63718432188034	0.29221454262733	65.000000000000	0.00000000000000
34.099998474121	0.63764256238937	0.29199719429016	65.000000000000	0.00000000000000
34.110000610352	0.63809984922409	0.29177966713905	65.000000000000	0.00000000000000
34.119998931885	0.63855624198914	0.29156196117401	65.000000000000	0.00000000000000
34.130001068115	0.63901162147522	0.29134413599968	65.000000000000	0.00000000000000
34.139999389648	0.63946610689163	0.29112619161606	65.000000000000	0.00000000000000
34.150001525879	0.63991945981979	0.29090803861618	65.000000000000	0.00000000000000
34.159999847412	0.64037203788757	0.29068970680237	65.000000000000	0.00000000000000
34.169998168945	0.64082360267639	0.29047128558159	65.000000000000	0.00000000000000
34.180000305176	0.64127421379089	0.29025265574455	65.000000000000	0.00000000000000
34.189998626709	0.64172387123108	0.29003393650055	65.000000000000	0.00000000000000
34.200000762939	0.64217257499695	0.28981500864029	65.000000000000	0.00000000000000
34.209999084473	0.64262032508850	0.28959593176842	65.000000000000	0.00000000000000
34.220001220703	0.64306724071503	0.28937673568726	65.000000000000	0.00000000000000
34.229999542236	0.64351326227188	0.28915733098984	65.000000000000	0.00000000000000
34.240001678467	0.64395821094513	0.28893774747849	65.000000000000	0.00000000000000
34.250000000000	0.64440226554871	0.28871810436249	65.000000000000	0.00000000000000
34.259998321533	0.64484530687332	0.28849840164185	65.000000000000	0.00000000000000
34.270000457764	0.64528751373291	0.28827831149101	65.000000000000	0.00000000000000
34.279998779297	0.64572864770889	0.28805848956108	65.000000000000	0.00000000000000
34.290000915527	0.64616906642914	0.28783833980560	65.000000000000	0.00000000000000
34.299999237061	0.64660853147507	0.28761774301529	65.000000000000	0.00000000000000
34.310001373291	0.64704710245132	0.28739714622498	65.000000000000	0.00000000000000
34.319999694824	0.64748466014862	0.28717648983002	65.000000000000	0.00000000000000
34.330001831055	0.64792132377625	0.28695577383041	65.000000000000	0.00000000000000
34.340000152588	0.64835727214813	0.28673443198204	65.000000000000	0.00000000000000
34.349998474121	0.64879214763641	0.28651329874992	65.000000000000	0.00000000000000
34.360000610352	0.64922612905502	0.28629219532013	65.000000000000	0.00000000000000
34.369998931885	0.64965927600861	0.28607034683228	65.000000000000	0.00000000000000
34.380001068115	0.65009135007858	0.28584915399551	65.000000000000	0.00000000000000
34.389999389648	0.65052270889282	0.28562730550766	65.000000000000	0.00000000000000
34.400001525879	0.65095305442810	0.28540542721748	65.000000000000	0.00000000000000
34.409999847412	0.65138256549835	0.28518331050873	65.000000000000	0.00000000000000
34.419998168945	0.65181124210358	0.28496116399765	65.000000000000	0.00000000000000
34.430000305176	0.65223896503448	0.28473877906799	65.000000000000	0.00000000000000
34.439998626709	0.65266579389572	0.28451630473137	65.000000000000	0.00000000000000
34.450000762939	0.65309178829193	0.28429368138313	65.000000000000	0.00000000000000
34.459999084473	0.65351688861847	0.28407087922096	65.000000000000	0.00000000000000
34.470001220703	0.65394109487534	0.28384795784950	65.000000000000	0.00000000000000
34.479999542236	0.65436440706253	0.28362485766411	65.000000000000	0.00000000000000
34.490001678467	0.65478688478470	0.28340157866478	65.000000000000	0.00000000000000
34.500000000000	0.65520846843719	0.28317824006081	65.000000000000	0.00000000000000
34.509998321533	0.65562915802002	0.28295469284058	65.000000000000	0.00000000000000
34.520000457764	0.65604895353317	0.28273096680641	65.000000000000	0.00000000000000
34.529998779297	0.65646797418594	0.28250715136528	65.000000000000	0.00000000000000
34.540000915527	0.65688610076904	0.28228315711021	65.000000000000	0.00000000000000
34.549999237061	0.65730333328247	0.28205901384354	65.000000000000	0.00000000000000
34.560001373291	0.65771973133087	0.28183472156525	65.000000000000	0.00000000000000
34.569999694824	0.65813517570496	0.28161031007767	65.000000000000	0.00000000000000
34.580001831055	0.65854984521866	0.28138568997383	65.000000000000	0.00000000000000
34.590000152588	0.65896362066269	0.28116092085838	65.000000000000	0.00000000000000
34.599998474121	0.65937656164169	0.28093603253365	65.000000000000	0.00000000000000
34.610000610352	0.65978866815567	0.28071096539497	65.000000000000	0.00000000000000
34.619998931885	0.66019982099533	0.28048577904701	65.000000000000	0.00000000000000
34.630001068115	0.66061025857925	0.28026041388512	65.000000000000	0.00000000000000
34.639999389648	0.66101968288422	0.28003486990929	65.000000000000	0.00000000000000
34.650001525879	0.66142839193344	0.27980923652649	65.000000000000	0.00000000000000
34.659999847412	0.66183614730835	0.27958339452744	65.000000000000	0.00000000000000
34.669998168945	0.66224312782288	0.27935746312141	65.000000000000	0.00000000000000
34.680000305176	0.66264915466309	0.27913132309914	65.000000000000	0.00000000000000
34.689998626709	0.66305446624756	0.27890503406525	65.000000000000	0.00000000000000
34.700000762939	0.66345882415771	0.27867859601974	65.000000000000	0.00000000000000
34.709999084473	0.66386234760284	0.27845197916031	65.000000000000	0.00000000000000
34.720001220703	0.66426503658295	0.27822524309158	65.000000000000	0.00000000000000
34.729999542236	0.66466689109802	0.27799835801125	65.000000000000	0.00000000000000
34.740001678467	0.66506791114807	0.27777129411697	65.000000000000	0.00000000000000
34.750000000000	0.66546797752380	0.27754408121109	65.000000000000	0.00000000000000
34.759998321533	0.66586726903915	0.27731671929359	65.000000000000	0.00000000000000
34.770000457764	0.66626572608948	0.27708917856216	65.000000000000	0.00000000000000
34.779998779297	0.66666340827942	0.27686151862144	65.000000000000	0.00000000000000
34.790000915527	0.66706013679504	0.27663367986679	65.000000000000	0.00000000000000
34.799999237061	0.66745609045029	0.27640569210052	65.000000000000	0.00000000000000
34.810001373291	0.66785115003586	0.27617755532265	65.000000000000	0.00000000000000
34.819999694824	0.66824525594711	0.27594923973083	65.000000000000	0.00000000000000
34.830001831055	0.66863870620728	0.27572077512741	65.000000000000	0.00000000000000
34.840000152588	0.66903114318848	0.27549216151237	65.000000000000	0.00000000000000
34.849998474121	0.66942292451859	0.27526339888573	65.000000000000	0.00000000000000
34.860000610352	0.66981375217438	0.27503445744514	65.000000000000	0.00000000000000
34.869998931885	0.67020374536514	0.27480536699295	65.000000000000	0.00000000000000
34.880001068115	0.67059284448624	0.27457612752914	65.000000000000	0.00000000000000
34.889999389648	0.67098110914230	0.27434673905373	65.000000000000	0.00000000000000
34.900001525879	0.67136859893799	0.27411720156670	65.000000000000	0.00000000000000
34.909999847412	0.67175519466400	0.27388751506805	65.000000000000	0.00000000000000
34.919998168945	0.67214095592499	0.27365764975548	65.000000000000	0.00000000000000
34.930000305176	0.67252594232559	0.27342763543129	65.000000000000	0.00000000000000
34.939998626709	0.67290991544724	0.27319747209549	65.000000000000	0.00000000000000
34.950000762939	0.67329311370850	0.27296712994576	65.000000000000	0.00000000000000
34.959999084473	0.67367547750473	0.27273663878441	65.000000000000	0.00000000000000
34.970001220703	0.67405706644058	0.27250605821609	65.000000000000	0.00000000000000
34.979999542236	0.67443770170212	0.27227529883385	65.000000000000	0.00000000000000
34.990001678467	0.67481756210327	0.27204436063766	65.000000000000	0.00000000000000
35.000000000000	0.67519646883011	0.27181327342987	65.000000000000	0.00000000000000
