#Parameters = {d=0.27097989949747; l2=5.4195979899495; lambda=10.839195979899; r=0.03651725125628}
#"Frequency / GHz"	"S1,1 (lambda=10.8392) [Re]"	"S1,1 (lambda=10.8392) [Im]"	"Ref.Imp. [Re]"	"Ref.Imp. [Im]"
#-----------------------------------------------------------------------------------------------------------
25.000000000000	0.0071897879242897	0.033824991434813	65.000000000000	0.00000000000000
25.010000228882	0.0079609574750066	0.035809449851513	65.000000000000	0.00000000000000
25.020000457764	0.0087398141622543	0.037787675857544	65.000000000000	0.00000000000000
25.030000686646	0.0095263272523880	0.039759639650583	65.000000000000	0.00000000000000
25.040000915527	0.010320406407118	0.041725296527147	65.000000000000	0.00000000000000
25.049999237061	0.011122000403702	0.043684624135494	65.000000000000	0.00000000000000
25.059999465942	0.011931061744690	0.045637585222721	65.000000000000	0.00000000000000
25.069999694824	0.012747535482049	0.047584138810635	65.000000000000	0.00000000000000
25.079999923706	0.013571367599070	0.049524262547493	65.000000000000	0.00000000000000
25.090000152588	0.014402464032173	0.051457919180393	65.000000000000	0.00000000000000
25.100000381470	0.015240821987391	0.053385071456432	65.000000000000	0.00000000000000
25.110000610352	0.016086341813207	0.055305704474449	65.000000000000	0.00000000000000
25.120000839233	0.016938997432590	0.057219773530960	65.000000000000	0.00000000000000
25.129999160767	0.017798706889153	0.059127256274223	65.000000000000	0.00000000000000
25.139999389648	0.018665416166186	0.061028115451336	65.000000000000	0.00000000000000
25.149999618530	0.019539063796401	0.062922336161137	65.000000000000	0.00000000000000
25.159999847412	0.020419618114829	0.064809873700142	65.000000000000	0.00000000000000
25.170000076294	0.021306999027729	0.066690713167191	65.000000000000	0.00000000000000
25.180000305176	0.022201154381037	0.068564832210541	65.000000000000	0.00000000000000
25.190000534058	0.023102013394237	0.070432186126709	65.000000000000	0.00000000000000
25.200000762939	0.024009544402361	0.072292760014534	65.000000000000	0.00000000000000
25.209999084473	0.024923676624894	0.074146531522274	65.000000000000	0.00000000000000
25.219999313354	0.025844326242805	0.075993478298187	65.000000000000	0.00000000000000
25.229999542236	0.026771493256092	0.077833563089371	65.000000000000	0.00000000000000
25.239999771118	0.027705060318112	0.079666770994663	65.000000000000	0.00000000000000
25.250000000000	0.028645008802414	0.081493072211742	65.000000000000	0.00000000000000
25.260000228882	0.029591251164675	0.083312451839447	65.000000000000	0.00000000000000
25.270000457764	0.030543750151992	0.085124894976616	65.000000000000	0.00000000000000
25.280000686646	0.031502455472946	0.086930356919765	65.000000000000	0.00000000000000
25.290000915527	0.032467309385538	0.088728830218315	65.000000000000	0.00000000000000
25.299999237061	0.033438213169575	0.090520299971104	65.000000000000	0.00000000000000
25.309999465942	0.034415144473314	0.092304743826389	65.000000000000	0.00000000000000
25.319999694824	0.035398043692112	0.094082139432430	65.000000000000	0.00000000000000
25.329999923706	0.036386825144291	0.095852479338646	65.000000000000	0.00000000000000
25.340000152588	0.037381470203400	0.097615718841553	65.000000000000	0.00000000000000
25.350000381470	0.038381911814213	0.099371865391731	65.000000000000	0.00000000000000
25.360000610352	0.039388079196215	0.10112088173628	65.000000000000	0.00000000000000
25.370000839233	0.040399920195341	0.10286277532578	65.000000000000	0.00000000000000
25.379999160767	0.041417393833399	0.10459751635790	65.000000000000	0.00000000000000
25.389999389648	0.042440403252840	0.10632507503033	65.000000000000	0.00000000000000
25.399999618530	0.043468944728374	0.10804545879364	65.000000000000	0.00000000000000
25.409999847412	0.044502876698971	0.10975865274668	65.000000000000	0.00000000000000
25.420000076294	0.045542269945145	0.11146461963654	65.000000000000	0.00000000000000
25.430000305176	0.046586934477091	0.11316338181496	65.000000000000	0.00000000000000
25.440000534058	0.047636907547712	0.11485489457846	65.000000000000	0.00000000000000
25.450000762939	0.048692081123590	0.11653915792704	65.000000000000	0.00000000000000
25.459999084473	0.049752406775951	0.11821614205837	65.000000000000	0.00000000000000
25.469999313354	0.050817880779505	0.11988586932421	65.000000000000	0.00000000000000
25.479999542236	0.051888346672058	0.12154830992222	65.000000000000	0.00000000000000
25.489999771118	0.052963837981224	0.12320344895124	65.000000000000	0.00000000000000
25.500000000000	0.054044276475906	0.12485128641129	65.000000000000	0.00000000000000
25.510000228882	0.055129554122686	0.12649179995060	65.000000000000	0.00000000000000
25.520000457764	0.056219689548016	0.12812496721745	65.000000000000	0.00000000000000
25.530000686646	0.057314585894346	0.12975081801414	65.000000000000	0.00000000000000
25.540000915527	0.058414161205292	0.13136935234070	65.000000000000	0.00000000000000
25.549999237061	0.059518400579691	0.13298051059246	65.000000000000	0.00000000000000
25.559999465942	0.060627259314060	0.13458429276943	65.000000000000	0.00000000000000
25.569999694824	0.061740685254335	0.13618072867393	65.000000000000	0.00000000000000
25.579999923706	0.062858574092388	0.13776978850365	65.000000000000	0.00000000000000
25.590000152588	0.063980899751186	0.13935147225857	65.000000000000	0.00000000000000
25.600000381470	0.065107598900795	0.14092577993870	65.000000000000	0.00000000000000
25.610000610352	0.066238634288311	0.14249268174171	65.000000000000	0.00000000000000
25.620000839233	0.067373916506767	0.14405217766762	65.000000000000	0.00000000000000
25.629999160767	0.068513445556164	0.14560429751873	65.000000000000	0.00000000000000
25.639999389648	0.069657132029533	0.14714901149273	65.000000000000	0.00000000000000
25.649999618530	0.070804893970490	0.14868631958961	65.000000000000	0.00000000000000
25.659999847412	0.071956738829613	0.15021620690823	65.000000000000	0.00000000000000
25.670000076294	0.073112607002258	0.15173867344856	65.000000000000	0.00000000000000
25.680000305176	0.074272401630878	0.15325373411179	65.000000000000	0.00000000000000
25.690000534058	0.075436078011990	0.15476138889790	65.000000000000	0.00000000000000
25.700000762939	0.076603591442108	0.15626162290573	65.000000000000	0.00000000000000
25.709999084473	0.077774912118912	0.15775440633297	65.000000000000	0.00000000000000
25.719999313354	0.078949972987175	0.15923981368542	65.000000000000	0.00000000000000
25.729999542236	0.080128706991673	0.16071777045727	65.000000000000	0.00000000000000
25.739999771118	0.081311084330082	0.16218832135201	65.000000000000	0.00000000000000
25.750000000000	0.082497030496597	0.16365145146847	65.000000000000	0.00000000000000
25.760000228882	0.083686441183090	0.16510716080666	65.000000000000	0.00000000000000
25.770000457764	0.084879405796528	0.16655543446541	65.000000000000	0.00000000000000
25.780000686646	0.086075782775879	0.16799630224705	65.000000000000	0.00000000000000
25.790000915527	0.087275564670563	0.16942976415157	65.000000000000	0.00000000000000
25.799999237061	0.088478587567806	0.17085582017899	65.000000000000	0.00000000000000
25.809999465942	0.089684940874577	0.17227444052696	65.000000000000	0.00000000000000
25.819999694824	0.090894483029842	0.17368565499783	65.000000000000	0.00000000000000
25.829999923706	0.092107117176056	0.17508952319622	65.000000000000	0.00000000000000
25.840000152588	0.093323044478893	0.17648589611053	65.000000000000	0.00000000000000
25.850000381470	0.094541937112808	0.17787493765354	65.000000000000	0.00000000000000
25.860000610352	0.095763884484768	0.17925654351711	65.000000000000	0.00000000000000
25.870000839233	0.096988730132580	0.18063081800938	65.000000000000	0.00000000000000
25.879999160767	0.098216593265533	0.18199765682220	65.000000000000	0.00000000000000
25.889999389648	0.099447220563889	0.18335716426373	65.000000000000	0.00000000000000
25.899999618530	0.10068073868752	0.18470928072929	65.000000000000	0.00000000000000
25.909999847412	0.10191696137190	0.18605405092239	65.000000000000	0.00000000000000
25.920000076294	0.10315594077110	0.18739145994186	65.000000000000	0.00000000000000
25.930000305176	0.10439769923687	0.18872147798538	65.000000000000	0.00000000000000
25.940000534058	0.10564197599888	0.19004417955875	65.000000000000	0.00000000000000
25.950000762939	0.10688889026642	0.19135951995850	65.000000000000	0.00000000000000
25.959999084473	0.10813830792904	0.19266757369041	65.000000000000	0.00000000000000
25.969999313354	0.10939013957977	0.19396829605103	65.000000000000	0.00000000000000
25.979999542236	0.11064445227385	0.19526173174381	65.000000000000	0.00000000000000
25.989999771118	0.11190125346184	0.19654779136181	65.000000000000	0.00000000000000
26.000000000000	0.11316028982401	0.19782659411430	65.000000000000	0.00000000000000
26.010000228882	0.11442171782255	0.19909809529781	65.000000000000	0.00000000000000
26.020000457764	0.11568526923656	0.20036238431931	65.000000000000	0.00000000000000
26.030000686646	0.11695116758347	0.20161931216717	65.000000000000	0.00000000000000
26.040000915527	0.11821907758713	0.20286907255650	65.000000000000	0.00000000000000
26.049999237061	0.11948923766613	0.20411153137684	65.000000000000	0.00000000000000
26.059999465942	0.12076148390770	0.20534671843052	65.000000000000	0.00000000000000
26.069999694824	0.12203556299210	0.20657479763031	65.000000000000	0.00000000000000
26.079999923706	0.12331181764603	0.20779556035995	65.000000000000	0.00000000000000
26.090000152588	0.12459001690149	0.20900911092758	65.000000000000	0.00000000000000
26.100000381470	0.12586995959282	0.21021555364132	65.000000000000	0.00000000000000
26.110000610352	0.12715193629265	0.21141470968723	65.000000000000	0.00000000000000
26.120000839233	0.12843556702137	0.21260680258274	65.000000000000	0.00000000000000
26.129999160767	0.12972103059292	0.21379172801971	65.000000000000	0.00000000000000
26.139999389648	0.13100820779800	0.21496944129467	65.000000000000	0.00000000000000
26.149999618530	0.13229700922966	0.21614007651806	65.000000000000	0.00000000000000
26.159999847412	0.13358758389950	0.21730357408524	65.000000000000	0.00000000000000
26.170000076294	0.13487954437733	0.21846003830433	65.000000000000	0.00000000000000
26.180000305176	0.13617326319218	0.21960930526257	65.000000000000	0.00000000000000
26.190000534058	0.13746836781502	0.22075156867504	65.000000000000	0.00000000000000
26.200000762939	0.13876494765282	0.22188673913479	65.000000000000	0.00000000000000
26.209999084473	0.14006292819977	0.22301490604877	65.000000000000	0.00000000000000
26.219999313354	0.14136236906052	0.22413600981236	65.000000000000	0.00000000000000
26.229999542236	0.14266313612461	0.22525009512901	65.000000000000	0.00000000000000
26.239999771118	0.14396519958973	0.22635714709759	65.000000000000	0.00000000000000
26.250000000000	0.14526851475239	0.22745725512505	65.000000000000	0.00000000000000
26.260000228882	0.14657308161259	0.22855037450790	65.000000000000	0.00000000000000
26.270000457764	0.14787879586220	0.22963653504848	65.000000000000	0.00000000000000
26.280000686646	0.14918570220470	0.23071578145027	65.000000000000	0.00000000000000
26.290000915527	0.15049372613430	0.23178806900978	65.000000000000	0.00000000000000
26.299999237061	0.15180276334286	0.23285344243050	65.000000000000	0.00000000000000
26.309999465942	0.15311288833618	0.23391196131706	65.000000000000	0.00000000000000
26.319999694824	0.15442399680614	0.23496358096600	65.000000000000	0.00000000000000
26.329999923706	0.15573602914810	0.23600834608078	65.000000000000	0.00000000000000
26.340000152588	0.15704897046089	0.23704627156258	65.000000000000	0.00000000000000
26.350000381470	0.15836283564568	0.23807734251022	65.000000000000	0.00000000000000
26.360000610352	0.15967750549316	0.23910166323185	65.000000000000	0.00000000000000
26.370000839233	0.16099305450916	0.24011915922165	65.000000000000	0.00000000000000
26.379999160767	0.16230925917625	0.24112986028194	65.000000000000	0.00000000000000
26.389999389648	0.16362629830837	0.24213384091854	65.000000000000	0.00000000000000
26.399999618530	0.16494391858578	0.24313107132912	65.000000000000	0.00000000000000
26.409999847412	0.16626226902008	0.24412158131599	65.000000000000	0.00000000000000
26.420000076294	0.16758127510548	0.24510540068150	65.000000000000	0.00000000000000
26.430000305176	0.16890086233616	0.24608251452446	65.000000000000	0.00000000000000
26.440000534058	0.17022101581097	0.24705299735069	65.000000000000	0.00000000000000
26.450000762939	0.17154160141945	0.24801678955555	65.000000000000	0.00000000000000
26.459999084473	0.17286270856857	0.24897399544716	65.000000000000	0.00000000000000
26.469999313354	0.17418435215950	0.24992458522320	65.000000000000	0.00000000000000
26.479999542236	0.17550627887249	0.25086855888367	65.000000000000	0.00000000000000
26.489999771118	0.17682871222496	0.25180596113205	65.000000000000	0.00000000000000
26.500000000000	0.17815141379833	0.25273686647415	65.000000000000	0.00000000000000
26.510000228882	0.17947451770306	0.25366121530533	65.000000000000	0.00000000000000
26.520000457764	0.18079783022404	0.25457903742790	65.000000000000	0.00000000000000
26.530000686646	0.18212136626244	0.25549036264420	65.000000000000	0.00000000000000
26.540000915527	0.18344520032406	0.25639525055885	65.000000000000	0.00000000000000
26.549999237061	0.18476922810078	0.25729367136955	65.000000000000	0.00000000000000
26.559999465942	0.18609334528446	0.25818565487862	65.000000000000	0.00000000000000
26.569999694824	0.18741764128208	0.25907123088837	65.000000000000	0.00000000000000
26.579999923706	0.18874196708202	0.25995042920113	65.000000000000	0.00000000000000
26.590000152588	0.19006645679474	0.26082322001457	65.000000000000	0.00000000000000
26.600000381470	0.19139091670513	0.26168972253799	65.000000000000	0.00000000000000
26.610000610352	0.19271534681320	0.26254981756210	65.000000000000	0.00000000000000
26.620000839233	0.19403979182243	0.26340368390083	65.000000000000	0.00000000000000
26.629999160767	0.19536420702934	0.26425120234489	65.000000000000	0.00000000000000
26.639999389648	0.19668850302696	0.26509249210358	65.000000000000	0.00000000000000
26.649999618530	0.19801265001297	0.26592749357224	65.000000000000	0.00000000000000
26.659999847412	0.19933666288853	0.26675632596016	65.000000000000	0.00000000000000
26.670000076294	0.20066052675247	0.26757892966270	65.000000000000	0.00000000000000
26.680000305176	0.20198419690132	0.26839533448219	65.000000000000	0.00000000000000
26.690000534058	0.20330756902695	0.26920560002327	65.000000000000	0.00000000000000
26.700000762939	0.20463077723980	0.27000972628593	65.000000000000	0.00000000000000
26.709999084473	0.20595353841782	0.27080774307251	65.000000000000	0.00000000000000
26.719999313354	0.20727613568306	0.27159965038300	65.000000000000	0.00000000000000
26.729999542236	0.20859833061695	0.27238550782204	65.000000000000	0.00000000000000
26.739999771118	0.20992010831833	0.27316528558731	65.000000000000	0.00000000000000
26.750000000000	0.21124158799648	0.27393904328346	65.000000000000	0.00000000000000
26.760000228882	0.21256260573864	0.27470681071281	65.000000000000	0.00000000000000
26.770000457764	0.21388314664364	0.27546855807304	65.000000000000	0.00000000000000
26.780000686646	0.21520319581032	0.27622434496880	65.000000000000	0.00000000000000
26.790000915527	0.21652276813984	0.27697423100471	65.000000000000	0.00000000000000
26.799999237061	0.21784181892872	0.27771818637848	65.000000000000	0.00000000000000
26.809999465942	0.21916033327579	0.27845621109009	65.000000000000	0.00000000000000
26.819999694824	0.22047822177410	0.27918836474419	65.000000000000	0.00000000000000
26.829999923706	0.22179554402828	0.27991470694542	65.000000000000	0.00000000000000
26.840000152588	0.22311225533485	0.28063517808914	65.000000000000	0.00000000000000
26.850000381470	0.22442829608917	0.28134986758232	65.000000000000	0.00000000000000
26.860000610352	0.22574357688427	0.28205880522728	65.000000000000	0.00000000000000
26.870000839233	0.22705824673176	0.28276193141937	65.000000000000	0.00000000000000
26.879999160767	0.22837220132351	0.28345927596092	65.000000000000	0.00000000000000
26.889999389648	0.22968535125256	0.28415095806122	65.000000000000	0.00000000000000
26.899999618530	0.23099774122238	0.28483694791794	65.000000000000	0.00000000000000
26.909999847412	0.23230934143066	0.28551730513573	65.000000000000	0.00000000000000
26.920000076294	0.23362019658089	0.28619194030762	65.000000000000	0.00000000000000
26.930000305176	0.23493012785912	0.28686097264290	65.000000000000	0.00000000000000
26.940000534058	0.23623917996883	0.28752443194389	65.000000000000	0.00000000000000
26.950000762939	0.23754741251469	0.28818228840828	65.000000000000	0.00000000000000
26.959999084473	0.23885472118855	0.28883460164070	65.000000000000	0.00000000000000
26.969999313354	0.24016110599041	0.28948134183884	65.000000000000	0.00000000000000
26.979999542236	0.24146652221680	0.29012262821198	65.000000000000	0.00000000000000
26.989999771118	0.24277094006538	0.29075837135315	65.000000000000	0.00000000000000
27.000000000000	0.24407446384430	0.29138866066933	65.000000000000	0.00000000000000
27.010000228882	0.24537689983845	0.29201355576515	65.000000000000	0.00000000000000
27.020000457764	0.24667830765247	0.29263296723366	65.000000000000	0.00000000000000
27.030000686646	0.24797867238522	0.29324704408646	65.000000000000	0.00000000000000
27.040000915527	0.24927797913551	0.29385572671890	65.000000000000	0.00000000000000
27.049999237061	0.25057613849640	0.29445904493332	65.000000000000	0.00000000000000
27.059999465942	0.25187331438065	0.29505699872971	65.000000000000	0.00000000000000
27.069999694824	0.25316920876503	0.29564970731735	65.000000000000	0.00000000000000
27.079999923706	0.25446406006813	0.29623714089394	65.000000000000	0.00000000000000
27.090000152588	0.25575765967369	0.29681926965714	65.000000000000	0.00000000000000
27.100000381470	0.25705015659332	0.29739618301392	65.000000000000	0.00000000000000
27.110000610352	0.25834140181541	0.29796788096428	65.000000000000	0.00000000000000
27.120000839233	0.25963148474693	0.29853445291519	65.000000000000	0.00000000000000
27.129999160767	0.26092028617859	0.29909577965736	65.000000000000	0.00000000000000
27.139999389648	0.26220777630806	0.29965198040009	65.000000000000	0.00000000000000
27.149999618530	0.26349404454231	0.30020308494568	65.000000000000	0.00000000000000
27.159999847412	0.26477897167206	0.30074909329414	65.000000000000	0.00000000000000
27.170000076294	0.26606264710426	0.30129000544548	65.000000000000	0.00000000000000
27.180000305176	0.26734495162964	0.30182591080666	65.000000000000	0.00000000000000
27.190000534058	0.26862594485283	0.30235671997070	65.000000000000	0.00000000000000
27.200000762939	0.26990553736687	0.30288261175156	65.000000000000	0.00000000000000
27.209999084473	0.27118372917175	0.30340346693993	65.000000000000	0.00000000000000
27.219999313354	0.27246063947678	0.30391937494278	65.000000000000	0.00000000000000
27.229999542236	0.27373611927032	0.30443033576012	65.000000000000	0.00000000000000
27.239999771118	0.27501010894775	0.30493640899658	65.000000000000	0.00000000000000
27.250000000000	0.27628269791603	0.30543759465218	65.000000000000	0.00000000000000
27.260000228882	0.27755379676819	0.30593389272690	65.000000000000	0.00000000000000
27.270000457764	0.27882337570190	0.30642539262772	65.000000000000	0.00000000000000
27.280000686646	0.28009161353111	0.30691200494766	65.000000000000	0.00000000000000
27.290000915527	0.28135821223259	0.30739387869835	65.000000000000	0.00000000000000
27.299999237061	0.28262332081795	0.30787095427513	65.000000000000	0.00000000000000
27.309999465942	0.28388696908951	0.30834332108498	65.000000000000	0.00000000000000
27.319999694824	0.28514906764030	0.30881091952324	65.000000000000	0.00000000000000
27.329999923706	0.28640955686569	0.30927380919456	65.000000000000	0.00000000000000
27.340000152588	0.28766849637032	0.30973201990128	65.000000000000	0.00000000000000
27.350000381470	0.28892576694489	0.31018558144569	65.000000000000	0.00000000000000
27.360000610352	0.29018160700798	0.31063452363014	65.000000000000	0.00000000000000
27.370000839233	0.29143568873405	0.31107881665230	65.000000000000	0.00000000000000
27.379999160767	0.29268822073936	0.31151852011681	65.000000000000	0.00000000000000
27.389999389648	0.29393905401230	0.31195369362831	65.000000000000	0.00000000000000
27.399999618530	0.29518830776215	0.31238427758217	65.000000000000	0.00000000000000
27.409999847412	0.29643586277962	0.31281036138535	65.000000000000	0.00000000000000
27.420000076294	0.29768171906471	0.31323194503784	65.000000000000	0.00000000000000
27.430000305176	0.29892593622208	0.31364905834198	65.000000000000	0.00000000000000
27.440000534058	0.30016842484474	0.31406170129776	65.000000000000	0.00000000000000
27.450000762939	0.30140918493271	0.31446990370750	65.000000000000	0.00000000000000
27.459999084473	0.30264830589294	0.31487372517586	65.000000000000	0.00000000000000
27.469999313354	0.30388566851616	0.31527310609818	65.000000000000	0.00000000000000
27.479999542236	0.30512124300003	0.31566813588142	65.000000000000	0.00000000000000
27.489999771118	0.30635508894920	0.31605887413025	65.000000000000	0.00000000000000
27.500000000000	0.30758711695671	0.31644523143768	65.000000000000	0.00000000000000
27.510000228882	0.30881732702255	0.31682732701302	65.000000000000	0.00000000000000
27.520000457764	0.31004592776299	0.31720510125160	65.000000000000	0.00000000000000
27.530000686646	0.31127256155014	0.31757867336273	65.000000000000	0.00000000000000
27.540000915527	0.31249746680260	0.31794798374176	65.000000000000	0.00000000000000
27.549999237061	0.31372049450874	0.31831309199333	65.000000000000	0.00000000000000
27.559999465942	0.31494173407555	0.31867399811745	65.000000000000	0.00000000000000
27.569999694824	0.31616121530533	0.31903076171875	65.000000000000	0.00000000000000
27.579999923706	0.31737872958183	0.31938335299492	65.000000000000	0.00000000000000
27.590000152588	0.31859436631203	0.31973183155060	65.000000000000	0.00000000000000
27.600000381470	0.31980818510056	0.32007619738579	65.000000000000	0.00000000000000
27.610000610352	0.32102012634277	0.32041651010513	65.000000000000	0.00000000000000
27.620000839233	0.32223021984100	0.32075273990631	65.000000000000	0.00000000000000
27.629999160767	0.32343837618828	0.32108491659164	65.000000000000	0.00000000000000
27.639999389648	0.32464459538460	0.32141306996346	65.000000000000	0.00000000000000
27.649999618530	0.32584896683693	0.32173725962639	65.000000000000	0.00000000000000
27.659999847412	0.32705140113831	0.32205748558044	65.000000000000	0.00000000000000
27.670000076294	0.32825192809105	0.32237374782562	65.000000000000	0.00000000000000
27.680000305176	0.32945045828819	0.32268610596657	65.000000000000	0.00000000000000
27.690000534058	0.33064708113670	0.32299450039864	65.000000000000	0.00000000000000
27.700000762939	0.33184173703194	0.32329902052879	65.000000000000	0.00000000000000
27.709999084473	0.33303445577621	0.32359969615936	65.000000000000	0.00000000000000
27.719999313354	0.33422514796257	0.32389652729034	65.000000000000	0.00000000000000
27.729999542236	0.33541393280029	0.32418951392174	65.000000000000	0.00000000000000
27.739999771118	0.33660072088242	0.32447871565819	65.000000000000	0.00000000000000
27.750000000000	0.33778554201126	0.32476410269737	65.000000000000	0.00000000000000
27.760000228882	0.33896830677986	0.32504573464394	65.000000000000	0.00000000000000
27.770000457764	0.34014916419983	0.32532364130020	65.000000000000	0.00000000000000
27.780000686646	0.34132790565491	0.32559785246849	65.000000000000	0.00000000000000
27.790000915527	0.34250468015671	0.32586830854416	65.000000000000	0.00000000000000
27.799999237061	0.34367948770523	0.32613509893417	65.000000000000	0.00000000000000
27.809999465942	0.34485214948654	0.32639822363853	65.000000000000	0.00000000000000
27.819999694824	0.34602284431458	0.32665774226189	65.000000000000	0.00000000000000
27.829999923706	0.34719142317772	0.32691362500191	65.000000000000	0.00000000000000
27.840000152588	0.34835806488991	0.32716587185860	65.000000000000	0.00000000000000
27.850000381470	0.34952256083488	0.32741457223892	65.000000000000	0.00000000000000
27.860000610352	0.35068506002426	0.32765972614288	65.000000000000	0.00000000000000
27.870000839233	0.35184556245804	0.32790136337280	65.000000000000	0.00000000000000
27.879999160767	0.35300391912460	0.32813942432404	65.000000000000	0.00000000000000
27.889999389648	0.35416010022163	0.32837405800819	65.000000000000	0.00000000000000
27.899999618530	0.35531431436539	0.32860517501831	65.000000000000	0.00000000000000
27.909999847412	0.35646644234657	0.32883280515671	65.000000000000	0.00000000000000
27.920000076294	0.35761645436287	0.32905700802803	65.000000000000	0.00000000000000
27.930000305176	0.35876441001892	0.32927781343460	65.000000000000	0.00000000000000
27.940000534058	0.35991021990776	0.32949522137642	65.000000000000	0.00000000000000
27.950000762939	0.36105394363403	0.32970923185349	65.000000000000	0.00000000000000
27.959999084473	0.36219558119774	0.32991990447044	65.000000000000	0.00000000000000
27.969999313354	0.36333504319191	0.33012720942497	65.000000000000	0.00000000000000
27.979999542236	0.36447244882584	0.33033117651939	65.000000000000	0.00000000000000
27.989999771118	0.36560767889023	0.33053189516068	65.000000000000	0.00000000000000
28.000000000000	0.36674088239670	0.33072927594185	65.000000000000	0.00000000000000
28.010000228882	0.36787185072899	0.33092340826988	65.000000000000	0.00000000000000
28.020000457764	0.36900079250336	0.33111432194710	65.000000000000	0.00000000000000
28.030000686646	0.37012749910355	0.33130201697350	65.000000000000	0.00000000000000
28.040000915527	0.37125214934349	0.33148646354675	65.000000000000	0.00000000000000
28.049999237061	0.37237462401390	0.33166775107384	65.000000000000	0.00000000000000
28.059999465942	0.37349486351013	0.33184584975243	65.000000000000	0.00000000000000
28.069999694824	0.37461310625076	0.33202078938484	65.000000000000	0.00000000000000
28.079999923706	0.37572908401489	0.33219262957573	65.000000000000	0.00000000000000
28.090000152588	0.37684294581413	0.33236134052277	65.000000000000	0.00000000000000
28.100000381470	0.37795463204384	0.33252695202827	65.000000000000	0.00000000000000
28.110000610352	0.37906414270401	0.33268946409225	65.000000000000	0.00000000000000
28.120000839233	0.38017159700394	0.33284893631935	65.000000000000	0.00000000000000
28.129999160767	0.38127678632736	0.33300536870956	65.000000000000	0.00000000000000
28.139999389648	0.38237980008125	0.33315876126289	65.000000000000	0.00000000000000
28.149999618530	0.38348069787025	0.33330920338631	65.000000000000	0.00000000000000
28.159999847412	0.38457936048508	0.33345660567284	65.000000000000	0.00000000000000
28.170000076294	0.38567590713501	0.33360105752945	65.000000000000	0.00000000000000
28.180000305176	0.38677021861076	0.33374258875847	65.000000000000	0.00000000000000
28.190000534058	0.38786241412163	0.33388113975525	65.000000000000	0.00000000000000
28.200000762939	0.38895234465599	0.33401679992676	65.000000000000	0.00000000000000
28.209999084473	0.39004009962082	0.33414953947067	65.000000000000	0.00000000000000
28.219999313354	0.39112573862076	0.33427938818932	65.000000000000	0.00000000000000
28.229999542236	0.39220914244652	0.33440643548965	65.000000000000	0.00000000000000
28.239999771118	0.39329043030739	0.33453059196472	65.000000000000	0.00000000000000
28.250000000000	0.39436939358711	0.33465191721916	65.000000000000	0.00000000000000
28.260000228882	0.39544627070427	0.33477047085762	65.000000000000	0.00000000000000
28.270000457764	0.39652085304260	0.33488619327545	65.000000000000	0.00000000000000
28.280000686646	0.39759337902069	0.33499914407730	65.000000000000	0.00000000000000
28.290000915527	0.39866364002228	0.33510935306549	65.000000000000	0.00000000000000
28.299999237061	0.39973166584969	0.33521676063538	65.000000000000	0.00000000000000
28.309999465942	0.40079754590988	0.33532151579857	65.000000000000	0.00000000000000
28.319999694824	0.40186119079590	0.33542349934578	65.000000000000	0.00000000000000
28.329999923706	0.40292263031006	0.33552286028862	65.000000000000	0.00000000000000
28.340000152588	0.40398189425468	0.33561950922012	65.000000000000	0.00000000000000
28.350000381470	0.40503898262978	0.33571347594261	65.000000000000	0.00000000000000
28.360000610352	0.40609380602837	0.33580484986305	65.000000000000	0.00000000000000
28.370000839233	0.40714639425278	0.33589354157448	65.000000000000	0.00000000000000
28.379999160767	0.40819692611694	0.33597967028618	65.000000000000	0.00000000000000
28.389999389648	0.40924507379532	0.33606317639351	65.000000000000	0.00000000000000
28.399999618530	0.41029116511345	0.33614414930344	65.000000000000	0.00000000000000
28.409999847412	0.41133493185043	0.33622249960899	65.000000000000	0.00000000000000
28.420000076294	0.41237658262253	0.33629837632179	65.000000000000	0.00000000000000
28.430000305176	0.41341602802277	0.33637163043022	65.000000000000	0.00000000000000
28.440000534058	0.41445320844650	0.33644244074821	65.000000000000	0.00000000000000
28.450000762939	0.41548821330070	0.33651068806648	65.000000000000	0.00000000000000
28.459999084473	0.41652104258537	0.33657655119896	65.000000000000	0.00000000000000
28.469999313354	0.41755163669586	0.33663991093636	65.000000000000	0.00000000000000
28.479999542236	0.41857993602753	0.33670073747635	65.000000000000	0.00000000000000
28.489999771118	0.41960614919662	0.33675923943520	65.000000000000	0.00000000000000
28.500000000000	0.42063009738922	0.33681526780128	65.000000000000	0.00000000000000
28.510000228882	0.42165184020996	0.33686894178391	65.000000000000	0.00000000000000
28.520000457764	0.42267143726349	0.33692017197609	65.000000000000	0.00000000000000
28.530000686646	0.42368879914284	0.33696901798248	65.000000000000	0.00000000000000
28.540000915527	0.42470398545265	0.33701553940773	65.000000000000	0.00000000000000
28.549999237061	0.42571687698364	0.33705967664719	65.000000000000	0.00000000000000
28.559999465942	0.42672762274742	0.33710151910782	65.000000000000	0.00000000000000
28.569999694824	0.42773616313934	0.33714106678963	65.000000000000	0.00000000000000
28.579999923706	0.42874255776405	0.33717828989029	65.000000000000	0.00000000000000
28.590000152588	0.42974674701691	0.33721324801445	65.000000000000	0.00000000000000
28.600000381470	0.43074882030487	0.33724582195282	65.000000000000	0.00000000000000
28.610000610352	0.43174850940704	0.33727633953094	65.000000000000	0.00000000000000
28.620000839233	0.43274596333504	0.33730456233025	65.000000000000	0.00000000000000
28.629999160767	0.43374145030975	0.33733037114143	65.000000000000	0.00000000000000
28.639999389648	0.43473443388939	0.33735439181328	65.000000000000	0.00000000000000
28.649999618530	0.43572545051575	0.33737573027611	65.000000000000	0.00000000000000
28.659999847412	0.43671438097954	0.33739495277405	65.000000000000	0.00000000000000
28.670000076294	0.43770077824593	0.33741241693497	65.000000000000	0.00000000000000
28.680000305176	0.43868532776833	0.33742728829384	65.000000000000	0.00000000000000
28.690000534058	0.43966749310493	0.33744028210640	65.000000000000	0.00000000000000
28.700000762939	0.44064742326736	0.33745107054710	65.000000000000	0.00000000000000
28.709999084473	0.44162520766258	0.33745977282524	65.000000000000	0.00000000000000
28.719999313354	0.44260099530220	0.33746626973152	65.000000000000	0.00000000000000
28.729999542236	0.44357436895370	0.33747082948685	65.000000000000	0.00000000000000
28.739999771118	0.44454568624496	0.33747312426567	65.000000000000	0.00000000000000
28.750000000000	0.44551485776901	0.33747342228889	65.000000000000	0.00000000000000
28.760000228882	0.44648179411888	0.33747163414955	65.000000000000	0.00000000000000
28.770000457764	0.44744658470154	0.33746793866158	65.000000000000	0.00000000000000
28.780000686646	0.44840911030769	0.33746218681335	65.000000000000	0.00000000000000
28.790000915527	0.44936946034431	0.33745446801186	65.000000000000	0.00000000000000
28.799999237061	0.45032784342766	0.33744463324547	65.000000000000	0.00000000000000
28.809999465942	0.45128378272057	0.33743301033974	65.000000000000	0.00000000000000
28.819999694824	0.45223787426949	0.33741909265518	65.000000000000	0.00000000000000
28.829999923706	0.45318940281868	0.33740368485451	65.000000000000	0.00000000000000
28.840000152588	0.45413896441460	0.33738616108894	65.000000000000	0.00000000000000
28.850000381470	0.45508643984795	0.33736655116081	65.000000000000	0.00000000000000
28.860000610352	0.45603173971176	0.33734512329102	65.000000000000	0.00000000000000
28.870000839233	0.45697498321533	0.33732157945633	65.000000000000	0.00000000000000
28.879999160767	0.45791569352150	0.33729654550552	65.000000000000	0.00000000000000
28.889999389648	0.45885455608368	0.33726948499680	65.000000000000	0.00000000000000
28.899999618530	0.45979118347168	0.33724054694176	65.000000000000	0.00000000000000
28.909999847412	0.46072563529015	0.33720970153809	65.000000000000	0.00000000000000
28.920000076294	0.46165800094604	0.33717703819275	65.000000000000	0.00000000000000
28.930000305176	0.46258825063705	0.33714261651039	65.000000000000	0.00000000000000
28.940000534058	0.46351626515388	0.33710634708405	65.000000000000	0.00000000000000
28.950000762939	0.46444222331047	0.33706825971603	65.000000000000	0.00000000000000
28.959999084473	0.46536600589752	0.33702841401100	65.000000000000	0.00000000000000
28.969999313354	0.46628770232201	0.33698675036430	65.000000000000	0.00000000000000
28.979999542236	0.46720722317696	0.33694335818291	65.000000000000	0.00000000000000
28.989999771118	0.46812456846237	0.33689817786217	65.000000000000	0.00000000000000
29.000000000000	0.46903985738754	0.33685126900673	65.000000000000	0.00000000000000
29.010000228882	0.46995308995247	0.33680263161659	65.000000000000	0.00000000000000
29.020000457764	0.47086414694786	0.33675229549408	65.000000000000	0.00000000000000
29.030000686646	0.47177308797836	0.33670020103455	65.000000000000	0.00000000000000
29.040000915527	0.47267982363701	0.33664643764496	65.000000000000	0.00000000000000
29.049999237061	0.47358456254005	0.33659106492996	65.000000000000	0.00000000000000
29.059999465942	0.47448718547821	0.33653396368027	65.000000000000	0.00000000000000
29.069999694824	0.47538760304451	0.33647516369820	65.000000000000	0.00000000000000
29.079999923706	0.47628593444824	0.33641478419304	65.000000000000	0.00000000000000
29.090000152588	0.47718220949173	0.33635270595551	65.000000000000	0.00000000000000
29.100000381470	0.47807654738426	0.33628904819489	65.000000000000	0.00000000000000
29.110000610352	0.47896853089333	0.33622375130653	65.000000000000	0.00000000000000
29.120000839233	0.47985857725143	0.33615684509277	65.000000000000	0.00000000000000
29.129999160767	0.48074638843536	0.33608835935593	65.000000000000	0.00000000000000
29.139999389648	0.48163223266602	0.33601832389832	65.000000000000	0.00000000000000
29.149999618530	0.48251602053642	0.33594664931297	65.000000000000	0.00000000000000
29.159999847412	0.48339766263962	0.33587348461151	65.000000000000	0.00000000000000
29.170000076294	0.48427727818489	0.33579871058464	65.000000000000	0.00000000000000
29.180000305176	0.48515474796295	0.33572241663933	65.000000000000	0.00000000000000
29.190000534058	0.48603019118309	0.33564466238022	65.000000000000	0.00000000000000
29.200000762939	0.48690357804298	0.33556529879570	65.000000000000	0.00000000000000
29.209999084473	0.48777490854263	0.33548444509506	65.000000000000	0.00000000000000
29.219999313354	0.48864415287971	0.33540210127831	65.000000000000	0.00000000000000
29.229999542236	0.48951131105423	0.33531832695007	65.000000000000	0.00000000000000
29.239999771118	0.49037647247314	0.33523303270340	65.000000000000	0.00000000000000
29.250000000000	0.49123954772949	0.33514624834061	65.000000000000	0.00000000000000
29.260000228882	0.49210059642792	0.33505806326866	65.000000000000	0.00000000000000
29.270000457764	0.49295961856842	0.33496838808060	65.000000000000	0.00000000000000
29.280000686646	0.49381649494171	0.33487728238106	65.000000000000	0.00000000000000
29.290000915527	0.49467140436172	0.33478477597237	65.000000000000	0.00000000000000
29.299999237061	0.49552437663078	0.33469089865685	65.000000000000	0.00000000000000
29.309999465942	0.49637517333031	0.33459553122520	65.000000000000	0.00000000000000
29.319999694824	0.49722397327423	0.33449879288673	65.000000000000	0.00000000000000
29.329999923706	0.49807080626488	0.33440065383911	65.000000000000	0.00000000000000
29.340000152588	0.49891555309296	0.33430123329163	65.000000000000	0.00000000000000
29.350000381470	0.49975833296776	0.33420035243034	65.000000000000	0.00000000000000
29.360000610352	0.50059908628464	0.33409816026688	65.000000000000	0.00000000000000
29.370000839233	0.50143784284592	0.33399459719658	65.000000000000	0.00000000000000
29.379999160767	0.50227457284927	0.33388972282410	65.000000000000	0.00000000000000
29.389999389648	0.50310921669006	0.33378350734711	65.000000000000	0.00000000000000
29.399999618530	0.50394201278687	0.33367595076561	65.000000000000	0.00000000000000
29.409999847412	0.50477278232574	0.33356711268425	65.000000000000	0.00000000000000
29.420000076294	0.50560146570206	0.33345699310303	65.000000000000	0.00000000000000
29.430000305176	0.50642818212509	0.33334556221962	65.000000000000	0.00000000000000
29.440000534058	0.50725287199020	0.33323284983635	65.000000000000	0.00000000000000
29.450000762939	0.50807565450668	0.33311888575554	65.000000000000	0.00000000000000
29.459999084473	0.50889652967453	0.33300366997719	65.000000000000	0.00000000000000
29.469999313354	0.50971531867981	0.33288714289665	65.000000000000	0.00000000000000
29.479999542236	0.51053214073181	0.33276942372322	65.000000000000	0.00000000000000
29.489999771118	0.51134699583054	0.33265042304993	65.000000000000	0.00000000000000
29.500000000000	0.51215994358063	0.33253026008606	65.000000000000	0.00000000000000
29.510000228882	0.51297092437744	0.33240884542465	65.000000000000	0.00000000000000
29.520000457764	0.51377993822098	0.33228617906570	65.000000000000	0.00000000000000
29.530000686646	0.51458698511124	0.33216238021851	65.000000000000	0.00000000000000
29.540000915527	0.51539206504822	0.33203735947609	65.000000000000	0.00000000000000
29.549999237061	0.51619523763657	0.33191117644310	65.000000000000	0.00000000000000
29.559999465942	0.51699638366699	0.33178380131721	65.000000000000	0.00000000000000
29.569999694824	0.51779562234879	0.33165529370308	65.000000000000	0.00000000000000
29.579999923706	0.51859295368195	0.33152562379837	65.000000000000	0.00000000000000
29.590000152588	0.51938837766647	0.33139479160309	65.000000000000	0.00000000000000
29.600000381470	0.52018183469772	0.33126276731491	65.000000000000	0.00000000000000
29.610000610352	0.52097338438034	0.33112967014313	65.000000000000	0.00000000000000
29.620000839233	0.52176296710968	0.33099544048309	65.000000000000	0.00000000000000
29.629999160767	0.52255076169968	0.33086010813713	65.000000000000	0.00000000000000
29.639999389648	0.52333647012711	0.33072364330292	65.000000000000	0.00000000000000
29.649999618530	0.52412045001984	0.33058610558510	65.000000000000	0.00000000000000
29.659999847412	0.52490246295929	0.33044749498367	65.000000000000	0.00000000000000
29.670000076294	0.52568244934082	0.33030778169632	65.000000000000	0.00000000000000
29.680000305176	0.52646064758301	0.33016696572304	65.000000000000	0.00000000000000
29.690000534058	0.52723687887192	0.33002513647079	65.000000000000	0.00000000000000
29.700000762939	0.52801132202148	0.32988217473030	65.000000000000	0.00000000000000
29.709999084473	0.52878385782242	0.32973822951317	65.000000000000	0.00000000000000
29.719999313354	0.52955454587936	0.32959324121475	65.000000000000	0.00000000000000
29.729999542236	0.53032332658768	0.32944718003273	65.000000000000	0.00000000000000
29.739999771118	0.53109014034271	0.32930013537407	65.000000000000	0.00000000000000
29.750000000000	0.53185516595840	0.32915204763412	65.000000000000	0.00000000000000
29.760000228882	0.53261828422546	0.32900291681290	65.000000000000	0.00000000000000
29.770000457764	0.53337961435318	0.32885283231735	65.000000000000	0.00000000000000
29.780000686646	0.53413891792297	0.32870170474052	65.000000000000	0.00000000000000
29.790000915527	0.53489655256271	0.32854959368706	65.000000000000	0.00000000000000
29.799999237061	0.53565227985382	0.32839652895927	65.000000000000	0.00000000000000
29.809999465942	0.53640615940094	0.32824251055717	65.000000000000	0.00000000000000
29.819999694824	0.53715825080872	0.32808747887611	65.000000000000	0.00000000000000
29.829999923706	0.53790831565857	0.32793149352074	65.000000000000	0.00000000000000
29.840000152588	0.53865671157837	0.32777458429337	65.000000000000	0.00000000000000
29.850000381470	0.53940325975418	0.32761672139168	65.000000000000	0.00000000000000
29.860000610352	0.54014790058136	0.32745793461800	65.000000000000	0.00000000000000
29.870000839233	0.54089075326920	0.32729819417000	65.000000000000	0.00000000000000
29.879999160767	0.54163175821304	0.32713752985001	65.000000000000	0.00000000000000
29.889999389648	0.54237103462219	0.32697594165802	65.000000000000	0.00000000000000
29.899999618530	0.54310846328735	0.32681345939636	65.000000000000	0.00000000000000
29.909999847412	0.54384404420853	0.32665005326271	65.000000000000	0.00000000000000
29.920000076294	0.54457783699036	0.32648581266403	65.000000000000	0.00000000000000
29.930000305176	0.54530978202820	0.32632058858871	65.000000000000	0.00000000000000
29.940000534058	0.54604005813599	0.32615455985069	65.000000000000	0.00000000000000
29.950000762939	0.54676848649979	0.32598763704300	65.000000000000	0.00000000000000
29.959999084473	0.54749500751495	0.32581979036331	65.000000000000	0.00000000000000
29.969999313354	0.54821991920471	0.32565116882324	65.000000000000	0.00000000000000
29.979999542236	0.54894286394119	0.32548162341118	65.000000000000	0.00000000000000
29.989999771118	0.54966419935226	0.32531127333641	65.000000000000	0.00000000000000
30.000000000000	0.55038368701935	0.32514008879662	65.000000000000	0.00000000000000
30.010000228882	0.55110144615173	0.32496803998947	65.000000000000	0.00000000000000
30.020000457764	0.55181741714478	0.32479518651962	65.000000000000	0.00000000000000
30.030000686646	0.55253154039383	0.32462149858475	65.000000000000	0.00000000000000
30.040000915527	0.55324399471283	0.32444697618484	65.000000000000	0.00000000000000
30.049999237061	0.55395478010178	0.32427170872688	65.000000000000	0.00000000000000
30.059999465942	0.55466359853745	0.32409557700157	65.000000000000	0.00000000000000
30.069999694824	0.55537080764771	0.32391864061356	65.000000000000	0.00000000000000
30.079999923706	0.55607634782791	0.32374092936516	65.000000000000	0.00000000000000
30.090000152588	0.55677998065948	0.32356244325638	65.000000000000	0.00000000000000
30.100000381470	0.55748200416565	0.32338318228722	65.000000000000	0.00000000000000
30.110000610352	0.55818223953247	0.32320314645767	65.000000000000	0.00000000000000
30.120000839233	0.55888074636459	0.32302239537239	65.000000000000	0.00000000000000
30.129999160767	0.55957764387131	0.32284083962440	65.000000000000	0.00000000000000
30.139999389648	0.56027275323868	0.32265850901604	65.000000000000	0.00000000000000
30.149999618530	0.56096607446671	0.32247546315193	65.000000000000	0.00000000000000
30.159999847412	0.56165778636932	0.32229164242744	65.000000000000	0.00000000000000
30.170000076294	0.56234765052795	0.32210713624954	65.000000000000	0.00000000000000
30.180000305176	0.56303590536118	0.32192185521126	65.000000000000	0.00000000000000
30.190000534058	0.56372249126434	0.32173588871956	65.000000000000	0.00000000000000
30.200000762939	0.56440728902817	0.32154917716980	65.000000000000	0.00000000000000
30.209999084473	0.56509041786194	0.32136175036430	65.000000000000	0.00000000000000
30.219999313354	0.56577199697495	0.32117363810539	65.000000000000	0.00000000000000
30.229999542236	0.56645166873932	0.32098481059074	65.000000000000	0.00000000000000
30.239999771118	0.56712985038757	0.32079529762268	65.000000000000	0.00000000000000
30.250000000000	0.56780630350113	0.32060509920120	65.000000000000	0.00000000000000
30.260000228882	0.56848108768463	0.32041424512863	65.000000000000	0.00000000000000
30.270000457764	0.56915408372879	0.32022264599800	65.000000000000	0.00000000000000
30.280000686646	0.56982553005219	0.32003045082092	65.000000000000	0.00000000000000
30.290000915527	0.57049536705017	0.31983754038811	65.000000000000	0.00000000000000
30.299999237061	0.57116347551346	0.31964394450188	65.000000000000	0.00000000000000
30.309999465942	0.57182991504669	0.31944975256920	65.000000000000	0.00000000000000
30.319999694824	0.57249474525452	0.31925493478775	65.000000000000	0.00000000000000
30.329999923706	0.57315796613693	0.31905937194824	65.000000000000	0.00000000000000
30.340000152588	0.57381939888000	0.31886324286461	65.000000000000	0.00000000000000
30.350000381470	0.57447934150696	0.31866645812988	65.000000000000	0.00000000000000
30.360000610352	0.57513767480850	0.31846901774406	65.000000000000	0.00000000000000
30.370000839233	0.57579427957535	0.31827101111412	65.000000000000	0.00000000000000
30.379999160767	0.57644927501678	0.31807234883308	65.000000000000	0.00000000000000
30.389999389648	0.57710260152817	0.31787312030792	65.000000000000	0.00000000000000
30.399999618530	0.57775443792343	0.31767329573631	65.000000000000	0.00000000000000
30.409999847412	0.57840454578400	0.31747275590897	65.000000000000	0.00000000000000
30.420000076294	0.57905316352844	0.31727173924446	65.000000000000	0.00000000000000
30.430000305176	0.57970005273819	0.31707006692886	65.000000000000	0.00000000000000
30.440000534058	0.58034545183182	0.31686782836914	65.000000000000	0.00000000000000
30.450000762939	0.58098912239075	0.31666499376297	65.000000000000	0.00000000000000
30.459999084473	0.58163136243820	0.31646159291267	65.000000000000	0.00000000000000
30.469999313354	0.58227187395096	0.31625759601593	65.000000000000	0.00000000000000
30.479999542236	0.58291089534760	0.31605309247971	65.000000000000	0.00000000000000
30.489999771118	0.58354818820953	0.31584793329239	65.000000000000	0.00000000000000
30.500000000000	0.58418405056000	0.31564232707024	65.000000000000	0.00000000000000
30.510000228882	0.58481830358505	0.31543609499931	65.000000000000	0.00000000000000
30.520000457764	0.58545094728470	0.31522929668427	65.000000000000	0.00000000000000
30.530000686646	0.58608204126358	0.31502202153206	65.000000000000	0.00000000000000
30.540000915527	0.58671164512634	0.31481418013573	65.000000000000	0.00000000000000
30.549999237061	0.58733963966370	0.31460580229759	65.000000000000	0.00000000000000
30.559999465942	0.58796596527100	0.31439691781998	65.000000000000	0.00000000000000
30.569999694824	0.58859091997147	0.31418752670288	65.000000000000	0.00000000000000
30.579999923706	0.58921420574188	0.31397753953934	65.000000000000	0.00000000000000
30.590000152588	0.58983600139618	0.31376713514328	65.000000000000	0.00000000000000
30.600000381470	0.59045624732971	0.31355616450310	65.000000000000	0.00000000000000
30.610000610352	0.59107488393784	0.31334465742111	65.000000000000	0.00000000000000
30.620000839233	0.59169220924377	0.31313270330429	65.000000000000	0.00000000000000
30.629999160767	0.59230780601501	0.31292024254799	65.000000000000	0.00000000000000
30.639999389648	0.59292191267014	0.31270727515221	65.000000000000	0.00000000000000
30.649999618530	0.59353446960449	0.31249383091927	65.000000000000	0.00000000000000
30.659999847412	0.59414553642273	0.31227990984917	65.000000000000	0.00000000000000
30.670000076294	0.59475511312485	0.31206551194191	65.000000000000	0.00000000000000
30.680000305176	0.59536319971085	0.31185063719749	65.000000000000	0.00000000000000
30.690000534058	0.59596979618073	0.31163528561592	65.000000000000	0.00000000000000
30.700000762939	0.59657478332520	0.31141945719719	65.000000000000	0.00000000000000
30.709999084473	0.59717833995819	0.31120318174362	65.000000000000	0.00000000000000
30.719999313354	0.59778040647507	0.31098645925522	65.000000000000	0.00000000000000
30.729999542236	0.59838098287582	0.31076928973198	65.000000000000	0.00000000000000
30.739999771118	0.59898000955582	0.31055164337158	65.000000000000	0.00000000000000
30.750000000000	0.59957760572433	0.31033357977867	65.000000000000	0.00000000000000
30.760000228882	0.60017377138138	0.31011503934860	65.000000000000	0.00000000000000
30.770000457764	0.60076838731766	0.30989611148834	65.000000000000	0.00000000000000
30.780000686646	0.60136151313782	0.30967673659325	65.000000000000	0.00000000000000
30.790000915527	0.60195320844650	0.30945694446564	65.000000000000	0.00000000000000
30.799999237061	0.60254347324371	0.30923670530319	65.000000000000	0.00000000000000
30.809999465942	0.60313224792480	0.30901604890823	65.000000000000	0.00000000000000
30.819999694824	0.60371953248978	0.30879497528076	65.000000000000	0.00000000000000
30.829999923706	0.60430538654327	0.30857351422310	65.000000000000	0.00000000000000
30.840000152588	0.60488975048065	0.30835160613060	65.000000000000	0.00000000000000
30.850000381470	0.60547274351120	0.30812931060791	65.000000000000	0.00000000000000
30.860000610352	0.60605430603027	0.30790662765503	65.000000000000	0.00000000000000
30.870000839233	0.60663437843323	0.30768355727196	65.000000000000	0.00000000000000
30.879999160767	0.60721302032471	0.30746009945869	65.000000000000	0.00000000000000
30.889999389648	0.60779029130936	0.30723625421524	65.000000000000	0.00000000000000
30.899999618530	0.60836601257324	0.30701199173927	65.000000000000	0.00000000000000
30.909999847412	0.60894042253494	0.30678734183311	65.000000000000	0.00000000000000
30.920000076294	0.60951334238052	0.30656233429909	65.000000000000	0.00000000000000
30.930000305176	0.61008489131927	0.30633696913719	65.000000000000	0.00000000000000
30.940000534058	0.61065495014191	0.30611124634743	65.000000000000	0.00000000000000
30.950000762939	0.61122363805771	0.30588513612747	65.000000000000	0.00000000000000
30.959999084473	0.61179095506668	0.30565869808197	65.000000000000	0.00000000000000
30.969999313354	0.61235684156418	0.30543184280396	65.000000000000	0.00000000000000
30.979999542236	0.61292135715485	0.30520465970039	65.000000000000	0.00000000000000
30.989999771118	0.61348450183868	0.30497714877129	65.000000000000	0.00000000000000
31.000000000000	0.61404615640640	0.30474925041199	65.000000000000	0.00000000000000
31.010000228882	0.61460644006729	0.30452105402946	65.000000000000	0.00000000000000
31.020000457764	0.61516535282135	0.30429247021675	65.000000000000	0.00000000000000
31.030000686646	0.61572301387787	0.30406358838081	65.000000000000	0.00000000000000
31.040000915527	0.61627918481827	0.30383434891701	65.000000000000	0.00000000000000
31.049999237061	0.61683392524719	0.30360478162766	65.000000000000	0.00000000000000
31.059999465942	0.61738741397858	0.30337491631508	65.000000000000	0.00000000000000
31.069999694824	0.61793947219849	0.30314469337463	65.000000000000	0.00000000000000
31.079999923706	0.61849021911621	0.30291417241096	65.000000000000	0.00000000000000
31.090000152588	0.61903947591782	0.30268332362175	65.000000000000	0.00000000000000
31.100000381470	0.61958754062653	0.30245217680931	65.000000000000	0.00000000000000
31.110000610352	0.62013417482376	0.30222073197365	65.000000000000	0.00000000000000
31.120000839233	0.62067949771881	0.30198895931244	65.000000000000	0.00000000000000
31.129999160767	0.62122344970703	0.30175688862801	65.000000000000	0.00000000000000
31.139999389648	0.62176603078842	0.30152451992035	65.000000000000	0.00000000000000
31.149999618530	0.62230730056763	0.30129185318947	65.000000000000	0.00000000000000
31.159999847412	0.62284719944000	0.30105888843536	65.000000000000	0.00000000000000
31.170000076294	0.62338584661484	0.30082562565804	65.000000000000	0.00000000000000
31.180000305176	0.62392306327820	0.30059212446213	65.000000000000	0.00000000000000
31.190000534058	0.62445908784866	0.30035829544067	65.000000000000	0.00000000000000
31.200000762939	0.62499374151230	0.30012422800064	65.000000000000	0.00000000000000
31.209999084473	0.62552702426910	0.29988983273506	65.000000000000	0.00000000000000
31.219999313354	0.62605899572372	0.29965519905090	65.000000000000	0.00000000000000
31.229999542236	0.62658971548080	0.29942029714584	65.000000000000	0.00000000000000
31.239999771118	0.62711906433105	0.29918509721756	65.000000000000	0.00000000000000
31.250000000000	0.62764716148376	0.29894965887070	65.000000000000	0.00000000000000
31.260000228882	0.62817394733429	0.29871398210526	65.000000000000	0.00000000000000
31.270000457764	0.62869942188263	0.29847797751427	65.000000000000	0.00000000000000
31.280000686646	0.62922358512878	0.29824179410934	65.000000000000	0.00000000000000
31.290000915527	0.62974649667740	0.29800531268120	65.000000000000	0.00000000000000
31.299999237061	0.63026809692383	0.29776859283447	65.000000000000	0.00000000000000
31.309999465942	0.63078850507736	0.29753163456917	65.000000000000	0.00000000000000
31.319999694824	0.63130754232407	0.29729440808296	65.000000000000	0.00000000000000
31.329999923706	0.63182538747787	0.29705694317818	65.000000000000	0.00000000000000
31.340000152588	0.63234186172485	0.29681926965714	65.000000000000	0.00000000000000
31.350000381470	0.63285714387894	0.29658138751984	65.000000000000	0.00000000000000
31.360000610352	0.63337111473083	0.29634320735931	65.000000000000	0.00000000000000
31.370000839233	0.63388383388519	0.29610481858253	65.000000000000	0.00000000000000
31.379999160767	0.63439536094666	0.29586625099182	65.000000000000	0.00000000000000
31.389999389648	0.63490551710129	0.29562738537788	65.000000000000	0.00000000000000
31.399999618530	0.63541448116302	0.29538834095001	65.000000000000	0.00000000000000
31.409999847412	0.63592231273651	0.29514902830124	65.000000000000	0.00000000000000
31.420000076294	0.63642871379852	0.29490953683853	65.000000000000	0.00000000000000
31.430000305176	0.63693386316299	0.29467001557350	65.000000000000	0.00000000000000
31.440000534058	0.63743799924850	0.29442995786667	65.000000000000	0.00000000000000
31.450000762939	0.63794070482254	0.29418984055519	65.000000000000	0.00000000000000
31.459999084473	0.63844227790833	0.29394945502281	65.000000000000	0.00000000000000
31.469999313354	0.63894248008728	0.29370906949043	65.000000000000	0.00000000000000
31.479999542236	0.63944166898727	0.29346817731857	65.000000000000	0.00000000000000
31.489999771118	0.63993948698044	0.29322725534439	65.000000000000	0.00000000000000
31.500000000000	0.64043605327606	0.29298636317253	65.000000000000	0.00000000000000
31.510000228882	0.64093136787415	0.29274523258209	65.000000000000	0.00000000000000
31.520000457764	0.64142566919327	0.29250347614288	65.000000000000	0.00000000000000
31.530000686646	0.64191871881485	0.29226180911064	65.000000000000	0.00000000000000
31.540000915527	0.64241057634354	0.29201990365982	65.000000000000	0.00000000000000
31.549999237061	0.64290106296539	0.29177802801132	65.000000000000	0.00000000000000
31.559999465942	0.64339041709900	0.29153591394424	65.000000000000	0.00000000000000
31.569999694824	0.64387875795364	0.29129323363304	65.000000000000	0.00000000000000
31.579999923706	0.64436572790146	0.29105064272881	65.000000000000	0.00000000000000
31.590000152588	0.64485144615173	0.29080814123154	65.000000000000	0.00000000000000
31.600000381470	0.64533615112305	0.29056513309479	65.000000000000	0.00000000000000
31.610000610352	0.64581960439682	0.29032206535339	65.000000000000	0.00000000000000
31.620000839233	0.64630186557770	0.29007881879807	65.000000000000	0.00000000000000
31.629999160767	0.64678299427032	0.28983539342880	65.000000000000	0.00000000000000
31.639999389648	0.64726293087006	0.28959184885025	65.000000000000	0.00000000000000
31.649999618530	0.64774167537689	0.28934815526009	65.000000000000	0.00000000000000
31.659999847412	0.64821928739548	0.28910428285599	65.000000000000	0.00000000000000
31.670000076294	0.64869570732117	0.28886026144028	65.000000000000	0.00000000000000
31.680000305176	0.64917099475861	0.28861609101295	65.000000000000	0.00000000000000
31.690000534058	0.64964520931244	0.28837177157402	65.000000000000	0.00000000000000
31.700000762939	0.65011811256409	0.28812727332115	65.000000000000	0.00000000000000
31.709999084473	0.65059000253677	0.28788268566132	65.000000000000	0.00000000000000
31.719999313354	0.65106058120728	0.28763791918755	65.000000000000	0.00000000000000
31.729999542236	0.65153020620346	0.28739303350449	65.000000000000	0.00000000000000
31.739999771118	0.65199857950211	0.28714802861214	65.000000000000	0.00000000000000
31.750000000000	0.65246582031250	0.28690284490585	65.000000000000	0.00000000000000
31.760000228882	0.65293198823929	0.28665757179260	65.000000000000	0.00000000000000
31.770000457764	0.65339702367783	0.28641214966774	65.000000000000	0.00000000000000
31.780000686646	0.65386080741882	0.28616654872894	65.000000000000	0.00000000000000
31.790000915527	0.65432357788086	0.28592088818550	65.000000000000	0.00000000000000
31.799999237061	0.65478521585464	0.28567510843277	65.000000000000	0.00000000000000
31.809999465942	0.65524572134018	0.28542914986610	65.000000000000	0.00000000000000
31.819999694824	0.65570515394211	0.28518313169479	65.000000000000	0.00000000000000
31.829999923706	0.65616345405579	0.28493693470955	65.000000000000	0.00000000000000
31.840000152588	0.65662062168121	0.28469067811966	65.000000000000	0.00000000000000
31.850000381470	0.65707671642303	0.28444427251816	65.000000000000	0.00000000000000
31.860000610352	0.65753167867661	0.28419777750969	65.000000000000	0.00000000000000
31.870000839233	0.65798550844193	0.28395116329193	65.000000000000	0.00000000000000
31.879999160767	0.65843826532364	0.28370442986488	65.000000000000	0.00000000000000
31.889999389648	0.65889000892639	0.28345760703087	65.000000000000	0.00000000000000
31.899999618530	0.65934062004089	0.28321066498756	65.000000000000	0.00000000000000
31.909999847412	0.65979009866714	0.28296363353729	65.000000000000	0.00000000000000
31.920000076294	0.66023856401443	0.28271651268005	65.000000000000	0.00000000000000
31.930000305176	0.66068583726883	0.28246927261353	65.000000000000	0.00000000000000
31.940000534058	0.66113215684891	0.28222194314003	65.000000000000	0.00000000000000
31.950000762939	0.66157734394073	0.28197452425957	65.000000000000	0.00000000000000
31.959999084473	0.66202139854431	0.28172698616982	65.000000000000	0.00000000000000
31.969999313354	0.66246455907822	0.28147938847542	65.000000000000	0.00000000000000
31.979999542236	0.66290646791458	0.28123167157173	65.000000000000	0.00000000000000
31.989999771118	0.66334742307663	0.28098386526108	65.000000000000	0.00000000000000
32.000000000000	0.66378736495972	0.28073602914810	65.000000000000	0.00000000000000
32.009998321533	0.66422611474991	0.28048804402351	65.000000000000	0.00000000000000
32.020000457764	0.66466385126114	0.28024002909660	65.000000000000	0.00000000000000
32.029998779297	0.66510057449341	0.27999189496040	65.000000000000	0.00000000000000
32.040000915527	0.66553622484207	0.27974370121956	65.000000000000	0.00000000000000
32.049999237061	0.66597086191177	0.27949544787407	65.000000000000	0.00000000000000
32.060001373291	0.66640442609787	0.27924710512161	65.000000000000	0.00000000000000
32.069999694824	0.66683691740036	0.27899867296219	65.000000000000	0.00000000000000
32.080001831055	0.66726845502853	0.27875018119812	65.000000000000	0.00000000000000
32.090000152588	0.66769891977310	0.27850160002708	65.000000000000	0.00000000000000
32.099998474121	0.66812831163406	0.27825298905373	65.000000000000	0.00000000000000
32.110000610352	0.66855674982071	0.27800428867340	65.000000000000	0.00000000000000
32.119998931885	0.66898411512375	0.27775549888611	65.000000000000	0.00000000000000
32.130001068115	0.66941052675247	0.27750667929649	65.000000000000	0.00000000000000
32.139999389648	0.66983580589294	0.27725777029991	65.000000000000	0.00000000000000
32.150001525879	0.67026025056839	0.27700883150101	65.000000000000	0.00000000000000
32.159999847412	0.67068350315094	0.27675980329514	65.000000000000	0.00000000000000
32.169998168945	0.67110586166382	0.27651077508926	65.000000000000	0.00000000000000
32.180000305176	0.67152714729309	0.27626159787178	65.000000000000	0.00000000000000
32.189998626709	0.67194741964340	0.27601245045662	65.000000000000	0.00000000000000
32.200000762939	0.67236667871475	0.27576324343681	65.000000000000	0.00000000000000
32.209999084473	0.67278504371643	0.27551391720772	65.000000000000	0.00000000000000
32.220001220703	0.67320227622986	0.27526459097862	65.000000000000	0.00000000000000
32.229999542236	0.67361861467361	0.27501523494720	65.000000000000	0.00000000000000
32.240001678467	0.67403393983841	0.27476578950882	65.000000000000	0.00000000000000
32.250000000000	0.67444825172424	0.27451631426811	65.000000000000	0.00000000000000
32.259998321533	0.67486160993576	0.27426680922508	65.000000000000	0.00000000000000
32.270000457764	0.67527395486832	0.27401721477509	65.000000000000	0.00000000000000
32.279998779297	0.67568540573120	0.27376762032509	65.000000000000	0.00000000000000
32.290000915527	0.67609584331512	0.27351802587509	65.000000000000	0.00000000000000
32.299999237061	0.67650520801544	0.27326831221581	65.000000000000	0.00000000000000
32.310001373291	0.67691373825073	0.27301859855652	65.000000000000	0.00000000000000
32.319999694824	0.67732119560242	0.27276885509491	65.000000000000	0.00000000000000
32.330001831055	0.67772769927979	0.27251905202866	65.000000000000	0.00000000000000
32.340000152588	0.67813330888748	0.27226924896240	65.000000000000	0.00000000000000
32.349998474121	0.67853790521622	0.27201938629150	65.000000000000	0.00000000000000
32.360000610352	0.67894160747528	0.27176952362061	65.000000000000	0.00000000000000
32.369998931885	0.67934429645538	0.27151960134506	65.000000000000	0.00000000000000
32.380001068115	0.67974609136581	0.27126964926720	65.000000000000	0.00000000000000
32.389999389648	0.68014681339264	0.27101969718933	65.000000000000	0.00000000000000
32.400001525879	0.68054670095444	0.27076971530914	65.000000000000	0.00000000000000
32.409999847412	0.68094557523727	0.27051970362663	65.000000000000	0.00000000000000
32.419998168945	0.68134355545044	0.27026966214180	65.000000000000	0.00000000000000
32.430000305176	0.68174058198929	0.27001959085464	65.000000000000	0.00000000000000
32.439998626709	0.68213671445847	0.26976951956749	65.000000000000	0.00000000000000
32.450000762939	0.68253183364868	0.26951941847801	65.000000000000	0.00000000000000
32.459999084473	0.68292611837387	0.26926931738853	65.000000000000	0.00000000000000
32.470001220703	0.68331944942474	0.26901915669441	65.000000000000	0.00000000000000
32.479999542236	0.68371176719666	0.26876899600029	65.000000000000	0.00000000000000
32.490001678467	0.68410325050354	0.26851886510849	65.000000000000	0.00000000000000
32.500000000000	0.68449383974075	0.26826867461205	65.000000000000	0.00000000000000
32.509998321533	0.68488341569901	0.26801851391792	65.000000000000	0.00000000000000
32.520000457764	0.68527209758759	0.26776829361916	65.000000000000	0.00000000000000
32.529998779297	0.68565982580185	0.26751810312271	65.000000000000	0.00000000000000
32.540000915527	0.68604677915573	0.26726788282394	65.000000000000	0.00000000000000
32.549999237061	0.68643277883530	0.26701763272285	65.000000000000	0.00000000000000
32.560001373291	0.68681782484055	0.26676744222641	65.000000000000	0.00000000000000
32.569999694824	0.68720203638077	0.26651722192764	65.000000000000	0.00000000000000
32.580001831055	0.68758523464203	0.26626697182655	65.000000000000	0.00000000000000
32.590000152588	0.68796765804291	0.26601672172546	65.000000000000	0.00000000000000
32.599998474121	0.68834906816483	0.26576647162437	65.000000000000	0.00000000000000
32.610000610352	0.68872964382172	0.26551622152328	65.000000000000	0.00000000000000
32.619998931885	0.68910938501358	0.26526600122452	65.000000000000	0.00000000000000
32.630001068115	0.68948817253113	0.26501578092575	65.000000000000	0.00000000000000
32.639999389648	0.68986612558365	0.26476553082466	65.000000000000	0.00000000000000
32.650001525879	0.69024312496185	0.26451528072357	65.000000000000	0.00000000000000
32.659999847412	0.69061928987503	0.26426503062248	65.000000000000	0.00000000000000
32.669998168945	0.69099456071854	0.26401481032372	65.000000000000	0.00000000000000
32.680000305176	0.69136899709702	0.26376459002495	65.000000000000	0.00000000000000
32.689998626709	0.69174253940582	0.26351439952850	65.000000000000	0.00000000000000
32.700000762939	0.69211518764496	0.26326417922974	65.000000000000	0.00000000000000
32.709999084473	0.69248700141907	0.26301395893097	65.000000000000	0.00000000000000
32.720001220703	0.69285786151886	0.26276379823685	65.000000000000	0.00000000000000
32.729999542236	0.69322800636292	0.26251363754272	65.000000000000	0.00000000000000
32.740001678467	0.69359725713730	0.26226347684860	65.000000000000	0.00000000000000
32.750000000000	0.69396549463272	0.26201331615448	65.000000000000	0.00000000000000
32.759998321533	0.69433307647705	0.26176321506500	65.000000000000	0.00000000000000
32.770000457764	0.69469964504242	0.26151305437088	65.000000000000	0.00000000000000
32.779998779297	0.69506549835205	0.26126295328140	65.000000000000	0.00000000000000
32.790000915527	0.69543039798737	0.26101285219193	65.000000000000	0.00000000000000
32.799999237061	0.69579452276230	0.26076281070709	65.000000000000	0.00000000000000
32.810001373291	0.69615775346756	0.26051273941994	65.000000000000	0.00000000000000
32.819999694824	0.69652014970779	0.26026269793510	65.000000000000	0.00000000000000
32.830001831055	0.69688171148300	0.26001271605492	65.000000000000	0.00000000000000
32.840000152588	0.69724243879318	0.25976273417473	65.000000000000	0.00000000000000
32.849998474121	0.69760233163834	0.25951275229454	65.000000000000	0.00000000000000
32.860000610352	0.69796139001846	0.25926280021667	65.000000000000	0.00000000000000
32.869998931885	0.69831955432892	0.25901287794113	65.000000000000	0.00000000000000
32.880001068115	0.69867706298828	0.25876298546791	65.000000000000	0.00000000000000
32.889999389648	0.69903355836868	0.25851312279701	65.000000000000	0.00000000000000
32.900001525879	0.69938933849335	0.25826326012611	65.000000000000	0.00000000000000
32.909999847412	0.69974428415298	0.25801342725754	65.000000000000	0.00000000000000
32.919998168945	0.70009833574295	0.25776365399361	65.000000000000	0.00000000000000
32.930000305176	0.70045167207718	0.25751388072968	65.000000000000	0.00000000000000
32.939998626709	0.70080417394638	0.25726416707039	65.000000000000	0.00000000000000
32.950000762939	0.70115578174591	0.25701442360878	65.000000000000	0.00000000000000
32.959999084473	0.70150661468506	0.25676476955414	65.000000000000	0.00000000000000
32.970001220703	0.70185667276382	0.25651511549950	65.000000000000	0.00000000000000
32.979999542236	0.70220589637756	0.25626552104950	65.000000000000	0.00000000000000
32.990001678467	0.70255428552628	0.25601595640182	65.000000000000	0.00000000000000
33.000000000000	0.70290201902390	0.25576642155647	65.000000000000	0.00000000000000
33.009998321533	0.70324879884720	0.25551688671112	65.000000000000	0.00000000000000
33.020000457764	0.70359480381012	0.25526741147041	65.000000000000	0.00000000000000
33.029998779297	0.70394003391266	0.25501796603203	65.000000000000	0.00000000000000
33.040000915527	0.70428448915482	0.25476858019829	65.000000000000	0.00000000000000
33.049999237061	0.70462810993195	0.25451922416687	65.000000000000	0.00000000000000
33.060001373291	0.70497101545334	0.25426989793777	65.000000000000	0.00000000000000
33.069999694824	0.70531302690506	0.25402060151100	65.000000000000	0.00000000000000
33.080001831055	0.70565432310104	0.25377133488655	65.000000000000	0.00000000000000
33.090000152588	0.70599478483200	0.25352215766907	65.000000000000	0.00000000000000
33.099998474121	0.70633459091187	0.25327301025391	65.000000000000	0.00000000000000
33.110000610352	0.70667350292206	0.25302386283875	65.000000000000	0.00000000000000
33.119998931885	0.70701164007187	0.25277477502823	65.000000000000	0.00000000000000
33.130001068115	0.70734900236130	0.25252574682236	65.000000000000	0.00000000000000
33.139999389648	0.70768564939499	0.25227674841881	65.000000000000	0.00000000000000
33.150001525879	0.70802152156830	0.25202780961990	65.000000000000	0.00000000000000
33.159999847412	0.70835655927658	0.25177893042564	65.000000000000	0.00000000000000
33.169998168945	0.70869082212448	0.25153005123138	65.000000000000	0.00000000000000
33.180000305176	0.70902436971664	0.25128123164177	65.000000000000	0.00000000000000
33.189998626709	0.70935708284378	0.25103247165680	65.000000000000	0.00000000000000
33.200000762939	0.70968919992447	0.25078377127647	65.000000000000	0.00000000000000
33.209999084473	0.71002042293549	0.25053510069847	65.000000000000	0.00000000000000
33.220001220703	0.71035093069077	0.25028648972511	65.000000000000	0.00000000000000
33.229999542236	0.71068060398102	0.25003793835640	65.000000000000	0.00000000000000
33.240001678467	0.71100962162018	0.24978940188885	65.000000000000	0.00000000000000
33.250000000000	0.71133786439896	0.24954092502594	65.000000000000	0.00000000000000
33.259998321533	0.71166533231735	0.24929253757000	65.000000000000	0.00000000000000
33.270000457764	0.71199208498001	0.24904415011406	65.000000000000	0.00000000000000
33.279998779297	0.71231806278229	0.24879585206509	65.000000000000	0.00000000000000
33.290000915527	0.71264332532883	0.24854759871960	65.000000000000	0.00000000000000
33.299999237061	0.71296781301498	0.24829937517643	65.000000000000	0.00000000000000
33.310001373291	0.71329152584076	0.24805124104023	65.000000000000	0.00000000000000
33.319999694824	0.71361458301544	0.24780316650867	65.000000000000	0.00000000000000
33.330001831055	0.71393692493439	0.24755513668060	65.000000000000	0.00000000000000
33.340000152588	0.71425843238831	0.24730716645718	65.000000000000	0.00000000000000
33.349998474121	0.71457916498184	0.24705922603607	65.000000000000	0.00000000000000
33.360000610352	0.71489936113358	0.24681136012077	65.000000000000	0.00000000000000
33.369998931885	0.71521860361099	0.24656356871128	65.000000000000	0.00000000000000
33.380001068115	0.71553730964661	0.24631582200527	65.000000000000	0.00000000000000
33.389999389648	0.71585512161255	0.24606814980507	65.000000000000	0.00000000000000
33.400001525879	0.71617233753204	0.24582052230835	65.000000000000	0.00000000000000
33.409999847412	0.71648883819580	0.24557295441628	65.000000000000	0.00000000000000
33.419998168945	0.71680456399918	0.24532544612885	65.000000000000	0.00000000000000
33.430000305176	0.71711957454681	0.24507801234722	65.000000000000	0.00000000000000
33.439998626709	0.71743381023407	0.24483066797256	65.000000000000	0.00000000000000
33.450000762939	0.71774744987488	0.24458332359791	65.000000000000	0.00000000000000
33.459999084473	0.71806031465530	0.24433609843254	65.000000000000	0.00000000000000
33.470001220703	0.71837246417999	0.24408890306950	65.000000000000	0.00000000000000
33.479999542236	0.71868389844894	0.24384176731110	65.000000000000	0.00000000000000
33.490001678467	0.71899455785751	0.24359472095966	65.000000000000	0.00000000000000
33.500000000000	0.71930468082428	0.24334773421288	65.000000000000	0.00000000000000
33.509998321533	0.71961402893066	0.24310082197189	65.000000000000	0.00000000000000
33.520000457764	0.71992266178131	0.24285395443439	65.000000000000	0.00000000000000
33.529998779297	0.72023057937622	0.24260717630386	65.000000000000	0.00000000000000
33.540000915527	0.72053772211075	0.24236045777798	65.000000000000	0.00000000000000
33.549999237061	0.72084420919418	0.24211382865906	65.000000000000	0.00000000000000
33.560001373291	0.72115004062653	0.24186724424362	65.000000000000	0.00000000000000
33.569999694824	0.72145521640778	0.24162074923515	65.000000000000	0.00000000000000
33.580001831055	0.72175961732864	0.24137428402901	65.000000000000	0.00000000000000
33.590000152588	0.72206342220306	0.24112793803215	65.000000000000	0.00000000000000
33.599998474121	0.72236651182175	0.24088165163994	65.000000000000	0.00000000000000
33.610000610352	0.72266882658005	0.24063542485237	65.000000000000	0.00000000000000
33.619998931885	0.72297054529190	0.24038927257061	65.000000000000	0.00000000000000
33.630001068115	0.72327154874802	0.24014320969582	65.000000000000	0.00000000000000
33.639999389648	0.72357183694839	0.23989719152451	65.000000000000	0.00000000000000
33.650001525879	0.72387146949768	0.23965127766132	65.000000000000	0.00000000000000
33.659999847412	0.72417044639587	0.23940542340279	65.000000000000	0.00000000000000
33.669998168945	0.72446864843369	0.23915965855122	65.000000000000	0.00000000000000
33.680000305176	0.72476625442505	0.23891395330429	65.000000000000	0.00000000000000
33.689998626709	0.72506320476532	0.23866830766201	65.000000000000	0.00000000000000
33.700000762939	0.72535949945450	0.23842278122902	65.000000000000	0.00000000000000
33.709999084473	0.72565507888794	0.23817731440067	65.000000000000	0.00000000000000
33.720001220703	0.72595000267029	0.23793193697929	65.000000000000	0.00000000000000
33.729999542236	0.72624415159225	0.23768663406372	65.000000000000	0.00000000000000
33.740001678467	0.72653776407242	0.23744140565395	65.000000000000	0.00000000000000
33.750000000000	0.72683072090149	0.23719625174999	65.000000000000	0.00000000000000
33.759998321533	0.72712290287018	0.23695120215416	65.000000000000	0.00000000000000
33.770000457764	0.72741448879242	0.23670621216297	65.000000000000	0.00000000000000
33.779998779297	0.72770541906357	0.23646131157875	65.000000000000	0.00000000000000
33.790000915527	0.72799563407898	0.23621648550034	65.000000000000	0.00000000000000
33.799999237061	0.72828531265259	0.23597177863121	65.000000000000	0.00000000000000
33.810001373291	0.72857427597046	0.23572713136673	65.000000000000	0.00000000000000
33.819999694824	0.72886258363724	0.23548257350922	65.000000000000	0.00000000000000
33.830001831055	0.72915023565292	0.23523807525635	65.000000000000	0.00000000000000
33.840000152588	0.72943717241287	0.23499366641045	65.000000000000	0.00000000000000
33.849998474121	0.72972345352173	0.23474937677383	65.000000000000	0.00000000000000
33.860000610352	0.73000919818878	0.23450513184071	65.000000000000	0.00000000000000
33.869998931885	0.73029422760010	0.23426100611687	65.000000000000	0.00000000000000
33.880001068115	0.73057872056961	0.23401695489883	65.000000000000	0.00000000000000
33.889999389648	0.73086237907410	0.23377300798893	65.000000000000	0.00000000000000
33.900001525879	0.73114556074142	0.23352912068367	65.000000000000	0.00000000000000
33.909999847412	0.73142796754837	0.23328535258770	65.000000000000	0.00000000000000
33.919998168945	0.73170989751816	0.23304165899754	65.000000000000	0.00000000000000
33.930000305176	0.73199105262756	0.23279803991318	65.000000000000	0.00000000000000
33.939998626709	0.73227161169052	0.23255454003811	65.000000000000	0.00000000000000
33.950000762939	0.73255145549774	0.23231111466885	65.000000000000	0.00000000000000
33.959999084473	0.73283082246780	0.23206779360771	65.000000000000	0.00000000000000
33.970001220703	0.73310953378677	0.23182456195354	65.000000000000	0.00000000000000
33.979999542236	0.73338752985001	0.23158143460751	65.000000000000	0.00000000000000
33.990001678467	0.73366492986679	0.23133836686611	65.000000000000	0.00000000000000
34.000000000000	0.73394167423248	0.23109538853168	65.000000000000	0.00000000000000
34.009998321533	0.73421794176102	0.23085255920887	65.000000000000	0.00000000000000
34.020000457764	0.73449343442917	0.23060978949070	65.000000000000	0.00000000000000
34.029998779297	0.73476833105087	0.23036712408066	65.000000000000	0.00000000000000
34.040000915527	0.73504263162613	0.23012457787991	65.000000000000	0.00000000000000
34.049999237061	0.73531627655029	0.22988210618496	65.000000000000	0.00000000000000
34.060001373291	0.73558932542801	0.22963972389698	65.000000000000	0.00000000000000
34.069999694824	0.73586177825928	0.22939744591713	65.000000000000	0.00000000000000
34.080001831055	0.73613357543945	0.22915528714657	65.000000000000	0.00000000000000
34.090000152588	0.73640483617783	0.22891320288181	65.000000000000	0.00000000000000
34.099998474121	0.73667532205582	0.22867122292519	65.000000000000	0.00000000000000
34.110000610352	0.73694533109665	0.22842934727669	65.000000000000	0.00000000000000
34.119998931885	0.73721474409103	0.22818759083748	65.000000000000	0.00000000000000
34.130001068115	0.73748350143433	0.22794592380524	65.000000000000	0.00000000000000
34.139999389648	0.73775172233582	0.22770434617996	65.000000000000	0.00000000000000
34.150001525879	0.73801928758621	0.22746288776398	65.000000000000	0.00000000000000
34.159999847412	0.73828625679016	0.22722153365612	65.000000000000	0.00000000000000
34.169998168945	0.73855257034302	0.22698028385639	65.000000000000	0.00000000000000
34.180000305176	0.73881834745407	0.22673915326595	65.000000000000	0.00000000000000
34.189998626709	0.73908346891403	0.22649808228016	65.000000000000	0.00000000000000
34.200000762939	0.73934805393219	0.22625714540482	65.000000000000	0.00000000000000
34.209999084473	0.73961204290390	0.22601632773876	65.000000000000	0.00000000000000
34.220001220703	0.73987537622452	0.22577559947968	65.000000000000	0.00000000000000
34.229999542236	0.74013823270798	0.22553493082523	65.000000000000	0.00000000000000
34.240001678467	0.74040037393570	0.22529458999634	65.000000000000	0.00000000000000
34.250000000000	0.74066197872162	0.22505396604538	65.000000000000	0.00000000000000
34.259998321533	0.74092298746109	0.22481375932693	65.000000000000	0.00000000000000
34.270000457764	0.74118340015411	0.22457364201546	65.000000000000	0.00000000000000
34.279998779297	0.74144333600998	0.22433358430862	65.000000000000	0.00000000000000
34.290000915527	0.74170255661011	0.22409357130527	65.000000000000	0.00000000000000
34.299999237061	0.74196130037308	0.22385363280773	65.000000000000	0.00000000000000
34.310001373291	0.74221944808960	0.22361376881599	65.000000000000	0.00000000000000
34.319999694824	0.74247682094574	0.22337430715561	65.000000000000	0.00000000000000
34.330001831055	0.74273377656937	0.22313493490219	65.000000000000	0.00000000000000
34.340000152588	0.74299025535583	0.22289529442787	65.000000000000	0.00000000000000
34.349998474121	0.74324589967728	0.22265642881393	65.000000000000	0.00000000000000
34.360000610352	0.74350112676620	0.22241699695587	65.000000000000	0.00000000000000
34.369998931885	0.74375581741333	0.22217796742916	65.000000000000	0.00000000000000
34.380001068115	0.74400991201401	0.22193902730942	65.000000000000	0.00000000000000
34.389999389648	0.74426341056824	0.22170019149780	65.000000000000	0.00000000000000
34.400001525879	0.74451637268066	0.22146150469780	65.000000000000	0.00000000000000
34.409999847412	0.74476867914200	0.22122292220592	65.000000000000	0.00000000000000
34.419998168945	0.74502050876617	0.22098445892334	65.000000000000	0.00000000000000
34.430000305176	0.74527174234390	0.22074611485004	65.000000000000	0.00000000000000
34.439998626709	0.74552249908447	0.22050793468952	65.000000000000	0.00000000000000
34.450000762939	0.74577260017395	0.22026979923248	65.000000000000	0.00000000000000
34.459999084473	0.74602222442627	0.22003182768822	65.000000000000	0.00000000000000
34.470001220703	0.74627125263214	0.21979394555092	65.000000000000	0.00000000000000
34.479999542236	0.74651968479156	0.21955621242523	65.000000000000	0.00000000000000
34.490001678467	0.74676764011383	0.21931858360767	65.000000000000	0.00000000000000
34.500000000000	0.74701499938965	0.21908110380173	65.000000000000	0.00000000000000
34.509998321533	0.74726182222366	0.21884372830391	65.000000000000	0.00000000000000
34.520000457764	0.74750804901123	0.21860647201538	65.000000000000	0.00000000000000
34.529998779297	0.74775379896164	0.21836934983730	65.000000000000	0.00000000000000
34.540000915527	0.74799895286560	0.21813237667084	65.000000000000	0.00000000000000
34.549999237061	0.74824357032776	0.21789547801018	65.000000000000	0.00000000000000
34.560001373291	0.74848771095276	0.21765875816345	65.000000000000	0.00000000000000
34.569999694824	0.74873125553131	0.21742209792137	65.000000000000	0.00000000000000
34.580001831055	0.74897426366806	0.21718561649323	65.000000000000	0.00000000000000
34.590000152588	0.74921673536301	0.21694929897785	65.000000000000	0.00000000000000
34.599998474121	0.74945867061615	0.21671301126480	65.000000000000	0.00000000000000
34.610000610352	0.74970012903214	0.21647693216801	65.000000000000	0.00000000000000
34.619998931885	0.74994105100632	0.21624094247818	65.000000000000	0.00000000000000
34.630001068115	0.75018131732941	0.21600510179996	65.000000000000	0.00000000000000
34.639999389648	0.75042122602463	0.21576935052872	65.000000000000	0.00000000000000
34.650001525879	0.75066047906876	0.21553376317024	65.000000000000	0.00000000000000
34.659999847412	0.75089931488037	0.21529832482338	65.000000000000	0.00000000000000
34.669998168945	0.75113749504089	0.21506297588348	65.000000000000	0.00000000000000
34.680000305176	0.75137519836426	0.21482777595520	65.000000000000	0.00000000000000
34.689998626709	0.75161248445511	0.21459271013737	65.000000000000	0.00000000000000
34.700000762939	0.75184911489487	0.21435779333115	65.000000000000	0.00000000000000
34.709999084473	0.75208526849747	0.21412299573421	65.000000000000	0.00000000000000
34.720001220703	0.75232088565826	0.21388831734657	65.000000000000	0.00000000000000
34.729999542236	0.75255614519119	0.21365378797054	65.000000000000	0.00000000000000
34.740001678467	0.75279068946838	0.21341939270496	65.000000000000	0.00000000000000
34.750000000000	0.75302481651306	0.21318511664867	65.000000000000	0.00000000000000
34.759998321533	0.75325846672058	0.21295098960400	65.000000000000	0.00000000000000
34.770000457764	0.75349152088165	0.21271701157093	65.000000000000	0.00000000000000
34.779998779297	0.75372415781021	0.21248315274715	65.000000000000	0.00000000000000
34.790000915527	0.75395625829697	0.21224942803383	65.000000000000	0.00000000000000
34.799999237061	0.75418782234192	0.21201583743095	65.000000000000	0.00000000000000
34.810001373291	0.75441896915436	0.21178239583969	65.000000000000	0.00000000000000
34.819999694824	0.75464951992035	0.21154907345772	65.000000000000	0.00000000000000
34.830001831055	0.75487965345383	0.21131590008736	65.000000000000	0.00000000000000
34.840000152588	0.75510919094086	0.21108287572861	65.000000000000	0.00000000000000
34.849998474121	0.75533831119537	0.21084995567799	65.000000000000	0.00000000000000
34.860000610352	0.75556689500809	0.21061721444130	65.000000000000	0.00000000000000
34.869998931885	0.75579512119293	0.21038457751274	65.000000000000	0.00000000000000
34.880001068115	0.75602269172668	0.21015210449696	65.000000000000	0.00000000000000
34.889999389648	0.75624984502792	0.20991978049278	65.000000000000	0.00000000000000
34.900001525879	0.75647652149200	0.20968757569790	65.000000000000	0.00000000000000
34.909999847412	0.75670266151428	0.20945549011230	65.000000000000	0.00000000000000
34.919998168945	0.75692844390869	0.20922356843948	65.000000000000	0.00000000000000
34.930000305176	0.75715357065201	0.20899178087711	65.000000000000	0.00000000000000
34.939998626709	0.75737833976746	0.20876017212868	65.000000000000	0.00000000000000
34.950000762939	0.75760263204575	0.20852865278721	65.000000000000	0.00000000000000
34.959999084473	0.75782644748688	0.20829729735851	65.000000000000	0.00000000000000
34.970001220703	0.75804972648621	0.20806606113911	65.000000000000	0.00000000000000
34.979999542236	0.75827252864838	0.20783500373363	65.000000000000	0.00000000000000
34.990001678467	0.75849497318268	0.20760403573513	65.000000000000	0.00000000000000
35.000000000000	0.75871688127518	0.20737326145172	65.000000000000	0.00000000000000
