#Parameters = {d=0.23278894472362; l2=4.6557788944724; lambda=9.3115577889447; r=0.031370638190955}
#"Frequency / GHz"	"S1,1 (lambda=9.31156) [Re]"	"S1,1 (lambda=9.31156) [Im]"	"Ref.Imp. [Re]"	"Ref.Imp. [Im]"
#-----------------------------------------------------------------------------------------------------------
25.000000000000	0.29977554082870	-0.60040670633316	65.000000000000	0.00000000000000
25.010000228882	0.29823327064514	-0.59984725713730	65.000000000000	0.00000000000000
25.020000457764	0.29669061303139	-0.59928220510483	65.000000000000	0.00000000000000
25.030000686646	0.29514741897583	-0.59871137142181	65.000000000000	0.00000000000000
25.040000915527	0.29360374808311	-0.59813487529755	65.000000000000	0.00000000000000
25.049999237061	0.29205980896950	-0.59755253791809	65.000000000000	0.00000000000000
25.059999465942	0.29051533341408	-0.59696453809738	65.000000000000	0.00000000000000
25.069999694824	0.28897047042847	-0.59637051820755	65.000000000000	0.00000000000000
25.079999923706	0.28742545843124	-0.59577083587646	65.000000000000	0.00000000000000
25.090000152588	0.28587996959686	-0.59516531229019	65.000000000000	0.00000000000000
25.100000381470	0.28433418273926	-0.59455394744873	65.000000000000	0.00000000000000
25.110000610352	0.28278800845146	-0.59393674135208	65.000000000000	0.00000000000000
25.120000839233	0.28124156594276	-0.59331357479095	65.000000000000	0.00000000000000
25.129999160767	0.27969506382942	-0.59268444776535	65.000000000000	0.00000000000000
25.139999389648	0.27814835309982	-0.59204941987991	65.000000000000	0.00000000000000
25.149999618530	0.27660122513771	-0.59140849113464	65.000000000000	0.00000000000000
25.159999847412	0.27505397796631	-0.59076154232025	65.000000000000	0.00000000000000
25.170000076294	0.27350676059723	-0.59010869264603	65.000000000000	0.00000000000000
25.180000305176	0.27195912599564	-0.58944976329803	65.000000000000	0.00000000000000
25.190000534058	0.27041149139404	-0.58878481388092	65.000000000000	0.00000000000000
25.200000762939	0.26886394619942	-0.58811378479004	65.000000000000	0.00000000000000
25.209999084473	0.26731610298157	-0.58743679523468	65.000000000000	0.00000000000000
25.219999313354	0.26576843857765	-0.58675360679626	65.000000000000	0.00000000000000
25.229999542236	0.26422056555748	-0.58606439828873	65.000000000000	0.00000000000000
25.239999771118	0.26267290115356	-0.58536905050278	65.000000000000	0.00000000000000
25.250000000000	0.26112520694733	-0.58466750383377	65.000000000000	0.00000000000000
25.260000228882	0.25957751274109	-0.58395981788635	65.000000000000	0.00000000000000
25.270000457764	0.25803014636040	-0.58324605226517	65.000000000000	0.00000000000000
25.280000686646	0.25648295879364	-0.58252590894699	65.000000000000	0.00000000000000
25.290000915527	0.25493571162224	-0.58179968595505	65.000000000000	0.00000000000000
25.299999237061	0.25338873267174	-0.58106720447540	65.000000000000	0.00000000000000
25.309999465942	0.25184172391891	-0.58032852411270	65.000000000000	0.00000000000000
25.319999694824	0.25029534101486	-0.57958346605301	65.000000000000	0.00000000000000
25.329999923706	0.24874871969223	-0.57883220911026	65.000000000000	0.00000000000000
25.340000152588	0.24720303714275	-0.57807445526123	65.000000000000	0.00000000000000
25.350000381470	0.24565722048283	-0.57731062173843	65.000000000000	0.00000000000000
25.360000610352	0.24411182105541	-0.57654041051865	65.000000000000	0.00000000000000
25.370000839233	0.24256686866283	-0.57576376199722	65.000000000000	0.00000000000000
25.379999160767	0.24102243781090	-0.57498079538345	65.000000000000	0.00000000000000
25.389999389648	0.23947851359844	-0.57419133186340	65.000000000000	0.00000000000000
25.399999618530	0.23793488740921	-0.57339555025101	65.000000000000	0.00000000000000
25.409999847412	0.23639209568501	-0.57259321212769	65.000000000000	0.00000000000000
25.420000076294	0.23484967648983	-0.57178443670273	65.000000000000	0.00000000000000
25.430000305176	0.23330762982368	-0.57096940279007	65.000000000000	0.00000000000000
25.440000534058	0.23176653683186	-0.57014775276184	65.000000000000	0.00000000000000
25.450000762939	0.23022590577602	-0.56931966543198	65.000000000000	0.00000000000000
25.459999084473	0.22868600487709	-0.56848502159119	65.000000000000	0.00000000000000
25.469999313354	0.22714686393738	-0.56764376163483	65.000000000000	0.00000000000000
25.479999542236	0.22560828924179	-0.56679618358612	65.000000000000	0.00000000000000
25.489999771118	0.22407059371471	-0.56594192981720	65.000000000000	0.00000000000000
25.500000000000	0.22253371775150	-0.56508105993271	65.000000000000	0.00000000000000
25.510000228882	0.22099781036377	-0.56421369314194	65.000000000000	0.00000000000000
25.520000457764	0.21946309506893	-0.56333947181702	65.000000000000	0.00000000000000
25.530000686646	0.21792857348919	-0.56245905160904	65.000000000000	0.00000000000000
25.540000915527	0.21639585494995	-0.56157165765762	65.000000000000	0.00000000000000
25.549999237061	0.21486338973045	-0.56067782640457	65.000000000000	0.00000000000000
25.559999465942	0.21333253383636	-0.55977714061737	65.000000000000	0.00000000000000
25.569999694824	0.21180227398872	-0.55887001752853	65.000000000000	0.00000000000000
25.579999923706	0.21027344465256	-0.55795609951019	65.000000000000	0.00000000000000
25.590000152588	0.20874580740929	-0.55703544616699	65.000000000000	0.00000000000000
25.600000381470	0.20721912384033	-0.55610817670822	65.000000000000	0.00000000000000
25.610000610352	0.20569397509098	-0.55517405271530	65.000000000000	0.00000000000000
25.620000839233	0.20417012274265	-0.55423319339752	65.000000000000	0.00000000000000
25.629999160767	0.20264731347561	-0.55328571796417	65.000000000000	0.00000000000000
25.639999389648	0.20112591981888	-0.55233144760132	65.000000000000	0.00000000000000
25.649999618530	0.19960589706898	-0.55137038230896	65.000000000000	0.00000000000000
25.659999847412	0.19808760285378	-0.55040246248245	65.000000000000	0.00000000000000
25.670000076294	0.19657024741173	-0.54942798614502	65.000000000000	0.00000000000000
25.680000305176	0.19505494832993	-0.54844647645950	65.000000000000	0.00000000000000
25.690000534058	0.19354067742825	-0.54745835065842	65.000000000000	0.00000000000000
25.700000762939	0.19202852249146	-0.54646325111389	65.000000000000	0.00000000000000
25.709999084473	0.19051772356033	-0.54546135663986	65.000000000000	0.00000000000000
25.719999313354	0.18900859355927	-0.54445266723633	65.000000000000	0.00000000000000
25.729999542236	0.18750117719173	-0.54343718290329	65.000000000000	0.00000000000000
25.739999771118	0.18599578738213	-0.54241472482681	65.000000000000	0.00000000000000
25.750000000000	0.18449212610722	-0.54138541221619	65.000000000000	0.00000000000000
25.760000228882	0.18299005925655	-0.54034930467606	65.000000000000	0.00000000000000
25.770000457764	0.18149010837078	-0.53930622339249	65.000000000000	0.00000000000000
25.780000686646	0.17999203503132	-0.53825634717941	65.000000000000	0.00000000000000
25.790000915527	0.17849574983120	-0.53719955682755	65.000000000000	0.00000000000000
25.799999237061	0.17700159549713	-0.53613591194153	65.000000000000	0.00000000000000
25.809999465942	0.17550958693027	-0.53506529331207	65.000000000000	0.00000000000000
25.819999694824	0.17401963472366	-0.53398782014847	65.000000000000	0.00000000000000
25.829999923706	0.17253188788891	-0.53290349245071	65.000000000000	0.00000000000000
25.840000152588	0.17104628682137	-0.53181225061417	65.000000000000	0.00000000000000
25.850000381470	0.16956298053265	-0.53071397542953	65.000000000000	0.00000000000000
25.860000610352	0.16808198392391	-0.52960884571075	65.000000000000	0.00000000000000
25.870000839233	0.16660326719284	-0.52849680185318	65.000000000000	0.00000000000000
25.879999160767	0.16512684524059	-0.52737784385681	65.000000000000	0.00000000000000
25.889999389648	0.16365300118923	-0.52625185251236	65.000000000000	0.00000000000000
25.899999618530	0.16218152642250	-0.52511906623840	65.000000000000	0.00000000000000
25.909999847412	0.16071271896362	-0.52397930622101	65.000000000000	0.00000000000000
25.920000076294	0.15924635529518	-0.52283257246017	65.000000000000	0.00000000000000
25.930000305176	0.15778261423111	-0.52167892456055	65.000000000000	0.00000000000000
25.940000534058	0.15632139146328	-0.52051836252213	65.000000000000	0.00000000000000
25.950000762939	0.15486313402653	-0.51935082674026	65.000000000000	0.00000000000000
25.959999084473	0.15340749919415	-0.51817637681961	65.000000000000	0.00000000000000
25.969999313354	0.15195451676846	-0.51699501276016	65.000000000000	0.00000000000000
25.979999542236	0.15050446987152	-0.51580673456192	65.000000000000	0.00000000000000
25.989999771118	0.14905741810799	-0.51461154222488	65.000000000000	0.00000000000000
26.000000000000	0.14761312305927	-0.51340925693512	65.000000000000	0.00000000000000
26.010000228882	0.14617192745209	-0.51220023632050	65.000000000000	0.00000000000000
26.020000457764	0.14473383128643	-0.51098424196243	65.000000000000	0.00000000000000
26.030000686646	0.14329862594604	-0.50976127386093	65.000000000000	0.00000000000000
26.040000915527	0.14186662435532	-0.50853145122528	65.000000000000	0.00000000000000
26.049999237061	0.14043784141541	-0.50729471445084	65.000000000000	0.00000000000000
26.059999465942	0.13901211321354	-0.50605112314224	65.000000000000	0.00000000000000
26.069999694824	0.13758981227875	-0.50480055809021	65.000000000000	0.00000000000000
26.079999923706	0.13617084920406	-0.50354307889938	65.000000000000	0.00000000000000
26.090000152588	0.13475506007671	-0.50227880477905	65.000000000000	0.00000000000000
26.100000381470	0.13334283232689	-0.50100755691528	65.000000000000	0.00000000000000
26.110000610352	0.13193395733833	-0.49972948431969	65.000000000000	0.00000000000000
26.120000839233	0.13052871823311	-0.49844455718994	65.000000000000	0.00000000000000
26.129999160767	0.12912693619728	-0.49715274572372	65.000000000000	0.00000000000000
26.139999389648	0.12772874534130	-0.49585407972336	65.000000000000	0.00000000000000
26.149999618530	0.12633408606052	-0.49454858899117	65.000000000000	0.00000000000000
26.159999847412	0.12494336068630	-0.49323630332947	65.000000000000	0.00000000000000
26.170000076294	0.12355635315180	-0.49191716313362	65.000000000000	0.00000000000000
26.180000305176	0.12217288464308	-0.49059122800827	65.000000000000	0.00000000000000
26.190000534058	0.12079346179962	-0.48925843834877	65.000000000000	0.00000000000000
26.200000762939	0.11941789090633	-0.48791891336441	65.000000000000	0.00000000000000
26.209999084473	0.11804623156786	-0.48657262325287	65.000000000000	0.00000000000000
26.219999313354	0.11667861044407	-0.48521956801414	65.000000000000	0.00000000000000
26.229999542236	0.11531498283148	-0.48385974764824	65.000000000000	0.00000000000000
26.239999771118	0.11395549029112	-0.48249319195747	65.000000000000	0.00000000000000
26.250000000000	0.11260005086660	-0.48111990094185	65.000000000000	0.00000000000000
26.260000228882	0.11124872416258	-0.47973993420601	65.000000000000	0.00000000000000
26.270000457764	0.10990165919065	-0.47835326194763	65.000000000000	0.00000000000000
26.280000686646	0.10855901241302	-0.47695985436440	65.000000000000	0.00000000000000
26.290000915527	0.10722047835588	-0.47555983066559	65.000000000000	0.00000000000000
26.299999237061	0.10588643699884	-0.47415313124657	65.000000000000	0.00000000000000
26.309999465942	0.10455672442913	-0.47273984551430	65.000000000000	0.00000000000000
26.319999694824	0.10323158651590	-0.47131991386414	65.000000000000	0.00000000000000
26.329999923706	0.10191084444523	-0.46989339590073	65.000000000000	0.00000000000000
26.340000152588	0.10059475898743	-0.46846032142639	65.000000000000	0.00000000000000
26.350000381470	0.099283151328564	-0.46702063083649	65.000000000000	0.00000000000000
26.360000610352	0.097976177930832	-0.46557444334030	65.000000000000	0.00000000000000
26.370000839233	0.096674002707005	-0.46412169933319	65.000000000000	0.00000000000000
26.379999160767	0.095376528799534	-0.46266245841980	65.000000000000	0.00000000000000
26.389999389648	0.094083927571774	-0.46119675040245	65.000000000000	0.00000000000000
26.399999618530	0.092796117067337	-0.45972454547882	65.000000000000	0.00000000000000
26.409999847412	0.091513141989708	-0.45824590325356	65.000000000000	0.00000000000000
26.420000076294	0.090235158801079	-0.45676088333130	65.000000000000	0.00000000000000
26.430000305176	0.088962085545063	-0.45526942610741	65.000000000000	0.00000000000000
26.440000534058	0.087694086134434	-0.45377159118652	65.000000000000	0.00000000000000
26.450000762939	0.086431190371513	-0.45226737856865	65.000000000000	0.00000000000000
26.459999084473	0.085173331201077	-0.45075687766075	65.000000000000	0.00000000000000
26.469999313354	0.083920665085316	-0.44924005866051	65.000000000000	0.00000000000000
26.479999542236	0.082673221826553	-0.44771695137024	65.000000000000	0.00000000000000
26.489999771118	0.081431150436401	-0.44618758559227	65.000000000000	0.00000000000000
26.500000000000	0.080194167792797	-0.44465196132660	65.000000000000	0.00000000000000
26.510000228882	0.078962638974190	-0.44311013817787	65.000000000000	0.00000000000000
26.520000457764	0.077736496925354	-0.44156214594841	65.000000000000	0.00000000000000
26.530000686646	0.076515778899193	-0.44000798463821	65.000000000000	0.00000000000000
26.540000915527	0.075300626456738	-0.43844765424728	65.000000000000	0.00000000000000
26.549999237061	0.074090868234634	-0.43688127398491	65.000000000000	0.00000000000000
26.559999465942	0.072886757552624	-0.43530884385109	65.000000000000	0.00000000000000
26.569999694824	0.071688227355480	-0.43373033404350	65.000000000000	0.00000000000000
26.579999923706	0.070495307445526	-0.43214577436447	65.000000000000	0.00000000000000
26.590000152588	0.069308154284954	-0.43055519461632	65.000000000000	0.00000000000000
26.600000381470	0.068126693367958	-0.42895874381065	65.000000000000	0.00000000000000
26.610000610352	0.066951155662537	-0.42735633254051	65.000000000000	0.00000000000000
26.620000839233	0.065781407058239	-0.42574799060822	65.000000000000	0.00000000000000
26.629999160767	0.064617462456226	-0.42413380742073	65.000000000000	0.00000000000000
26.639999389648	0.063459351658821	-0.42251375317574	65.000000000000	0.00000000000000
26.649999618530	0.062307339161634	-0.42088788747787	65.000000000000	0.00000000000000
26.659999847412	0.061161335557699	-0.41925624012947	65.000000000000	0.00000000000000
26.670000076294	0.060021296143532	-0.41761884093285	65.000000000000	0.00000000000000
26.680000305176	0.058887351304293	-0.41597574949265	65.000000000000	0.00000000000000
26.690000534058	0.057759635150433	-0.41432696580887	65.000000000000	0.00000000000000
26.700000762939	0.056637991219759	-0.41267254948616	65.000000000000	0.00000000000000
26.709999084473	0.055522643029690	-0.41101253032684	65.000000000000	0.00000000000000
26.719999313354	0.054413434118032	-0.40934690833092	65.000000000000	0.00000000000000
26.729999542236	0.053310599178076	-0.40767571330070	65.000000000000	0.00000000000000
26.739999771118	0.052214074879885	-0.40599903464317	65.000000000000	0.00000000000000
26.750000000000	0.051123902201653	-0.40431687235832	65.000000000000	0.00000000000000
26.760000228882	0.050040099769831	-0.40262925624847	65.000000000000	0.00000000000000
26.770000457764	0.048962913453579	-0.40093630552292	65.000000000000	0.00000000000000
26.780000686646	0.047892078757286	-0.39923790097237	65.000000000000	0.00000000000000
26.790000915527	0.046827819198370	-0.39753416180611	65.000000000000	0.00000000000000
26.799999237061	0.045769989490509	-0.39582520723343	65.000000000000	0.00000000000000
26.809999465942	0.044718999415636	-0.39411091804504	65.000000000000	0.00000000000000
26.819999694824	0.043674495071173	-0.39239144325256	65.000000000000	0.00000000000000
26.829999923706	0.042636711150408	-0.39066678285599	65.000000000000	0.00000000000000
26.840000152588	0.041605673730373	-0.38893699645996	65.000000000000	0.00000000000000
26.850000381470	0.040581323206425	-0.38720205426216	65.000000000000	0.00000000000000
26.860000610352	0.039563786238432	-0.38546207547188	65.000000000000	0.00000000000000
26.870000839233	0.038553096354008	-0.38371706008911	65.000000000000	0.00000000000000
26.879999160767	0.037549283355474	-0.38196706771851	65.000000000000	0.00000000000000
26.889999389648	0.036552287638187	-0.38021209836006	65.000000000000	0.00000000000000
26.899999618530	0.035562422126532	-0.37845227122307	65.000000000000	0.00000000000000
26.909999847412	0.034579340368509	-0.37668752670288	65.000000000000	0.00000000000000
26.920000076294	0.033603269606829	-0.37491798400879	65.000000000000	0.00000000000000
26.930000305176	0.032634411007166	-0.37314364314079	65.000000000000	0.00000000000000
26.940000534058	0.031672444194555	-0.37136456370354	65.000000000000	0.00000000000000
26.950000762939	0.030717659741640	-0.36958077549934	65.000000000000	0.00000000000000
26.959999084473	0.029770003631711	-0.36779233813286	65.000000000000	0.00000000000000
26.969999313354	0.028829503804445	-0.36599928140640	65.000000000000	0.00000000000000
26.979999542236	0.027896195650101	-0.36420163512230	65.000000000000	0.00000000000000
26.989999771118	0.026970190927386	-0.36239945888519	65.000000000000	0.00000000000000
27.000000000000	0.026051431894302	-0.36059281229973	65.000000000000	0.00000000000000
27.010000228882	0.025139948353171	-0.35878172516823	65.000000000000	0.00000000000000
27.020000457764	0.024235770106316	-0.35696622729301	65.000000000000	0.00000000000000
27.030000686646	0.023339094594121	-0.35514631867409	65.000000000000	0.00000000000000
27.040000915527	0.022449612617493	-0.35332217812538	65.000000000000	0.00000000000000
27.049999237061	0.021567691117525	-0.35149374604225	65.000000000000	0.00000000000000
27.059999465942	0.020693184807897	-0.34966105222702	65.000000000000	0.00000000000000
27.069999694824	0.019826209172606	-0.34782421588898	65.000000000000	0.00000000000000
27.079999923706	0.018966704607010	-0.34598326683044	65.000000000000	0.00000000000000
27.090000152588	0.018114782869816	-0.34413817524910	65.000000000000	0.00000000000000
27.100000381470	0.017270388081670	-0.34228911995888	65.000000000000	0.00000000000000
27.110000610352	0.016433546319604	-0.34043601155281	65.000000000000	0.00000000000000
27.120000839233	0.015604366548359	-0.33857896924019	65.000000000000	0.00000000000000
27.129999160767	0.014782794751227	-0.33671802282333	65.000000000000	0.00000000000000
27.139999389648	0.013968933373690	-0.33485323190689	65.000000000000	0.00000000000000
27.149999618530	0.013162809424102	-0.33298462629318	65.000000000000	0.00000000000000
27.159999847412	0.012364369817078	-0.33111229538918	65.000000000000	0.00000000000000
27.170000076294	0.011573715135455	-0.32923620939255	65.000000000000	0.00000000000000
27.180000305176	0.010790794156492	-0.32735645771027	65.000000000000	0.00000000000000
27.190000534058	0.010015785694122	-0.32547307014465	65.000000000000	0.00000000000000
27.200000762939	0.0092484829947352	-0.32358616590500	65.000000000000	0.00000000000000
27.209999084473	0.0084891375154257	-0.32169568538666	65.000000000000	0.00000000000000
27.219999313354	0.0077375462278724	-0.31980180740356	65.000000000000	0.00000000000000
27.229999542236	0.0069939605891705	-0.31790444254875	65.000000000000	0.00000000000000
27.239999771118	0.0062582497484982	-0.31600373983383	65.000000000000	0.00000000000000
27.250000000000	0.0055304397828877	-0.31409966945648	65.000000000000	0.00000000000000
27.260000228882	0.0048106997273862	-0.31219235062599	65.000000000000	0.00000000000000
27.270000457764	0.0040988302789629	-0.31028178334236	65.000000000000	0.00000000000000
27.280000686646	0.0033950742799789	-0.30836808681488	65.000000000000	0.00000000000000
27.290000915527	0.0026992338243872	-0.30645123124123	65.000000000000	0.00000000000000
27.299999237061	0.0020115494262427	-0.30453127622604	65.000000000000	0.00000000000000
27.309999465942	0.0013318237615749	-0.30260831117630	65.000000000000	0.00000000000000
27.319999694824	0.00066022365354002	-0.30068239569664	65.000000000000	0.00000000000000
27.329999923706	-3.2313951123797e-06	-0.29875349998474	65.000000000000	0.00000000000000
27.340000152588	-0.00065859238384292	-0.29682177305222	65.000000000000	0.00000000000000
27.350000381470	-0.0013058385811746	-0.29488718509674	65.000000000000	0.00000000000000
27.360000610352	-0.0019448794191703	-0.29294985532761	65.000000000000	0.00000000000000
27.370000839233	-0.0025757658295333	-0.29100975394249	65.000000000000	0.00000000000000
27.379999160767	-0.0031984774395823	-0.28906702995300	65.000000000000	0.00000000000000
27.389999389648	-0.0038129263557494	-0.28712165355682	65.000000000000	0.00000000000000
27.399999618530	-0.0044191624037921	-0.28517368435860	65.000000000000	0.00000000000000
27.409999847412	-0.0050172354094684	-0.28322324156761	65.000000000000	0.00000000000000
27.420000076294	-0.0056069218553603	-0.28127029538155	65.000000000000	0.00000000000000
27.430000305176	-0.0061884727329016	-0.27931493520737	65.000000000000	0.00000000000000
27.440000534058	-0.0067617362365127	-0.27735722064972	65.000000000000	0.00000000000000
27.450000762939	-0.0073266285471618	-0.27539718151093	65.000000000000	0.00000000000000
27.459999084473	-0.0078831976279616	-0.27343490719795	65.000000000000	0.00000000000000
27.469999313354	-0.0084314914420247	-0.27147039771080	65.000000000000	0.00000000000000
27.479999542236	-0.0089714266359806	-0.26950371265411	65.000000000000	0.00000000000000
27.489999771118	-0.0095030507072806	-0.26753494143486	65.000000000000	0.00000000000000
27.500000000000	-0.010026283562183	-0.26556408405304	65.000000000000	0.00000000000000
27.510000228882	-0.010541170835495	-0.26359125971794	65.000000000000	0.00000000000000
27.520000457764	-0.011047631502151	-0.26161646842957	65.000000000000	0.00000000000000
27.530000686646	-0.011545777320862	-0.25963982939720	65.000000000000	0.00000000000000
27.540000915527	-0.012035464867949	-0.25766128301620	65.000000000000	0.00000000000000
27.549999237061	-0.012516738846898	-0.25568094849586	65.000000000000	0.00000000000000
27.559999465942	-0.012989646755159	-0.25369888544083	65.000000000000	0.00000000000000
27.569999694824	-0.013454109430313	-0.25171512365341	65.000000000000	0.00000000000000
27.579999923706	-0.013910054229200	-0.24972976744175	65.000000000000	0.00000000000000
27.590000152588	-0.014357699081302	-0.24774277210236	65.000000000000	0.00000000000000
27.600000381470	-0.014796795323491	-0.24575424194336	65.000000000000	0.00000000000000
27.610000610352	-0.015227442607284	-0.24376426637173	65.000000000000	0.00000000000000
27.620000839233	-0.015649627894163	-0.24177284538746	65.000000000000	0.00000000000000
27.629999160767	-0.016063390299678	-0.23978003859520	65.000000000000	0.00000000000000
27.639999389648	-0.016468659043312	-0.23778593540192	65.000000000000	0.00000000000000
27.649999618530	-0.016865417361259	-0.23579056560993	65.000000000000	0.00000000000000
27.659999847412	-0.017253706231713	-0.23379394412041	65.000000000000	0.00000000000000
27.670000076294	-0.017633512616158	-0.23179620504379	65.000000000000	0.00000000000000
27.680000305176	-0.018004819750786	-0.22979733347893	65.000000000000	0.00000000000000
27.690000534058	-0.018367668613791	-0.22779738903046	65.000000000000	0.00000000000000
27.700000762939	-0.018721984699368	-0.22579643130302	65.000000000000	0.00000000000000
27.709999084473	-0.019067812711000	-0.22379453480244	65.000000000000	0.00000000000000
27.719999313354	-0.019405080005527	-0.22179174423218	65.000000000000	0.00000000000000
27.729999542236	-0.019733931869268	-0.21978810429573	65.000000000000	0.00000000000000
27.739999771118	-0.020054245367646	-0.21778365969658	65.000000000000	0.00000000000000
27.750000000000	-0.020366007462144	-0.21577848494053	65.000000000000	0.00000000000000
27.760000228882	-0.020669305697083	-0.21377258002758	65.000000000000	0.00000000000000
27.770000457764	-0.020964121446013	-0.21176604926586	65.000000000000	0.00000000000000
27.780000686646	-0.021250393241644	-0.20975896716118	65.000000000000	0.00000000000000
27.790000915527	-0.021528149023652	-0.20775130391121	65.000000000000	0.00000000000000
27.799999237061	-0.021797424182296	-0.20574314892292	65.000000000000	0.00000000000000
27.809999465942	-0.022058205679059	-0.20373462140560	65.000000000000	0.00000000000000
27.819999694824	-0.022310473024845	-0.20172564685345	65.000000000000	0.00000000000000
27.829999923706	-0.022554259747267	-0.19971638917923	65.000000000000	0.00000000000000
27.840000152588	-0.022789493203163	-0.19770686328411	65.000000000000	0.00000000000000
27.850000381470	-0.023016262799501	-0.19569709897041	65.000000000000	0.00000000000000
27.860000610352	-0.023234590888023	-0.19368717074394	65.000000000000	0.00000000000000
27.870000839233	-0.023444367572665	-0.19167709350586	65.000000000000	0.00000000000000
27.879999160767	-0.023645665496588	-0.18966697156429	65.000000000000	0.00000000000000
27.889999389648	-0.023838646709919	-0.18765680491924	65.000000000000	0.00000000000000
27.899999618530	-0.024022931233048	-0.18564668297768	65.000000000000	0.00000000000000
27.909999847412	-0.024198859930038	-0.18363668024540	65.000000000000	0.00000000000000
27.920000076294	-0.024366321042180	-0.18162676692009	65.000000000000	0.00000000000000
27.930000305176	-0.024525377899408	-0.17961707711220	65.000000000000	0.00000000000000
27.940000534058	-0.024675926193595	-0.17760759592056	65.000000000000	0.00000000000000
27.950000762939	-0.024818109348416	-0.17559841275215	65.000000000000	0.00000000000000
27.959999084473	-0.024951739236712	-0.17358957231045	65.000000000000	0.00000000000000
27.969999313354	-0.025077046826482	-0.17158113420010	65.000000000000	0.00000000000000
27.979999542236	-0.025193916633725	-0.16957311332226	65.000000000000	0.00000000000000
27.989999771118	-0.025302411988378	-0.16756559908390	65.000000000000	0.00000000000000
28.000000000000	-0.025402421131730	-0.16555862128735	65.000000000000	0.00000000000000
28.010000228882	-0.025494154542685	-0.16355223953724	65.000000000000	0.00000000000000
28.020000457764	-0.025577433407307	-0.16154651343822	65.000000000000	0.00000000000000
28.030000686646	-0.025652375072241	-0.15954144299030	65.000000000000	0.00000000000000
28.040000915527	-0.025718955323100	-0.15753713250160	65.000000000000	0.00000000000000
28.049999237061	-0.025777218863368	-0.15553362667561	65.000000000000	0.00000000000000
28.059999465942	-0.025827201083302	-0.15353094041348	65.000000000000	0.00000000000000
28.069999694824	-0.025868795812130	-0.15152914822102	65.000000000000	0.00000000000000
28.079999923706	-0.025902042165399	-0.14952829480171	65.000000000000	0.00000000000000
28.090000152588	-0.025927118957043	-0.14752842485905	65.000000000000	0.00000000000000
28.100000381470	-0.025943772867322	-0.14552959799767	65.000000000000	0.00000000000000
28.110000610352	-0.025952244177461	-0.14353185892105	65.000000000000	0.00000000000000
28.120000839233	-0.025952486321330	-0.14153523743153	65.000000000000	0.00000000000000
28.129999160767	-0.025944389402866	-0.13953982293606	65.000000000000	0.00000000000000
28.139999389648	-0.025928176939487	-0.13754560053349	65.000000000000	0.00000000000000
28.149999618530	-0.025903664529324	-0.13555267453194	65.000000000000	0.00000000000000
28.159999847412	-0.025870999321342	-0.13356108963490	65.000000000000	0.00000000000000
28.170000076294	-0.025830125436187	-0.13157086074352	65.000000000000	0.00000000000000
28.180000305176	-0.025781111791730	-0.12958206236362	65.000000000000	0.00000000000000
28.190000534058	-0.025723962113261	-0.12759470939636	65.000000000000	0.00000000000000
28.200000762939	-0.025658676400781	-0.12560887634754	65.000000000000	0.00000000000000
28.209999084473	-0.025585249066353	-0.12362461537123	65.000000000000	0.00000000000000
28.219999313354	-0.025503726676106	-0.12164196372032	65.000000000000	0.00000000000000
28.229999542236	-0.025414098054171	-0.11966096609831	65.000000000000	0.00000000000000
28.239999771118	-0.025316515937448	-0.11768164485693	65.000000000000	0.00000000000000
28.250000000000	-0.025210782885551	-0.11570410430431	65.000000000000	0.00000000000000
28.260000228882	-0.025097042322159	-0.11372834444046	65.000000000000	0.00000000000000
28.270000457764	-0.024975305423141	-0.11175440996885	65.000000000000	0.00000000000000
28.280000686646	-0.024845641106367	-0.10978235304356	65.000000000000	0.00000000000000
28.290000915527	-0.024707946926355	-0.10781224817038	65.000000000000	0.00000000000000
28.299999237061	-0.024562321603298	-0.10584409534931	65.000000000000	0.00000000000000
28.309999465942	-0.024408657103777	-0.10387799888849	65.000000000000	0.00000000000000
28.319999694824	-0.024247232824564	-0.10191393643618	65.000000000000	0.00000000000000
28.329999923706	-0.024077862501144	-0.099951982498169	65.000000000000	0.00000000000000
28.340000152588	-0.023900659754872	-0.097992174327374	65.000000000000	0.00000000000000
28.350000381470	-0.023715566843748	-0.096034564077854	65.000000000000	0.00000000000000
28.360000610352	-0.023522665724158	-0.094079196453094	65.000000000000	0.00000000000000
28.370000839233	-0.023321930319071	-0.092126123607159	65.000000000000	0.00000000000000
28.379999160767	-0.023113491013646	-0.090175345540047	65.000000000000	0.00000000000000
28.389999389648	-0.022897208109498	-0.088226966559887	65.000000000000	0.00000000000000
28.399999618530	-0.022673264145851	-0.086280971765518	65.000000000000	0.00000000000000
28.409999847412	-0.022441567853093	-0.084337443113327	65.000000000000	0.00000000000000
28.420000076294	-0.022202180698514	-0.082396417856216	65.000000000000	0.00000000000000
28.430000305176	-0.021955169737339	-0.080457910895348	65.000000000000	0.00000000000000
28.440000534058	-0.021700469776988	-0.078522004187107	65.000000000000	0.00000000000000
28.450000762939	-0.021438175812364	-0.076588705182076	65.000000000000	0.00000000000000
28.459999084473	-0.021168284118176	-0.074658073484898	65.000000000000	0.00000000000000
28.469999313354	-0.020890818908811	-0.072730146348476	65.000000000000	0.00000000000000
28.479999542236	-0.020605815574527	-0.070804953575134	65.000000000000	0.00000000000000
28.489999771118	-0.020313305780292	-0.068882554769516	65.000000000000	0.00000000000000
28.500000000000	-0.020013302564621	-0.066962979733944	65.000000000000	0.00000000000000
28.510000228882	-0.019705839455128	-0.065046258270741	65.000000000000	0.00000000000000
28.520000457764	-0.019390936940908	-0.063132442533970	65.000000000000	0.00000000000000
28.530000686646	-0.019068602472544	-0.061221569776535	65.000000000000	0.00000000000000
28.540000915527	-0.018738886341453	-0.059313692152500	65.000000000000	0.00000000000000
28.549999237061	-0.018401807174087	-0.057408828288317	65.000000000000	0.00000000000000
28.559999465942	-0.018057391047478	-0.055507030338049	65.000000000000	0.00000000000000
28.569999694824	-0.017705701291561	-0.053608320653439	65.000000000000	0.00000000000000
28.579999923706	-0.017346695065498	-0.051712755113840	65.000000000000	0.00000000000000
28.590000152588	-0.016980465501547	-0.049820356070995	65.000000000000	0.00000000000000
28.600000381470	-0.016607003286481	-0.047931175678968	65.000000000000	0.00000000000000
28.610000610352	-0.016226341947913	-0.046045243740082	65.000000000000	0.00000000000000
28.620000839233	-0.015838522464037	-0.044162597507238	65.000000000000	0.00000000000000
28.629999160767	-0.015443557873368	-0.042283274233341	65.000000000000	0.00000000000000
28.639999389648	-0.015041485428810	-0.040407311171293	65.000000000000	0.00000000000000
28.649999618530	-0.014632335864007	-0.038534738123417	65.000000000000	0.00000000000000
28.659999847412	-0.014216138049960	-0.036665607243776	65.000000000000	0.00000000000000
28.670000076294	-0.013792916201055	-0.034799929708242	65.000000000000	0.00000000000000
28.680000305176	-0.013362710364163	-0.032937765121460	65.000000000000	0.00000000000000
28.690000534058	-0.012925535440445	-0.031079137697816	65.000000000000	0.00000000000000
28.700000762939	-0.012481429614127	-0.029224077239633	65.000000000000	0.00000000000000
28.709999084473	-0.012030431069434	-0.027372626587749	65.000000000000	0.00000000000000
28.719999313354	-0.011572551913559	-0.025524815544486	65.000000000000	0.00000000000000
28.729999542236	-0.011107844300568	-0.023680679500103	65.000000000000	0.00000000000000
28.739999771118	-0.010636327788234	-0.021840250119567	65.000000000000	0.00000000000000
28.750000000000	-0.010158024728298	-0.020003564655781	65.000000000000	0.00000000000000
28.760000228882	-0.0096729891374707	-0.018170652911067	65.000000000000	0.00000000000000
28.770000457764	-0.0091812303289771	-0.016341548413038	65.000000000000	0.00000000000000
28.780000686646	-0.0086827911436558	-0.014516282826662	65.000000000000	0.00000000000000
28.790000915527	-0.0081777013838291	-0.012694889679551	65.000000000000	0.00000000000000
28.799999237061	-0.0076659922488034	-0.010877397842705	65.000000000000	0.00000000000000
28.809999465942	-0.0071476954035461	-0.0090638455003500	65.000000000000	0.00000000000000
28.819999694824	-0.0066228471696377	-0.0072542568668723	65.000000000000	0.00000000000000
28.829999923706	-0.0060914764180779	-0.0054486650042236	65.000000000000	0.00000000000000
28.840000152588	-0.0055536180734634	-0.0036471006460488	65.000000000000	0.00000000000000
28.850000381470	-0.0050093014724553	-0.0018495965050533	65.000000000000	0.00000000000000
28.860000610352	-0.0044585624709725	-5.6178098020609e-05	65.000000000000	0.00000000000000
28.870000839233	-0.0039014338981360	0.0017331198323518	65.000000000000	0.00000000000000
28.879999160767	-0.0033379481174052	0.0035182712599635	65.000000000000	0.00000000000000
28.889999389648	-0.0027681367937475	0.0052992478013039	65.000000000000	0.00000000000000
28.899999618530	-0.0021920409053564	0.0070760161615908	65.000000000000	0.00000000000000
28.909999847412	-0.0016096842009574	0.0088485525920987	65.000000000000	0.00000000000000
28.920000076294	-0.0010211063781753	0.010616826824844	65.000000000000	0.00000000000000
28.930000305176	-0.00042634340934455	0.012380810454488	65.000000000000	0.00000000000000
28.940000534058	0.00017457321519032	0.014140476472676	65.000000000000	0.00000000000000
28.950000762939	0.00078161450801417	0.015895798802376	65.000000000000	0.00000000000000
28.959999084473	0.0013947342522442	0.017646746709943	65.000000000000	0.00000000000000
28.969999313354	0.0020139194093645	0.019393298774958	65.000000000000	0.00000000000000
28.979999542236	0.0026391034480184	0.021135423332453	65.000000000000	0.00000000000000
28.989999771118	0.0032702754251659	0.022873098030686	65.000000000000	0.00000000000000
29.000000000000	0.0039073885418475	0.024606298655272	65.000000000000	0.00000000000000
29.010000228882	0.0045504174195230	0.026334993541241	65.000000000000	0.00000000000000
29.020000457764	0.0051993397064507	0.028059160336852	65.000000000000	0.00000000000000
29.030000686646	0.0058540715835989	0.029778780415654	65.000000000000	0.00000000000000
29.040000915527	0.0065146260894835	0.031493820250034	65.000000000000	0.00000000000000
29.049999237061	0.0071809440851212	0.033204257488251	65.000000000000	0.00000000000000
29.059999465942	0.0078530218452215	0.034910067915916	65.000000000000	0.00000000000000
29.069999694824	0.0085307704284787	0.036611236631870	65.000000000000	0.00000000000000
29.079999923706	0.0092141944915056	0.038307730108500	65.000000000000	0.00000000000000
29.090000152588	0.0099032474681735	0.039999525994062	65.000000000000	0.00000000000000
29.100000381470	0.010597882792354	0.041686609387398	65.000000000000	0.00000000000000
29.110000610352	0.011298091150820	0.043368946760893	65.000000000000	0.00000000000000
29.120000839233	0.012003792449832	0.045046534389257	65.000000000000	0.00000000000000
29.129999160767	0.012715006247163	0.046719323843718	65.000000000000	0.00000000000000
29.139999389648	0.013431641273201	0.048387318849564	65.000000000000	0.00000000000000
29.149999618530	0.014153718017042	0.050050478428602	65.000000000000	0.00000000000000
29.159999847412	0.014881148003042	0.051708795130253	65.000000000000	0.00000000000000
29.170000076294	0.015613916330040	0.053362242877483	65.000000000000	0.00000000000000
29.180000305176	0.016351992264390	0.055010799318552	65.000000000000	0.00000000000000
29.190000534058	0.017095342278481	0.056654449552298	65.000000000000	0.00000000000000
29.200000762939	0.017843907698989	0.058293178677559	65.000000000000	0.00000000000000
29.209999084473	0.018597671762109	0.059926956892014	65.000000000000	0.00000000000000
29.219999313354	0.019356604665518	0.061555765569210	65.000000000000	0.00000000000000
29.229999542236	0.020120643079281	0.063179597258568	65.000000000000	0.00000000000000
29.239999771118	0.020889772102237	0.064798414707184	65.000000000000	0.00000000000000
29.250000000000	0.021663945168257	0.066412217915058	65.000000000000	0.00000000000000
29.260000228882	0.022443121299148	0.068020984530449	65.000000000000	0.00000000000000
29.270000457764	0.023227285593748	0.069624692201614	65.000000000000	0.00000000000000
29.280000686646	0.024016367271543	0.071223326027393	65.000000000000	0.00000000000000
29.290000915527	0.024810343980789	0.072816871106625	65.000000000000	0.00000000000000
29.299999237061	0.025609200820327	0.074405312538147	65.000000000000	0.00000000000000
29.309999465942	0.026412863284349	0.075988620519638	65.000000000000	0.00000000000000
29.319999694824	0.027221346274018	0.077566802501678	65.000000000000	0.00000000000000
29.329999923706	0.028034530580044	0.079139813780785	65.000000000000	0.00000000000000
29.340000152588	0.028852459043264	0.080707654356956	65.000000000000	0.00000000000000
29.350000381470	0.029675059020519	0.082270324230194	65.000000000000	0.00000000000000
29.360000610352	0.030502293258905	0.083827786147594	65.000000000000	0.00000000000000
29.370000839233	0.031334150582552	0.085380032658577	65.000000000000	0.00000000000000
29.379999160767	0.032170537859201	0.086927048861980	65.000000000000	0.00000000000000
29.389999389648	0.033011477440596	0.088468834757805	65.000000000000	0.00000000000000
29.399999618530	0.033856891095638	0.090005345642567	65.000000000000	0.00000000000000
29.409999847412	0.034706771373749	0.091536603868008	65.000000000000	0.00000000000000
29.420000076294	0.035561047494411	0.093062557280064	65.000000000000	0.00000000000000
29.430000305176	0.036419745534658	0.094583228230476	65.000000000000	0.00000000000000
29.440000534058	0.037282753735781	0.096098594367504	65.000000000000	0.00000000000000
29.450000762939	0.038150060921907	0.097608640789986	65.000000000000	0.00000000000000
29.459999084473	0.039021637290716	0.099113345146179	65.000000000000	0.00000000000000
29.469999313354	0.039897482842207	0.10061271488667	65.000000000000	0.00000000000000
29.479999542236	0.040777478367090	0.10210672765970	65.000000000000	0.00000000000000
29.489999771118	0.041661653667688	0.10359537601471	65.000000000000	0.00000000000000
29.500000000000	0.042549900710583	0.10507864505053	65.000000000000	0.00000000000000
29.510000228882	0.043442290276289	0.10655653476715	65.000000000000	0.00000000000000
29.520000457764	0.044338703155518	0.10802901536226	65.000000000000	0.00000000000000
29.530000686646	0.045239120721817	0.10949609428644	65.000000000000	0.00000000000000
29.540000915527	0.046143498271704	0.11095776408911	65.000000000000	0.00000000000000
29.549999237061	0.047051835805178	0.11241399496794	65.000000000000	0.00000000000000
29.559999465942	0.047964051365852	0.11386480182409	65.000000000000	0.00000000000000
29.569999694824	0.048880144953728	0.11531014740467	65.000000000000	0.00000000000000
29.579999923706	0.049800053238869	0.11675007641315	65.000000000000	0.00000000000000
29.590000152588	0.050723746418953	0.11818452179432	65.000000000000	0.00000000000000
29.600000381470	0.051651187241077	0.11961349099874	65.000000000000	0.00000000000000
29.610000610352	0.052582342177629	0.12103699892759	65.000000000000	0.00000000000000
29.620000839233	0.053517173975706	0.12245503067970	65.000000000000	0.00000000000000
29.629999160767	0.054455652832985	0.12386756390333	65.000000000000	0.00000000000000
29.639999389648	0.055397719144821	0.12527459859848	65.000000000000	0.00000000000000
29.649999618530	0.056343350559473	0.12667612731457	65.000000000000	0.00000000000000
29.659999847412	0.057292524725199	0.12807214260101	65.000000000000	0.00000000000000
29.670000076294	0.058245226740837	0.12946264445782	65.000000000000	0.00000000000000
29.680000305176	0.059201333671808	0.13084763288498	65.000000000000	0.00000000000000
29.690000534058	0.060160871595144	0.13222709298134	65.000000000000	0.00000000000000
29.700000762939	0.061123792082071	0.13360100984573	65.000000000000	0.00000000000000
29.709999084473	0.062090121209621	0.13496939837933	65.000000000000	0.00000000000000
29.719999313354	0.063059717416763	0.13633224368095	65.000000000000	0.00000000000000
29.729999542236	0.064032569527626	0.13768954575062	65.000000000000	0.00000000000000
29.739999771118	0.065008692443371	0.13904130458832	65.000000000000	0.00000000000000
29.750000000000	0.065987989306450	0.14038749039173	65.000000000000	0.00000000000000
29.760000228882	0.066970489919186	0.14172814786434	65.000000000000	0.00000000000000
29.770000457764	0.067956097424030	0.14306321740150	65.000000000000	0.00000000000000
29.780000686646	0.068944841623306	0.14439274370670	65.000000000000	0.00000000000000
29.790000915527	0.069936610758305	0.14571669697762	65.000000000000	0.00000000000000
29.799999237061	0.070931442081928	0.14703506231308	65.000000000000	0.00000000000000
29.809999465942	0.071929253637791	0.14834786951542	65.000000000000	0.00000000000000
29.819999694824	0.072929970920086	0.14965511858463	65.000000000000	0.00000000000000
29.829999923706	0.073933653533459	0.15095676481724	65.000000000000	0.00000000000000
29.840000152588	0.074940234422684	0.15225283801556	65.000000000000	0.00000000000000
29.850000381470	0.075949653983116	0.15354333817959	65.000000000000	0.00000000000000
29.860000610352	0.076961889863014	0.15482826530933	65.000000000000	0.00000000000000
29.870000839233	0.077976897358894	0.15610760450363	65.000000000000	0.00000000000000
29.879999160767	0.078994646668434	0.15738135576248	65.000000000000	0.00000000000000
29.889999389648	0.080015122890472	0.15864953398705	65.000000000000	0.00000000000000
29.899999618530	0.081038281321526	0.15991212427616	65.000000000000	0.00000000000000
29.909999847412	0.082064099609852	0.16116914153099	65.000000000000	0.00000000000000
29.920000076294	0.083092473447323	0.16242055594921	65.000000000000	0.00000000000000
29.930000305176	0.084123484790325	0.16366639733315	65.000000000000	0.00000000000000
29.940000534058	0.085156962275505	0.16490668058395	65.000000000000	0.00000000000000
29.950000762939	0.086192972958088	0.16614136099815	65.000000000000	0.00000000000000
29.959999084473	0.087231501936913	0.16737045347691	65.000000000000	0.00000000000000
29.969999313354	0.088272430002689	0.16859400272369	65.000000000000	0.00000000000000
29.979999542236	0.089315764605999	0.16981194913387	65.000000000000	0.00000000000000
29.989999771118	0.090361490845680	0.17102432250977	65.000000000000	0.00000000000000
30.000000000000	0.091409534215927	0.17223112285137	65.000000000000	0.00000000000000
30.010000228882	0.092459857463837	0.17343237996101	65.000000000000	0.00000000000000
30.020000457764	0.093512497842312	0.17462803423405	65.000000000000	0.00000000000000
30.030000686646	0.094567321240902	0.17581813037395	65.000000000000	0.00000000000000
30.040000915527	0.095624417066574	0.17700266838074	65.000000000000	0.00000000000000
30.049999237061	0.096683636307716	0.17818164825439	65.000000000000	0.00000000000000
30.059999465942	0.097745038568974	0.17935508489609	65.000000000000	0.00000000000000
30.069999694824	0.098808497190475	0.18052296340466	65.000000000000	0.00000000000000
30.079999923706	0.099874079227448	0.18168529868126	65.000000000000	0.00000000000000
30.090000152588	0.10094171017408	0.18284207582474	65.000000000000	0.00000000000000
30.100000381470	0.10201128572226	0.18399332463741	65.000000000000	0.00000000000000
30.110000610352	0.10308286547661	0.18513901531696	65.000000000000	0.00000000000000
30.120000839233	0.10415641963482	0.18627922236919	65.000000000000	0.00000000000000
30.129999160767	0.10523183643818	0.18741387128830	65.000000000000	0.00000000000000
30.139999389648	0.10630918294191	0.18854299187660	65.000000000000	0.00000000000000
30.149999618530	0.10738835483789	0.18966659903526	65.000000000000	0.00000000000000
30.159999847412	0.10846932977438	0.19078472256660	65.000000000000	0.00000000000000
30.170000076294	0.10955210030079	0.19189730286598	65.000000000000	0.00000000000000
30.180000305176	0.11063668876886	0.19300439953804	65.000000000000	0.00000000000000
30.190000534058	0.11172293871641	0.19410599768162	65.000000000000	0.00000000000000
30.200000762939	0.11281087249517	0.19520212709904	65.000000000000	0.00000000000000
30.209999084473	0.11390049755573	0.19629275798798	65.000000000000	0.00000000000000
30.219999313354	0.11499173194170	0.19737793505192	65.000000000000	0.00000000000000
30.229999542236	0.11608462035656	0.19845761358738	65.000000000000	0.00000000000000
30.239999771118	0.11717904359102	0.19953183829784	65.000000000000	0.00000000000000
30.250000000000	0.11827503889799	0.20060062408447	65.000000000000	0.00000000000000
30.260000228882	0.11937248706818	0.20166394114494	65.000000000000	0.00000000000000
30.270000457764	0.12047146260738	0.20272184908390	65.000000000000	0.00000000000000
30.280000686646	0.12157189846039	0.20377428829670	65.000000000000	0.00000000000000
30.290000915527	0.12267369031906	0.20482133328915	65.000000000000	0.00000000000000
30.299999237061	0.12377696484327	0.20586292445660	65.000000000000	0.00000000000000
30.309999465942	0.12488155812025	0.20689913630486	65.000000000000	0.00000000000000
30.319999694824	0.12598748505116	0.20792993903160	65.000000000000	0.00000000000000
30.329999923706	0.12709471583366	0.20895534753799	65.000000000000	0.00000000000000
30.340000152588	0.12820321321487	0.20997537672520	65.000000000000	0.00000000000000
30.350000381470	0.12931297719479	0.21099001169205	65.000000000000	0.00000000000000
30.360000610352	0.13042397797108	0.21199931204319	65.000000000000	0.00000000000000
30.370000839233	0.13153614103794	0.21300321817398	65.000000000000	0.00000000000000
30.379999160767	0.13264946639538	0.21400178968906	65.000000000000	0.00000000000000
30.389999389648	0.13376395404339	0.21499502658844	65.000000000000	0.00000000000000
30.399999618530	0.13487952947617	0.21598292887211	65.000000000000	0.00000000000000
30.409999847412	0.13599620759487	0.21696551144123	65.000000000000	0.00000000000000
30.420000076294	0.13711389899254	0.21794277429581	65.000000000000	0.00000000000000
30.430000305176	0.13823267817497	0.21891474723816	65.000000000000	0.00000000000000
30.440000534058	0.13935235142708	0.21988144516945	65.000000000000	0.00000000000000
30.450000762939	0.14047305285931	0.22084283828735	65.000000000000	0.00000000000000
30.459999084473	0.14159472286701	0.22179898619652	65.000000000000	0.00000000000000
30.469999313354	0.14271731674671	0.22274984419346	65.000000000000	0.00000000000000
30.479999542236	0.14384068548679	0.22369547188282	65.000000000000	0.00000000000000
30.489999771118	0.14496506750584	0.22463582456112	65.000000000000	0.00000000000000
30.500000000000	0.14609014987946	0.22557096183300	65.000000000000	0.00000000000000
30.510000228882	0.14721612632275	0.22650089859962	65.000000000000	0.00000000000000
30.520000457764	0.14834289252758	0.22742561995983	65.000000000000	0.00000000000000
30.530000686646	0.14947038888931	0.22834514081478	65.000000000000	0.00000000000000
30.540000915527	0.15059861540794	0.22925947606564	65.000000000000	0.00000000000000
30.549999237061	0.15172757208347	0.23016865551472	65.000000000000	0.00000000000000
30.559999465942	0.15285721421242	0.23107266426086	65.000000000000	0.00000000000000
30.569999694824	0.15398748219013	0.23197151720524	65.000000000000	0.00000000000000
30.579999923706	0.15511836111546	0.23286524415016	65.000000000000	0.00000000000000
30.590000152588	0.15624991059303	0.23375383019447	65.000000000000	0.00000000000000
30.600000381470	0.15738204121590	0.23463730514050	65.000000000000	0.00000000000000
30.610000610352	0.15851464867592	0.23551568388939	65.000000000000	0.00000000000000
30.620000839233	0.15964788198471	0.23638895153999	65.000000000000	0.00000000000000
30.629999160767	0.16078157722950	0.23725716769695	65.000000000000	0.00000000000000
30.639999389648	0.16191577911377	0.23812033236027	65.000000000000	0.00000000000000
30.649999618530	0.16305041313171	0.23897840082645	65.000000000000	0.00000000000000
30.659999847412	0.16418552398682	0.23983146250248	65.000000000000	0.00000000000000
30.670000076294	0.16532102227211	0.24067947268486	65.000000000000	0.00000000000000
30.680000305176	0.16645690798759	0.24152249097824	65.000000000000	0.00000000000000
30.690000534058	0.16759315133095	0.24236045777798	65.000000000000	0.00000000000000
30.700000762939	0.16872973740101	0.24319349229336	65.000000000000	0.00000000000000
30.709999084473	0.16986674070358	0.24402153491974	65.000000000000	0.00000000000000
30.719999313354	0.17100395262241	0.24484458565712	65.000000000000	0.00000000000000
30.729999542236	0.17214141786098	0.24566271901131	65.000000000000	0.00000000000000
30.739999771118	0.17327919602394	0.24647593498230	65.000000000000	0.00000000000000
30.750000000000	0.17441715300083	0.24728417396545	65.000000000000	0.00000000000000
30.760000228882	0.17555534839630	0.24808754026890	65.000000000000	0.00000000000000
30.770000457764	0.17669378221035	0.24888600409031	65.000000000000	0.00000000000000
30.780000686646	0.17783230543137	0.24967956542969	65.000000000000	0.00000000000000
30.790000915527	0.17897103726864	0.25046828389168	65.000000000000	0.00000000000000
30.799999237061	0.18010988831520	0.25125214457512	65.000000000000	0.00000000000000
30.809999465942	0.18124879896641	0.25203117728233	65.000000000000	0.00000000000000
30.819999694824	0.18238782882690	0.25280532240868	65.000000000000	0.00000000000000
30.829999923706	0.18352691829205	0.25357472896576	65.000000000000	0.00000000000000
30.840000152588	0.18466602265835	0.25433927774429	65.000000000000	0.00000000000000
30.850000381470	0.18580517172813	0.25509908795357	65.000000000000	0.00000000000000
30.860000610352	0.18694429099560	0.25585409998894	65.000000000000	0.00000000000000
30.870000839233	0.18808339536190	0.25660437345505	65.000000000000	0.00000000000000
30.879999160767	0.18922245502472	0.25734987854958	65.000000000000	0.00000000000000
30.889999389648	0.19036149978638	0.25809067487717	65.000000000000	0.00000000000000
30.899999618530	0.19150041043758	0.25882676243782	65.000000000000	0.00000000000000
30.909999847412	0.19263924658298	0.25955817103386	65.000000000000	0.00000000000000
30.920000076294	0.19377796351910	0.26028484106064	65.000000000000	0.00000000000000
30.930000305176	0.19491653144360	0.26100689172745	65.000000000000	0.00000000000000
30.940000534058	0.19605498015881	0.26172426342964	65.000000000000	0.00000000000000
30.950000762939	0.19719320535660	0.26243701577187	65.000000000000	0.00000000000000
30.959999084473	0.19833129644394	0.26314511895180	65.000000000000	0.00000000000000
30.969999313354	0.19946913421154	0.26384863257408	65.000000000000	0.00000000000000
30.979999542236	0.20060671865940	0.26454755663872	65.000000000000	0.00000000000000
30.989999771118	0.20174406468868	0.26524189114571	65.000000000000	0.00000000000000
31.000000000000	0.20288117229939	0.26593166589737	65.000000000000	0.00000000000000
31.010000228882	0.20401796698570	0.26661688089371	65.000000000000	0.00000000000000
31.020000457764	0.20515446364880	0.26729753613472	65.000000000000	0.00000000000000
31.030000686646	0.20629067718983	0.26797369122505	65.000000000000	0.00000000000000
31.040000915527	0.20742651820183	0.26864540576935	65.000000000000	0.00000000000000
31.049999237061	0.20856197178364	0.26931256055832	65.000000000000	0.00000000000000
31.059999465942	0.20969709753990	0.26997524499893	65.000000000000	0.00000000000000
31.069999694824	0.21083185076714	0.27063348889351	65.000000000000	0.00000000000000
31.079999923706	0.21196611225605	0.27128729224205	65.000000000000	0.00000000000000
31.090000152588	0.21310003101826	0.27193665504456	65.000000000000	0.00000000000000
31.100000381470	0.21423354744911	0.27258163690567	65.000000000000	0.00000000000000
31.110000610352	0.21536651253700	0.27322220802307	65.000000000000	0.00000000000000
31.120000839233	0.21649906039238	0.27385833859444	65.000000000000	0.00000000000000
31.129999160767	0.21763113141060	0.27449017763138	65.000000000000	0.00000000000000
31.139999389648	0.21876269578934	0.27511760592461	65.000000000000	0.00000000000000
31.149999618530	0.21989366412163	0.27574077248573	65.000000000000	0.00000000000000
31.159999847412	0.22102417051792	0.27635958790779	65.000000000000	0.00000000000000
31.170000076294	0.22215417027473	0.27697408199310	65.000000000000	0.00000000000000
31.180000305176	0.22328348457813	0.27758428454399	65.000000000000	0.00000000000000
31.190000534058	0.22441230714321	0.27819025516510	65.000000000000	0.00000000000000
31.200000762939	0.22554051876068	0.27879190444946	65.000000000000	0.00000000000000
31.209999084473	0.22666816413403	0.27938935160637	65.000000000000	0.00000000000000
31.219999313354	0.22779513895512	0.27998256683350	65.000000000000	0.00000000000000
31.229999542236	0.22892147302628	0.28057160973549	65.000000000000	0.00000000000000
31.239999771118	0.23004710674286	0.28115642070770	65.000000000000	0.00000000000000
31.250000000000	0.23117212951183	0.28173702955246	65.000000000000	0.00000000000000
31.260000228882	0.23229649662971	0.28231352567673	65.000000000000	0.00000000000000
31.270000457764	0.23342019319534	0.28288581967354	65.000000000000	0.00000000000000
31.280000686646	0.23454307019711	0.28345400094986	65.000000000000	0.00000000000000
31.290000915527	0.23566536605358	0.28401809930801	65.000000000000	0.00000000000000
31.299999237061	0.23678682744503	0.28457805514336	65.000000000000	0.00000000000000
31.309999465942	0.23790754377842	0.28513395786285	65.000000000000	0.00000000000000
31.319999694824	0.23902754485607	0.28568574786186	65.000000000000	0.00000000000000
31.329999923706	0.24014675617218	0.28623354434967	65.000000000000	0.00000000000000
31.340000152588	0.24126516282558	0.28677725791931	65.000000000000	0.00000000000000
31.350000381470	0.24238280951977	0.28731697797775	65.000000000000	0.00000000000000
31.360000610352	0.24349959194660	0.28785267472267	65.000000000000	0.00000000000000
31.370000839233	0.24461561441422	0.28838437795639	65.000000000000	0.00000000000000
31.379999160767	0.24573080241680	0.28891211748123	65.000000000000	0.00000000000000
31.389999389648	0.24684508144855	0.28943586349487	65.000000000000	0.00000000000000
31.399999618530	0.24795851111412	0.28995570540428	65.000000000000	0.00000000000000
31.409999847412	0.24907112121582	0.29047161340714	65.000000000000	0.00000000000000
31.420000076294	0.25018286705017	0.29098355770111	65.000000000000	0.00000000000000
31.430000305176	0.25129356980324	0.29149174690247	65.000000000000	0.00000000000000
31.440000534058	0.25240349769592	0.29199591279030	65.000000000000	0.00000000000000
31.450000762939	0.25351250171661	0.29249623417854	65.000000000000	0.00000000000000
31.459999084473	0.25462055206299	0.29299274086952	65.000000000000	0.00000000000000
31.469999313354	0.25572764873505	0.29348540306091	65.000000000000	0.00000000000000
31.479999542236	0.25683397054672	0.29397413134575	65.000000000000	0.00000000000000
31.489999771118	0.25793910026550	0.29445916414261	65.000000000000	0.00000000000000
31.500000000000	0.25904327630997	0.29494047164917	65.000000000000	0.00000000000000
31.510000228882	0.26014658808708	0.29541790485382	65.000000000000	0.00000000000000
31.520000457764	0.26124876737595	0.29589170217514	65.000000000000	0.00000000000000
31.530000686646	0.26234999299049	0.29636165499687	65.000000000000	0.00000000000000
31.540000915527	0.26345023512840	0.29682794213295	65.000000000000	0.00000000000000
31.549999237061	0.26454952359200	0.29729035496712	65.000000000000	0.00000000000000
31.559999465942	0.26564764976501	0.29774928092957	65.000000000000	0.00000000000000
31.569999694824	0.26674464344978	0.29820457100868	65.000000000000	0.00000000000000
31.579999923706	0.26784086227417	0.29865595698357	65.000000000000	0.00000000000000
31.590000152588	0.26893597841263	0.29910370707512	65.000000000000	0.00000000000000
31.600000381470	0.27002984285355	0.29954802989960	65.000000000000	0.00000000000000
31.610000610352	0.27112272381783	0.29998859763145	65.000000000000	0.00000000000000
31.620000839233	0.27221459150314	0.30042555928230	65.000000000000	0.00000000000000
31.629999160767	0.27330532670021	0.30085888504982	65.000000000000	0.00000000000000
31.639999389648	0.27439489960670	0.30128875374794	65.000000000000	0.00000000000000
31.649999618530	0.27548331022263	0.30171507596970	65.000000000000	0.00000000000000
31.659999847412	0.27657067775726	0.30213779211044	65.000000000000	0.00000000000000
31.670000076294	0.27765685319901	0.30255702137947	65.000000000000	0.00000000000000
31.680000305176	0.27874198555946	0.30297264456749	65.000000000000	0.00000000000000
31.690000534058	0.27982586622238	0.30338487029076	65.000000000000	0.00000000000000
31.700000762939	0.28090867400169	0.30379348993301	65.000000000000	0.00000000000000
31.709999084473	0.28199028968811	0.30419877171516	65.000000000000	0.00000000000000
31.719999313354	0.28307065367699	0.30460062623024	65.000000000000	0.00000000000000
31.729999542236	0.28414988517761	0.30499896407127	65.000000000000	0.00000000000000
31.739999771118	0.28522798418999	0.30539381504059	65.000000000000	0.00000000000000
31.750000000000	0.28630480170250	0.30578535795212	65.000000000000	0.00000000000000
31.760000228882	0.28738054633141	0.30617344379425	65.000000000000	0.00000000000000
31.770000457764	0.28845492005348	0.30655819177628	65.000000000000	0.00000000000000
31.780000686646	0.28952819108963	0.30693945288658	65.000000000000	0.00000000000000
31.790000915527	0.29060018062592	0.30731749534607	65.000000000000	0.00000000000000
31.799999237061	0.29167100787163	0.30769214034081	65.000000000000	0.00000000000000
31.809999465942	0.29274052381516	0.30806353688240	65.000000000000	0.00000000000000
31.819999694824	0.29380884766579	0.30843159556389	65.000000000000	0.00000000000000
31.829999923706	0.29487586021423	0.30879634618759	65.000000000000	0.00000000000000
31.840000152588	0.29594162106514	0.30915781855583	65.000000000000	0.00000000000000
31.850000381470	0.29700613021851	0.30951601266861	65.000000000000	0.00000000000000
31.860000610352	0.29806932806969	0.30987098813057	65.000000000000	0.00000000000000
31.870000839233	0.29913133382797	0.31022271513939	65.000000000000	0.00000000000000
31.879999160767	0.30019196867943	0.31057125329971	65.000000000000	0.00000000000000
31.889999389648	0.30125135183334	0.31091651320457	65.000000000000	0.00000000000000
31.899999618530	0.30230942368507	0.31125867366791	65.000000000000	0.00000000000000
31.909999847412	0.30336621403694	0.31159758567810	65.000000000000	0.00000000000000
31.920000076294	0.30442163348198	0.31193336844444	65.000000000000	0.00000000000000
31.930000305176	0.30547577142715	0.31226599216461	65.000000000000	0.00000000000000
31.940000534058	0.30652859807014	0.31259545683861	65.000000000000	0.00000000000000
31.950000762939	0.30758005380630	0.31292182207108	65.000000000000	0.00000000000000
31.959999084473	0.30863022804260	0.31324505805969	65.000000000000	0.00000000000000
31.969999313354	0.30967906117439	0.31356522440910	65.000000000000	0.00000000000000
31.979999542236	0.31072655320168	0.31388229131699	65.000000000000	0.00000000000000
31.989999771118	0.31177261471748	0.31419631838799	65.000000000000	0.00000000000000
32.000000000000	0.31281745433807	0.31450727581978	65.000000000000	0.00000000000000
32.009998321533	0.31386083364487	0.31481516361237	65.000000000000	0.00000000000000
32.020000457764	0.31490287184715	0.31512004137039	65.000000000000	0.00000000000000
32.029998779297	0.31594350934029	0.31542193889618	65.000000000000	0.00000000000000
32.040000915527	0.31698283553123	0.31572079658508	65.000000000000	0.00000000000000
32.049999237061	0.31802073121071	0.31601670384407	65.000000000000	0.00000000000000
32.060001373291	0.31905722618103	0.31630963087082	65.000000000000	0.00000000000000
32.069999694824	0.32009229063988	0.31659960746765	65.000000000000	0.00000000000000
32.080001831055	0.32112607359886	0.31688660383224	65.000000000000	0.00000000000000
32.090000152588	0.32215842604637	0.31717070937157	65.000000000000	0.00000000000000
32.099998474121	0.32318931818008	0.31745183467865	65.000000000000	0.00000000000000
32.110000610352	0.32421886920929	0.31773012876511	65.000000000000	0.00000000000000
32.119998931885	0.32524695992470	0.31800544261932	65.000000000000	0.00000000000000
32.130001068115	0.32627364993095	0.31827795505524	65.000000000000	0.00000000000000
32.139999389648	0.32729890942574	0.31854754686356	65.000000000000	0.00000000000000
32.150001525879	0.32832270860672	0.31881433725357	65.000000000000	0.00000000000000
32.159999847412	0.32934513688087	0.31907826662064	65.000000000000	0.00000000000000
32.169998168945	0.33036607503891	0.31933936476707	65.000000000000	0.00000000000000
32.180000305176	0.33138564229012	0.31959763169289	65.000000000000	0.00000000000000
32.189998626709	0.33240371942520	0.31985309720039	65.000000000000	0.00000000000000
32.200000762939	0.33342030644417	0.32010579109192	65.000000000000	0.00000000000000
32.209999084473	0.33443558216095	0.32035568356514	65.000000000000	0.00000000000000
32.220001220703	0.33544930815697	0.32060280442238	65.000000000000	0.00000000000000
32.229999542236	0.33646160364151	0.32084721326828	65.000000000000	0.00000000000000
32.240001678467	0.33747237920761	0.32108888030052	65.000000000000	0.00000000000000
32.250000000000	0.33848172426224	0.32132780551910	65.000000000000	0.00000000000000
32.259998321533	0.33948963880539	0.32156398892403	65.000000000000	0.00000000000000
32.270000457764	0.34049600362778	0.32179749011993	65.000000000000	0.00000000000000
32.279998779297	0.34150093793869	0.32202830910683	65.000000000000	0.00000000000000
32.290000915527	0.34250441193581	0.32225644588470	65.000000000000	0.00000000000000
32.299999237061	0.34350636601448	0.32248190045357	65.000000000000	0.00000000000000
32.310001373291	0.34450682997704	0.32270473241806	65.000000000000	0.00000000000000
32.319999694824	0.34550586342812	0.32292491197586	65.000000000000	0.00000000000000
32.330001831055	0.34650337696075	0.32314246892929	65.000000000000	0.00000000000000
32.340000152588	0.34749931097031	0.32335737347603	65.000000000000	0.00000000000000
32.349998474121	0.34849381446838	0.32356971502304	65.000000000000	0.00000000000000
32.360000610352	0.34948688745499	0.32377943396568	65.000000000000	0.00000000000000
32.369998931885	0.35047835111618	0.32398661971092	65.000000000000	0.00000000000000
32.380001068115	0.35146832466125	0.32419118285179	65.000000000000	0.00000000000000
32.389999389648	0.35245683789253	0.32439324259758	65.000000000000	0.00000000000000
32.400001525879	0.35344380140305	0.32459270954132	65.000000000000	0.00000000000000
32.409999847412	0.35442921519279	0.32478964328766	65.000000000000	0.00000000000000
32.419998168945	0.35541316866875	0.32498404383659	65.000000000000	0.00000000000000
32.430000305176	0.35639557242393	0.32517597079277	65.000000000000	0.00000000000000
32.439998626709	0.35737642645836	0.32536536455154	65.000000000000	0.00000000000000
32.450000762939	0.35835584998131	0.32555228471756	65.000000000000	0.00000000000000
32.459999084473	0.35933360457420	0.32573670148849	65.000000000000	0.00000000000000
32.470001220703	0.36030992865562	0.32591870427132	65.000000000000	0.00000000000000
32.479999542236	0.36128470301628	0.32609823346138	65.000000000000	0.00000000000000
32.490001678467	0.36225789785385	0.32627528905869	65.000000000000	0.00000000000000
32.500000000000	0.36322957277298	0.32644996047020	65.000000000000	0.00000000000000
32.509998321533	0.36419972777367	0.32662218809128	65.000000000000	0.00000000000000
32.520000457764	0.36516833305359	0.32679200172424	65.000000000000	0.00000000000000
32.529998779297	0.36613544821739	0.32695943117142	65.000000000000	0.00000000000000
32.540000915527	0.36710089445114	0.32712447643280	65.000000000000	0.00000000000000
32.549999237061	0.36806485056877	0.32728713750839	65.000000000000	0.00000000000000
32.560001373291	0.36902725696564	0.32744741439819	65.000000000000	0.00000000000000
32.569999694824	0.36998811364174	0.32760533690453	65.000000000000	0.00000000000000
32.580001831055	0.37094739079475	0.32776096463203	65.000000000000	0.00000000000000
32.590000152588	0.37190505862236	0.32791426777840	65.000000000000	0.00000000000000
32.599998474121	0.37286123633385	0.32806515693665	65.000000000000	0.00000000000000
32.610000610352	0.37381586432457	0.32821381092072	65.000000000000	0.00000000000000
32.619998931885	0.37476885318756	0.32836017012596	65.000000000000	0.00000000000000
32.630001068115	0.37572035193443	0.32850417494774	65.000000000000	0.00000000000000
32.639999389648	0.37667024135590	0.32864597439766	65.000000000000	0.00000000000000
32.650001525879	0.37761855125427	0.32878547906876	65.000000000000	0.00000000000000
32.659999847412	0.37856531143188	0.32892271876335	65.000000000000	0.00000000000000
32.669998168945	0.37951046228409	0.32905772328377	65.000000000000	0.00000000000000
32.680000305176	0.38045406341553	0.32919052243233	65.000000000000	0.00000000000000
32.689998626709	0.38139608502388	0.32932105660439	65.000000000000	0.00000000000000
32.700000762939	0.38233655691147	0.32944935560226	65.000000000000	0.00000000000000
32.709999084473	0.38327538967133	0.32957553863525	65.000000000000	0.00000000000000
32.720001220703	0.38421264290810	0.32969942688942	65.000000000000	0.00000000000000
32.729999542236	0.38514834642410	0.32982119917870	65.000000000000	0.00000000000000
32.740001678467	0.38608241081238	0.32994076609612	65.000000000000	0.00000000000000
32.750000000000	0.38701489567757	0.33005818724632	65.000000000000	0.00000000000000
32.759998321533	0.38794574141502	0.33017343282700	65.000000000000	0.00000000000000
32.770000457764	0.38887512683868	0.33028656244278	65.000000000000	0.00000000000000
32.779998779297	0.38980284333229	0.33039754629135	65.000000000000	0.00000000000000
32.790000915527	0.39072895050049	0.33050641417503	65.000000000000	0.00000000000000
32.799999237061	0.39165347814560	0.33061319589615	65.000000000000	0.00000000000000
32.810001373291	0.39257642626762	0.33071783185005	65.000000000000	0.00000000000000
32.819999694824	0.39349785447121	0.33082038164139	65.000000000000	0.00000000000000
32.830001831055	0.39441743493080	0.33092090487480	65.000000000000	0.00000000000000
32.840000152588	0.39533567428589	0.33101928234100	65.000000000000	0.00000000000000
32.849998474121	0.39625212550163	0.33111563324928	65.000000000000	0.00000000000000
32.860000610352	0.39716705679893	0.33120995759964	65.000000000000	0.00000000000000
32.869998931885	0.39808034896851	0.33130219578743	65.000000000000	0.00000000000000
32.880001068115	0.39899197220802	0.33139240741730	65.000000000000	0.00000000000000
32.889999389648	0.39990213513374	0.33148065209389	65.000000000000	0.00000000000000
32.900001525879	0.40081062912941	0.33156681060791	65.000000000000	0.00000000000000
32.909999847412	0.40171742439270	0.33165100216866	65.000000000000	0.00000000000000
32.919998168945	0.40262266993523	0.33173319697380	65.000000000000	0.00000000000000
32.930000305176	0.40352636575699	0.33181345462799	65.000000000000	0.00000000000000
32.939998626709	0.40442836284637	0.33189171552658	65.000000000000	0.00000000000000
32.950000762939	0.40532866120338	0.33196800947189	65.000000000000	0.00000000000000
32.959999084473	0.40622755885124	0.33204233646393	65.000000000000	0.00000000000000
32.970001220703	0.40712460875511	0.33211466670036	65.000000000000	0.00000000000000
32.979999542236	0.40802022814751	0.33218514919281	65.000000000000	0.00000000000000
32.990001678467	0.40891411900520	0.33225369453430	65.000000000000	0.00000000000000
33.000000000000	0.40980643033981	0.33232033252716	65.000000000000	0.00000000000000
33.009998321533	0.41069707274437	0.33238503336906	65.000000000000	0.00000000000000
33.020000457764	0.41158607602119	0.33244788646698	65.000000000000	0.00000000000000
33.029998779297	0.41247352957726	0.33250880241394	65.000000000000	0.00000000000000
33.040000915527	0.41335928440094	0.33256787061691	65.000000000000	0.00000000000000
33.049999237061	0.41424342989922	0.33262509107590	65.000000000000	0.00000000000000
33.060001373291	0.41512602567673	0.33268037438393	65.000000000000	0.00000000000000
33.069999694824	0.41600683331490	0.33273386955261	65.000000000000	0.00000000000000
33.080001831055	0.41688615083694	0.33278554677963	65.000000000000	0.00000000000000
33.090000152588	0.41776379942894	0.33283537626266	65.000000000000	0.00000000000000
33.099998474121	0.41863974928856	0.33288338780403	65.000000000000	0.00000000000000
33.110000610352	0.41951417922974	0.33292958140373	65.000000000000	0.00000000000000
33.119998931885	0.42038688063622	0.33297395706177	65.000000000000	0.00000000000000
33.130001068115	0.42125791311264	0.33301657438278	65.000000000000	0.00000000000000
33.139999389648	0.42212742567062	0.33305737376213	65.000000000000	0.00000000000000
33.150001525879	0.42299517989159	0.33309644460678	65.000000000000	0.00000000000000
33.159999847412	0.42386147379875	0.33313375711441	65.000000000000	0.00000000000000
33.169998168945	0.42472591996193	0.33316928148270	65.000000000000	0.00000000000000
33.180000305176	0.42558890581131	0.33320313692093	65.000000000000	0.00000000000000
33.189998626709	0.42645016312599	0.33323520421982	65.000000000000	0.00000000000000
33.200000762939	0.42730978131294	0.33326554298401	65.000000000000	0.00000000000000
33.209999084473	0.42816773056984	0.33329415321350	65.000000000000	0.00000000000000
33.220001220703	0.42902398109436	0.33332109451294	65.000000000000	0.00000000000000
33.229999542236	0.42987874150276	0.33334624767303	65.000000000000	0.00000000000000
33.240001678467	0.43073177337646	0.33336985111237	65.000000000000	0.00000000000000
33.250000000000	0.43158322572708	0.33339169621468	65.000000000000	0.00000000000000
33.259998321533	0.43243300914764	0.33341184258461	65.000000000000	0.00000000000000
33.270000457764	0.43328109383583	0.33343040943146	65.000000000000	0.00000000000000
33.279998779297	0.43412753939629	0.33344724774361	65.000000000000	0.00000000000000
33.290000915527	0.43497243523598	0.33346250653267	65.000000000000	0.00000000000000
33.299999237061	0.43581554293633	0.33347612619400	65.000000000000	0.00000000000000
33.310001373291	0.43665716052055	0.33348807692528	65.000000000000	0.00000000000000
33.319999694824	0.43749704957008	0.33349847793579	65.000000000000	0.00000000000000
33.330001831055	0.43833521008492	0.33350721001625	65.000000000000	0.00000000000000
33.340000152588	0.43917188048363	0.33351436257362	65.000000000000	0.00000000000000
33.349998474121	0.44000676274300	0.33351993560791	65.000000000000	0.00000000000000
33.360000610352	0.44084006547928	0.33352395892143	65.000000000000	0.00000000000000
33.369998931885	0.44167172908783	0.33352640271187	65.000000000000	0.00000000000000
33.380001068115	0.44250169396400	0.33352726697922	65.000000000000	0.00000000000000
33.389999389648	0.44333010911942	0.33352655172348	65.000000000000	0.00000000000000
33.400001525879	0.44415676593781	0.33352434635162	65.000000000000	0.00000000000000
33.409999847412	0.44498181343079	0.33352065086365	65.000000000000	0.00000000000000
33.419998168945	0.44580522179604	0.33351537585258	65.000000000000	0.00000000000000
33.430000305176	0.44662699103355	0.33350858092308	65.000000000000	0.00000000000000
33.439998626709	0.44744709134102	0.33350032567978	65.000000000000	0.00000000000000
33.450000762939	0.44826555252075	0.33349049091339	65.000000000000	0.00000000000000
33.459999084473	0.44908234477043	0.33347922563553	65.000000000000	0.00000000000000
33.470001220703	0.44989755749702	0.33346650004387	65.000000000000	0.00000000000000
33.479999542236	0.45071098208427	0.33345222473145	65.000000000000	0.00000000000000
33.490001678467	0.45152288675308	0.33343654870987	65.000000000000	0.00000000000000
33.500000000000	0.45233309268951	0.33341950178146	65.000000000000	0.00000000000000
33.509998321533	0.45314162969589	0.33340087532997	65.000000000000	0.00000000000000
33.520000457764	0.45394852757454	0.33338087797165	65.000000000000	0.00000000000000
33.529998779297	0.45475384593010	0.33335942029953	65.000000000000	0.00000000000000
33.540000915527	0.45555740594864	0.33333668112755	65.000000000000	0.00000000000000
33.549999237061	0.45635938644409	0.33331239223480	65.000000000000	0.00000000000000
33.560001373291	0.45715969800949	0.33328676223755	65.000000000000	0.00000000000000
33.569999694824	0.45795837044716	0.33325976133347	65.000000000000	0.00000000000000
33.580001831055	0.45875537395477	0.33323132991791	65.000000000000	0.00000000000000
33.590000152588	0.45955079793930	0.33320155739784	65.000000000000	0.00000000000000
33.599998474121	0.46034452319145	0.33317044377327	65.000000000000	0.00000000000000
33.610000610352	0.46113657951355	0.33313795924187	65.000000000000	0.00000000000000
33.619998931885	0.46192705631256	0.33310413360596	65.000000000000	0.00000000000000
33.630001068115	0.46271586418152	0.33306896686554	65.000000000000	0.00000000000000
33.639999389648	0.46350300312042	0.33303248882294	65.000000000000	0.00000000000000
33.650001525879	0.46428850293159	0.33299472928047	65.000000000000	0.00000000000000
33.659999847412	0.46507236361504	0.33295559883118	65.000000000000	0.00000000000000
33.669998168945	0.46585461497307	0.33291521668434	65.000000000000	0.00000000000000
33.680000305176	0.46663522720337	0.33287352323532	65.000000000000	0.00000000000000
33.689998626709	0.46741420030594	0.33283057808876	65.000000000000	0.00000000000000
33.700000762939	0.46819159388542	0.33278635144234	65.000000000000	0.00000000000000
33.709999084473	0.46896722912788	0.33274084329605	65.000000000000	0.00000000000000
33.720001220703	0.46974128484726	0.33269408345222	65.000000000000	0.00000000000000
33.729999542236	0.47051367163658	0.33264610171318	65.000000000000	0.00000000000000
33.740001678467	0.47128447890282	0.33259686827660	65.000000000000	0.00000000000000
33.750000000000	0.47205355763435	0.33254647254944	65.000000000000	0.00000000000000
33.759998321533	0.47282111644745	0.33249476552010	65.000000000000	0.00000000000000
33.770000457764	0.47358700633049	0.33244186639786	65.000000000000	0.00000000000000
33.779998779297	0.47435128688812	0.33238783478737	65.000000000000	0.00000000000000
33.790000915527	0.47511389851570	0.33233255147934	65.000000000000	0.00000000000000
33.799999237061	0.47587484121323	0.33227610588074	65.000000000000	0.00000000000000
33.810001373291	0.47663426399231	0.33221849799156	65.000000000000	0.00000000000000
33.819999694824	0.47739195823669	0.33215972781181	65.000000000000	0.00000000000000
33.830001831055	0.47814810276031	0.33209976553917	65.000000000000	0.00000000000000
33.840000152588	0.47890260815620	0.33203870058060	65.000000000000	0.00000000000000
33.849998474121	0.47965553402901	0.33197647333145	65.000000000000	0.00000000000000
33.860000610352	0.48040682077408	0.33191314339638	65.000000000000	0.00000000000000
33.869998931885	0.48115643858910	0.33184865117073	65.000000000000	0.00000000000000
33.880001068115	0.48190450668335	0.33178308606148	65.000000000000	0.00000000000000
33.889999389648	0.48265087604523	0.33171638846397	65.000000000000	0.00000000000000
33.900001525879	0.48339566588402	0.33164861798286	65.000000000000	0.00000000000000
33.909999847412	0.48413899540901	0.33157977461815	65.000000000000	0.00000000000000
33.919998168945	0.48488053679466	0.33150979876518	65.000000000000	0.00000000000000
33.930000305176	0.48562058806419	0.33143880963326	65.000000000000	0.00000000000000
33.939998626709	0.48635891079903	0.33136677742004	65.000000000000	0.00000000000000
33.950000762939	0.48709577322006	0.33129364252090	65.000000000000	0.00000000000000
33.959999084473	0.48783096671104	0.33121946454048	65.000000000000	0.00000000000000
33.970001220703	0.48856461048126	0.33114427328110	65.000000000000	0.00000000000000
33.979999542236	0.48929658532143	0.33106809854507	65.000000000000	0.00000000000000
33.990001678467	0.49002707004547	0.33099079132080	65.000000000000	0.00000000000000
34.000000000000	0.49075591564178	0.33091256022453	65.000000000000	0.00000000000000
34.009998321533	0.49148309230804	0.33083334565163	65.000000000000	0.00000000000000
34.020000457764	0.49220877885818	0.33075311779976	65.000000000000	0.00000000000000
34.029998779297	0.49293282628059	0.33067190647125	65.000000000000	0.00000000000000
34.040000915527	0.49365544319153	0.33058971166611	65.000000000000	0.00000000000000
34.049999237061	0.49437633156776	0.33050656318665	65.000000000000	0.00000000000000
34.060001373291	0.49509570002556	0.33042246103287	65.000000000000	0.00000000000000
34.069999694824	0.49581342935562	0.33033740520477	65.000000000000	0.00000000000000
34.080001831055	0.49652969837189	0.33025133609772	65.000000000000	0.00000000000000
34.090000152588	0.49724438786507	0.33016440272331	65.000000000000	0.00000000000000
34.099998474121	0.49795749783516	0.33007654547691	65.000000000000	0.00000000000000
34.110000610352	0.49866902828217	0.32998776435852	65.000000000000	0.00000000000000
34.119998931885	0.49937900900841	0.32989808917046	65.000000000000	0.00000000000000
34.130001068115	0.50008744001389	0.32980749011040	65.000000000000	0.00000000000000
34.139999389648	0.50079435110092	0.32971599698067	65.000000000000	0.00000000000000
34.150001525879	0.50149971246719	0.32962363958359	65.000000000000	0.00000000000000
34.159999847412	0.50220346450806	0.32953038811684	65.000000000000	0.00000000000000
34.169998168945	0.50290572643280	0.32943624258041	65.000000000000	0.00000000000000
34.180000305176	0.50360649824142	0.32934129238129	65.000000000000	0.00000000000000
34.189998626709	0.50430572032928	0.32924544811249	65.000000000000	0.00000000000000
34.200000762939	0.50500339269638	0.32914879918098	65.000000000000	0.00000000000000
34.209999084473	0.50569957494736	0.32905125617981	65.000000000000	0.00000000000000
34.220001220703	0.50639414787292	0.32895296812057	65.000000000000	0.00000000000000
34.229999542236	0.50708740949631	0.32885372638702	65.000000000000	0.00000000000000
34.240001678467	0.50777888298035	0.32875382900238	65.000000000000	0.00000000000000
34.250000000000	0.50846910476685	0.32865285873413	65.000000000000	0.00000000000000
34.259998321533	0.50915759801865	0.32855150103569	65.000000000000	0.00000000000000
34.270000457764	0.50984477996826	0.32844904065132	65.000000000000	0.00000000000000
34.279998779297	0.51053029298782	0.32834598422050	65.000000000000	0.00000000000000
34.290000915527	0.51121431589127	0.32824209332466	65.000000000000	0.00000000000000
34.299999237061	0.51189696788788	0.32813736796379	65.000000000000	0.00000000000000
34.310001373291	0.51257812976837	0.32803183794022	65.000000000000	0.00000000000000
34.319999694824	0.51325786113739	0.32792550325394	65.000000000000	0.00000000000000
34.330001831055	0.51393604278564	0.32781860232353	65.000000000000	0.00000000000000
34.340000152588	0.51461255550385	0.32771113514900	65.000000000000	0.00000000000000
34.349998474121	0.51528799533844	0.32760241627693	65.000000000000	0.00000000000000
34.360000610352	0.51596170663834	0.32749342918396	65.000000000000	0.00000000000000
34.369998931885	0.51663410663605	0.32738339900970	65.000000000000	0.00000000000000
34.380001068115	0.51730489730835	0.32727289199829	65.000000000000	0.00000000000000
34.389999389648	0.51797425746918	0.32716161012650	65.000000000000	0.00000000000000
34.400001525879	0.51864230632782	0.32704961299896	65.000000000000	0.00000000000000
34.409999847412	0.51930886507034	0.32693684101105	65.000000000000	0.00000000000000
34.419998168945	0.51997387409210	0.32682362198830	65.000000000000	0.00000000000000
34.430000305176	0.52063763141632	0.32670944929123	65.000000000000	0.00000000000000
34.439998626709	0.52129983901978	0.32659479975700	65.000000000000	0.00000000000000
34.450000762939	0.52196061611176	0.32647943496704	65.000000000000	0.00000000000000
34.459999084473	0.52262002229691	0.32636344432831	65.000000000000	0.00000000000000
34.470001220703	0.52327817678452	0.32624647021294	65.000000000000	0.00000000000000
34.479999542236	0.52393466234207	0.32612916827202	65.000000000000	0.00000000000000
34.490001678467	0.52458989620209	0.32601112127304	65.000000000000	0.00000000000000
34.500000000000	0.52524375915527	0.32589253783226	65.000000000000	0.00000000000000
34.509998321533	0.52589619159698	0.32577329874039	65.000000000000	0.00000000000000
34.520000457764	0.52654719352722	0.32565337419510	65.000000000000	0.00000000000000
34.529998779297	0.52719694375992	0.32553288340569	65.000000000000	0.00000000000000
34.540000915527	0.52784520387650	0.32541176676750	65.000000000000	0.00000000000000
34.549999237061	0.52849221229553	0.32529005408287	65.000000000000	0.00000000000000
34.560001373291	0.52913773059845	0.32516768574715	65.000000000000	0.00000000000000
34.569999694824	0.52978199720383	0.32504481077194	65.000000000000	0.00000000000000
34.580001831055	0.53042489290237	0.32492130994797	65.000000000000	0.00000000000000
34.590000152588	0.53106635808945	0.32479718327522	65.000000000000	0.00000000000000
34.599998474121	0.53170663118362	0.32467249035835	65.000000000000	0.00000000000000
34.610000610352	0.53234547376633	0.32454726099968	65.000000000000	0.00000000000000
34.619998931885	0.53298306465149	0.32442137598991	65.000000000000	0.00000000000000
34.630001068115	0.53361916542053	0.32429504394531	65.000000000000	0.00000000000000
34.639999389648	0.53425413370132	0.32416805624962	65.000000000000	0.00000000000000
34.650001525879	0.53488773107529	0.32404056191444	65.000000000000	0.00000000000000
34.659999847412	0.53552007675171	0.32391253113747	65.000000000000	0.00000000000000
34.669998168945	0.53615111112595	0.32378393411636	65.000000000000	0.00000000000000
34.680000305176	0.53678077459335	0.32365477085114	65.000000000000	0.00000000000000
34.689998626709	0.53740918636322	0.32352507114410	65.000000000000	0.00000000000000
34.700000762939	0.53803634643555	0.32339486479759	65.000000000000	0.00000000000000
34.709999084473	0.53866219520569	0.32326415181160	65.000000000000	0.00000000000000
34.720001220703	0.53928685188293	0.32313284277916	65.000000000000	0.00000000000000
34.729999542236	0.53991019725800	0.32300108671188	65.000000000000	0.00000000000000
34.740001678467	0.54053223133087	0.32286879420280	65.000000000000	0.00000000000000
34.750000000000	0.54115313291550	0.32273593544960	65.000000000000	0.00000000000000
34.759998321533	0.54177272319794	0.32260259985924	65.000000000000	0.00000000000000
34.770000457764	0.54239118099213	0.32246878743172	65.000000000000	0.00000000000000
34.779998779297	0.54300826787949	0.32233443856239	65.000000000000	0.00000000000000
34.790000915527	0.54362422227859	0.32219961285591	65.000000000000	0.00000000000000
34.799999237061	0.54423892498016	0.32206425070763	65.000000000000	0.00000000000000
34.810001373291	0.54485237598419	0.32192844152451	65.000000000000	0.00000000000000
34.819999694824	0.54546463489532	0.32179209589958	65.000000000000	0.00000000000000
34.830001831055	0.54607582092285	0.32165530323982	65.000000000000	0.00000000000000
34.840000152588	0.54668569564819	0.32151803374290	65.000000000000	0.00000000000000
34.849998474121	0.54729431867599	0.32138022780418	65.000000000000	0.00000000000000
34.860000610352	0.54790186882019	0.32124200463295	65.000000000000	0.00000000000000
34.869998931885	0.54850822687149	0.32110324501991	65.000000000000	0.00000000000000
34.880001068115	0.54911351203918	0.32096403837204	65.000000000000	0.00000000000000
34.889999389648	0.54971748590469	0.32082438468933	65.000000000000	0.00000000000000
34.900001525879	0.55032038688660	0.32068422436714	65.000000000000	0.00000000000000
34.909999847412	0.55092209577560	0.32054361701012	65.000000000000	0.00000000000000
34.919998168945	0.55152267217636	0.32040253281593	65.000000000000	0.00000000000000
34.930000305176	0.55212211608887	0.32026097178459	65.000000000000	0.00000000000000
34.939998626709	0.55272036790848	0.32011896371841	65.000000000000	0.00000000000000
34.950000762939	0.55331754684448	0.31997644901276	65.000000000000	0.00000000000000
34.959999084473	0.55391359329224	0.31983348727226	65.000000000000	0.00000000000000
34.970001220703	0.55450868606567	0.31969010829926	65.000000000000	0.00000000000000
34.979999542236	0.55510246753693	0.31954622268677	65.000000000000	0.00000000000000
34.990001678467	0.55569523572922	0.31940189003944	65.000000000000	0.00000000000000
35.000000000000	0.55628693103790	0.31925714015961	65.000000000000	0.00000000000000
