#Parameters = {d=0.20314070351759; l2=4.0628140703517; lambda=8.1256281407035; r=0.02737524120603}
#"Frequency / GHz"	"S1,1 (lambda=8.12563) [Re]"	"S1,1 (lambda=8.12563) [Im]"	"Ref.Imp. [Re]"	"Ref.Imp. [Im]"
#-----------------------------------------------------------------------------------------------------------
25.000000000000	0.68735349178314	-0.57776379585266	65.000000000000	0.00000000000000
25.010000228882	0.68663442134857	-0.57812303304672	65.000000000000	0.00000000000000
25.020000457764	0.68591344356537	-0.57848191261292	65.000000000000	0.00000000000000
25.030000686646	0.68519061803818	-0.57884031534195	65.000000000000	0.00000000000000
25.040000915527	0.68446588516235	-0.57919824123383	65.000000000000	0.00000000000000
25.049999237061	0.68373912572861	-0.57955580949783	65.000000000000	0.00000000000000
25.059999465942	0.68301063776016	-0.57991290092468	65.000000000000	0.00000000000000
25.069999694824	0.68228012323380	-0.58026951551437	65.000000000000	0.00000000000000
25.079999923706	0.68154764175415	-0.58062571287155	65.000000000000	0.00000000000000
25.090000152588	0.68081319332123	-0.58098137378693	65.000000000000	0.00000000000000
25.100000381470	0.68007701635361	-0.58133661746979	65.000000000000	0.00000000000000
25.110000610352	0.67933875322342	-0.58169126510620	65.000000000000	0.00000000000000
25.120000839233	0.67859840393066	-0.58204543590546	65.000000000000	0.00000000000000
25.129999160767	0.67785626649857	-0.58239912986755	65.000000000000	0.00000000000000
25.139999389648	0.67711204290390	-0.58275234699249	65.000000000000	0.00000000000000
25.149999618530	0.67636591196060	-0.58310490846634	65.000000000000	0.00000000000000
25.159999847412	0.67561787366867	-0.58345699310303	65.000000000000	0.00000000000000
25.170000076294	0.67486780881882	-0.58380848169327	65.000000000000	0.00000000000000
25.180000305176	0.67411577701569	-0.58415937423706	65.000000000000	0.00000000000000
25.190000534058	0.67336177825928	-0.58450973033905	65.000000000000	0.00000000000000
25.200000762939	0.67260581254959	-0.58485949039459	65.000000000000	0.00000000000000
25.209999084473	0.67184776067734	-0.58520865440369	65.000000000000	0.00000000000000
25.219999313354	0.67108786106110	-0.58555722236633	65.000000000000	0.00000000000000
25.229999542236	0.67032587528229	-0.58590507507324	65.000000000000	0.00000000000000
25.239999771118	0.66956192255020	-0.58625233173370	65.000000000000	0.00000000000000
25.250000000000	0.66879582405090	-0.58659899234772	65.000000000000	0.00000000000000
25.260000228882	0.66802793741226	-0.58694493770599	65.000000000000	0.00000000000000
25.270000457764	0.66725796461105	-0.58729034662247	65.000000000000	0.00000000000000
25.280000686646	0.66648596525192	-0.58763492107391	65.000000000000	0.00000000000000
25.290000915527	0.66571187973022	-0.58797889947891	65.000000000000	0.00000000000000
25.299999237061	0.66493582725525	-0.58832210302353	65.000000000000	0.00000000000000
25.309999465942	0.66415780782700	-0.58866465091705	65.000000000000	0.00000000000000
25.319999694824	0.66337770223618	-0.58900642395020	65.000000000000	0.00000000000000
25.329999923706	0.66259562969208	-0.58934754133224	65.000000000000	0.00000000000000
25.340000152588	0.66181159019470	-0.58968788385391	65.000000000000	0.00000000000000
25.350000381470	0.66102534532547	-0.59002745151520	65.000000000000	0.00000000000000
25.360000610352	0.66023713350296	-0.59036630392075	65.000000000000	0.00000000000000
25.370000839233	0.65944695472717	-0.59070438146591	65.000000000000	0.00000000000000
25.379999160767	0.65865451097488	-0.59104168415070	65.000000000000	0.00000000000000
25.389999389648	0.65786033868790	-0.59137809276581	65.000000000000	0.00000000000000
25.399999618530	0.65706390142441	-0.59171378612518	65.000000000000	0.00000000000000
25.409999847412	0.65626555681229	-0.59204870462418	65.000000000000	0.00000000000000
25.420000076294	0.65546506643295	-0.59238272905350	65.000000000000	0.00000000000000
25.430000305176	0.65466254949570	-0.59271597862244	65.000000000000	0.00000000000000
25.440000534058	0.65385806560516	-0.59304827451706	65.000000000000	0.00000000000000
25.450000762939	0.65305143594742	-0.59337979555130	65.000000000000	0.00000000000000
25.459999084473	0.65224295854568	-0.59371042251587	65.000000000000	0.00000000000000
25.469999313354	0.65143203735352	-0.59404045343399	65.000000000000	0.00000000000000
25.479999542236	0.65061944723129	-0.59436911344528	65.000000000000	0.00000000000000
25.489999771118	0.64980465173721	-0.59469717741013	65.000000000000	0.00000000000000
25.500000000000	0.64898777008057	-0.59502410888672	65.000000000000	0.00000000000000
25.510000228882	0.64816874265671	-0.59535038471222	65.000000000000	0.00000000000000
25.520000457764	0.64734774827957	-0.59567564725876	65.000000000000	0.00000000000000
25.530000686646	0.64652484655380	-0.59599983692169	65.000000000000	0.00000000000000
25.540000915527	0.64569956064224	-0.59632331132889	65.000000000000	0.00000000000000
25.549999237061	0.64487272500992	-0.59664535522461	65.000000000000	0.00000000000000
25.559999465942	0.64404332637787	-0.59696704149246	65.000000000000	0.00000000000000
25.569999694824	0.64321190118790	-0.59728759527206	65.000000000000	0.00000000000000
25.579999923706	0.64237856864929	-0.59760701656342	65.000000000000	0.00000000000000
25.590000152588	0.64154320955276	-0.59792542457581	65.000000000000	0.00000000000000
25.600000381470	0.64070588350296	-0.59824264049530	65.000000000000	0.00000000000000
25.610000610352	0.63986605405807	-0.59855943918228	65.000000000000	0.00000000000000
25.620000839233	0.63902449607849	-0.59887468814850	65.000000000000	0.00000000000000
25.629999160767	0.63818043470383	-0.59918946027756	65.000000000000	0.00000000000000
25.639999389648	0.63733494281769	-0.59950250387192	65.000000000000	0.00000000000000
25.649999618530	0.63648724555969	-0.59981465339661	65.000000000000	0.00000000000000
25.659999847412	0.63563692569733	-0.60012620687485	65.000000000000	0.00000000000000
25.670000076294	0.63478523492813	-0.60043609142303	65.000000000000	0.00000000000000
25.680000305176	0.63393127918243	-0.60074496269226	65.000000000000	0.00000000000000
25.690000534058	0.63307511806488	-0.60105299949646	65.000000000000	0.00000000000000
25.700000762939	0.63221663236618	-0.60136014223099	65.000000000000	0.00000000000000
25.709999084473	0.63135647773743	-0.60166579484940	65.000000000000	0.00000000000000
25.719999313354	0.63049435615540	-0.60197013616562	65.000000000000	0.00000000000000
25.729999542236	0.62962990999222	-0.60227358341217	65.000000000000	0.00000000000000
25.739999771118	0.62876319885254	-0.60257607698441	65.000000000000	0.00000000000000
25.750000000000	0.62789458036423	-0.60287731885910	65.000000000000	0.00000000000000
25.760000228882	0.62702399492264	-0.60317730903625	65.000000000000	0.00000000000000
25.770000457764	0.62615144252777	-0.60347604751587	65.000000000000	0.00000000000000
25.780000686646	0.62527656555176	-0.60377377271652	65.000000000000	0.00000000000000
25.790000915527	0.62439960241318	-0.60407024621964	65.000000000000	0.00000000000000
25.799999237061	0.62352061271667	-0.60436546802521	65.000000000000	0.00000000000000
25.809999465942	0.62263977527618	-0.60465949773788	65.000000000000	0.00000000000000
25.819999694824	0.62175667285919	-0.60495233535767	65.000000000000	0.00000000000000
25.829999923706	0.62087148427963	-0.60524398088455	65.000000000000	0.00000000000000
25.840000152588	0.61998426914215	-0.60553437471390	65.000000000000	0.00000000000000
25.850000381470	0.61909496784210	-0.60582345724106	65.000000000000	0.00000000000000
25.860000610352	0.61820363998413	-0.60611128807068	65.000000000000	0.00000000000000
25.870000839233	0.61731016635895	-0.60639792680740	65.000000000000	0.00000000000000
25.879999160767	0.61641466617584	-0.60668325424194	65.000000000000	0.00000000000000
25.889999389648	0.61551719903946	-0.60696727037430	65.000000000000	0.00000000000000
25.899999618530	0.61461746692657	-0.60724997520447	65.000000000000	0.00000000000000
25.909999847412	0.61371582746506	-0.60753136873245	65.000000000000	0.00000000000000
25.920000076294	0.61281192302704	-0.60781157016754	65.000000000000	0.00000000000000
25.930000305176	0.61190611124039	-0.60809040069580	65.000000000000	0.00000000000000
25.940000534058	0.61099827289581	-0.60836780071259	65.000000000000	0.00000000000000
25.950000762939	0.61008810997009	-0.60864394903183	65.000000000000	0.00000000000000
25.959999084473	0.60917609930038	-0.60891866683960	65.000000000000	0.00000000000000
25.969999313354	0.60826212167740	-0.60919207334518	65.000000000000	0.00000000000000
25.979999542236	0.60734581947327	-0.60946416854858	65.000000000000	0.00000000000000
25.989999771118	0.60642766952515	-0.60973489284515	65.000000000000	0.00000000000000
26.000000000000	0.60550731420517	-0.61000418663025	65.000000000000	0.00000000000000
26.010000228882	0.60458487272263	-0.61027204990387	65.000000000000	0.00000000000000
26.020000457764	0.60366034507751	-0.61053854227066	65.000000000000	0.00000000000000
26.030000686646	0.60273385047913	-0.61080360412598	65.000000000000	0.00000000000000
26.040000915527	0.60180526971817	-0.61106723546982	65.000000000000	0.00000000000000
26.049999237061	0.60087454319000	-0.61132943630219	65.000000000000	0.00000000000000
26.059999465942	0.59994196891785	-0.61159026622772	65.000000000000	0.00000000000000
26.069999694824	0.59900707006454	-0.61184960603714	65.000000000000	0.00000000000000
26.079999923706	0.59807026386261	-0.61210745573044	65.000000000000	0.00000000000000
26.090000152588	0.59713131189346	-0.61236387491226	65.000000000000	0.00000000000000
26.100000381470	0.59619033336639	-0.61261874437332	65.000000000000	0.00000000000000
26.110000610352	0.59524732828140	-0.61287218332291	65.000000000000	0.00000000000000
26.120000839233	0.59430235624313	-0.61312413215637	65.000000000000	0.00000000000000
26.129999160767	0.59335505962372	-0.61337459087372	65.000000000000	0.00000000000000
26.139999389648	0.59240585565567	-0.61362349987030	65.000000000000	0.00000000000000
26.149999618530	0.59145456552505	-0.61387091875076	65.000000000000	0.00000000000000
26.159999847412	0.59050112962723	-0.61411678791046	65.000000000000	0.00000000000000
26.170000076294	0.58954584598541	-0.61436110734940	65.000000000000	0.00000000000000
26.180000305176	0.58858829736710	-0.61460387706757	65.000000000000	0.00000000000000
26.190000534058	0.58762884140015	-0.61484503746033	65.000000000000	0.00000000000000
26.200000762939	0.58666735887527	-0.61508476734161	65.000000000000	0.00000000000000
26.209999084473	0.58570373058319	-0.61532282829285	65.000000000000	0.00000000000000
26.219999313354	0.58473801612854	-0.61555933952332	65.000000000000	0.00000000000000
26.229999542236	0.58377027511597	-0.61579418182373	65.000000000000	0.00000000000000
26.239999771118	0.58280044794083	-0.61602753400803	65.000000000000	0.00000000000000
26.250000000000	0.58182877302170	-0.61625921726227	65.000000000000	0.00000000000000
26.260000228882	0.58085483312607	-0.61648929119110	65.000000000000	0.00000000000000
26.270000457764	0.57987880706787	-0.61671769618988	65.000000000000	0.00000000000000
26.280000686646	0.57890087366104	-0.61694449186325	65.000000000000	0.00000000000000
26.290000915527	0.57792073488235	-0.61716955900192	65.000000000000	0.00000000000000
26.299999237061	0.57693868875504	-0.61739301681519	65.000000000000	0.00000000000000
26.309999465942	0.57595449686050	-0.61761492490768	65.000000000000	0.00000000000000
26.319999694824	0.57496839761734	-0.61783504486084	65.000000000000	0.00000000000000
26.329999923706	0.57398021221161	-0.61805343627930	65.000000000000	0.00000000000000
26.340000152588	0.57298982143402	-0.61827021837234	65.000000000000	0.00000000000000
26.350000381470	0.57199734449387	-0.61848527193069	65.000000000000	0.00000000000000
26.360000610352	0.57100284099579	-0.61869859695435	65.000000000000	0.00000000000000
26.370000839233	0.57000654935837	-0.61891025304794	65.000000000000	0.00000000000000
26.379999160767	0.56900799274445	-0.61912006139755	65.000000000000	0.00000000000000
26.389999389648	0.56800752878189	-0.61932820081711	65.000000000000	0.00000000000000
26.399999618530	0.56700497865677	-0.61953455209732	65.000000000000	0.00000000000000
26.409999847412	0.56600028276443	-0.61973911523819	65.000000000000	0.00000000000000
26.420000076294	0.56499361991882	-0.61994194984436	65.000000000000	0.00000000000000
26.430000305176	0.56398499011993	-0.62014305591583	65.000000000000	0.00000000000000
26.440000534058	0.56297421455383	-0.62034237384796	65.000000000000	0.00000000000000
26.450000762939	0.56196135282516	-0.62053984403610	65.000000000000	0.00000000000000
26.459999084473	0.56094658374786	-0.62073552608490	65.000000000000	0.00000000000000
26.469999313354	0.55992960929871	-0.62092930078506	65.000000000000	0.00000000000000
26.479999542236	0.55891072750092	-0.62112128734589	65.000000000000	0.00000000000000
26.489999771118	0.55788975954056	-0.62131148576736	65.000000000000	0.00000000000000
26.500000000000	0.55686682462692	-0.62149983644485	65.000000000000	0.00000000000000
26.510000228882	0.55584168434143	-0.62168633937836	65.000000000000	0.00000000000000
26.520000457764	0.55481469631195	-0.62187093496323	65.000000000000	0.00000000000000
26.530000686646	0.55378562211990	-0.62205362319946	65.000000000000	0.00000000000000
26.540000915527	0.55275434255600	-0.62223446369171	65.000000000000	0.00000000000000
26.549999237061	0.55172127485275	-0.62241345643997	65.000000000000	0.00000000000000
26.559999465942	0.55068594217300	-0.62259048223495	65.000000000000	0.00000000000000
26.569999694824	0.54964870214462	-0.62276560068130	65.000000000000	0.00000000000000
26.579999923706	0.54860955476761	-0.62293881177902	65.000000000000	0.00000000000000
26.590000152588	0.54756814241409	-0.62311005592346	65.000000000000	0.00000000000000
26.600000381470	0.54652482271194	-0.62327939271927	65.000000000000	0.00000000000000
26.610000610352	0.54547947645187	-0.62344676256180	65.000000000000	0.00000000000000
26.620000839233	0.54443204402924	-0.62361222505569	65.000000000000	0.00000000000000
26.629999160767	0.54338264465332	-0.62377566099167	65.000000000000	0.00000000000000
26.639999389648	0.54233109951019	-0.62393701076508	65.000000000000	0.00000000000000
26.649999618530	0.54127758741379	-0.62409651279449	65.000000000000	0.00000000000000
26.659999847412	0.54022210836411	-0.62425392866135	65.000000000000	0.00000000000000
26.670000076294	0.53916454315186	-0.62440937757492	65.000000000000	0.00000000000000
26.680000305176	0.53810501098633	-0.62456274032593	65.000000000000	0.00000000000000
26.690000534058	0.53704357147217	-0.62471407651901	65.000000000000	0.00000000000000
26.700000762939	0.53597992658615	-0.62486338615417	65.000000000000	0.00000000000000
26.709999084473	0.53491425514221	-0.62501060962677	65.000000000000	0.00000000000000
26.719999313354	0.53384661674500	-0.62515580654144	65.000000000000	0.00000000000000
26.729999542236	0.53277689218521	-0.62529891729355	65.000000000000	0.00000000000000
26.739999771118	0.53170526027679	-0.62543994188309	65.000000000000	0.00000000000000
26.750000000000	0.53063154220581	-0.62557888031006	65.000000000000	0.00000000000000
26.760000228882	0.52955579757690	-0.62571567296982	65.000000000000	0.00000000000000
26.770000457764	0.52847808599472	-0.62585031986237	65.000000000000	0.00000000000000
26.780000686646	0.52739834785461	-0.62598288059235	65.000000000000	0.00000000000000
26.790000915527	0.52631646394730	-0.62611323595047	65.000000000000	0.00000000000000
26.799999237061	0.52523285150528	-0.62624156475067	65.000000000000	0.00000000000000
26.809999465942	0.52414703369141	-0.62636762857437	65.000000000000	0.00000000000000
26.819999694824	0.52305912971497	-0.62649154663086	65.000000000000	0.00000000000000
26.829999923706	0.52196943759918	-0.62661319971085	65.000000000000	0.00000000000000
26.840000152588	0.52087754011154	-0.62673282623291	65.000000000000	0.00000000000000
26.850000381470	0.51978385448456	-0.62685006856918	65.000000000000	0.00000000000000
26.860000610352	0.51868784427643	-0.62696510553360	65.000000000000	0.00000000000000
26.870000839233	0.51759010553360	-0.62707799673080	65.000000000000	0.00000000000000
26.879999160767	0.51649034023285	-0.62718862295151	65.000000000000	0.00000000000000
26.889999389648	0.51538848876953	-0.62729698419571	65.000000000000	0.00000000000000
26.899999618530	0.51428467035294	-0.62740308046341	65.000000000000	0.00000000000000
26.909999847412	0.51317894458771	-0.62750691175461	65.000000000000	0.00000000000000
26.920000076294	0.51207113265991	-0.62760841846466	65.000000000000	0.00000000000000
26.930000305176	0.51096123456955	-0.62770760059357	65.000000000000	0.00000000000000
26.940000534058	0.50984942913055	-0.62780457735062	65.000000000000	0.00000000000000
26.950000762939	0.50873565673828	-0.62789922952652	65.000000000000	0.00000000000000
26.959999084473	0.50761997699738	-0.62799137830734	65.000000000000	0.00000000000000
26.969999313354	0.50650209188461	-0.62808132171631	65.000000000000	0.00000000000000
26.979999542236	0.50538253784180	-0.62816894054413	65.000000000000	0.00000000000000
26.989999771118	0.50426065921783	-0.62825405597687	65.000000000000	0.00000000000000
27.000000000000	0.50313699245453	-0.62833684682846	65.000000000000	0.00000000000000
27.010000228882	0.50201135873795	-0.62841725349426	65.000000000000	0.00000000000000
27.020000457764	0.50088375806808	-0.62849527597427	65.000000000000	0.00000000000000
27.030000686646	0.49975413084030	-0.62857085466385	65.000000000000	0.00000000000000
27.040000915527	0.49862250685692	-0.62864398956299	65.000000000000	0.00000000000000
27.049999237061	0.49748900532722	-0.62871468067169	65.000000000000	0.00000000000000
27.059999465942	0.49635344743729	-0.62878298759460	65.000000000000	0.00000000000000
27.069999694824	0.49521583318710	-0.62884879112244	65.000000000000	0.00000000000000
27.079999923706	0.49407637119293	-0.62891203165054	65.000000000000	0.00000000000000
27.090000152588	0.49293503165245	-0.62897282838821	65.000000000000	0.00000000000000
27.100000381470	0.49179154634476	-0.62903118133545	65.000000000000	0.00000000000000
27.110000610352	0.49064624309540	-0.62908697128296	65.000000000000	0.00000000000000
27.120000839233	0.48949900269508	-0.62914019823074	65.000000000000	0.00000000000000
27.129999160767	0.48834970593452	-0.62919092178345	65.000000000000	0.00000000000000
27.139999389648	0.48719850182533	-0.62923914194107	65.000000000000	0.00000000000000
27.149999618530	0.48604550957680	-0.62928473949432	65.000000000000	0.00000000000000
27.159999847412	0.48489043116570	-0.62932777404785	65.000000000000	0.00000000000000
27.170000076294	0.48373344540596	-0.62936818599701	65.000000000000	0.00000000000000
27.180000305176	0.48257437348366	-0.62940591573715	65.000000000000	0.00000000000000
27.190000534058	0.48141342401505	-0.62944120168686	65.000000000000	0.00000000000000
27.200000762939	0.48025071620941	-0.62947368621826	65.000000000000	0.00000000000000
27.209999084473	0.47908598184586	-0.62950366735458	65.000000000000	0.00000000000000
27.219999313354	0.47791922092438	-0.62953096628189	65.000000000000	0.00000000000000
27.229999542236	0.47675070166588	-0.62955552339554	65.000000000000	0.00000000000000
27.239999771118	0.47558030486107	-0.62957739830017	65.000000000000	0.00000000000000
27.250000000000	0.47440785169601	-0.62959665060043	65.000000000000	0.00000000000000
27.260000228882	0.47323346138000	-0.62961316108704	65.000000000000	0.00000000000000
27.270000457764	0.47205731272697	-0.62962692975998	65.000000000000	0.00000000000000
27.280000686646	0.47087916731834	-0.62963801622391	65.000000000000	0.00000000000000
27.290000915527	0.46969914436340	-0.62964624166489	65.000000000000	0.00000000000000
27.299999237061	0.46851715445518	-0.62965184450150	65.000000000000	0.00000000000000
27.309999465942	0.46733334660530	-0.62965458631516	65.000000000000	0.00000000000000
27.319999694824	0.46614766120911	-0.62965452671051	65.000000000000	0.00000000000000
27.329999923706	0.46496006846428	-0.62965166568756	65.000000000000	0.00000000000000
27.340000152588	0.46377059817314	-0.62964600324631	65.000000000000	0.00000000000000
27.350000381470	0.46257930994034	-0.62963753938675	65.000000000000	0.00000000000000
27.360000610352	0.46138611435890	-0.62962621450424	65.000000000000	0.00000000000000
27.370000839233	0.46019089221954	-0.62961196899414	65.000000000000	0.00000000000000
27.379999160767	0.45899391174316	-0.62959492206573	65.000000000000	0.00000000000000
27.389999389648	0.45779514312744	-0.62957495450974	65.000000000000	0.00000000000000
27.399999618530	0.45659458637238	-0.62955212593079	65.000000000000	0.00000000000000
27.409999847412	0.45539194345474	-0.62952631711960	65.000000000000	0.00000000000000
27.420000076294	0.45418775081635	-0.62949758768082	65.000000000000	0.00000000000000
27.430000305176	0.45298159122467	-0.62946593761444	65.000000000000	0.00000000000000
27.440000534058	0.45177352428436	-0.62943136692047	65.000000000000	0.00000000000000
27.450000762939	0.45056366920471	-0.62939375638962	65.000000000000	0.00000000000000
27.459999084473	0.44935214519501	-0.62935322523117	65.000000000000	0.00000000000000
27.469999313354	0.44813853502274	-0.62930965423584	65.000000000000	0.00000000000000
27.479999542236	0.44692319631577	-0.62926310300827	65.000000000000	0.00000000000000
27.489999771118	0.44570618867874	-0.62921345233917	65.000000000000	0.00000000000000
27.500000000000	0.44448724389076	-0.62916076183319	65.000000000000	0.00000000000000
27.510000228882	0.44326648116112	-0.62910509109497	65.000000000000	0.00000000000000
27.520000457764	0.44204398989677	-0.62904632091522	65.000000000000	0.00000000000000
27.530000686646	0.44081982970238	-0.62898445129395	65.000000000000	0.00000000000000
27.540000915527	0.43959370255470	-0.62891948223114	65.000000000000	0.00000000000000
27.549999237061	0.43836587667465	-0.62885141372681	65.000000000000	0.00000000000000
27.559999465942	0.43713620305061	-0.62878024578094	65.000000000000	0.00000000000000
27.569999694824	0.43590492010117	-0.62870591878891	65.000000000000	0.00000000000000
27.579999923706	0.43467175960541	-0.62862831354141	65.000000000000	0.00000000000000
27.590000152588	0.43343698978424	-0.62854760885239	65.000000000000	0.00000000000000
27.600000381470	0.43220028281212	-0.62846380472183	65.000000000000	0.00000000000000
27.610000610352	0.43096193671227	-0.62837666273117	65.000000000000	0.00000000000000
27.620000839233	0.42972183227539	-0.62828642129898	65.000000000000	0.00000000000000
27.629999160767	0.42848008871078	-0.62819284200668	65.000000000000	0.00000000000000
27.639999389648	0.42723661661148	-0.62809610366821	65.000000000000	0.00000000000000
27.649999618530	0.42599153518677	-0.62799602746964	65.000000000000	0.00000000000000
27.659999847412	0.42474454641342	-0.62789273262024	65.000000000000	0.00000000000000
27.670000076294	0.42349597811699	-0.62778615951538	65.000000000000	0.00000000000000
27.680000305176	0.42224571108818	-0.62767618894577	65.000000000000	0.00000000000000
27.690000534058	0.42099368572235	-0.62756294012070	65.000000000000	0.00000000000000
27.700000762939	0.41974014043808	-0.62744641304016	65.000000000000	0.00000000000000
27.709999084473	0.41848477721214	-0.62732648849487	65.000000000000	0.00000000000000
27.719999313354	0.41722783446312	-0.62720316648483	65.000000000000	0.00000000000000
27.729999542236	0.41596919298172	-0.62707650661469	65.000000000000	0.00000000000000
27.739999771118	0.41470906138420	-0.62694644927979	65.000000000000	0.00000000000000
27.750000000000	0.41344711184502	-0.62681299448013	65.000000000000	0.00000000000000
27.760000228882	0.41218361258507	-0.62667602300644	65.000000000000	0.00000000000000
27.770000457764	0.41091853380203	-0.62653565406799	65.000000000000	0.00000000000000
27.780000686646	0.40965181589127	-0.62639188766479	65.000000000000	0.00000000000000
27.790000915527	0.40838348865509	-0.62624466419220	65.000000000000	0.00000000000000
27.799999237061	0.40711364150047	-0.62609380483627	65.000000000000	0.00000000000000
27.809999465942	0.40584221482277	-0.62593954801559	65.000000000000	0.00000000000000
27.819999694824	0.40456923842430	-0.62578177452087	65.000000000000	0.00000000000000
27.829999923706	0.40329462289810	-0.62562042474747	65.000000000000	0.00000000000000
27.840000152588	0.40201833844185	-0.62545561790466	65.000000000000	0.00000000000000
27.850000381470	0.40074071288109	-0.62528717517853	65.000000000000	0.00000000000000
27.860000610352	0.39946141839027	-0.62511515617371	65.000000000000	0.00000000000000
27.870000839233	0.39818072319031	-0.62493956089020	65.000000000000	0.00000000000000
27.879999160767	0.39689850807190	-0.62476027011871	65.000000000000	0.00000000000000
27.889999389648	0.39561477303505	-0.62457752227783	65.000000000000	0.00000000000000
27.899999618530	0.39432954788208	-0.62439095973969	65.000000000000	0.00000000000000
27.909999847412	0.39304259419441	-0.62420088052750	65.000000000000	0.00000000000000
27.920000076294	0.39175453782082	-0.62400704622269	65.000000000000	0.00000000000000
27.930000305176	0.39046478271484	-0.62380957603455	65.000000000000	0.00000000000000
27.940000534058	0.38917374610901	-0.62360835075378	65.000000000000	0.00000000000000
27.950000762939	0.38788107037544	-0.62340348958969	65.000000000000	0.00000000000000
27.959999084473	0.38658714294434	-0.62319487333298	65.000000000000	0.00000000000000
27.969999313354	0.38529175519943	-0.62298244237900	65.000000000000	0.00000000000000
27.979999542236	0.38399496674538	-0.62276631593704	65.000000000000	0.00000000000000
27.989999771118	0.38269671797752	-0.62254637479782	65.000000000000	0.00000000000000
28.000000000000	0.38139706850052	-0.62232261896133	65.000000000000	0.00000000000000
28.010000228882	0.38009607791901	-0.62209516763687	65.000000000000	0.00000000000000
28.020000457764	0.37879371643066	-0.62186384201050	65.000000000000	0.00000000000000
28.030000686646	0.37748995423317	-0.62162864208221	65.000000000000	0.00000000000000
28.040000915527	0.37618499994278	-0.62138956785202	65.000000000000	0.00000000000000
28.049999237061	0.37487855553627	-0.62114673852921	65.000000000000	0.00000000000000
28.059999465942	0.37357094883919	-0.62089997529984	65.000000000000	0.00000000000000
28.069999694824	0.37226197123528	-0.62064921855927	65.000000000000	0.00000000000000
28.079999923706	0.37095162272453	-0.62039470672607	65.000000000000	0.00000000000000
28.090000152588	0.36964020133018	-0.62013614177704	65.000000000000	0.00000000000000
28.100000381470	0.36832740902901	-0.61987370252609	65.000000000000	0.00000000000000
28.110000610352	0.36701315641403	-0.61960726976395	65.000000000000	0.00000000000000
28.120000839233	0.36569783091545	-0.61933690309525	65.000000000000	0.00000000000000
28.129999160767	0.36438140273094	-0.61906254291534	65.000000000000	0.00000000000000
28.139999389648	0.36306357383728	-0.61878418922424	65.000000000000	0.00000000000000
28.149999618530	0.36174499988556	-0.61850160360336	65.000000000000	0.00000000000000
28.159999847412	0.36042454838753	-0.61821538209915	65.000000000000	0.00000000000000
28.170000076294	0.35910326242447	-0.61792486906052	65.000000000000	0.00000000000000
28.180000305176	0.35778099298477	-0.61763024330139	65.000000000000	0.00000000000000
28.190000534058	0.35645708441734	-0.61733168363571	65.000000000000	0.00000000000000
28.200000762939	0.35513249039650	-0.61702895164490	65.000000000000	0.00000000000000
28.209999084473	0.35380661487579	-0.61672210693359	65.000000000000	0.00000000000000
28.219999313354	0.35247948765755	-0.61641120910645	65.000000000000	0.00000000000000
28.229999542236	0.35115140676498	-0.61609619855881	65.000000000000	0.00000000000000
28.239999771118	0.34982237219810	-0.61577689647675	65.000000000000	0.00000000000000
28.250000000000	0.34849211573601	-0.61545354127884	65.000000000000	0.00000000000000
28.260000228882	0.34716096520424	-0.61512595415115	65.000000000000	0.00000000000000
28.270000457764	0.34582826495171	-0.61479437351227	65.000000000000	0.00000000000000
28.280000686646	0.34449499845505	-0.61445832252502	65.000000000000	0.00000000000000
28.290000915527	0.34316089749336	-0.61411809921265	65.000000000000	0.00000000000000
28.299999237061	0.34182563424110	-0.61377364397049	65.000000000000	0.00000000000000
28.309999465942	0.34048950672150	-0.61342483758926	65.000000000000	0.00000000000000
28.319999694824	0.33915224671364	-0.61307191848755	65.000000000000	0.00000000000000
28.329999923706	0.33781391382217	-0.61271476745605	65.000000000000	0.00000000000000
28.340000152588	0.33647480607033	-0.61235332489014	65.000000000000	0.00000000000000
28.350000381470	0.33513483405113	-0.61198741197586	65.000000000000	0.00000000000000
28.360000610352	0.33379387855530	-0.61161732673645	65.000000000000	0.00000000000000
28.370000839233	0.33245214819908	-0.61124283075333	65.000000000000	0.00000000000000
28.379999160767	0.33110940456390	-0.61086404323578	65.000000000000	0.00000000000000
28.389999389648	0.32976618409157	-0.61048066616058	65.000000000000	0.00000000000000
28.399999618530	0.32842203974724	-0.61009305715561	65.000000000000	0.00000000000000
28.409999847412	0.32707688212395	-0.60970115661621	65.000000000000	0.00000000000000
28.420000076294	0.32573077082634	-0.60930490493774	65.000000000000	0.00000000000000
28.430000305176	0.32438427209854	-0.60890400409698	65.000000000000	0.00000000000000
28.440000534058	0.32303684949875	-0.60849875211716	65.000000000000	0.00000000000000
28.450000762939	0.32168880105019	-0.60808902978897	65.000000000000	0.00000000000000
28.459999084473	0.32033959031105	-0.60767507553101	65.000000000000	0.00000000000000
28.469999313354	0.31899034976959	-0.60725629329681	65.000000000000	0.00000000000000
28.479999542236	0.31763994693756	-0.60683321952820	65.000000000000	0.00000000000000
28.489999771118	0.31628930568695	-0.60640549659729	65.000000000000	0.00000000000000
28.500000000000	0.31493726372719	-0.60597366094589	65.000000000000	0.00000000000000
28.510000228882	0.31358525156975	-0.60553693771362	65.000000000000	0.00000000000000
28.520000457764	0.31223243474960	-0.60509574413300	65.000000000000	0.00000000000000
28.530000686646	0.31087917089462	-0.60464996099472	65.000000000000	0.00000000000000
28.540000915527	0.30952510237694	-0.60419964790344	65.000000000000	0.00000000000000
28.549999237061	0.30817031860352	-0.60374492406845	65.000000000000	0.00000000000000
28.559999465942	0.30681508779526	-0.60328555107117	65.000000000000	0.00000000000000
28.569999694824	0.30545973777771	-0.60282129049301	65.000000000000	0.00000000000000
28.579999923706	0.30410340428352	-0.60235273838043	65.000000000000	0.00000000000000
28.590000152588	0.30274698138237	-0.60187929868698	65.000000000000	0.00000000000000
28.600000381470	0.30138987302780	-0.60140138864517	65.000000000000	0.00000000000000
28.610000610352	0.30003231763840	-0.60091876983643	65.000000000000	0.00000000000000
28.620000839233	0.29867440462112	-0.60043150186539	65.000000000000	0.00000000000000
28.629999160767	0.29731604456902	-0.59993952512741	65.000000000000	0.00000000000000
28.639999389648	0.29595741629601	-0.59944289922714	65.000000000000	0.00000000000000
28.649999618530	0.29459819197655	-0.59894156455994	65.000000000000	0.00000000000000
28.659999847412	0.29323875904083	-0.59843552112579	65.000000000000	0.00000000000000
28.670000076294	0.29187902808189	-0.59792476892471	65.000000000000	0.00000000000000
28.680000305176	0.29051885008812	-0.59740930795670	65.000000000000	0.00000000000000
28.690000534058	0.28915876150131	-0.59688895940781	65.000000000000	0.00000000000000
28.700000762939	0.28779789805412	-0.59636408090591	65.000000000000	0.00000000000000
28.709999084473	0.28643715381622	-0.59583419561386	65.000000000000	0.00000000000000
28.719999313354	0.28507611155510	-0.59529966115952	65.000000000000	0.00000000000000
28.729999542236	0.28371486067772	-0.59476035833359	65.000000000000	0.00000000000000
28.739999771118	0.28235331177711	-0.59421616792679	65.000000000000	0.00000000000000
28.750000000000	0.28099188208580	-0.59366714954376	65.000000000000	0.00000000000000
28.760000228882	0.27963006496429	-0.59311342239380	65.000000000000	0.00000000000000
28.770000457764	0.27826818823814	-0.59255480766296	65.000000000000	0.00000000000000
28.780000686646	0.27690631151199	-0.59199124574661	65.000000000000	0.00000000000000
28.790000915527	0.27554428577423	-0.59142291545868	65.000000000000	0.00000000000000
28.799999237061	0.27418228983879	-0.59084975719452	65.000000000000	0.00000000000000
28.809999465942	0.27282017469406	-0.59027177095413	65.000000000000	0.00000000000000
28.819999694824	0.27145811915398	-0.58968877792358	65.000000000000	0.00000000000000
28.829999923706	0.27009597420692	-0.58910077810287	65.000000000000	0.00000000000000
28.840000152588	0.26873394846916	-0.58850806951523	65.000000000000	0.00000000000000
28.850000381470	0.26737192273140	-0.58791035413742	65.000000000000	0.00000000000000
28.860000610352	0.26601001620293	-0.58730775117874	65.000000000000	0.00000000000000
28.870000839233	0.26464840769768	-0.58670014142990	65.000000000000	0.00000000000000
28.879999160767	0.26328670978546	-0.58608770370483	65.000000000000	0.00000000000000
28.889999389648	0.26192533969879	-0.58547019958496	65.000000000000	0.00000000000000
28.899999618530	0.26056391000748	-0.58484786748886	65.000000000000	0.00000000000000
28.909999847412	0.25920286774635	-0.58422040939331	65.000000000000	0.00000000000000
28.920000076294	0.25784197449684	-0.58358806371689	65.000000000000	0.00000000000000
28.930000305176	0.25648131966591	-0.58295065164566	65.000000000000	0.00000000000000
28.940000534058	0.25512087345123	-0.58230829238892	65.000000000000	0.00000000000000
28.950000762939	0.25376087427139	-0.58166092634201	65.000000000000	0.00000000000000
28.959999084473	0.25240123271942	-0.58100849390030	65.000000000000	0.00000000000000
28.969999313354	0.25104182958603	-0.58035105466843	65.000000000000	0.00000000000000
28.979999542236	0.24968281388283	-0.57968860864639	65.000000000000	0.00000000000000
28.989999771118	0.24832408130169	-0.57902115583420	65.000000000000	0.00000000000000
29.000000000000	0.24696576595306	-0.57834857702255	65.000000000000	0.00000000000000
29.010000228882	0.24560819566250	-0.57767093181610	65.000000000000	0.00000000000000
29.020000457764	0.24425068497658	-0.57698827981949	65.000000000000	0.00000000000000
29.030000686646	0.24289397895336	-0.57630056142807	65.000000000000	0.00000000000000
29.040000915527	0.24153763055801	-0.57560777664185	65.000000000000	0.00000000000000
29.049999237061	0.24018184840679	-0.57490980625153	65.000000000000	0.00000000000000
29.059999465942	0.23882663249969	-0.57420682907104	65.000000000000	0.00000000000000
29.069999694824	0.23747202754021	-0.57349872589111	65.000000000000	0.00000000000000
29.079999923706	0.23611785471439	-0.57278549671173	65.000000000000	0.00000000000000
29.090000152588	0.23476451635361	-0.57206720113754	65.000000000000	0.00000000000000
29.100000381470	0.23341193795204	-0.57134371995926	65.000000000000	0.00000000000000
29.110000610352	0.23205979168415	-0.57061517238617	65.000000000000	0.00000000000000
29.120000839233	0.23070843517780	-0.56988143920898	65.000000000000	0.00000000000000
29.129999160767	0.22935786843300	-0.56914263963699	65.000000000000	0.00000000000000
29.139999389648	0.22800819575787	-0.56839865446091	65.000000000000	0.00000000000000
29.149999618530	0.22665910422802	-0.56764948368073	65.000000000000	0.00000000000000
29.159999847412	0.22531086206436	-0.56689524650574	65.000000000000	0.00000000000000
29.170000076294	0.22396342456341	-0.56613570451736	65.000000000000	0.00000000000000
29.180000305176	0.22261708974838	-0.56537103652954	65.000000000000	0.00000000000000
29.190000534058	0.22127136588097	-0.56460124254227	65.000000000000	0.00000000000000
29.200000762939	0.21992681920528	-0.56382632255554	65.000000000000	0.00000000000000
29.209999084473	0.21858292818069	-0.56304621696472	65.000000000000	0.00000000000000
29.219999313354	0.21724021434784	-0.56226080656052	65.000000000000	0.00000000000000
29.229999542236	0.21589849889278	-0.56147027015686	65.000000000000	0.00000000000000
29.239999771118	0.21455773711205	-0.56067454814911	65.000000000000	0.00000000000000
29.250000000000	0.21321812272072	-0.55987364053726	65.000000000000	0.00000000000000
29.260000228882	0.21187958121300	-0.55906748771667	65.000000000000	0.00000000000000
29.270000457764	0.21054206788540	-0.55825614929199	65.000000000000	0.00000000000000
29.280000686646	0.20920562744141	-0.55743962526321	65.000000000000	0.00000000000000
29.290000915527	0.20787060260773	-0.55661785602570	65.000000000000	0.00000000000000
29.299999237061	0.20653653144836	-0.55579090118408	65.000000000000	0.00000000000000
29.309999465942	0.20520378649235	-0.55495876073837	65.000000000000	0.00000000000000
29.319999694824	0.20387218892574	-0.55412125587463	65.000000000000	0.00000000000000
29.329999923706	0.20254196226597	-0.55327856540680	65.000000000000	0.00000000000000
29.340000152588	0.20121294260025	-0.55243080854416	65.000000000000	0.00000000000000
29.350000381470	0.19988530874252	-0.55157762765884	65.000000000000	0.00000000000000
29.360000610352	0.19855897128582	-0.55071932077408	65.000000000000	0.00000000000000
29.370000839233	0.19723406434059	-0.54985570907593	65.000000000000	0.00000000000000
29.379999160767	0.19591061770916	-0.54898691177368	65.000000000000	0.00000000000000
29.389999389648	0.19458839297295	-0.54811286926270	65.000000000000	0.00000000000000
29.399999618530	0.19326779246330	-0.54723358154297	65.000000000000	0.00000000000000
29.409999847412	0.19194859266281	-0.54634904861450	65.000000000000	0.00000000000000
29.420000076294	0.19063110649586	-0.54545927047729	65.000000000000	0.00000000000000
29.430000305176	0.18931505084038	-0.54456424713135	65.000000000000	0.00000000000000
29.440000534058	0.18800048530102	-0.54366397857666	65.000000000000	0.00000000000000
29.450000762939	0.18668767809868	-0.54275846481323	65.000000000000	0.00000000000000
29.459999084473	0.18537640571594	-0.54184770584106	65.000000000000	0.00000000000000
29.469999313354	0.18406666815281	-0.54093176126480	65.000000000000	0.00000000000000
29.479999542236	0.18275877833366	-0.54001045227051	65.000000000000	0.00000000000000
29.489999771118	0.18145251274109	-0.53908401727676	65.000000000000	0.00000000000000
29.500000000000	0.18014810979366	-0.53815227746964	65.000000000000	0.00000000000000
29.510000228882	0.17884536087513	-0.53721529245377	65.000000000000	0.00000000000000
29.520000457764	0.17754454910755	-0.53627300262451	65.000000000000	0.00000000000000
29.530000686646	0.17624545097351	-0.53532558679581	65.000000000000	0.00000000000000
29.540000915527	0.17494806647301	-0.53437280654907	65.000000000000	0.00000000000000
29.549999237061	0.17365282773972	-0.53341484069824	65.000000000000	0.00000000000000
29.559999465942	0.17235939204693	-0.53245162963867	65.000000000000	0.00000000000000
29.569999694824	0.17106787860394	-0.53148317337036	65.000000000000	0.00000000000000
29.579999923706	0.16977842152119	-0.53050947189331	65.000000000000	0.00000000000000
29.590000152588	0.16849085688591	-0.52953058481216	65.000000000000	0.00000000000000
29.600000381470	0.16720542311668	-0.52854645252228	65.000000000000	0.00000000000000
29.610000610352	0.16592188179493	-0.52755707502365	65.000000000000	0.00000000000000
29.620000839233	0.16464056074619	-0.52656245231628	65.000000000000	0.00000000000000
29.629999160767	0.16336143016815	-0.52556264400482	65.000000000000	0.00000000000000
29.639999389648	0.16208428144455	-0.52455759048462	65.000000000000	0.00000000000000
29.649999618530	0.16080941259861	-0.52354729175568	65.000000000000	0.00000000000000
29.659999847412	0.15953655540943	-0.52253180742264	65.000000000000	0.00000000000000
29.670000076294	0.15826615691185	-0.52151107788086	65.000000000000	0.00000000000000
29.680000305176	0.15699784457684	-0.52048516273499	65.000000000000	0.00000000000000
29.690000534058	0.15573202073574	-0.51945406198502	65.000000000000	0.00000000000000
29.700000762939	0.15446837246418	-0.51841777563095	65.000000000000	0.00000000000000
29.709999084473	0.15320709347725	-0.51737624406815	65.000000000000	0.00000000000000
29.719999313354	0.15194813907146	-0.51632946729660	65.000000000000	0.00000000000000
29.729999542236	0.15069167315960	-0.51527762413025	65.000000000000	0.00000000000000
29.739999771118	0.14943756163120	-0.51422047615051	65.000000000000	0.00000000000000
29.750000000000	0.14818595349789	-0.51315826177597	65.000000000000	0.00000000000000
29.760000228882	0.14693678915501	-0.51209080219269	65.000000000000	0.00000000000000
29.770000457764	0.14569018781185	-0.51101821660995	65.000000000000	0.00000000000000
29.780000686646	0.14444604516029	-0.50994038581848	65.000000000000	0.00000000000000
29.790000915527	0.14320452511311	-0.50885742902756	65.000000000000	0.00000000000000
29.799999237061	0.14196567237377	-0.50776940584183	65.000000000000	0.00000000000000
29.809999465942	0.14072948694229	-0.50667619705200	65.000000000000	0.00000000000000
29.819999694824	0.13949586451054	-0.50557786226273	65.000000000000	0.00000000000000
29.829999923706	0.13826496899128	-0.50447434186935	65.000000000000	0.00000000000000
29.840000152588	0.13703680038452	-0.50336569547653	65.000000000000	0.00000000000000
29.850000381470	0.13581143319607	-0.50225204229355	65.000000000000	0.00000000000000
29.860000610352	0.13458874821663	-0.50113314390182	65.000000000000	0.00000000000000
29.870000839233	0.13336886465549	-0.50000923871994	65.000000000000	0.00000000000000
29.879999160767	0.13215194642544	-0.49888011813164	65.000000000000	0.00000000000000
29.889999389648	0.13093791902065	-0.49774602055550	65.000000000000	0.00000000000000
29.899999618530	0.12972667813301	-0.49660682678223	65.000000000000	0.00000000000000
29.909999847412	0.12851835787296	-0.49546253681183	65.000000000000	0.00000000000000
29.920000076294	0.12731297314167	-0.49431324005127	65.000000000000	0.00000000000000
29.930000305176	0.12611058354378	-0.49315881729126	65.000000000000	0.00000000000000
29.940000534058	0.12491130828857	-0.49199938774109	65.000000000000	0.00000000000000
29.950000762939	0.12371507287025	-0.49083495140076	65.000000000000	0.00000000000000
29.959999084473	0.12252175807953	-0.48966544866562	65.000000000000	0.00000000000000
29.969999313354	0.12133165448904	-0.48849096894264	65.000000000000	0.00000000000000
29.979999542236	0.12014463543892	-0.48731139302254	65.000000000000	0.00000000000000
29.989999771118	0.11896087229252	-0.48612689971924	65.000000000000	0.00000000000000
30.000000000000	0.11778026819229	-0.48493742942810	65.000000000000	0.00000000000000
30.010000228882	0.11660272628069	-0.48374292254448	65.000000000000	0.00000000000000
30.020000457764	0.11542861908674	-0.48254349827766	65.000000000000	0.00000000000000
30.030000686646	0.11425762623549	-0.48133906722069	65.000000000000	0.00000000000000
30.040000915527	0.11309012025595	-0.48012974858284	65.000000000000	0.00000000000000
30.049999237061	0.11192577332258	-0.47891551256180	65.000000000000	0.00000000000000
30.059999465942	0.11076486110687	-0.47769626975060	65.000000000000	0.00000000000000
30.069999694824	0.10960738360882	-0.47647216916084	65.000000000000	0.00000000000000
30.079999923706	0.10845326632261	-0.47524315118790	65.000000000000	0.00000000000000
30.090000152588	0.10730253905058	-0.47400927543640	65.000000000000	0.00000000000000
30.100000381470	0.10615531355143	-0.47277048230171	65.000000000000	0.00000000000000
30.110000610352	0.10501164942980	-0.47152689099312	65.000000000000	0.00000000000000
30.120000839233	0.10387154668570	-0.47027838230133	65.000000000000	0.00000000000000
30.129999160767	0.10273504257202	-0.46902507543564	65.000000000000	0.00000000000000
30.139999389648	0.10160192847252	-0.46776691079140	65.000000000000	0.00000000000000
30.149999618530	0.10047256946564	-0.46650397777557	65.000000000000	0.00000000000000
30.159999847412	0.099346771836281	-0.46523624658585	65.000000000000	0.00000000000000
30.170000076294	0.098224766552448	-0.46396371722221	65.000000000000	0.00000000000000
30.180000305176	0.097106374800205	-0.46268641948700	65.000000000000	0.00000000000000
30.190000534058	0.095991834998131	-0.46140435338020	65.000000000000	0.00000000000000
30.200000762939	0.094880945980549	-0.46011751890182	65.000000000000	0.00000000000000
30.209999084473	0.093773730099201	-0.45882597565651	65.000000000000	0.00000000000000
30.219999313354	0.092670559883118	-0.45752975344658	65.000000000000	0.00000000000000
30.229999542236	0.091571114957333	-0.45622882246971	65.000000000000	0.00000000000000
30.239999771118	0.090475529432297	-0.45492321252823	65.000000000000	0.00000000000000
30.250000000000	0.089383937418461	-0.45361292362213	65.000000000000	0.00000000000000
30.260000228882	0.088296137750149	-0.45229795575142	65.000000000000	0.00000000000000
30.270000457764	0.087212279438972	-0.45097839832306	65.000000000000	0.00000000000000
30.280000686646	0.086132489144802	-0.44965416193008	65.000000000000	0.00000000000000
30.290000915527	0.085056677460670	-0.44832539558411	65.000000000000	0.00000000000000
30.299999237061	0.083984978497028	-0.44699198007584	65.000000000000	0.00000000000000
30.309999465942	0.082917198538780	-0.44565403461456	65.000000000000	0.00000000000000
30.319999694824	0.081853576004505	-0.44431149959564	65.000000000000	0.00000000000000
30.329999923706	0.080794133245945	-0.44296443462372	65.000000000000	0.00000000000000
30.340000152588	0.079738795757294	-0.44161283969879	65.000000000000	0.00000000000000
30.350000381470	0.078687682747841	-0.44025677442551	65.000000000000	0.00000000000000
30.360000610352	0.077640607953072	-0.43889620900154	65.000000000000	0.00000000000000
30.370000839233	0.076597802340984	-0.43753120303154	65.000000000000	0.00000000000000
30.379999160767	0.075559400022030	-0.43616169691086	65.000000000000	0.00000000000000
30.389999389648	0.074525110423565	-0.43478772044182	65.000000000000	0.00000000000000
30.399999618530	0.073495164513588	-0.43340939283371	65.000000000000	0.00000000000000
30.409999847412	0.072469577193260	-0.43202665448189	65.000000000000	0.00000000000000
30.420000076294	0.071448370814323	-0.43063950538635	65.000000000000	0.00000000000000
30.430000305176	0.070431470870972	-0.42924806475639	65.000000000000	0.00000000000000
30.440000534058	0.069419011473656	-0.42785224318504	65.000000000000	0.00000000000000
30.450000762939	0.068411000072956	-0.42645213007927	65.000000000000	0.00000000000000
30.459999084473	0.067407451570034	-0.42504763603210	65.000000000000	0.00000000000000
30.469999313354	0.066408514976501	-0.42363891005516	65.000000000000	0.00000000000000
30.479999542236	0.065413899719715	-0.42222592234612	65.000000000000	0.00000000000000
30.489999771118	0.064423814415932	-0.42080870270729	65.000000000000	0.00000000000000
30.500000000000	0.063438490033150	-0.41938725113869	65.000000000000	0.00000000000000
30.510000228882	0.062457557767630	-0.41796162724495	65.000000000000	0.00000000000000
30.520000457764	0.061481423676014	-0.41653174161911	65.000000000000	0.00000000000000
30.530000686646	0.060509715229273	-0.41509771347046	65.000000000000	0.00000000000000
30.540000915527	0.059542857110500	-0.41365960240364	65.000000000000	0.00000000000000
30.549999237061	0.058580569922924	-0.41221734881401	65.000000000000	0.00000000000000
30.559999465942	0.057623069733381	-0.41077101230621	65.000000000000	0.00000000000000
30.569999694824	0.056670285761356	-0.40932053327560	65.000000000000	0.00000000000000
30.579999923706	0.055722225457430	-0.40786606073380	65.000000000000	0.00000000000000
30.590000152588	0.054779022932053	-0.40640756487846	65.000000000000	0.00000000000000
30.600000381470	0.053840585052967	-0.40494501590729	65.000000000000	0.00000000000000
30.610000610352	0.052906949073076	-0.40347853302956	65.000000000000	0.00000000000000
30.620000839233	0.051978219300508	-0.40200805664063	65.000000000000	0.00000000000000
30.629999160767	0.051054518669844	-0.40053361654282	65.000000000000	0.00000000000000
30.639999389648	0.050135478377342	-0.39905524253845	65.000000000000	0.00000000000000
30.649999618530	0.049221508204937	-0.39757299423218	65.000000000000	0.00000000000000
30.659999847412	0.048312429338694	-0.39608690142632	65.000000000000	0.00000000000000
30.670000076294	0.047408450394869	-0.39459690451622	65.000000000000	0.00000000000000
30.680000305176	0.046509411185980	-0.39310309290886	65.000000000000	0.00000000000000
30.690000534058	0.045615322887897	-0.39160549640656	65.000000000000	0.00000000000000
30.700000762939	0.044726401567459	-0.39010411500931	65.000000000000	0.00000000000000
30.709999084473	0.043842460960150	-0.38859897851944	65.000000000000	0.00000000000000
30.719999313354	0.042963724583387	-0.38709008693695	65.000000000000	0.00000000000000
30.729999542236	0.042090021073818	-0.38557752966881	65.000000000000	0.00000000000000
30.739999771118	0.041221454739571	-0.38406124711037	65.000000000000	0.00000000000000
30.750000000000	0.040358051657677	-0.38254135847092	65.000000000000	0.00000000000000
30.760000228882	0.039499837905169	-0.38101780414581	65.000000000000	0.00000000000000
30.770000457764	0.038646809756756	-0.37949061393738	65.000000000000	0.00000000000000
30.780000686646	0.037799090147018	-0.37795984745026	65.000000000000	0.00000000000000
30.790000915527	0.036956690251827	-0.37642553448677	65.000000000000	0.00000000000000
30.799999237061	0.036119449883699	-0.37488770484924	65.000000000000	0.00000000000000
30.809999465942	0.035287391394377	-0.37334635853767	65.000000000000	0.00000000000000
30.819999694824	0.034460708498955	-0.37180155515671	65.000000000000	0.00000000000000
30.829999923706	0.033639591187239	-0.37025323510170	65.000000000000	0.00000000000000
30.840000152588	0.032823704183102	-0.36870154738426	65.000000000000	0.00000000000000
30.850000381470	0.032013069838285	-0.36714643239975	65.000000000000	0.00000000000000
30.860000610352	0.031208053231239	-0.36558791995049	65.000000000000	0.00000000000000
30.870000839233	0.030408142134547	-0.36402609944344	65.000000000000	0.00000000000000
30.879999160767	0.029613880440593	-0.36246088147163	65.000000000000	0.00000000000000
30.889999389648	0.028824938461185	-0.36089247465134	65.000000000000	0.00000000000000
30.899999618530	0.028041504323483	-0.35932075977325	65.000000000000	0.00000000000000
30.909999847412	0.027263762429357	-0.35774576663971	65.000000000000	0.00000000000000
30.920000076294	0.026491384953260	-0.35616758465767	65.000000000000	0.00000000000000
30.930000305176	0.025724563747644	-0.35458621382713	65.000000000000	0.00000000000000
30.940000534058	0.024963481351733	-0.35300168395042	65.000000000000	0.00000000000000
30.950000762939	0.024207642301917	-0.35141402482986	65.000000000000	0.00000000000000
30.959999084473	0.023457571864128	-0.34982329607010	65.000000000000	0.00000000000000
30.969999313354	0.022712949663401	-0.34822943806648	65.000000000000	0.00000000000000
30.979999542236	0.021974286064506	-0.34663257002831	65.000000000000	0.00000000000000
30.989999771118	0.021241102367640	-0.34503266215324	65.000000000000	0.00000000000000
31.000000000000	0.020513409748673	-0.34342977404594	65.000000000000	0.00000000000000
31.010000228882	0.019791552796960	-0.34182393550873	65.000000000000	0.00000000000000
31.020000457764	0.019075708463788	-0.34021514654160	65.000000000000	0.00000000000000
31.030000686646	0.018365075811744	-0.33860349655151	65.000000000000	0.00000000000000
31.040000915527	0.017660478129983	-0.33698892593384	65.000000000000	0.00000000000000
31.049999237061	0.016961606219411	-0.33537152409554	65.000000000000	0.00000000000000
31.059999465942	0.016268474981189	-0.33375132083893	65.000000000000	0.00000000000000
31.069999694824	0.015580939128995	-0.33212834596634	65.000000000000	0.00000000000000
31.079999923706	0.014899486675858	-0.33050256967545	65.000000000000	0.00000000000000
31.090000152588	0.014223653823137	-0.32887411117554	65.000000000000	0.00000000000000
31.100000381470	0.013553926721215	-0.32724294066429	65.000000000000	0.00000000000000
31.110000610352	0.012889846228063	-0.32560911774635	65.000000000000	0.00000000000000
31.120000839233	0.012231739237905	-0.32397264242172	65.000000000000	0.00000000000000
31.129999160767	0.011579304933548	-0.32233354449272	65.000000000000	0.00000000000000
31.139999389648	0.010933018289506	-0.32069191336632	65.000000000000	0.00000000000000
31.149999618530	0.010292736813426	-0.31904768943787	65.000000000000	0.00000000000000
31.159999847412	0.0096580162644386	-0.31740099191666	65.000000000000	0.00000000000000
31.170000076294	0.0090294722467661	-0.31575185060501	65.000000000000	0.00000000000000
31.180000305176	0.0084068160504103	-0.31410020589828	65.000000000000	0.00000000000000
31.190000534058	0.0077902060002089	-0.31244614720345	65.000000000000	0.00000000000000
31.200000762939	0.0071796523407102	-0.31078970432281	65.000000000000	0.00000000000000
31.209999084473	0.0065750172361732	-0.30913087725639	65.000000000000	0.00000000000000
31.219999313354	0.0059763127937913	-0.30746978521347	65.000000000000	0.00000000000000
31.229999542236	0.0053836945444345	-0.30580633878708	65.000000000000	0.00000000000000
31.239999771118	0.0047973166219890	-0.30414062738419	65.000000000000	0.00000000000000
31.250000000000	0.0042167529463768	-0.30247274041176	65.000000000000	0.00000000000000
31.260000228882	0.0036423034034669	-0.30080264806747	65.000000000000	0.00000000000000
31.270000457764	0.0030739761423320	-0.29913032054901	65.000000000000	0.00000000000000
31.280000686646	0.0025117795448750	-0.29745590686798	65.000000000000	0.00000000000000
31.290000915527	0.0019555804319680	-0.29577937722206	65.000000000000	0.00000000000000
31.299999237061	0.0014056696090847	-0.29410082101822	65.000000000000	0.00000000000000
31.309999465942	0.00086177303455770	-0.29242017865181	65.000000000000	0.00000000000000
31.319999694824	0.00032403966179118	-0.29073750972748	65.000000000000	0.00000000000000
31.329999923706	-0.00020752321870532	-0.28905287384987	65.000000000000	0.00000000000000
31.340000152588	-0.00073290849104524	-0.28736633062363	65.000000000000	0.00000000000000
31.350000381470	-0.0012522452743724	-0.28567788004875	65.000000000000	0.00000000000000
31.360000610352	-0.0017652533715591	-0.28398755192757	65.000000000000	0.00000000000000
31.370000839233	-0.0022720636334270	-0.28229534626007	65.000000000000	0.00000000000000
31.379999160767	-0.0027726683765650	-0.28060132265091	65.000000000000	0.00000000000000
31.389999389648	-0.0032670621294528	-0.27890557050705	65.000000000000	0.00000000000000
31.399999618530	-0.0037552386056632	-0.27720806002617	65.000000000000	0.00000000000000
31.409999847412	-0.0042372634634376	-0.27550882101059	65.000000000000	0.00000000000000
31.420000076294	-0.0047129211015999	-0.27380791306496	65.000000000000	0.00000000000000
31.430000305176	-0.0051824091933668	-0.27210539579391	65.000000000000	0.00000000000000
31.440000534058	-0.0056455270387232	-0.27040120959282	65.000000000000	0.00000000000000
31.450000762939	-0.0061023999005556	-0.26869544386864	65.000000000000	0.00000000000000
31.459999084473	-0.0065530231222510	-0.26698815822601	65.000000000000	0.00000000000000
31.469999313354	-0.0069973911158741	-0.26527935266495	65.000000000000	0.00000000000000
31.479999542236	-0.0074353730306029	-0.26356908679008	65.000000000000	0.00000000000000
31.489999771118	-0.0078670922666788	-0.26185739040375	65.000000000000	0.00000000000000
31.500000000000	-0.0082924803718925	-0.26014423370361	65.000000000000	0.00000000000000
31.510000228882	-0.0087115354835987	-0.25842973589897	65.000000000000	0.00000000000000
31.520000457764	-0.0091242557391524	-0.25671386718750	65.000000000000	0.00000000000000
31.530000686646	-0.0095306960865855	-0.25499674677849	65.000000000000	0.00000000000000
31.540000915527	-0.0099307335913181	-0.25327828526497	65.000000000000	0.00000000000000
31.549999237061	-0.010324426926672	-0.25155863165855	65.000000000000	0.00000000000000
31.559999465942	-0.010711772367358	-0.24983774125576	65.000000000000	0.00000000000000
31.569999694824	-0.011092768050730	-0.24811570346355	65.000000000000	0.00000000000000
31.579999923706	-0.011467413976789	-0.24639250338078	65.000000000000	0.00000000000000
31.590000152588	-0.011835646815598	-0.24466821551323	65.000000000000	0.00000000000000
31.600000381470	-0.012197467498481	-0.24294285476208	65.000000000000	0.00000000000000
31.610000610352	-0.012552990578115	-0.24121645092964	65.000000000000	0.00000000000000
31.620000839233	-0.012902099639177	-0.23948906362057	65.000000000000	0.00000000000000
31.629999160767	-0.013244793750346	-0.23776067793369	65.000000000000	0.00000000000000
31.639999389648	-0.013581129722297	-0.23603139817715	65.000000000000	0.00000000000000
31.649999618530	-0.013910994865000	-0.23430119454861	65.000000000000	0.00000000000000
31.659999847412	-0.014234500937164	-0.23257012665272	65.000000000000	0.00000000000000
31.670000076294	-0.014551594853401	-0.23083825409412	65.000000000000	0.00000000000000
31.680000305176	-0.014862274751067	-0.22910559177399	65.000000000000	0.00000000000000
31.690000534058	-0.015166596509516	-0.22737213969231	65.000000000000	0.00000000000000
31.700000762939	-0.015464452095330	-0.22563795745373	65.000000000000	0.00000000000000
31.709999084473	-0.015755897387862	-0.22390310466290	65.000000000000	0.00000000000000
31.719999313354	-0.016040882095695	-0.22216759622097	65.000000000000	0.00000000000000
31.729999542236	-0.016319515183568	-0.22043146193027	65.000000000000	0.00000000000000
31.739999771118	-0.016591636464000	-0.21869471669197	65.000000000000	0.00000000000000
31.750000000000	-0.016857407987118	-0.21695744991302	65.000000000000	0.00000000000000
31.760000228882	-0.017116729170084	-0.21521964669228	65.000000000000	0.00000000000000
31.770000457764	-0.017369601875544	-0.21348138153553	65.000000000000	0.00000000000000
31.780000686646	-0.017616081982851	-0.21174265444279	65.000000000000	0.00000000000000
31.790000915527	-0.017856070771813	-0.21000352501869	65.000000000000	0.00000000000000
31.799999237061	-0.018089672550559	-0.20826400816441	65.000000000000	0.00000000000000
31.809999465942	-0.018316840752959	-0.20652411878109	65.000000000000	0.00000000000000
31.819999694824	-0.018537579104304	-0.20478396117687	65.000000000000	0.00000000000000
31.829999923706	-0.018751896917820	-0.20304352045059	65.000000000000	0.00000000000000
31.840000152588	-0.018959745764732	-0.20130284130573	65.000000000000	0.00000000000000
31.850000381470	-0.019161228090525	-0.19956192374229	65.000000000000	0.00000000000000
31.860000610352	-0.019356157630682	-0.19782084226608	65.000000000000	0.00000000000000
31.870000839233	-0.019544828683138	-0.19607967138290	65.000000000000	0.00000000000000
31.879999160767	-0.019726958125830	-0.19433836638927	65.000000000000	0.00000000000000
31.889999389648	-0.019902698695660	-0.19259697198868	65.000000000000	0.00000000000000
31.899999618530	-0.020072005689144	-0.19085556268692	65.000000000000	0.00000000000000
31.909999847412	-0.020234936848283	-0.18911415338516	65.000000000000	0.00000000000000
31.920000076294	-0.020391404628754	-0.18737278878689	65.000000000000	0.00000000000000
31.930000305176	-0.020541463047266	-0.18563148379326	65.000000000000	0.00000000000000
31.940000534058	-0.020685119554400	-0.18389028310776	65.000000000000	0.00000000000000
31.950000762939	-0.020822381600738	-0.18214921653271	65.000000000000	0.00000000000000
31.959999084473	-0.020953258499503	-0.18040832877159	65.000000000000	0.00000000000000
31.969999313354	-0.021077672019601	-0.17866767942905	65.000000000000	0.00000000000000
31.979999542236	-0.021195758134127	-0.17692722380161	65.000000000000	0.00000000000000
31.989999771118	-0.021307440474629	-0.17518705129623	65.000000000000	0.00000000000000
32.000000000000	-0.021412732079625	-0.17344720661640	65.000000000000	0.00000000000000
32.009998321533	-0.021511640399694	-0.17170770466328	65.000000000000	0.00000000000000
32.020000457764	-0.021604176610708	-0.16996857523918	65.000000000000	0.00000000000000
32.029998779297	-0.021690307185054	-0.16822984814644	65.000000000000	0.00000000000000
32.040000915527	-0.021770127117634	-0.16649156808853	65.000000000000	0.00000000000000
32.049999237061	-0.021843565627933	-0.16475377976894	65.000000000000	0.00000000000000
32.060001373291	-0.021910635754466	-0.16301649808884	65.000000000000	0.00000000000000
32.069999694824	-0.021971350535750	-0.16127978265285	65.000000000000	0.00000000000000
32.080001831055	-0.022025793790817	-0.15954361855984	65.000000000000	0.00000000000000
32.090000152588	-0.022073825821280	-0.15780809521675	65.000000000000	0.00000000000000
32.099998474121	-0.022115577012300	-0.15607321262360	65.000000000000	0.00000000000000
32.110000610352	-0.022151019424200	-0.15433900058270	65.000000000000	0.00000000000000
32.119998931885	-0.022180095314980	-0.15260551869869	65.000000000000	0.00000000000000
32.130001068115	-0.022202888503671	-0.15087278187275	65.000000000000	0.00000000000000
32.139999389648	-0.022219378501177	-0.14914084970951	65.000000000000	0.00000000000000
32.150001525879	-0.022229613736272	-0.14740969240665	65.000000000000	0.00000000000000
32.159999847412	-0.022233542054892	-0.14567941427231	65.000000000000	0.00000000000000
32.169998168945	-0.022231208160520	-0.14395000040531	65.000000000000	0.00000000000000
32.180000305176	-0.022222630679607	-0.14222151041031	65.000000000000	0.00000000000000
32.189998626709	-0.022207755595446	-0.14049397408962	65.000000000000	0.00000000000000
32.200000762939	-0.022186668589711	-0.13876740634441	65.000000000000	0.00000000000000
32.209999084473	-0.022159351035953	-0.13704188168049	65.000000000000	0.00000000000000
32.220001220703	-0.022125823423266	-0.13531737029552	65.000000000000	0.00000000000000
32.229999542236	-0.022086029872298	-0.13359396159649	65.000000000000	0.00000000000000
32.240001678467	-0.022040061652660	-0.13187165558338	65.000000000000	0.00000000000000
32.250000000000	-0.021987900137901	-0.13015048205853	65.000000000000	0.00000000000000
32.259998321533	-0.021929565817118	-0.12843050062656	65.000000000000	0.00000000000000
32.270000457764	-0.021865047514439	-0.12671172618866	65.000000000000	0.00000000000000
32.279998779297	-0.021794393658638	-0.12499420344830	65.000000000000	0.00000000000000
32.290000915527	-0.021717561408877	-0.12327792495489	65.000000000000	0.00000000000000
32.299999237061	-0.021634606644511	-0.12156296521425	65.000000000000	0.00000000000000
32.310001373291	-0.021545490249991	-0.11984935402870	65.000000000000	0.00000000000000
32.319999694824	-0.021450292319059	-0.11813710629940	65.000000000000	0.00000000000000
32.330001831055	-0.021348975598812	-0.11642625182867	65.000000000000	0.00000000000000
32.340000152588	-0.021241620182991	-0.11471682786942	65.000000000000	0.00000000000000
32.349998474121	-0.021128136664629	-0.11300887167454	65.000000000000	0.00000000000000
32.360000610352	-0.021008605137467	-0.11130242049694	65.000000000000	0.00000000000000
32.369998931885	-0.020883023738861	-0.10959747433662	65.000000000000	0.00000000000000
32.380001068115	-0.020751416683197	-0.10789409279823	65.000000000000	0.00000000000000
32.389999389648	-0.020613759756088	-0.10619230568409	65.000000000000	0.00000000000000
32.400001525879	-0.020470127463341	-0.10449212789536	65.000000000000	0.00000000000000
32.409999847412	-0.020320493727922	-0.10279359668493	65.000000000000	0.00000000000000
32.419998168945	-0.020164869725704	-0.10109674930573	65.000000000000	0.00000000000000
32.430000305176	-0.020003300160170	-0.099401615560055	65.000000000000	0.00000000000000
32.439998626709	-0.019835747778416	-0.097708217799664	65.000000000000	0.00000000000000
32.450000762939	-0.019662266597152	-0.096016585826874	65.000000000000	0.00000000000000
32.459999084473	-0.019482886418700	-0.094326771795750	65.000000000000	0.00000000000000
32.470001220703	-0.019297569990158	-0.092638768255711	65.000000000000	0.00000000000000
32.479999542236	-0.019106373190880	-0.090952634811401	65.000000000000	0.00000000000000
32.490001678467	-0.018909331411123	-0.089268378913403	65.000000000000	0.00000000000000
32.500000000000	-0.018706372007728	-0.087586052715778	65.000000000000	0.00000000000000
32.509998321533	-0.018497614189982	-0.085905663669109	65.000000000000	0.00000000000000
32.520000457764	-0.018283015117049	-0.084227256476879	65.000000000000	0.00000000000000
32.529998779297	-0.018062613904476	-0.082550853490829	65.000000000000	0.00000000000000
32.540000915527	-0.017836429178715	-0.080876491963863	65.000000000000	0.00000000000000
32.549999237061	-0.017604444175959	-0.079204186797142	65.000000000000	0.00000000000000
32.560001373291	-0.017366724088788	-0.077533975243568	65.000000000000	0.00000000000000
32.569999694824	-0.017123237252235	-0.075865879654884	65.000000000000	0.00000000000000
32.580001831055	-0.016874050721526	-0.074199937283993	65.000000000000	0.00000000000000
32.590000152588	-0.016619125381112	-0.072536177933216	65.000000000000	0.00000000000000
32.599998474121	-0.016358526423573	-0.070874609053135	65.000000000000	0.00000000000000
32.610000610352	-0.016092278063297	-0.069215275347233	65.000000000000	0.00000000000000
32.619998931885	-0.015820335596800	-0.067558206617832	65.000000000000	0.00000000000000
32.630001068115	-0.015542787499726	-0.065903417766094	65.000000000000	0.00000000000000
32.639999389648	-0.015259621664882	-0.064250946044922	65.000000000000	0.00000000000000
32.650001525879	-0.014970854856074	-0.062600813806057	65.000000000000	0.00000000000000
32.659999847412	-0.014676509425044	-0.060953050851822	65.000000000000	0.00000000000000
32.669998168945	-0.014376590028405	-0.059307683259249	65.000000000000	0.00000000000000
32.680000305176	-0.014071156270802	-0.057664729654789	65.000000000000	0.00000000000000
32.689998626709	-0.013760196976364	-0.056024231016636	65.000000000000	0.00000000000000
32.700000762939	-0.013443729840219	-0.054386202245951	65.000000000000	0.00000000000000
32.709999084473	-0.013121786527336	-0.052750673145056	65.000000000000	0.00000000000000
32.720001220703	-0.012794366106391	-0.051117669790983	65.000000000000	0.00000000000000
32.729999542236	-0.012461530044675	-0.049487214535475	65.000000000000	0.00000000000000
32.740001678467	-0.012123250402510	-0.047859340906143	65.000000000000	0.00000000000000
32.750000000000	-0.011779587715864	-0.046234060078859	65.000000000000	0.00000000000000
32.759998321533	-0.011430524289608	-0.044611413031816	65.000000000000	0.00000000000000
32.770000457764	-0.011076128110290	-0.042991418391466	65.000000000000	0.00000000000000
32.779998779297	-0.010716375894845	-0.041374098509550	65.000000000000	0.00000000000000
32.790000915527	-0.010351313278079	-0.039759475737810	65.000000000000	0.00000000000000
32.799999237061	-0.0099809505045414	-0.038147579878569	65.000000000000	0.00000000000000
32.810001373291	-0.0096053117886186	-0.036538429558277	65.000000000000	0.00000000000000
32.819999694824	-0.0092244306579232	-0.034932050853968	65.000000000000	0.00000000000000
32.830001831055	-0.0088383117690682	-0.033328473567963	65.000000000000	0.00000000000000
32.840000152588	-0.0084469811990857	-0.031727716326714	65.000000000000	0.00000000000000
32.849998474121	-0.0080504640936852	-0.030129799619317	65.000000000000	0.00000000000000
32.860000610352	-0.0076487888582051	-0.028534753248096	65.000000000000	0.00000000000000
32.869998931885	-0.0072419643402100	-0.026942593976855	65.000000000000	0.00000000000000
32.880001068115	-0.0068300142884254	-0.025353346019983	65.000000000000	0.00000000000000
32.889999389648	-0.0064129745587707	-0.023767031729221	65.000000000000	0.00000000000000
32.900001525879	-0.0059908498078585	-0.022183673456311	65.000000000000	0.00000000000000
32.909999847412	-0.0055636786855757	-0.020603295415640	65.000000000000	0.00000000000000
32.919998168945	-0.0051314779557288	-0.019025918096304	65.000000000000	0.00000000000000
32.930000305176	-0.0046942653134465	-0.017451561987400	65.000000000000	0.00000000000000
32.939998626709	-0.0042520700953901	-0.015880251303315	65.000000000000	0.00000000000000
32.950000762939	-0.0038049134891480	-0.014312006533146	65.000000000000	0.00000000000000
32.959999084473	-0.0033528199419379	-0.012746846303344	65.000000000000	0.00000000000000
32.970001220703	-0.0028958092443645	-0.011184793896973	65.000000000000	0.00000000000000
32.979999542236	-0.0024339093361050	-0.0096258698031306	65.000000000000	0.00000000000000
32.990001678467	-0.0019671437330544	-0.0080700926482677	65.000000000000	0.00000000000000
33.000000000000	-0.0014955333899707	-0.0065174847841263	65.000000000000	0.00000000000000
33.009998321533	-0.0010191035689786	-0.0049680643714964	65.000000000000	0.00000000000000
33.020000457764	-0.00053787906654179	-0.0034218518994749	65.000000000000	0.00000000000000
33.029998779297	-5.1883165724576e-05	-0.0018788672750816	65.000000000000	0.00000000000000
33.040000915527	0.00043886021012440	-0.00033912959042937	65.000000000000	0.00000000000000
33.049999237061	0.00093432655557990	0.0011973420623690	65.000000000000	0.00000000000000
33.060001373291	0.0014344918308780	0.0027305288240314	65.000000000000	0.00000000000000
33.069999694824	0.0019393302500248	0.0042604119516909	65.000000000000	0.00000000000000
33.080001831055	0.0024488188792020	0.0057869735173881	65.000000000000	0.00000000000000
33.090000152588	0.0029629326891154	0.0073101944290102	65.000000000000	0.00000000000000
33.099998474121	0.0034816463012248	0.0088300565257668	65.000000000000	0.00000000000000
33.110000610352	0.0040049343369901	0.010346543043852	65.000000000000	0.00000000000000
33.119998931885	0.0045327735133469	0.011859635822475	65.000000000000	0.00000000000000
33.130001068115	0.0050651379860938	0.013369317166507	65.000000000000	0.00000000000000
33.139999389648	0.0056020058691502	0.014875571243465	65.000000000000	0.00000000000000
33.150001525879	0.0061433422379196	0.016378382220864	65.000000000000	0.00000000000000
33.159999847412	0.0066891354508698	0.017877725884318	65.000000000000	0.00000000000000
33.169998168945	0.0072393533773720	0.019373595714569	65.000000000000	0.00000000000000
33.180000305176	0.0077939610928297	0.020865971222520	65.000000000000	0.00000000000000
33.189998626709	0.0083529548719525	0.022354833781719	65.000000000000	0.00000000000000
33.200000762939	0.0089162932708859	0.023840170353651	65.000000000000	0.00000000000000
33.209999084473	0.0094839539378881	0.025321969762444	65.000000000000	0.00000000000000
33.220001220703	0.010055918246508	0.026800207793713	65.000000000000	0.00000000000000
33.229999542236	0.010632148012519	0.028274873271585	65.000000000000	0.00000000000000
33.240001678467	0.011212619952857	0.029745955020189	65.000000000000	0.00000000000000
33.250000000000	0.011797322891653	0.031213432550430	65.000000000000	0.00000000000000
33.259998321533	0.012386210262775	0.032677296549082	65.000000000000	0.00000000000000
33.270000457764	0.012979271821678	0.034137528389692	65.000000000000	0.00000000000000
33.279998779297	0.013576479628682	0.035594116896391	65.000000000000	0.00000000000000
33.290000915527	0.014177802018821	0.037047047168016	65.000000000000	0.00000000000000
33.299999237061	0.014783222228289	0.038496304303408	65.000000000000	0.00000000000000
33.310001373291	0.015392702072859	0.039941877126694	65.000000000000	0.00000000000000
33.319999694824	0.016006212681532	0.041383758187294	65.000000000000	0.00000000000000
33.330001831055	0.016623754054308	0.042821921408176	65.000000000000	0.00000000000000
33.340000152588	0.017245266586542	0.044256363064051	65.000000000000	0.00000000000000
33.349998474121	0.017870752140880	0.045687071979046	65.000000000000	0.00000000000000
33.360000610352	0.018500171601772	0.047114029526711	65.000000000000	0.00000000000000
33.369998931885	0.019133491441607	0.048537231981754	65.000000000000	0.00000000000000
33.380001068115	0.019770704209805	0.049956660717726	65.000000000000	0.00000000000000
33.389999389648	0.020411774516106	0.051372308284044	65.000000000000	0.00000000000000
33.400001525879	0.021056666970253	0.052784159779549	65.000000000000	0.00000000000000
33.409999847412	0.021705368533731	0.054192211478949	65.000000000000	0.00000000000000
33.419998168945	0.022357845678926	0.055596437305212	65.000000000000	0.00000000000000
33.430000305176	0.023014081642032	0.056996848434210	65.000000000000	0.00000000000000
33.439998626709	0.023674057796597	0.058393415063620	65.000000000000	0.00000000000000
33.450000762939	0.024337708950043	0.059786137193441	65.000000000000	0.00000000000000
33.459999084473	0.025005025789142	0.061174999922514	65.000000000000	0.00000000000000
33.470001220703	0.025676026940346	0.062560006976128	65.000000000000	0.00000000000000
33.479999542236	0.026350630447268	0.063941128551960	65.000000000000	0.00000000000000
33.490001678467	0.027028813958168	0.065318360924721	65.000000000000	0.00000000000000
33.500000000000	0.027710588648915	0.066691711544991	65.000000000000	0.00000000000000
33.509998321533	0.028395894914865	0.068061150610447	65.000000000000	0.00000000000000
33.520000457764	0.029084730893373	0.069426678121090	65.000000000000	0.00000000000000
33.529998779297	0.029777038842440	0.070788294076920	65.000000000000	0.00000000000000
33.540000915527	0.030472846701741	0.072145976126194	65.000000000000	0.00000000000000
33.549999237061	0.031172048300505	0.073499724268913	65.000000000000	0.00000000000000
33.560001373291	0.031874697655439	0.074849531054497	65.000000000000	0.00000000000000
33.569999694824	0.032580729573965	0.076195381581783	65.000000000000	0.00000000000000
33.580001831055	0.033290091902018	0.077537275850773	65.000000000000	0.00000000000000
33.590000152588	0.034002825617790	0.078875206410885	65.000000000000	0.00000000000000
33.599998474121	0.034718856215477	0.080209165811539	65.000000000000	0.00000000000000
33.610000610352	0.035438165068626	0.081539139151573	65.000000000000	0.00000000000000
33.619998931885	0.036160748451948	0.082865141332150	65.000000000000	0.00000000000000
33.630001068115	0.036886550486088	0.084187142550945	65.000000000000	0.00000000000000
33.639999389648	0.037615563720465	0.085505142807961	65.000000000000	0.00000000000000
33.650001525879	0.038347743451595	0.086819149553776	65.000000000000	0.00000000000000
33.659999847412	0.039083104580641	0.088129140436649	65.000000000000	0.00000000000000
33.669998168945	0.039821576327085	0.089435115456581	65.000000000000	0.00000000000000
33.680000305176	0.040563169866800	0.090737082064152	65.000000000000	0.00000000000000
33.689998626709	0.041307825595140	0.092035017907619	65.000000000000	0.00000000000000
33.700000762939	0.042055528610945	0.093328930437565	65.000000000000	0.00000000000000
33.709999084473	0.042806282639503	0.094618797302246	65.000000000000	0.00000000000000
33.720001220703	0.043560028076172	0.095904633402824	65.000000000000	0.00000000000000
33.729999542236	0.044316731393337	0.097186431288719	65.000000000000	0.00000000000000
33.740001678467	0.045076418668032	0.098464176058769	65.000000000000	0.00000000000000
33.750000000000	0.045839026570320	0.099737875163555	65.000000000000	0.00000000000000
33.759998321533	0.046604540199041	0.10100751370192	65.000000000000	0.00000000000000
33.770000457764	0.047372937202454	0.10227309912443	65.000000000000	0.00000000000000
33.779998779297	0.048144161701202	0.10353462398052	65.000000000000	0.00000000000000
33.790000915527	0.048918236047029	0.10479209572077	65.000000000000	0.00000000000000
33.799999237061	0.049695096910000	0.10604549199343	65.000000000000	0.00000000000000
33.810001373291	0.050474721938372	0.10729482024908	65.000000000000	0.00000000000000
33.819999694824	0.051257148385048	0.10854008048773	65.000000000000	0.00000000000000
33.830001831055	0.052042279392481	0.10978126525879	65.000000000000	0.00000000000000
33.840000152588	0.052830126136541	0.11101836711168	65.000000000000	0.00000000000000
33.849998474121	0.053620632737875	0.11225140094757	65.000000000000	0.00000000000000
33.860000610352	0.054413843899965	0.11348035186529	65.000000000000	0.00000000000000
33.869998931885	0.055209655314684	0.11470521986485	65.000000000000	0.00000000000000
33.880001068115	0.056008044630289	0.11592599749565	65.000000000000	0.00000000000000
33.889999389648	0.056809060275555	0.11714270710945	65.000000000000	0.00000000000000
33.900001525879	0.057612646371126	0.11835531890392	65.000000000000	0.00000000000000
33.909999847412	0.058418758213520	0.11956387013197	65.000000000000	0.00000000000000
33.919998168945	0.059227395802736	0.12076831609011	65.000000000000	0.00000000000000
33.930000305176	0.060038521885872	0.12196865677834	65.000000000000	0.00000000000000
33.939998626709	0.060852084308863	0.12316493690014	65.000000000000	0.00000000000000
33.950000762939	0.061668127775192	0.12435711920261	65.000000000000	0.00000000000000
33.959999084473	0.062486585229635	0.12554521858692	65.000000000000	0.00000000000000
33.970001220703	0.063307426869869	0.12672922015190	65.000000000000	0.00000000000000
33.979999542236	0.064130648970604	0.12790913879871	65.000000000000	0.00000000000000
33.990001678467	0.064956255257130	0.12908497452736	65.000000000000	0.00000000000000
34.000000000000	0.065784156322479	0.13025671243668	65.000000000000	0.00000000000000
34.009998321533	0.066614404320717	0.13142436742783	65.000000000000	0.00000000000000
34.020000457764	0.067446894943714	0.13258795440197	65.000000000000	0.00000000000000
34.029998779297	0.068281672894955	0.13374744355679	65.000000000000	0.00000000000000
34.040000915527	0.069118656218052	0.13490284979343	65.000000000000	0.00000000000000
34.049999237061	0.069957889616489	0.13605417311192	65.000000000000	0.00000000000000
34.060001373291	0.070799350738525	0.13720141351223	65.000000000000	0.00000000000000
34.069999694824	0.071642935276031	0.13834457099438	65.000000000000	0.00000000000000
34.080001831055	0.072488702833652	0.13948366045952	65.000000000000	0.00000000000000
34.090000152588	0.073336616158485	0.14061865210533	65.000000000000	0.00000000000000
34.099998474121	0.074186615645885	0.14174957573414	65.000000000000	0.00000000000000
34.110000610352	0.075038686394691	0.14287644624710	65.000000000000	0.00000000000000
34.119998931885	0.075892865657806	0.14399921894073	65.000000000000	0.00000000000000
34.130001068115	0.076749041676521	0.14511795341969	65.000000000000	0.00000000000000
34.139999389648	0.077607296407223	0.14623260498047	65.000000000000	0.00000000000000
34.150001525879	0.078467510640621	0.14734318852425	65.000000000000	0.00000000000000
34.159999847412	0.079329758882523	0.14844971895218	65.000000000000	0.00000000000000
34.169998168945	0.080193959176540	0.14955218136311	65.000000000000	0.00000000000000
34.180000305176	0.081060089170933	0.15065060555935	65.000000000000	0.00000000000000
34.189998626709	0.081928133964539	0.15174496173859	65.000000000000	0.00000000000000
34.200000762939	0.082798063755035	0.15283527970314	65.000000000000	0.00000000000000
34.209999084473	0.083669945597649	0.15392152965069	65.000000000000	0.00000000000000
34.220001220703	0.084543600678444	0.15500374138355	65.000000000000	0.00000000000000
34.229999542236	0.085419252514839	0.15608190000057	65.000000000000	0.00000000000000
34.240001678467	0.086296580731869	0.15715608000755	65.000000000000	0.00000000000000
34.250000000000	0.087175764143467	0.15822617709637	65.000000000000	0.00000000000000
34.259998321533	0.088056728243828	0.15929225087166	65.000000000000	0.00000000000000
34.270000457764	0.088939458131790	0.16035431623459	65.000000000000	0.00000000000000
34.279998779297	0.089823998510838	0.16141228377819	65.000000000000	0.00000000000000
34.290000915527	0.090710185468197	0.16246630251408	65.000000000000	0.00000000000000
34.299999237061	0.091598004102707	0.16351635754108	65.000000000000	0.00000000000000
34.310001373291	0.092487663030624	0.16456229984760	65.000000000000	0.00000000000000
34.319999694824	0.093378990888596	0.16560423374176	65.000000000000	0.00000000000000
34.330001831055	0.094271890819073	0.16664221882820	65.000000000000	0.00000000000000
34.340000152588	0.095166422426701	0.16767619550228	65.000000000000	0.00000000000000
34.349998474121	0.096062645316124	0.16870616376400	65.000000000000	0.00000000000000
34.360000610352	0.096960462629795	0.16973210871220	65.000000000000	0.00000000000000
34.369998931885	0.097859859466553	0.17075407505035	65.000000000000	0.00000000000000
34.380001068115	0.098760813474655	0.17177206277847	65.000000000000	0.00000000000000
34.389999389648	0.099663317203522	0.17278607189655	65.000000000000	0.00000000000000
34.400001525879	0.10056725144386	0.17379617691040	65.000000000000	0.00000000000000
34.409999847412	0.10147278755903	0.17480224370956	65.000000000000	0.00000000000000
34.419998168945	0.10237980633974	0.17580436170101	65.000000000000	0.00000000000000
34.430000305176	0.10328836739063	0.17680247128010	65.000000000000	0.00000000000000
34.439998626709	0.10419832170010	0.17779667675495	65.000000000000	0.00000000000000
34.450000762939	0.10510969907045	0.17878691852093	65.000000000000	0.00000000000000
34.459999084473	0.10602248460054	0.17977324128151	65.000000000000	0.00000000000000
34.470001220703	0.10693678259850	0.18075557053089	65.000000000000	0.00000000000000
34.479999542236	0.10785245895386	0.18173395097256	65.000000000000	0.00000000000000
34.490001678467	0.10876940935850	0.18270845711231	65.000000000000	0.00000000000000
34.500000000000	0.10968788713217	0.18367893993855	65.000000000000	0.00000000000000
34.509998321533	0.11060760915279	0.18464556336403	65.000000000000	0.00000000000000
34.520000457764	0.11152865737677	0.18560828268528	65.000000000000	0.00000000000000
34.529998779297	0.11245109140873	0.18656702339649	65.000000000000	0.00000000000000
34.540000915527	0.11337472498417	0.18752193450928	65.000000000000	0.00000000000000
34.549999237061	0.11429980397224	0.18847283720970	65.000000000000	0.00000000000000
34.560001373291	0.11522595584393	0.18941995501518	65.000000000000	0.00000000000000
34.569999694824	0.11615342646837	0.19036313891411	65.000000000000	0.00000000000000
34.580001831055	0.11708220839500	0.19130238890648	65.000000000000	0.00000000000000
34.590000152588	0.11801219731569	0.19223774969578	65.000000000000	0.00000000000000
34.599998474121	0.11894327402115	0.19316932559013	65.000000000000	0.00000000000000
34.610000610352	0.11987560987473	0.19409695267677	65.000000000000	0.00000000000000
34.619998931885	0.12080918997526	0.19502069056034	65.000000000000	0.00000000000000
34.630001068115	0.12174402177334	0.19594050943851	65.000000000000	0.00000000000000
34.639999389648	0.12267985939980	0.19685654342175	65.000000000000	0.00000000000000
34.650001525879	0.12361682206392	0.19776874780655	65.000000000000	0.00000000000000
34.659999847412	0.12455504387617	0.19867700338364	65.000000000000	0.00000000000000
34.669998168945	0.12549416720867	0.19958151876926	65.000000000000	0.00000000000000
34.680000305176	0.12643453478813	0.20048210024834	65.000000000000	0.00000000000000
34.689998626709	0.12737593054771	0.20137888193130	65.000000000000	0.00000000000000
34.700000762939	0.12831838428974	0.20227181911469	65.000000000000	0.00000000000000
34.709999084473	0.12926192581654	0.20316094160080	65.000000000000	0.00000000000000
34.720001220703	0.13020651042461	0.20404621958733	65.000000000000	0.00000000000000
34.729999542236	0.13115212321281	0.20492765307426	65.000000000000	0.00000000000000
34.740001678467	0.13209876418114	0.20580531656742	65.000000000000	0.00000000000000
34.750000000000	0.13304640352726	0.20667913556099	65.000000000000	0.00000000000000
34.759998321533	0.13399496674538	0.20754915475845	65.000000000000	0.00000000000000
34.770000457764	0.13494457304478	0.20841537415981	65.000000000000	0.00000000000000
34.779998779297	0.13589516282082	0.20927779376507	65.000000000000	0.00000000000000
34.790000915527	0.13684663176537	0.21013639867306	65.000000000000	0.00000000000000
34.799999237061	0.13779909908772	0.21099121868610	65.000000000000	0.00000000000000
34.810001373291	0.13875241577625	0.21184226870537	65.000000000000	0.00000000000000
34.819999694824	0.13970673084259	0.21268950402737	65.000000000000	0.00000000000000
34.830001831055	0.14066188037395	0.21353299915791	65.000000000000	0.00000000000000
34.840000152588	0.14161795377731	0.21437267959118	65.000000000000	0.00000000000000
34.849998474121	0.14257489144802	0.21520860493183	65.000000000000	0.00000000000000
34.860000610352	0.14353270828724	0.21604074537754	65.000000000000	0.00000000000000
34.869998931885	0.14449132978916	0.21686914563179	65.000000000000	0.00000000000000
34.880001068115	0.14545080065727	0.21769379079342	65.000000000000	0.00000000000000
34.889999389648	0.14641109108925	0.21851466596127	65.000000000000	0.00000000000000
34.900001525879	0.14737223088741	0.21933177113533	65.000000000000	0.00000000000000
34.909999847412	0.14833416044712	0.22014513611794	65.000000000000	0.00000000000000
34.919998168945	0.14929683506489	0.22095477581024	65.000000000000	0.00000000000000
34.930000305176	0.15026034414768	0.22176064550877	65.000000000000	0.00000000000000
34.939998626709	0.15122462809086	0.22256278991699	65.000000000000	0.00000000000000
34.950000762939	0.15218962728977	0.22336120903492	65.000000000000	0.00000000000000
34.959999084473	0.15315537154675	0.22415587306023	65.000000000000	0.00000000000000
34.970001220703	0.15412183105946	0.22494681179523	65.000000000000	0.00000000000000
34.979999542236	0.15508902072906	0.22573402523994	65.000000000000	0.00000000000000
34.990001678467	0.15605695545673	0.22651751339436	65.000000000000	0.00000000000000
35.000000000000	0.15702548623085	0.22729730606079	65.000000000000	0.00000000000000
