#Parameters = {d=0.21118090452261; l2=4.2236180904523; lambda=8.4472361809045; r=0.028458738693467}
#"Frequency / GHz"	"S1,1 (lambda=8.44724) [Re]"	"S1,1 (lambda=8.44724) [Im]"	"Ref.Imp. [Re]"	"Ref.Imp. [Im]"
#-----------------------------------------------------------------------------------------------------------
25.000000000000	0.60769027471542	-0.60898983478546	65.000000000000	0.00000000000000
25.010000228882	0.60674065351486	-0.60928118228912	65.000000000000	0.00000000000000
25.020000457764	0.60578858852386	-0.60957109928131	65.000000000000	0.00000000000000
25.030000686646	0.60483419895172	-0.60985940694809	65.000000000000	0.00000000000000
25.040000915527	0.60387718677521	-0.61014628410339	65.000000000000	0.00000000000000
25.049999237061	0.60291773080826	-0.61043167114258	65.000000000000	0.00000000000000
25.059999465942	0.60195600986481	-0.61071544885635	65.000000000000	0.00000000000000
25.069999694824	0.60099142789841	-0.61099767684937	65.000000000000	0.00000000000000
25.079999923706	0.60002470016479	-0.61127829551697	65.000000000000	0.00000000000000
25.090000152588	0.59905540943146	-0.61155730485916	65.000000000000	0.00000000000000
25.100000381470	0.59808355569839	-0.61183470487595	65.000000000000	0.00000000000000
25.110000610352	0.59710949659348	-0.61211055517197	65.000000000000	0.00000000000000
25.120000839233	0.59613275527954	-0.61238473653793	65.000000000000	0.00000000000000
25.129999160767	0.59515357017517	-0.61265718936920	65.000000000000	0.00000000000000
25.139999389648	0.59417212009430	-0.61292809247971	65.000000000000	0.00000000000000
25.149999618530	0.59318804740906	-0.61319726705551	65.000000000000	0.00000000000000
25.159999847412	0.59220165014267	-0.61346471309662	65.000000000000	0.00000000000000
25.170000076294	0.59121280908585	-0.61373049020767	65.000000000000	0.00000000000000
25.180000305176	0.59022152423859	-0.61399453878403	65.000000000000	0.00000000000000
25.190000534058	0.58922779560089	-0.61425679922104	65.000000000000	0.00000000000000
25.200000762939	0.58823156356812	-0.61451733112335	65.000000000000	0.00000000000000
25.209999084473	0.58723312616348	-0.61477607488632	65.000000000000	0.00000000000000
25.219999313354	0.58623200654984	-0.61503309011459	65.000000000000	0.00000000000000
25.229999542236	0.58522868156433	-0.61528825759888	65.000000000000	0.00000000000000
25.239999771118	0.58422291278839	-0.61554169654846	65.000000000000	0.00000000000000
25.250000000000	0.58321481943130	-0.61579322814941	65.000000000000	0.00000000000000
25.260000228882	0.58220410346985	-0.61604297161102	65.000000000000	0.00000000000000
25.270000457764	0.58119124174118	-0.61629086732864	65.000000000000	0.00000000000000
25.280000686646	0.58017587661743	-0.61653691530228	65.000000000000	0.00000000000000
25.290000915527	0.57915800809860	-0.61678099632263	65.000000000000	0.00000000000000
25.299999237061	0.57813805341721	-0.61702334880829	65.000000000000	0.00000000000000
25.309999465942	0.57711541652679	-0.61726367473602	65.000000000000	0.00000000000000
25.319999694824	0.57609069347382	-0.61750209331512	65.000000000000	0.00000000000000
25.329999923706	0.57506340742111	-0.61773866415024	65.000000000000	0.00000000000000
25.340000152588	0.57403373718262	-0.61797320842743	65.000000000000	0.00000000000000
25.350000381470	0.57300174236298	-0.61820584535599	65.000000000000	0.00000000000000
25.360000610352	0.57196760177612	-0.61843657493591	65.000000000000	0.00000000000000
25.370000839233	0.57093089818954	-0.61866527795792	65.000000000000	0.00000000000000
25.379999160767	0.56989187002182	-0.61889195442200	65.000000000000	0.00000000000000
25.389999389648	0.56885057687759	-0.61911672353745	65.000000000000	0.00000000000000
25.399999618530	0.56780695915222	-0.61933940649033	65.000000000000	0.00000000000000
25.409999847412	0.56676083803177	-0.61956036090851	65.000000000000	0.00000000000000
25.420000076294	0.56571280956268	-0.61977875232697	65.000000000000	0.00000000000000
25.430000305176	0.56466209888458	-0.61999535560608	65.000000000000	0.00000000000000
25.440000534058	0.56360936164856	-0.62020975351334	65.000000000000	0.00000000000000
25.450000762939	0.56255388259888	-0.62042236328125	65.000000000000	0.00000000000000
25.459999084473	0.56149643659592	-0.62063270807266	65.000000000000	0.00000000000000
25.469999313354	0.56043630838394	-0.62084120512009	65.000000000000	0.00000000000000
25.479999542236	0.55937439203262	-0.62104713916779	65.000000000000	0.00000000000000
25.489999771118	0.55830991268158	-0.62125128507614	65.000000000000	0.00000000000000
25.500000000000	0.55724328756332	-0.62145316600800	65.000000000000	0.00000000000000
25.510000228882	0.55617415904999	-0.62165307998657	65.000000000000	0.00000000000000
25.520000457764	0.55510288476944	-0.62185072898865	65.000000000000	0.00000000000000
25.530000686646	0.55402904748917	-0.62204641103745	65.000000000000	0.00000000000000
25.540000915527	0.55295312404633	-0.62223970890045	65.000000000000	0.00000000000000
25.549999237061	0.55187529325485	-0.62243062257767	65.000000000000	0.00000000000000
25.559999465942	0.55079478025436	-0.62261974811554	65.000000000000	0.00000000000000
25.569999694824	0.54971224069595	-0.62280631065369	65.000000000000	0.00000000000000
25.579999923706	0.54862713813782	-0.62299102544785	65.000000000000	0.00000000000000
25.590000152588	0.54754006862640	-0.62317329645157	65.000000000000	0.00000000000000
25.600000381470	0.54645067453384	-0.62335330247879	65.000000000000	0.00000000000000
25.610000610352	0.54535901546478	-0.62353110313416	65.000000000000	0.00000000000000
25.620000839233	0.54426538944244	-0.62370645999908	65.000000000000	0.00000000000000
25.629999160767	0.54316943883896	-0.62387955188751	65.000000000000	0.00000000000000
25.639999389648	0.54207068681717	-0.62405097484589	65.000000000000	0.00000000000000
25.649999618530	0.54097050428391	-0.62421929836273	65.000000000000	0.00000000000000
25.659999847412	0.53986746072769	-0.62438583374023	65.000000000000	0.00000000000000
25.670000076294	0.53876280784607	-0.62454962730408	65.000000000000	0.00000000000000
25.680000305176	0.53765565156937	-0.62471145391464	65.000000000000	0.00000000000000
25.690000534058	0.53654646873474	-0.62487059831619	65.000000000000	0.00000000000000
25.700000762939	0.53543478250504	-0.62502777576447	65.000000000000	0.00000000000000
25.709999084473	0.53432083129883	-0.62518250942230	65.000000000000	0.00000000000000
25.719999313354	0.53320497274399	-0.62533468008041	65.000000000000	0.00000000000000
25.729999542236	0.53208661079407	-0.62548482418060	65.000000000000	0.00000000000000
25.739999771118	0.53096628189087	-0.62563222646713	65.000000000000	0.00000000000000
25.750000000000	0.52984410524368	-0.62577706575394	65.000000000000	0.00000000000000
25.760000228882	0.52871912717819	-0.62591999769211	65.000000000000	0.00000000000000
25.770000457764	0.52759253978729	-0.62606006860733	65.000000000000	0.00000000000000
25.780000686646	0.52646344900131	-0.62619793415070	65.000000000000	0.00000000000000
25.790000915527	0.52533215284348	-0.62633323669434	65.000000000000	0.00000000000000
25.799999237061	0.52419883012772	-0.62646609544754	65.000000000000	0.00000000000000
25.809999465942	0.52306342124939	-0.62659657001495	65.000000000000	0.00000000000000
25.819999694824	0.52192574739456	-0.62672454118729	65.000000000000	0.00000000000000
25.829999923706	0.52078592777252	-0.62684994935989	65.000000000000	0.00000000000000
25.840000152588	0.51964408159256	-0.62697285413742	65.000000000000	0.00000000000000
25.850000381470	0.51849997043610	-0.62709337472916	65.000000000000	0.00000000000000
25.860000610352	0.51735371351242	-0.62721121311188	65.000000000000	0.00000000000000
25.870000839233	0.51620548963547	-0.62732660770416	65.000000000000	0.00000000000000
25.879999160767	0.51505500078201	-0.62743937969208	65.000000000000	0.00000000000000
25.889999389648	0.51390242576599	-0.62754964828491	65.000000000000	0.00000000000000
25.899999618530	0.51274776458740	-0.62765729427338	65.000000000000	0.00000000000000
25.909999847412	0.51159083843231	-0.62776243686676	65.000000000000	0.00000000000000
25.920000076294	0.51043200492859	-0.62786489725113	65.000000000000	0.00000000000000
25.930000305176	0.50927102565765	-0.62796479463577	65.000000000000	0.00000000000000
25.940000534058	0.50810784101486	-0.62806212902069	65.000000000000	0.00000000000000
25.950000762939	0.50694251060486	-0.62815678119659	65.000000000000	0.00000000000000
25.959999084473	0.50577527284622	-0.62824875116348	65.000000000000	0.00000000000000
25.969999313354	0.50460594892502	-0.62833815813065	65.000000000000	0.00000000000000
25.979999542236	0.50343441963196	-0.62842488288879	65.000000000000	0.00000000000000
25.989999771118	0.50226080417633	-0.62850892543793	65.000000000000	0.00000000000000
26.000000000000	0.50108516216278	-0.62859028577805	65.000000000000	0.00000000000000
26.010000228882	0.49990743398666	-0.62866890430450	65.000000000000	0.00000000000000
26.020000457764	0.49872770905495	-0.62874484062195	65.000000000000	0.00000000000000
26.030000686646	0.49754574894905	-0.62881809473038	65.000000000000	0.00000000000000
26.040000915527	0.49636194109917	-0.62888866662979	65.000000000000	0.00000000000000
26.049999237061	0.49517595767975	-0.62895637750626	65.000000000000	0.00000000000000
26.059999465942	0.49398791790009	-0.62902140617371	65.000000000000	0.00000000000000
26.069999694824	0.49279770255089	-0.62908363342285	65.000000000000	0.00000000000000
26.079999923706	0.49160552024841	-0.62914317846298	65.000000000000	0.00000000000000
26.090000152588	0.49041149020195	-0.62919980287552	65.000000000000	0.00000000000000
26.100000381470	0.48921516537666	-0.62925368547440	65.000000000000	0.00000000000000
26.110000610352	0.48801693320274	-0.62930470705032	65.000000000000	0.00000000000000
26.120000839233	0.48681664466858	-0.62935298681259	65.000000000000	0.00000000000000
26.129999160767	0.48561432957649	-0.62939840555191	65.000000000000	0.00000000000000
26.139999389648	0.48440995812416	-0.62944096326828	65.000000000000	0.00000000000000
26.149999618530	0.48320358991623	-0.62948065996170	65.000000000000	0.00000000000000
26.159999847412	0.48199525475502	-0.62951749563217	65.000000000000	0.00000000000000
26.170000076294	0.48078486323357	-0.62955141067505	65.000000000000	0.00000000000000
26.180000305176	0.47957250475883	-0.62958252429962	65.000000000000	0.00000000000000
26.190000534058	0.47835808992386	-0.62961065769196	65.000000000000	0.00000000000000
26.200000762939	0.47714173793793	-0.62963587045670	65.000000000000	0.00000000000000
26.209999084473	0.47592332959175	-0.62965816259384	65.000000000000	0.00000000000000
26.219999313354	0.47470298409462	-0.62967741489410	65.000000000000	0.00000000000000
26.229999542236	0.47348058223724	-0.62969386577606	65.000000000000	0.00000000000000
26.239999771118	0.47225615382195	-0.62970727682114	65.000000000000	0.00000000000000
26.250000000000	0.47102999687195	-0.62971758842468	65.000000000000	0.00000000000000
26.260000228882	0.46980163455009	-0.62972503900528	65.000000000000	0.00000000000000
26.270000457764	0.46857139468193	-0.62972944974899	65.000000000000	0.00000000000000
26.280000686646	0.46733915805817	-0.62973082065582	65.000000000000	0.00000000000000
26.290000915527	0.46610489487648	-0.62972915172577	65.000000000000	0.00000000000000
26.299999237061	0.46486881375313	-0.62972444295883	65.000000000000	0.00000000000000
26.309999465942	0.46363070607185	-0.62971663475037	65.000000000000	0.00000000000000
26.319999694824	0.46239072084427	-0.62970578670502	65.000000000000	0.00000000000000
26.329999923706	0.46114867925644	-0.62969189882278	65.000000000000	0.00000000000000
26.340000152588	0.45990476012230	-0.62967479228973	65.000000000000	0.00000000000000
26.350000381470	0.45865890383720	-0.62965464591980	65.000000000000	0.00000000000000
26.360000610352	0.45741125941277	-0.62963140010834	65.000000000000	0.00000000000000
26.370000839233	0.45616143941879	-0.62960487604141	65.000000000000	0.00000000000000
26.379999160767	0.45490995049477	-0.62957531213760	65.000000000000	0.00000000000000
26.389999389648	0.45365643501282	-0.62954252958298	65.000000000000	0.00000000000000
26.399999618530	0.45240101218224	-0.62950664758682	65.000000000000	0.00000000000000
26.409999847412	0.45114368200302	-0.62946742773056	65.000000000000	0.00000000000000
26.420000076294	0.44988444447517	-0.62942510843277	65.000000000000	0.00000000000000
26.430000305176	0.44862329959869	-0.62937945127487	65.000000000000	0.00000000000000
26.440000534058	0.44736039638519	-0.62933063507080	65.000000000000	0.00000000000000
26.450000762939	0.44609549641609	-0.62927848100662	65.000000000000	0.00000000000000
26.459999084473	0.44482886791229	-0.62922316789627	65.000000000000	0.00000000000000
26.469999313354	0.44356021285057	-0.62916451692581	65.000000000000	0.00000000000000
26.479999542236	0.44228965044022	-0.62910246849060	65.000000000000	0.00000000000000
26.489999771118	0.44101747870445	-0.62903732061386	65.000000000000	0.00000000000000
26.500000000000	0.43974325060844	-0.62896871566772	65.000000000000	0.00000000000000
26.510000228882	0.43846720457077	-0.62889671325684	65.000000000000	0.00000000000000
26.520000457764	0.43718931078911	-0.62882149219513	65.000000000000	0.00000000000000
26.530000686646	0.43590962886810	-0.62874281406403	65.000000000000	0.00000000000000
26.540000915527	0.43462812900543	-0.62866073846817	65.000000000000	0.00000000000000
26.549999237061	0.43334472179413	-0.62857532501221	65.000000000000	0.00000000000000
26.559999465942	0.43205961585045	-0.62848639488220	65.000000000000	0.00000000000000
26.569999694824	0.43077260255814	-0.62839412689209	65.000000000000	0.00000000000000
26.579999923706	0.42948383092880	-0.62829840183258	65.000000000000	0.00000000000000
26.590000152588	0.42819344997406	-0.62819916009903	65.000000000000	0.00000000000000
26.600000381470	0.42690101265907	-0.62809652090073	65.000000000000	0.00000000000000
26.610000610352	0.42560696601868	-0.62799030542374	65.000000000000	0.00000000000000
26.620000839233	0.42431104183197	-0.62788063287735	65.000000000000	0.00000000000000
26.629999160767	0.42301338911057	-0.62776744365692	65.000000000000	0.00000000000000
26.639999389648	0.42171400785446	-0.62765073776245	65.000000000000	0.00000000000000
26.649999618530	0.42041283845901	-0.62753045558929	65.000000000000	0.00000000000000
26.659999847412	0.41910991072655	-0.62740653753281	65.000000000000	0.00000000000000
26.670000076294	0.41780531406403	-0.62727910280228	65.000000000000	0.00000000000000
26.680000305176	0.41649878025055	-0.62714809179306	65.000000000000	0.00000000000000
26.690000534058	0.41519066691399	-0.62701338529587	65.000000000000	0.00000000000000
26.700000762939	0.41388094425201	-0.62687510251999	65.000000000000	0.00000000000000
26.709999084473	0.41256943345070	-0.62673324346542	65.000000000000	0.00000000000000
26.719999313354	0.41125622391701	-0.62658762931824	65.000000000000	0.00000000000000
26.729999542236	0.40994131565094	-0.62643837928772	65.000000000000	0.00000000000000
26.739999771118	0.40862473845482	-0.62628537416458	65.000000000000	0.00000000000000
26.750000000000	0.40730646252632	-0.62612873315811	65.000000000000	0.00000000000000
26.760000228882	0.40598657727242	-0.62596827745438	65.000000000000	0.00000000000000
26.770000457764	0.40466496348381	-0.62580412626266	65.000000000000	0.00000000000000
26.780000686646	0.40334174036980	-0.62563621997833	65.000000000000	0.00000000000000
26.790000915527	0.40201684832573	-0.62546455860138	65.000000000000	0.00000000000000
26.799999237061	0.40069040656090	-0.62528908252716	65.000000000000	0.00000000000000
26.809999465942	0.39936220645905	-0.62510973215103	65.000000000000	0.00000000000000
26.819999694824	0.39803242683411	-0.62492668628693	65.000000000000	0.00000000000000
26.829999923706	0.39670124650002	-0.62473976612091	65.000000000000	0.00000000000000
26.840000152588	0.39536824822426	-0.62454891204834	65.000000000000	0.00000000000000
26.850000381470	0.39403378963470	-0.62435424327850	65.000000000000	0.00000000000000
26.860000610352	0.39269769191742	-0.62415564060211	65.000000000000	0.00000000000000
26.870000839233	0.39136013388634	-0.62395322322845	65.000000000000	0.00000000000000
26.879999160767	0.39002090692520	-0.62374681234360	65.000000000000	0.00000000000000
26.889999389648	0.38868018984795	-0.62353646755219	65.000000000000	0.00000000000000
26.899999618530	0.38733801245689	-0.62332218885422	65.000000000000	0.00000000000000
26.909999847412	0.38599419593811	-0.62310397624969	65.000000000000	0.00000000000000
26.920000076294	0.38464885950089	-0.62288171052933	65.000000000000	0.00000000000000
26.930000305176	0.38330200314522	-0.62265551090240	65.000000000000	0.00000000000000
26.940000534058	0.38195392489433	-0.62242519855499	65.000000000000	0.00000000000000
26.950000762939	0.38060411810875	-0.62219083309174	65.000000000000	0.00000000000000
26.959999084473	0.37925285100937	-0.62195247411728	65.000000000000	0.00000000000000
26.969999313354	0.37790021300316	-0.62171012163162	65.000000000000	0.00000000000000
26.979999542236	0.37654611468315	-0.62146353721619	65.000000000000	0.00000000000000
26.989999771118	0.37519052624702	-0.62121289968491	65.000000000000	0.00000000000000
27.000000000000	0.37383365631104	-0.62095820903778	65.000000000000	0.00000000000000
27.010000228882	0.37247532606125	-0.62069928646088	65.000000000000	0.00000000000000
27.020000457764	0.37111556529999	-0.62043619155884	65.000000000000	0.00000000000000
27.030000686646	0.36975443363190	-0.62016898393631	65.000000000000	0.00000000000000
27.040000915527	0.36839196085930	-0.61989754438400	65.000000000000	0.00000000000000
27.049999237061	0.36702802777290	-0.61962199211121	65.000000000000	0.00000000000000
27.059999465942	0.36566287279129	-0.61934214830399	65.000000000000	0.00000000000000
27.069999694824	0.36429631710052	-0.61905807256699	65.000000000000	0.00000000000000
27.079999923706	0.36292859911919	-0.61876970529556	65.000000000000	0.00000000000000
27.090000152588	0.36155939102173	-0.61847716569901	65.000000000000	0.00000000000000
27.100000381470	0.36018887162209	-0.61818021535873	65.000000000000	0.00000000000000
27.110000610352	0.35881730914116	-0.61787897348404	65.000000000000	0.00000000000000
27.120000839233	0.35744422674179	-0.61757349967957	65.000000000000	0.00000000000000
27.129999160767	0.35607013106346	-0.61726361513138	65.000000000000	0.00000000000000
27.139999389648	0.35469448566437	-0.61694943904877	65.000000000000	0.00000000000000
27.149999618530	0.35331791639328	-0.61663079261780	65.000000000000	0.00000000000000
27.159999847412	0.35194009542465	-0.61630779504776	65.000000000000	0.00000000000000
27.170000076294	0.35056102275848	-0.61598038673401	65.000000000000	0.00000000000000
27.180000305176	0.34918084740639	-0.61564856767654	65.000000000000	0.00000000000000
27.190000534058	0.34779924154282	-0.61531227827072	65.000000000000	0.00000000000000
27.200000762939	0.34641683101654	-0.61497157812119	65.000000000000	0.00000000000000
27.209999084473	0.34503310918808	-0.61462640762329	65.000000000000	0.00000000000000
27.219999313354	0.34364825487137	-0.61427664756775	65.000000000000	0.00000000000000
27.229999542236	0.34226244688034	-0.61392241716385	65.000000000000	0.00000000000000
27.239999771118	0.34087550640106	-0.61356377601624	65.000000000000	0.00000000000000
27.250000000000	0.33948731422424	-0.61320042610168	65.000000000000	0.00000000000000
27.260000228882	0.33809840679169	-0.61283254623413	65.000000000000	0.00000000000000
27.270000457764	0.33670812845230	-0.61246019601822	65.000000000000	0.00000000000000
27.280000686646	0.33531710505486	-0.61208319664001	65.000000000000	0.00000000000000
27.290000915527	0.33392503857613	-0.61170160770416	65.000000000000	0.00000000000000
27.299999237061	0.33253172039986	-0.61131542921066	65.000000000000	0.00000000000000
27.309999465942	0.33113765716553	-0.61092448234558	65.000000000000	0.00000000000000
27.319999694824	0.32974267005920	-0.61052900552750	65.000000000000	0.00000000000000
27.329999923706	0.32834672927856	-0.61012876033783	65.000000000000	0.00000000000000
27.340000152588	0.32694986462593	-0.60972392559052	65.000000000000	0.00000000000000
27.350000381470	0.32555204629898	-0.60931432247162	65.000000000000	0.00000000000000
27.360000610352	0.32415336370468	-0.60890001058578	65.000000000000	0.00000000000000
27.370000839233	0.32275393605232	-0.60848098993301	65.000000000000	0.00000000000000
27.379999160767	0.32135364413261	-0.60805720090866	65.000000000000	0.00000000000000
27.389999389648	0.31995236873627	-0.60762858390808	65.000000000000	0.00000000000000
27.399999618530	0.31855055689812	-0.60719519853592	65.000000000000	0.00000000000000
27.409999847412	0.31714764237404	-0.60675704479218	65.000000000000	0.00000000000000
27.420000076294	0.31574422121048	-0.60631406307220	65.000000000000	0.00000000000000
27.430000305176	0.31434005498886	-0.60586625337601	65.000000000000	0.00000000000000
27.440000534058	0.31293496489525	-0.60541361570358	65.000000000000	0.00000000000000
27.450000762939	0.31152930855751	-0.60495609045029	65.000000000000	0.00000000000000
27.459999084473	0.31012293696404	-0.60449367761612	65.000000000000	0.00000000000000
27.469999313354	0.30871585011482	-0.60402637720108	65.000000000000	0.00000000000000
27.479999542236	0.30730825662613	-0.60355418920517	65.000000000000	0.00000000000000
27.489999771118	0.30589985847473	-0.60307705402374	65.000000000000	0.00000000000000
27.500000000000	0.30449098348618	-0.60259497165680	65.000000000000	0.00000000000000
27.510000228882	0.30308148264885	-0.60210794210434	65.000000000000	0.00000000000000
27.520000457764	0.30167138576508	-0.60161596536636	65.000000000000	0.00000000000000
27.530000686646	0.30026069283485	-0.60111904144287	65.000000000000	0.00000000000000
27.540000915527	0.29884961247444	-0.60061705112457	65.000000000000	0.00000000000000
27.549999237061	0.29743799567223	-0.60011005401611	65.000000000000	0.00000000000000
27.559999465942	0.29602584242821	-0.59959799051285	65.000000000000	0.00000000000000
27.569999694824	0.29461321234703	-0.59908092021942	65.000000000000	0.00000000000000
27.579999923706	0.29320040345192	-0.59855884313583	65.000000000000	0.00000000000000
27.590000152588	0.29178681969643	-0.59803164005280	65.000000000000	0.00000000000000
27.600000381470	0.29037311673164	-0.59749937057495	65.000000000000	0.00000000000000
27.610000610352	0.28895884752274	-0.59696197509766	65.000000000000	0.00000000000000
27.620000839233	0.28754436969757	-0.59641951322556	65.000000000000	0.00000000000000
27.629999160767	0.28612962365150	-0.59587186574936	65.000000000000	0.00000000000000
27.639999389648	0.28471440076828	-0.59531909227371	65.000000000000	0.00000000000000
27.649999618530	0.28329899907112	-0.59476119279861	65.000000000000	0.00000000000000
27.659999847412	0.28188329935074	-0.59419810771942	65.000000000000	0.00000000000000
27.670000076294	0.28046745061874	-0.59362977743149	65.000000000000	0.00000000000000
27.680000305176	0.27905133366585	-0.59305632114410	65.000000000000	0.00000000000000
27.690000534058	0.27763500809669	-0.59247767925262	65.000000000000	0.00000000000000
27.700000762939	0.27621871232986	-0.59189373254776	65.000000000000	0.00000000000000
27.709999084473	0.27480211853981	-0.59130460023880	65.000000000000	0.00000000000000
27.719999313354	0.27338546514511	-0.59071022272110	65.000000000000	0.00000000000000
27.729999542236	0.27196866273880	-0.59011054039001	65.000000000000	0.00000000000000
27.739999771118	0.27055189013481	-0.58950561285019	65.000000000000	0.00000000000000
27.750000000000	0.26913490891457	-0.58889549970627	65.000000000000	0.00000000000000
27.760000228882	0.26771810650826	-0.58827996253967	65.000000000000	0.00000000000000
27.770000457764	0.26630121469498	-0.58765912055969	65.000000000000	0.00000000000000
27.780000686646	0.26488447189331	-0.58703303337097	65.000000000000	0.00000000000000
27.790000915527	0.26346769928932	-0.58640152215958	65.000000000000	0.00000000000000
27.799999237061	0.26205107569695	-0.58576470613480	65.000000000000	0.00000000000000
27.809999465942	0.26063448190689	-0.58512252569199	65.000000000000	0.00000000000000
27.819999694824	0.25921812653542	-0.58447504043579	65.000000000000	0.00000000000000
27.829999923706	0.25780180096626	-0.58382207155228	65.000000000000	0.00000000000000
27.840000152588	0.25638577342033	-0.58316373825073	65.000000000000	0.00000000000000
27.850000381470	0.25497016310692	-0.58250004053116	65.000000000000	0.00000000000000
27.860000610352	0.25355455279350	-0.58183091878891	65.000000000000	0.00000000000000
27.870000839233	0.25213927030563	-0.58115637302399	65.000000000000	0.00000000000000
27.879999160767	0.25072431564331	-0.58047640323639	65.000000000000	0.00000000000000
27.889999389648	0.24930976331234	-0.57979094982147	65.000000000000	0.00000000000000
27.899999618530	0.24789546430111	-0.57910013198853	65.000000000000	0.00000000000000
27.909999847412	0.24648140370846	-0.57840377092361	65.000000000000	0.00000000000000
27.920000076294	0.24506796896458	-0.57770192623138	65.000000000000	0.00000000000000
27.930000305176	0.24365484714508	-0.57699459791183	65.000000000000	0.00000000000000
27.940000534058	0.24224236607552	-0.57628184556961	65.000000000000	0.00000000000000
27.950000762939	0.24083025753498	-0.57556354999542	65.000000000000	0.00000000000000
27.959999084473	0.23941856622696	-0.57483977079391	65.000000000000	0.00000000000000
27.969999313354	0.23800756037235	-0.57411032915115	65.000000000000	0.00000000000000
27.979999542236	0.23659731447697	-0.57337552309036	65.000000000000	0.00000000000000
27.989999771118	0.23518739640713	-0.57263505458832	65.000000000000	0.00000000000000
28.000000000000	0.23377829790115	-0.57188916206360	65.000000000000	0.00000000000000
28.010000228882	0.23236954212189	-0.57113766670227	65.000000000000	0.00000000000000
28.020000457764	0.23096179962158	-0.57038056850433	65.000000000000	0.00000000000000
28.030000686646	0.22955462336540	-0.56961798667908	65.000000000000	0.00000000000000
28.040000915527	0.22814835608006	-0.56884974241257	65.000000000000	0.00000000000000
28.049999237061	0.22674272954464	-0.56807595491409	65.000000000000	0.00000000000000
28.059999465942	0.22533789277077	-0.56729656457901	65.000000000000	0.00000000000000
28.069999694824	0.22393432259560	-0.56651151180267	65.000000000000	0.00000000000000
28.079999923706	0.22253090143204	-0.56572103500366	65.000000000000	0.00000000000000
28.090000152588	0.22112877666950	-0.56492477655411	65.000000000000	0.00000000000000
28.100000381470	0.21972769498825	-0.56412285566330	65.000000000000	0.00000000000000
28.110000610352	0.21832741796970	-0.56331539154053	65.000000000000	0.00000000000000
28.120000839233	0.21692821383476	-0.56250226497650	65.000000000000	0.00000000000000
28.129999160767	0.21552990376949	-0.56168353557587	65.000000000000	0.00000000000000
28.139999389648	0.21413272619247	-0.56085914373398	65.000000000000	0.00000000000000
28.149999618530	0.21273645758629	-0.56002914905548	65.000000000000	0.00000000000000
28.159999847412	0.21134167909622	-0.55919337272644	65.000000000000	0.00000000000000
28.170000076294	0.20994757115841	-0.55835205316544	65.000000000000	0.00000000000000
28.180000305176	0.20855502784252	-0.55750501155853	65.000000000000	0.00000000000000
28.190000534058	0.20716321468353	-0.55665242671967	65.000000000000	0.00000000000000
28.200000762939	0.20577299594879	-0.55579406023026	65.000000000000	0.00000000000000
28.209999084473	0.20438408851624	-0.55492997169495	65.000000000000	0.00000000000000
28.219999313354	0.20299634337425	-0.55406028032303	65.000000000000	0.00000000000000
28.229999542236	0.20161019265652	-0.55318462848663	65.000000000000	0.00000000000000
28.239999771118	0.20022499561310	-0.55230367183685	65.000000000000	0.00000000000000
28.250000000000	0.19884149730206	-0.55141681432724	65.000000000000	0.00000000000000
28.260000228882	0.19745922088623	-0.55052429437637	65.000000000000	0.00000000000000
28.270000457764	0.19607843458652	-0.54962605237961	65.000000000000	0.00000000000000
28.280000686646	0.19469921290874	-0.54872220754623	65.000000000000	0.00000000000000
28.290000915527	0.19332128763199	-0.54781258106232	65.000000000000	0.00000000000000
28.299999237061	0.19194519519806	-0.54689723253250	65.000000000000	0.00000000000000
28.309999465942	0.19057048857212	-0.54597616195679	65.000000000000	0.00000000000000
28.319999694824	0.18919767439365	-0.54504930973053	65.000000000000	0.00000000000000
28.329999923706	0.18782630562782	-0.54411691427231	65.000000000000	0.00000000000000
28.340000152588	0.18645663559437	-0.54317867755890	65.000000000000	0.00000000000000
28.350000381470	0.18508842587471	-0.54223483800888	65.000000000000	0.00000000000000
28.360000610352	0.18372225761414	-0.54128521680832	65.000000000000	0.00000000000000
28.370000839233	0.18235787749290	-0.54032981395721	65.000000000000	0.00000000000000
28.379999160767	0.18099531531334	-0.53936868906021	65.000000000000	0.00000000000000
28.389999389648	0.17963461577892	-0.53840190172195	65.000000000000	0.00000000000000
28.399999618530	0.17827554047108	-0.53742939233780	65.000000000000	0.00000000000000
28.409999847412	0.17691859602928	-0.53645110130310	65.000000000000	0.00000000000000
28.420000076294	0.17556335031986	-0.53546714782715	65.000000000000	0.00000000000000
28.430000305176	0.17421035468578	-0.53447747230530	65.000000000000	0.00000000000000
28.440000534058	0.17285932600498	-0.53348207473755	65.000000000000	0.00000000000000
28.450000762939	0.17151007056236	-0.53248101472855	65.000000000000	0.00000000000000
28.459999084473	0.17016315460205	-0.53147417306900	65.000000000000	0.00000000000000
28.469999313354	0.16881802678108	-0.53046166896820	65.000000000000	0.00000000000000
28.479999542236	0.16747528314590	-0.52944338321686	65.000000000000	0.00000000000000
28.489999771118	0.16613492369652	-0.52841931581497	65.000000000000	0.00000000000000
28.500000000000	0.16479650139809	-0.52738970518112	65.000000000000	0.00000000000000
28.510000228882	0.16346026957035	-0.52635431289673	65.000000000000	0.00000000000000
28.520000457764	0.16212625801563	-0.52531319856644	65.000000000000	0.00000000000000
28.530000686646	0.16079476475716	-0.52426642179489	65.000000000000	0.00000000000000
28.540000915527	0.15946531295776	-0.52321398258209	65.000000000000	0.00000000000000
28.549999237061	0.15813867747784	-0.52215576171875	65.000000000000	0.00000000000000
28.559999465942	0.15681412816048	-0.52109181880951	65.000000000000	0.00000000000000
28.569999694824	0.15549221634865	-0.52002221345901	65.000000000000	0.00000000000000
28.579999923706	0.15417246520519	-0.51894706487656	65.000000000000	0.00000000000000
28.590000152588	0.15285539627075	-0.51786607503891	65.000000000000	0.00000000000000
28.600000381470	0.15154077112675	-0.51677942276001	65.000000000000	0.00000000000000
28.610000610352	0.15022879838943	-0.51568722724915	65.000000000000	0.00000000000000
28.620000839233	0.14891934394836	-0.51458925008774	65.000000000000	0.00000000000000
28.629999160767	0.14761279523373	-0.51348561048508	65.000000000000	0.00000000000000
28.639999389648	0.14630861580372	-0.51237648725510	65.000000000000	0.00000000000000
28.649999618530	0.14500726759434	-0.51126152276993	65.000000000000	0.00000000000000
28.659999847412	0.14370870590210	-0.51014101505280	65.000000000000	0.00000000000000
28.670000076294	0.14241281151772	-0.50901490449905	65.000000000000	0.00000000000000
28.680000305176	0.14111974835396	-0.50788307189941	65.000000000000	0.00000000000000
28.690000534058	0.13982953131199	-0.50674563646317	65.000000000000	0.00000000000000
28.700000762939	0.13854232430458	-0.50560265779495	65.000000000000	0.00000000000000
28.709999084473	0.13725778460503	-0.50445401668549	65.000000000000	0.00000000000000
28.719999313354	0.13597631454468	-0.50329983234406	65.000000000000	0.00000000000000
28.729999542236	0.13469791412354	-0.50213992595673	65.000000000000	0.00000000000000
28.739999771118	0.13342230021954	-0.50097453594208	65.000000000000	0.00000000000000
28.750000000000	0.13214984536171	-0.49980363249779	65.000000000000	0.00000000000000
28.760000228882	0.13088043034077	-0.49862706661224	65.000000000000	0.00000000000000
28.770000457764	0.12961411476135	-0.49744498729706	65.000000000000	0.00000000000000
28.780000686646	0.12835106253624	-0.49625739455223	65.000000000000	0.00000000000000
28.790000915527	0.12709113955498	-0.49506419897079	65.000000000000	0.00000000000000
28.799999237061	0.12583427131176	-0.49386551976204	65.000000000000	0.00000000000000
28.809999465942	0.12458086013794	-0.49266126751900	65.000000000000	0.00000000000000
28.819999694824	0.12333055585623	-0.49145156145096	65.000000000000	0.00000000000000
28.829999923706	0.12208364158869	-0.49023637175560	65.000000000000	0.00000000000000
28.840000152588	0.12084002792835	-0.48901563882828	65.000000000000	0.00000000000000
28.850000381470	0.11959984898567	-0.48778945207596	65.000000000000	0.00000000000000
28.860000610352	0.11836303770542	-0.48655787110329	65.000000000000	0.00000000000000
28.870000839233	0.11712961643934	-0.48532080650330	65.000000000000	0.00000000000000
28.879999160767	0.11589971184731	-0.48407825827599	65.000000000000	0.00000000000000
28.889999389648	0.11467336863279	-0.48283025622368	65.000000000000	0.00000000000000
28.899999618530	0.11345061659813	-0.48157694935799	65.000000000000	0.00000000000000
28.909999847412	0.11223136633635	-0.48031815886497	65.000000000000	0.00000000000000
28.920000076294	0.11101576685905	-0.47905400395393	65.000000000000	0.00000000000000
28.930000305176	0.10980371385813	-0.47778442502022	65.000000000000	0.00000000000000
28.940000534058	0.10859538614750	-0.47650957107544	65.000000000000	0.00000000000000
28.950000762939	0.10739077627659	-0.47522929310799	65.000000000000	0.00000000000000
28.959999084473	0.10618992894888	-0.47394371032715	65.000000000000	0.00000000000000
28.969999313354	0.10499286651611	-0.47265282273293	65.000000000000	0.00000000000000
28.979999542236	0.10379951447248	-0.47135657072067	65.000000000000	0.00000000000000
28.989999771118	0.10261000692844	-0.47005504369736	65.000000000000	0.00000000000000
29.000000000000	0.10142450034618	-0.46874827146530	65.000000000000	0.00000000000000
29.010000228882	0.10024289041758	-0.46743622422218	65.000000000000	0.00000000000000
29.020000457764	0.099065102636814	-0.46611890196800	65.000000000000	0.00000000000000
29.030000686646	0.097891263663769	-0.46479639410973	65.000000000000	0.00000000000000
29.040000915527	0.096721529960632	-0.46346864104271	65.000000000000	0.00000000000000
29.049999237061	0.095555819571018	-0.46213567256927	65.000000000000	0.00000000000000
29.059999465942	0.094394147396088	-0.46079751849174	65.000000000000	0.00000000000000
29.069999694824	0.093236558139324	-0.45945423841476	65.000000000000	0.00000000000000
29.079999923706	0.092083066701889	-0.45810580253601	65.000000000000	0.00000000000000
29.090000152588	0.090933807194233	-0.45675221085548	65.000000000000	0.00000000000000
29.100000381470	0.089788712561131	-0.45539352297783	65.000000000000	0.00000000000000
29.110000610352	0.088647909462452	-0.45402970910072	65.000000000000	0.00000000000000
29.120000839233	0.087511330842972	-0.45266079902649	65.000000000000	0.00000000000000
29.129999160767	0.086378976702690	-0.45128685235977	65.000000000000	0.00000000000000
29.139999389648	0.085251003503799	-0.44990783929825	65.000000000000	0.00000000000000
29.149999618530	0.084127336740494	-0.44852381944656	65.000000000000	0.00000000000000
29.159999847412	0.083008088171482	-0.44713482260704	65.000000000000	0.00000000000000
29.170000076294	0.081893302500248	-0.44574081897736	65.000000000000	0.00000000000000
29.180000305176	0.080782897770405	-0.44434180855751	65.000000000000	0.00000000000000
29.190000534058	0.079676993191242	-0.44293782114983	65.000000000000	0.00000000000000
29.200000762939	0.078575536608696	-0.44152900576591	65.000000000000	0.00000000000000
29.209999084473	0.077478736639023	-0.44011524319649	65.000000000000	0.00000000000000
29.219999313354	0.076386436820030	-0.43869656324387	65.000000000000	0.00000000000000
29.229999542236	0.075298845767975	-0.43727299571037	65.000000000000	0.00000000000000
29.239999771118	0.074215702712536	-0.43584460020065	65.000000000000	0.00000000000000
29.250000000000	0.073137335479259	-0.43441143631935	65.000000000000	0.00000000000000
29.260000228882	0.072063654661179	-0.43297338485718	65.000000000000	0.00000000000000
29.270000457764	0.070994608104229	-0.43153059482574	65.000000000000	0.00000000000000
29.280000686646	0.069930404424667	-0.43008303642273	65.000000000000	0.00000000000000
29.290000915527	0.068870864808559	-0.42863070964813	65.000000000000	0.00000000000000
29.299999237061	0.067816250026226	-0.42717367410660	65.000000000000	0.00000000000000
29.309999465942	0.066766552627087	-0.42571192979813	65.000000000000	0.00000000000000
29.319999694824	0.065721601247787	-0.42424553632736	65.000000000000	0.00000000000000
29.329999923706	0.064681537449360	-0.42277446389198	65.000000000000	0.00000000000000
29.340000152588	0.063646472990513	-0.42129874229431	65.000000000000	0.00000000000000
29.350000381470	0.062616340816021	-0.41981849074364	65.000000000000	0.00000000000000
29.360000610352	0.061591260135174	-0.41833359003067	65.000000000000	0.00000000000000
29.370000839233	0.060571059584618	-0.41684412956238	65.000000000000	0.00000000000000
29.379999160767	0.059555966407061	-0.41535019874573	65.000000000000	0.00000000000000
29.389999389648	0.058545898646116	-0.41385173797607	65.000000000000	0.00000000000000
29.399999618530	0.057540979236364	-0.41234871745110	65.000000000000	0.00000000000000
29.409999847412	0.056541245430708	-0.41084131598473	65.000000000000	0.00000000000000
29.420000076294	0.055546510964632	-0.40932941436768	65.000000000000	0.00000000000000
29.430000305176	0.054557099938393	-0.40781313180923	65.000000000000	0.00000000000000
29.440000534058	0.053572941571474	-0.40629246830940	65.000000000000	0.00000000000000
29.450000762939	0.052593853324652	-0.40476742386818	65.000000000000	0.00000000000000
29.459999084473	0.051620073616505	-0.40323808789253	65.000000000000	0.00000000000000
29.469999313354	0.050651699304581	-0.40170443058014	65.000000000000	0.00000000000000
29.479999542236	0.049688573926687	-0.40016645193100	65.000000000000	0.00000000000000
29.489999771118	0.048730816692114	-0.39862421154976	65.000000000000	0.00000000000000
29.500000000000	0.047778535634279	-0.39707773923874	65.000000000000	0.00000000000000
29.510000228882	0.046831488609314	-0.39552712440491	65.000000000000	0.00000000000000
29.520000457764	0.045889869332314	-0.39397227764130	65.000000000000	0.00000000000000
29.530000686646	0.044953804463148	-0.39241328835487	65.000000000000	0.00000000000000
29.540000915527	0.044023219496012	-0.39085018634796	65.000000000000	0.00000000000000
29.549999237061	0.043098039925098	-0.38928297162056	65.000000000000	0.00000000000000
29.559999465942	0.042178384959698	-0.38771167397499	65.000000000000	0.00000000000000
29.569999694824	0.041264373809099	-0.38613638281822	65.000000000000	0.00000000000000
29.579999923706	0.040355928242207	-0.38455706834793	65.000000000000	0.00000000000000
29.590000152588	0.039453070610762	-0.38297376036644	65.000000000000	0.00000000000000
29.600000381470	0.038555920124054	-0.38138648867607	65.000000000000	0.00000000000000
29.610000610352	0.037664398550987	-0.37979528307915	65.000000000000	0.00000000000000
29.620000839233	0.036778446286917	-0.37820020318031	65.000000000000	0.00000000000000
29.629999160767	0.035898342728615	-0.37660124897957	65.000000000000	0.00000000000000
29.639999389648	0.035023942589760	-0.37499848008156	65.000000000000	0.00000000000000
29.649999618530	0.034155253320932	-0.37339186668396	65.000000000000	0.00000000000000
29.659999847412	0.033292304724455	-0.37178143858910	65.000000000000	0.00000000000000
29.670000076294	0.032435115426779	-0.37016734480858	65.000000000000	0.00000000000000
29.680000305176	0.031583882868290	-0.36854943633080	65.000000000000	0.00000000000000
29.690000534058	0.030738450586796	-0.36692789196968	65.000000000000	0.00000000000000
29.700000762939	0.029898839071393	-0.36530274152756	65.000000000000	0.00000000000000
29.709999084473	0.029065238311887	-0.36367389559746	65.000000000000	0.00000000000000
29.719999313354	0.028237493708730	-0.36204144358635	65.000000000000	0.00000000000000
29.729999542236	0.027415629476309	-0.36040541529655	65.000000000000	0.00000000000000
29.739999771118	0.026599833741784	-0.35876590013504	65.000000000000	0.00000000000000
29.750000000000	0.025789957493544	-0.35712286829948	65.000000000000	0.00000000000000
29.760000228882	0.024986013770103	-0.35547634959221	65.000000000000	0.00000000000000
29.770000457764	0.024188196286559	-0.35382637381554	65.000000000000	0.00000000000000
29.780000686646	0.023396352306008	-0.35217300057411	65.000000000000	0.00000000000000
29.790000915527	0.022610669955611	-0.35051625967026	65.000000000000	0.00000000000000
29.799999237061	0.021830996498466	-0.34885615110397	65.000000000000	0.00000000000000
29.809999465942	0.021057516336441	-0.34719273447990	65.000000000000	0.00000000000000
29.819999694824	0.020290082320571	-0.34552603960037	65.000000000000	0.00000000000000
29.829999923706	0.019528796896338	-0.34385609626770	65.000000000000	0.00000000000000
29.840000152588	0.018773755058646	-0.34218296408653	65.000000000000	0.00000000000000
29.850000381470	0.018024815246463	-0.34050664305687	65.000000000000	0.00000000000000
29.860000610352	0.017282150685787	-0.33882710337639	65.000000000000	0.00000000000000
29.870000839233	0.016545701771975	-0.33714449405670	65.000000000000	0.00000000000000
29.879999160767	0.015815485268831	-0.33545881509781	65.000000000000	0.00000000000000
29.889999389648	0.015091513283551	-0.33377003669739	65.000000000000	0.00000000000000
29.899999618530	0.014373807236552	-0.33207830786705	65.000000000000	0.00000000000000
29.909999847412	0.013662457466125	-0.33038353919983	65.000000000000	0.00000000000000
29.920000076294	0.012957480736077	-0.32868584990501	65.000000000000	0.00000000000000
29.930000305176	0.012258737348020	-0.32698521018028	65.000000000000	0.00000000000000
29.940000534058	0.011566396802664	-0.32528170943260	65.000000000000	0.00000000000000
29.950000762939	0.010880398564041	-0.32357534766197	65.000000000000	0.00000000000000
29.959999084473	0.010200832970440	-0.32186624407768	65.000000000000	0.00000000000000
29.969999313354	0.0095277130603790	-0.32015427947044	65.000000000000	0.00000000000000
29.979999542236	0.0088609037920833	-0.31843960285187	65.000000000000	0.00000000000000
29.989999771118	0.0082005700096488	-0.31672221422195	65.000000000000	0.00000000000000
30.000000000000	0.0075467247515917	-0.31500214338303	65.000000000000	0.00000000000000
30.010000228882	0.0068993838503957	-0.31327944993973	65.000000000000	0.00000000000000
30.020000457764	0.0062584090046585	-0.31155413389206	65.000000000000	0.00000000000000
30.030000686646	0.0056241131387651	-0.30982628464699	65.000000000000	0.00000000000000
30.040000915527	0.0049962121993303	-0.30809587240219	65.000000000000	0.00000000000000
30.049999237061	0.0043748659081757	-0.30636298656464	65.000000000000	0.00000000000000
30.059999465942	0.0037600887008011	-0.30462756752968	65.000000000000	0.00000000000000
30.069999694824	0.0031518191099167	-0.30288979411125	65.000000000000	0.00000000000000
30.079999923706	0.0025501430500299	-0.30114957690239	65.000000000000	0.00000000000000
30.090000152588	0.0019550721626729	-0.29940706491470	65.000000000000	0.00000000000000
30.100000381470	0.0013666182057932	-0.29766222834587	65.000000000000	0.00000000000000
30.110000610352	0.00078479252988473	-0.29591509699821	65.000000000000	0.00000000000000
30.120000839233	0.00020960652909707	-0.29416570067406	65.000000000000	0.00000000000000
30.129999160767	-0.00035899830982089	-0.29241409897804	65.000000000000	0.00000000000000
30.139999389648	-0.00092094053979963	-0.29066032171249	65.000000000000	0.00000000000000
30.149999618530	-0.0014760714257136	-0.28890439867973	65.000000000000	0.00000000000000
30.159999847412	-0.0020246570929885	-0.28714641928673	65.000000000000	0.00000000000000
30.170000076294	-0.0025665480643511	-0.28538632392883	65.000000000000	0.00000000000000
30.180000305176	-0.0031017339788377	-0.28362423181534	65.000000000000	0.00000000000000
30.190000534058	-0.0036301384679973	-0.28186014294624	65.000000000000	0.00000000000000
30.200000762939	-0.0041518183425069	-0.28009408712387	65.000000000000	0.00000000000000
30.209999084473	-0.0046668313443661	-0.27832615375519	65.000000000000	0.00000000000000
30.219999313354	-0.0051751006394625	-0.27655634284019	65.000000000000	0.00000000000000
30.229999542236	-0.0056765512563288	-0.27478465437889	65.000000000000	0.00000000000000
30.239999771118	-0.0061712395399809	-0.27301117777824	65.000000000000	0.00000000000000
30.250000000000	-0.0066591580398381	-0.27123594284058	65.000000000000	0.00000000000000
30.260000228882	-0.0071402969770133	-0.26945894956589	65.000000000000	0.00000000000000
30.270000457764	-0.0076146479696035	-0.26768028736115	65.000000000000	0.00000000000000
30.280000686646	-0.0080822035670280	-0.26589995622635	65.000000000000	0.00000000000000
30.290000915527	-0.0085428897291422	-0.26411801576614	65.000000000000	0.00000000000000
30.299999237061	-0.0089967651292682	-0.26233449578285	65.000000000000	0.00000000000000
30.309999465942	-0.0094438213855028	-0.26054942607880	65.000000000000	0.00000000000000
30.319999694824	-0.0098840501159430	-0.25876286625862	65.000000000000	0.00000000000000
30.329999923706	-0.010317444801331	-0.25697484612465	65.000000000000	0.00000000000000
30.340000152588	-0.010743997991085	-0.25518539547920	65.000000000000	0.00000000000000
30.350000381470	-0.011163642629981	-0.25339457392693	65.000000000000	0.00000000000000
30.360000610352	-0.011576429940760	-0.25160235166550	65.000000000000	0.00000000000000
30.370000839233	-0.011982358060777	-0.24980884790421	65.000000000000	0.00000000000000
30.379999160767	-0.012381415814161	-0.24801404774189	65.000000000000	0.00000000000000
30.389999389648	-0.012773542664945	-0.24621801078320	65.000000000000	0.00000000000000
30.399999618530	-0.013158787973225	-0.24442079663277	65.000000000000	0.00000000000000
30.409999847412	-0.013537148945034	-0.24262239038944	65.000000000000	0.00000000000000
30.420000076294	-0.013908618129790	-0.24082289636135	65.000000000000	0.00000000000000
30.430000305176	-0.014273191802204	-0.23902229964733	65.000000000000	0.00000000000000
30.440000534058	-0.014630804769695	-0.23722064495087	65.000000000000	0.00000000000000
30.450000762939	-0.014981513842940	-0.23541800677776	65.000000000000	0.00000000000000
30.459999084473	-0.015325366519392	-0.23361438512802	65.000000000000	0.00000000000000
30.469999313354	-0.015662189573050	-0.23180982470512	65.000000000000	0.00000000000000
30.479999542236	-0.015992151573300	-0.23000438511372	65.000000000000	0.00000000000000
30.489999771118	-0.016315184533596	-0.22819809615612	65.000000000000	0.00000000000000
30.500000000000	-0.016631236299872	-0.22639095783234	65.000000000000	0.00000000000000
30.510000228882	-0.016940355300903	-0.22458307445049	65.000000000000	0.00000000000000
30.520000457764	-0.017242591828108	-0.22277444601059	65.000000000000	0.00000000000000
30.530000686646	-0.017537834122777	-0.22096511721611	65.000000000000	0.00000000000000
30.540000915527	-0.017826134338975	-0.21915508806705	65.000000000000	0.00000000000000
30.549999237061	-0.018107486888766	-0.21734446287155	65.000000000000	0.00000000000000
30.559999465942	-0.018381942063570	-0.21553325653076	65.000000000000	0.00000000000000
30.569999694824	-0.018649395555258	-0.21372149884701	65.000000000000	0.00000000000000
30.579999923706	-0.018909892067313	-0.21190923452377	65.000000000000	0.00000000000000
30.590000152588	-0.019163532182574	-0.21009649336338	65.000000000000	0.00000000000000
30.600000381470	-0.019410112872720	-0.20828332006931	65.000000000000	0.00000000000000
30.610000610352	-0.019649829715490	-0.20646975934505	65.000000000000	0.00000000000000
30.620000839233	-0.019882485270500	-0.20465582609177	65.000000000000	0.00000000000000
30.629999160767	-0.020108319818974	-0.20284157991409	65.000000000000	0.00000000000000
30.639999389648	-0.020327139645815	-0.20102708041668	65.000000000000	0.00000000000000
30.649999618530	-0.020539034157991	-0.19921229779720	65.000000000000	0.00000000000000
30.659999847412	-0.020743910223246	-0.19739735126495	65.000000000000	0.00000000000000
30.670000076294	-0.020941911265254	-0.19558222591877	65.000000000000	0.00000000000000
30.680000305176	-0.021132936701179	-0.19376696646214	65.000000000000	0.00000000000000
30.690000534058	-0.021317083388567	-0.19195163249969	65.000000000000	0.00000000000000
30.700000762939	-0.021494252607226	-0.19013625383377	65.000000000000	0.00000000000000
30.709999084473	-0.021664446219802	-0.18832084536552	65.000000000000	0.00000000000000
30.719999313354	-0.021827843040228	-0.18650546669960	65.000000000000	0.00000000000000
30.729999542236	-0.021984171122313	-0.18469014763832	65.000000000000	0.00000000000000
30.739999771118	-0.022133609279990	-0.18287494778633	65.000000000000	0.00000000000000
30.750000000000	-0.022276159375906	-0.18105988204479	65.000000000000	0.00000000000000
30.760000228882	-0.022411732003093	-0.17924501001835	65.000000000000	0.00000000000000
30.770000457764	-0.022540491074324	-0.17743031680584	65.000000000000	0.00000000000000
30.780000686646	-0.022662272676826	-0.17561592161655	65.000000000000	0.00000000000000
30.790000915527	-0.022777162492275	-0.17380180954933	65.000000000000	0.00000000000000
30.799999237061	-0.022885154932737	-0.17198801040649	65.000000000000	0.00000000000000
30.809999465942	-0.022986248135567	-0.17017458379269	65.000000000000	0.00000000000000
30.819999694824	-0.023080527782440	-0.16836155951023	65.000000000000	0.00000000000000
30.829999923706	-0.023167829960585	-0.16654899716377	65.000000000000	0.00000000000000
30.840000152588	-0.023248312994838	-0.16473689675331	65.000000000000	0.00000000000000
30.850000381470	-0.023321973159909	-0.16292531788349	65.000000000000	0.00000000000000
30.860000610352	-0.023388655856252	-0.16111430525780	65.000000000000	0.00000000000000
30.870000839233	-0.023448592051864	-0.15930385887623	65.000000000000	0.00000000000000
30.879999160767	-0.023501630872488	-0.15749408304691	65.000000000000	0.00000000000000
30.889999389648	-0.023547841235995	-0.15568494796753	65.000000000000	0.00000000000000
30.899999618530	-0.023587223142385	-0.15387651324272	65.000000000000	0.00000000000000
30.909999847412	-0.023619778454304	-0.15206882357597	65.000000000000	0.00000000000000
30.920000076294	-0.023645505309105	-0.15026192367077	65.000000000000	0.00000000000000
30.930000305176	-0.023664398118854	-0.14845582842827	65.000000000000	0.00000000000000
30.940000534058	-0.023676533252001	-0.14665059745312	65.000000000000	0.00000000000000
30.950000762939	-0.023681901395321	-0.14484623074532	65.000000000000	0.00000000000000
30.959999084473	-0.023680502548814	-0.14304278790951	65.000000000000	0.00000000000000
30.969999313354	-0.023672267794609	-0.14124032855034	65.000000000000	0.00000000000000
30.979999542236	-0.023657264187932	-0.13943888247013	65.000000000000	0.00000000000000
30.989999771118	-0.023635549470782	-0.13763843476772	65.000000000000	0.00000000000000
31.000000000000	-0.023607127368450	-0.13583907485008	65.000000000000	0.00000000000000
31.010000228882	-0.023571921512485	-0.13404081761837	65.000000000000	0.00000000000000
31.020000457764	-0.023529998958111	-0.13224372267723	65.000000000000	0.00000000000000
31.030000686646	-0.023481477051973	-0.13044777512550	65.000000000000	0.00000000000000
31.040000915527	-0.023426102474332	-0.12865307927132	65.000000000000	0.00000000000000
31.049999237061	-0.023364176973701	-0.12685959041119	65.000000000000	0.00000000000000
31.059999465942	-0.023295577615499	-0.12506739795208	65.000000000000	0.00000000000000
31.069999694824	-0.023220231756568	-0.12327652424574	65.000000000000	0.00000000000000
31.079999923706	-0.023138314485550	-0.12148701399565	65.000000000000	0.00000000000000
31.090000152588	-0.023049699142575	-0.11969889700413	65.000000000000	0.00000000000000
31.100000381470	-0.022954493761063	-0.11791221052408	65.000000000000	0.00000000000000
31.110000610352	-0.022852633148432	-0.11612698435783	65.000000000000	0.00000000000000
31.120000839233	-0.022744273766875	-0.11434324085712	65.000000000000	0.00000000000000
31.129999160767	-0.022629242390394	-0.11256106197834	65.000000000000	0.00000000000000
31.139999389648	-0.022507736459374	-0.11078040301800	65.000000000000	0.00000000000000
31.149999618530	-0.022379592061043	-0.10900138318539	65.000000000000	0.00000000000000
31.159999847412	-0.022244999185205	-0.10722395777702	65.000000000000	0.00000000000000
31.170000076294	-0.022103838622570	-0.10544823110104	65.000000000000	0.00000000000000
31.180000305176	-0.021956102922559	-0.10367421805859	65.000000000000	0.00000000000000
31.190000534058	-0.021801916882396	-0.10190192610025	65.000000000000	0.00000000000000
31.200000762939	-0.021641312167048	-0.10013139247894	65.000000000000	0.00000000000000
31.209999084473	-0.021474169567227	-0.098362676799297	65.000000000000	0.00000000000000
31.219999313354	-0.021300612017512	-0.096595793962479	65.000000000000	0.00000000000000
31.229999542236	-0.021120613440871	-0.094830773770809	65.000000000000	0.00000000000000
31.239999771118	-0.020934194326401	-0.093067683279514	65.000000000000	0.00000000000000
31.250000000000	-0.020741371437907	-0.091306515038013	65.000000000000	0.00000000000000
31.260000228882	-0.020542200654745	-0.089547313749790	65.000000000000	0.00000000000000
31.270000457764	-0.020336650311947	-0.087790109217167	65.000000000000	0.00000000000000
31.280000686646	-0.020124766975641	-0.086034946143627	65.000000000000	0.00000000000000
31.290000915527	-0.019906470552087	-0.084281876683235	65.000000000000	0.00000000000000
31.299999237061	-0.019681965932250	-0.082530871033669	65.000000000000	0.00000000000000
31.309999465942	-0.019451124593616	-0.080782011151314	65.000000000000	0.00000000000000
31.319999694824	-0.019213937222958	-0.079035334289074	65.000000000000	0.00000000000000
31.329999923706	-0.018970580771565	-0.077290825545788	65.000000000000	0.00000000000000
31.340000152588	-0.018720960244536	-0.075548559427261	65.000000000000	0.00000000000000
31.350000381470	-0.018465081229806	-0.073808543384075	65.000000000000	0.00000000000000
31.360000610352	-0.018203023821115	-0.072070837020874	65.000000000000	0.00000000000000
31.370000839233	-0.017934780567884	-0.070335432887077	65.000000000000	0.00000000000000
31.379999160767	-0.017660371959209	-0.068602390587330	65.000000000000	0.00000000000000
31.389999389648	-0.017379812896252	-0.066871732473373	65.000000000000	0.00000000000000
31.399999618530	-0.017093133181334	-0.065143480896950	65.000000000000	0.00000000000000
31.409999847412	-0.016800327226520	-0.063417688012123	65.000000000000	0.00000000000000
31.420000076294	-0.016501434147358	-0.061694368720055	65.000000000000	0.00000000000000
31.430000305176	-0.016196476295590	-0.059973549097776	65.000000000000	0.00000000000000
31.440000534058	-0.015885477885604	-0.058255270123482	65.000000000000	0.00000000000000
31.450000762939	-0.015568444505334	-0.056539550423622	65.000000000000	0.00000000000000
31.459999084473	-0.015245416201651	-0.054826427251101	65.000000000000	0.00000000000000
31.469999313354	-0.014916387386620	-0.053115922957659	65.000000000000	0.00000000000000
31.479999542236	-0.014581387862563	-0.051408082246780	65.000000000000	0.00000000000000
31.489999771118	-0.014240472577512	-0.049702920019627	65.000000000000	0.00000000000000
31.500000000000	-0.013893612660468	-0.048000466078520	65.000000000000	0.00000000000000
31.510000228882	-0.013540861196816	-0.046300753951073	65.000000000000	0.00000000000000
31.520000457764	-0.013182220980525	-0.044603813439608	65.000000000000	0.00000000000000
31.530000686646	-0.012817730195820	-0.042909659445286	65.000000000000	0.00000000000000
31.540000915527	-0.012447414919734	-0.041218340396881	65.000000000000	0.00000000000000
31.549999237061	-0.012071265839040	-0.039529867470264	65.000000000000	0.00000000000000
31.559999465942	-0.011689338833094	-0.037844274193048	65.000000000000	0.00000000000000
31.569999694824	-0.011301653459668	-0.036161594092846	65.000000000000	0.00000000000000
31.579999923706	-0.010908211581409	-0.034481842070818	65.000000000000	0.00000000000000
31.590000152588	-0.010509043931961	-0.032805055379868	65.000000000000	0.00000000000000
31.600000381470	-0.010104187764227	-0.031131260097027	65.000000000000	0.00000000000000
31.610000610352	-0.0096936533227563	-0.029460474848747	65.000000000000	0.00000000000000
31.620000839233	-0.0092774676159024	-0.027792733162642	65.000000000000	0.00000000000000
31.629999160767	-0.0088556567206979	-0.026128059253097	65.000000000000	0.00000000000000
31.639999389648	-0.0084282392635942	-0.024466477334499	65.000000000000	0.00000000000000
31.649999618530	-0.0079952413216233	-0.022808019071817	65.000000000000	0.00000000000000
31.659999847412	-0.0075566852465272	-0.021152704954147	65.000000000000	0.00000000000000
31.670000076294	-0.0071126017719507	-0.019500559195876	65.000000000000	0.00000000000000
31.680000305176	-0.0066630071960390	-0.017851611599326	65.000000000000	0.00000000000000
31.690000534058	-0.0062079308554530	-0.016205884516239	65.000000000000	0.00000000000000
31.700000762939	-0.0057473983615637	-0.014563402161002	65.000000000000	0.00000000000000
31.709999084473	-0.0052814311347902	-0.012924190610647	65.000000000000	0.00000000000000
31.719999313354	-0.0048100557178259	-0.011288274079561	65.000000000000	0.00000000000000
31.729999542236	-0.0043332977220416	-0.0096556739881635	65.000000000000	0.00000000000000
31.739999771118	-0.0038511799648404	-0.0080264182761312	65.000000000000	0.00000000000000
31.750000000000	-0.0033637308515608	-0.0064005278982222	65.000000000000	0.00000000000000
31.760000228882	-0.0028709752950817	-0.0047780275344849	65.000000000000	0.00000000000000
31.770000457764	-0.0023729370441288	-0.0031589390709996	65.000000000000	0.00000000000000
31.780000686646	-0.0018696442712098	-0.0015432863729075	65.000000000000	0.00000000000000
31.790000915527	-0.0013611202593893	6.8907313107047e-05	65.000000000000	0.00000000000000
31.799999237061	-0.00084739242447540	0.0016776204574853	65.000000000000	0.00000000000000
31.809999465942	-0.00032848745468073	0.0032828296534717	65.000000000000	0.00000000000000
31.819999694824	0.00019556947518140	0.0048845140263438	65.000000000000	0.00000000000000
31.829999923706	0.00072475214255974	0.0064826509915292	65.000000000000	0.00000000000000
31.840000152588	0.0012590340338647	0.0080772191286087	65.000000000000	0.00000000000000
31.850000381470	0.0017983859870583	0.0096681965515018	65.000000000000	0.00000000000000
31.860000610352	0.0023427808191627	0.011255563236773	65.000000000000	0.00000000000000
31.870000839233	0.0028922015335411	0.012839295901358	65.000000000000	0.00000000000000
31.879999160767	0.0034466097131371	0.014419376850128	65.000000000000	0.00000000000000
31.889999389648	0.0040059876628220	0.015995781868696	65.000000000000	0.00000000000000
31.899999618530	0.0045702862553298	0.017568498849869	65.000000000000	0.00000000000000
31.909999847412	0.0051395189948380	0.019137494266033	65.000000000000	0.00000000000000
31.920000076294	0.0057136155664921	0.020702760666609	65.000000000000	0.00000000000000
31.930000305176	0.0062925806269050	0.022264271974564	65.000000000000	0.00000000000000
31.940000534058	0.0068763718008995	0.023822011426091	65.000000000000	0.00000000000000
31.950000762939	0.0074649499729276	0.025375960394740	65.000000000000	0.00000000000000
31.959999084473	0.0080583244562149	0.026926094666123	65.000000000000	0.00000000000000
31.969999313354	0.0086564216762781	0.028472404927015	65.000000000000	0.00000000000000
31.979999542236	0.0092592500150204	0.030014863237739	65.000000000000	0.00000000000000
31.989999771118	0.0098667601123452	0.031553458422422	65.000000000000	0.00000000000000
32.000000000000	0.010478942655027	0.033088166266680	65.000000000000	0.00000000000000
32.009998321533	0.011095748282969	0.034618973731995	65.000000000000	0.00000000000000
32.020000457764	0.011717166751623	0.036145865917206	65.000000000000	0.00000000000000
32.029998779297	0.012343156151474	0.037668820470572	65.000000000000	0.00000000000000
32.040000915527	0.012973699718714	0.039187822490931	65.000000000000	0.00000000000000
32.049999237061	0.013608763925731	0.040702853351831	65.000000000000	0.00000000000000
32.060001373291	0.014248312450945	0.042213898152113	65.000000000000	0.00000000000000
32.069999694824	0.014892333187163	0.043720941990614	65.000000000000	0.00000000000000
32.080001831055	0.015540784224868	0.045223962515593	65.000000000000	0.00000000000000
32.090000152588	0.016193650662899	0.046722956001759	65.000000000000	0.00000000000000
32.099998474121	0.016850898042321	0.048217892646790	65.000000000000	0.00000000000000
32.110000610352	0.017512481659651	0.049708776175976	65.000000000000	0.00000000000000
32.119998931885	0.018178390339017	0.051195565611124	65.000000000000	0.00000000000000
32.130001068115	0.018848583102226	0.052678268402815	65.000000000000	0.00000000000000
32.139999389648	0.019523043185472	0.054156865924597	65.000000000000	0.00000000000000
32.150001525879	0.020201751962304	0.055631324648857	65.000000000000	0.00000000000000
32.159999847412	0.020884646102786	0.057101659476757	65.000000000000	0.00000000000000
32.169998168945	0.021571734920144	0.058567836880684	65.000000000000	0.00000000000000
32.180000305176	0.022262958809733	0.060029853135347	65.000000000000	0.00000000000000
32.189998626709	0.022958299145103	0.061487678438425	65.000000000000	0.00000000000000
32.200000762939	0.023657742887735	0.062941327691078	65.000000000000	0.00000000000000
32.209999084473	0.024361236020923	0.064390763640404	65.000000000000	0.00000000000000
32.220001220703	0.025068767368793	0.065835982561111	65.000000000000	0.00000000000000
32.229999542236	0.025780279189348	0.067276977002621	65.000000000000	0.00000000000000
32.240001678467	0.026495778933167	0.068713724613190	65.000000000000	0.00000000000000
32.250000000000	0.027215238660574	0.070146217942238	65.000000000000	0.00000000000000
32.259998321533	0.027938598766923	0.071574449539185	65.000000000000	0.00000000000000
32.270000457764	0.028665842488408	0.072998404502869	65.000000000000	0.00000000000000
32.279998779297	0.029396945610642	0.074418060481548	65.000000000000	0.00000000000000
32.290000915527	0.030131867155433	0.075833432376385	65.000000000000	0.00000000000000
32.299999237061	0.030870607122779	0.077244490385056	65.000000000000	0.00000000000000
32.310001373291	0.031613100320101	0.078651219606400	65.000000000000	0.00000000000000
32.319999694824	0.032359339296818	0.080053620040417	65.000000000000	0.00000000000000
32.330001831055	0.033109281212091	0.081451684236526	65.000000000000	0.00000000000000
32.340000152588	0.033862892538309	0.082845397293568	65.000000000000	0.00000000000000
32.349998474121	0.034620180726051	0.084234744310379	65.000000000000	0.00000000000000
32.360000610352	0.035381067544222	0.085619732737541	65.000000000000	0.00000000000000
32.369998931885	0.036145571619272	0.087000332772732	65.000000000000	0.00000000000000
32.380001068115	0.036913625895977	0.088376551866531	65.000000000000	0.00000000000000
32.389999389648	0.037685230374336	0.089748375117779	65.000000000000	0.00000000000000
32.400001525879	0.038460336625576	0.091115787625313	65.000000000000	0.00000000000000
32.409999847412	0.039238914847374	0.092478781938553	65.000000000000	0.00000000000000
32.419998168945	0.040020924061537	0.093837372958660	65.000000000000	0.00000000000000
32.430000305176	0.040806349366903	0.095191530883312	65.000000000000	0.00000000000000
32.439998626709	0.041595201939344	0.096541240811348	65.000000000000	0.00000000000000
32.450000762939	0.042387384921312	0.097886517643929	65.000000000000	0.00000000000000
32.459999084473	0.043182890862226	0.099227339029312	65.000000000000	0.00000000000000
32.470001220703	0.043981708586216	0.10056370496750	65.000000000000	0.00000000000000
32.479999542236	0.044783823192120	0.10189561545849	65.000000000000	0.00000000000000
32.490001678467	0.045589167624712	0.10322304069996	65.000000000000	0.00000000000000
32.500000000000	0.046397704631090	0.10454600304365	65.000000000000	0.00000000000000
32.509998321533	0.047209460288286	0.10586447268724	65.000000000000	0.00000000000000
32.520000457764	0.048024356365204	0.10717846453190	65.000000000000	0.00000000000000
32.529998779297	0.048842374235392	0.10848795622587	65.000000000000	0.00000000000000
32.540000915527	0.049663495272398	0.10979295521975	65.000000000000	0.00000000000000
32.549999237061	0.050487726926804	0.11109344661236	65.000000000000	0.00000000000000
32.560001373291	0.051314972341061	0.11238943040371	65.000000000000	0.00000000000000
32.569999694824	0.052145212888718	0.11368091404438	65.000000000000	0.00000000000000
32.580001831055	0.052978429943323	0.11496786773205	65.000000000000	0.00000000000000
32.590000152588	0.053814664483070	0.11625028401613	65.000000000000	0.00000000000000
32.599998474121	0.054653774946928	0.11752820760012	65.000000000000	0.00000000000000
32.610000610352	0.055495813488960	0.11880156397820	65.000000000000	0.00000000000000
32.619998931885	0.056340698152781	0.12007042020559	65.000000000000	0.00000000000000
32.630001068115	0.057188443839550	0.12133473902941	65.000000000000	0.00000000000000
32.639999389648	0.058039009571075	0.12259452044964	65.000000000000	0.00000000000000
32.650001525879	0.058892350643873	0.12384973466396	65.000000000000	0.00000000000000
32.659999847412	0.059748440980911	0.12510043382645	65.000000000000	0.00000000000000
32.669998168945	0.060607284307480	0.12634657323360	65.000000000000	0.00000000000000
32.680000305176	0.061468832194805	0.12758815288544	65.000000000000	0.00000000000000
32.689998626709	0.062333036214113	0.12882518768311	65.000000000000	0.00000000000000
32.700000762939	0.063199922442436	0.13005767762661	65.000000000000	0.00000000000000
32.709999084473	0.064069390296936	0.13128562271595	65.000000000000	0.00000000000000
32.720001220703	0.064941473305225	0.13250897824764	65.000000000000	0.00000000000000
32.729999542236	0.065816126763821	0.13372778892517	65.000000000000	0.00000000000000
32.740001678467	0.066693298518658	0.13494205474854	65.000000000000	0.00000000000000
32.750000000000	0.067572973668575	0.13615174591541	65.000000000000	0.00000000000000
32.759998321533	0.068455152213573	0.13735690712929	65.000000000000	0.00000000000000
32.770000457764	0.069339759647846	0.13855746388435	65.000000000000	0.00000000000000
32.779998779297	0.070226855576038	0.13975349068642	65.000000000000	0.00000000000000
32.790000915527	0.071116305887699	0.14094494283199	65.000000000000	0.00000000000000
32.799999237061	0.072008132934570	0.14213183522224	65.000000000000	0.00000000000000
32.810001373291	0.072902314364910	0.14331416785717	65.000000000000	0.00000000000000
32.819999694824	0.073798820376396	0.14449194073677	65.000000000000	0.00000000000000
32.830001831055	0.074697621166706	0.14566515386105	65.000000000000	0.00000000000000
32.840000152588	0.075598672032356	0.14683382213116	65.000000000000	0.00000000000000
32.849998474121	0.076501950621605	0.14799791574478	65.000000000000	0.00000000000000
32.860000610352	0.077407479286194	0.14915746450424	65.000000000000	0.00000000000000
32.869998931885	0.078315190970898	0.15031243860722	65.000000000000	0.00000000000000
32.880001068115	0.079225085675716	0.15146286785603	65.000000000000	0.00000000000000
32.889999389648	0.080137088894844	0.15260875225067	65.000000000000	0.00000000000000
32.900001525879	0.081051230430603	0.15375009179115	65.000000000000	0.00000000000000
32.909999847412	0.081967413425446	0.15488687157631	65.000000000000	0.00000000000000
32.919998168945	0.082885697484016	0.15601909160614	65.000000000000	0.00000000000000
32.930000305176	0.083805985748768	0.15714679658413	65.000000000000	0.00000000000000
32.939998626709	0.084728308022022	0.15826995670795	65.000000000000	0.00000000000000
32.950000762939	0.085652597248554	0.15938855707645	65.000000000000	0.00000000000000
32.959999084473	0.086578875780106	0.16050262749195	65.000000000000	0.00000000000000
32.970001220703	0.087507069110870	0.16161216795444	65.000000000000	0.00000000000000
32.979999542236	0.088437110185623	0.16271719336510	65.000000000000	0.00000000000000
32.990001678467	0.089369110763073	0.16381767392159	65.000000000000	0.00000000000000
33.000000000000	0.090302929282188	0.16491366922855	65.000000000000	0.00000000000000
33.009998321533	0.091238647699356	0.16600508987904	65.000000000000	0.00000000000000
33.020000457764	0.092176109552383	0.16709202528000	65.000000000000	0.00000000000000
33.029998779297	0.093115381896496	0.16817444562912	65.000000000000	0.00000000000000
33.040000915527	0.094056412577629	0.16925238072872	65.000000000000	0.00000000000000
33.049999237061	0.094999134540558	0.17032578587532	65.000000000000	0.00000000000000
33.060001373291	0.095943644642830	0.17139469087124	65.000000000000	0.00000000000000
33.069999694824	0.096889823675156	0.17245911061764	65.000000000000	0.00000000000000
33.080001831055	0.097837649285793	0.17351903021336	65.000000000000	0.00000000000000
33.090000152588	0.098787106573582	0.17457447946072	65.000000000000	0.00000000000000
33.099998474121	0.099738232791424	0.17562542855740	65.000000000000	0.00000000000000
33.110000610352	0.10069089382887	0.17667195200920	65.000000000000	0.00000000000000
33.119998931885	0.10164517164230	0.17771396040916	65.000000000000	0.00000000000000
33.130001068115	0.10260092467070	0.17875151336193	65.000000000000	0.00000000000000
33.139999389648	0.10355829447508	0.17978459596634	65.000000000000	0.00000000000000
33.150001525879	0.10451713204384	0.18081325292587	65.000000000000	0.00000000000000
33.159999847412	0.10547745972872	0.18183745443821	65.000000000000	0.00000000000000
33.169998168945	0.10643918812275	0.18285721540451	65.000000000000	0.00000000000000
33.180000305176	0.10740239918232	0.18387253582478	65.000000000000	0.00000000000000
33.189998626709	0.10836705565453	0.18488341569901	65.000000000000	0.00000000000000
33.200000762939	0.10933306068182	0.18588988482952	65.000000000000	0.00000000000000
33.209999084473	0.11030046641827	0.18689192831516	65.000000000000	0.00000000000000
33.220001220703	0.11126920580864	0.18788956105709	65.000000000000	0.00000000000000
33.229999542236	0.11223924160004	0.18888281285763	65.000000000000	0.00000000000000
33.240001678467	0.11321061104536	0.18987163901329	65.000000000000	0.00000000000000
33.250000000000	0.11418324708939	0.19085608422756	65.000000000000	0.00000000000000
33.259998321533	0.11515717953444	0.19183613359928	65.000000000000	0.00000000000000
33.270000457764	0.11613231152296	0.19281183183193	65.000000000000	0.00000000000000
33.279998779297	0.11710868775845	0.19378313422203	65.000000000000	0.00000000000000
33.290000915527	0.11808622628450	0.19475008547306	65.000000000000	0.00000000000000
33.299999237061	0.11906499415636	0.19571265578270	65.000000000000	0.00000000000000
33.310001373291	0.12004490196705	0.19667088985443	65.000000000000	0.00000000000000
33.319999694824	0.12102594971657	0.19762480258942	65.000000000000	0.00000000000000
33.330001831055	0.12200806289911	0.19857436418533	65.000000000000	0.00000000000000
33.340000152588	0.12299137562513	0.19951960444450	65.000000000000	0.00000000000000
33.349998474121	0.12397567182779	0.20046050846577	65.000000000000	0.00000000000000
33.360000610352	0.12496107816696	0.20139709115028	65.000000000000	0.00000000000000
33.369998931885	0.12594753503799	0.20232939720154	65.000000000000	0.00000000000000
33.380001068115	0.12693493068218	0.20325741171837	65.000000000000	0.00000000000000
33.389999389648	0.12792341411114	0.20418111979961	65.000000000000	0.00000000000000
33.400001525879	0.12891282141209	0.20510055124760	65.000000000000	0.00000000000000
33.409999847412	0.12990319728851	0.20601570606232	65.000000000000	0.00000000000000
33.419998168945	0.13089454174042	0.20692661404610	65.000000000000	0.00000000000000
33.430000305176	0.13188676536083	0.20783326029778	65.000000000000	0.00000000000000
33.439998626709	0.13287989795208	0.20873564481735	65.000000000000	0.00000000000000
33.450000762939	0.13387399911880	0.20963378250599	65.000000000000	0.00000000000000
33.459999084473	0.13486889004707	0.21052770316601	65.000000000000	0.00000000000000
33.470001220703	0.13586466014385	0.21141740679741	65.000000000000	0.00000000000000
33.479999542236	0.13686123490334	0.21230287849903	65.000000000000	0.00000000000000
33.490001678467	0.13785859942436	0.21318416297436	65.000000000000	0.00000000000000
33.500000000000	0.13885682821274	0.21406124532223	65.000000000000	0.00000000000000
33.509998321533	0.13985578715801	0.21493411064148	65.000000000000	0.00000000000000
33.520000457764	0.14085550606251	0.21580281853676	65.000000000000	0.00000000000000
33.529998779297	0.14185598492622	0.21666733920574	65.000000000000	0.00000000000000
33.540000915527	0.14285722374916	0.21752774715424	65.000000000000	0.00000000000000
33.549999237061	0.14385914802551	0.21838392317295	65.000000000000	0.00000000000000
33.560001373291	0.14486174285412	0.21923604607582	65.000000000000	0.00000000000000
33.569999694824	0.14586499333382	0.22008395195007	65.000000000000	0.00000000000000
33.580001831055	0.14686891436577	0.22092776000500	65.000000000000	0.00000000000000
33.590000152588	0.14787353575230	0.22176745533943	65.000000000000	0.00000000000000
33.599998474121	0.14887870848179	0.22260299324989	65.000000000000	0.00000000000000
33.610000610352	0.14988450706005	0.22343450784683	65.000000000000	0.00000000000000
33.619998931885	0.15089096128941	0.22426186501980	65.000000000000	0.00000000000000
33.630001068115	0.15189790725708	0.22508516907692	65.000000000000	0.00000000000000
33.639999389648	0.15290544927120	0.22590440511703	65.000000000000	0.00000000000000
33.650001525879	0.15391351282597	0.22671955823898	65.000000000000	0.00000000000000
33.659999847412	0.15492215752602	0.22753065824509	65.000000000000	0.00000000000000
33.669998168945	0.15593129396439	0.22833773493767	65.000000000000	0.00000000000000
33.680000305176	0.15694095194340	0.22914072871208	65.000000000000	0.00000000000000
33.689998626709	0.15795107185841	0.22993972897530	65.000000000000	0.00000000000000
33.700000762939	0.15896163880825	0.23073469102383	65.000000000000	0.00000000000000
33.709999084473	0.15997269749641	0.23152567446232	65.000000000000	0.00000000000000
33.720001220703	0.16098414361477	0.23231261968613	65.000000000000	0.00000000000000
33.729999542236	0.16199603676796	0.23309558629990	65.000000000000	0.00000000000000
33.740001678467	0.16300837695599	0.23387457430363	65.000000000000	0.00000000000000
33.750000000000	0.16402110457420	0.23464958369732	65.000000000000	0.00000000000000
33.759998321533	0.16503418982029	0.23542062938213	65.000000000000	0.00000000000000
33.770000457764	0.16604766249657	0.23618771135807	65.000000000000	0.00000000000000
33.779998779297	0.16706147789955	0.23695084452629	65.000000000000	0.00000000000000
33.790000915527	0.16807565093040	0.23771005868912	65.000000000000	0.00000000000000
33.799999237061	0.16909010708332	0.23846533894539	65.000000000000	0.00000000000000
33.810001373291	0.17010489106178	0.23921668529510	65.000000000000	0.00000000000000
33.819999694824	0.17111995816231	0.23996412754059	65.000000000000	0.00000000000000
33.830001831055	0.17213536798954	0.24070768058300	65.000000000000	0.00000000000000
33.840000152588	0.17315098643303	0.24144734442234	65.000000000000	0.00000000000000
33.849998474121	0.17416694760323	0.24218310415745	65.000000000000	0.00000000000000
33.860000610352	0.17518304288387	0.24291498959064	65.000000000000	0.00000000000000
33.869998931885	0.17619946599007	0.24364301562309	65.000000000000	0.00000000000000
33.880001068115	0.17721603810787	0.24436718225479	65.000000000000	0.00000000000000
33.889999389648	0.17823287844658	0.24508751928806	65.000000000000	0.00000000000000
33.900001525879	0.17924988269806	0.24580402672291	65.000000000000	0.00000000000000
33.909999847412	0.18026702105999	0.24651667475700	65.000000000000	0.00000000000000
33.919998168945	0.18128438293934	0.24722550809383	65.000000000000	0.00000000000000
33.930000305176	0.18230192363262	0.24793054163456	65.000000000000	0.00000000000000
33.939998626709	0.18331959843636	0.24863180518150	65.000000000000	0.00000000000000
33.950000762939	0.18433736264706	0.24932922422886	65.000000000000	0.00000000000000
33.959999084473	0.18535527586937	0.25002288818359	65.000000000000	0.00000000000000
33.970001220703	0.18637329339981	0.25071272253990	65.000000000000	0.00000000000000
33.979999542236	0.18739137053490	0.25139883160591	65.000000000000	0.00000000000000
33.990001678467	0.18840955197811	0.25208118557930	65.000000000000	0.00000000000000
34.000000000000	0.18942785263062	0.25275981426239	65.000000000000	0.00000000000000
34.009998321533	0.19044612348080	0.25343465805054	65.000000000000	0.00000000000000
34.020000457764	0.19146452844143	0.25410580635071	65.000000000000	0.00000000000000
34.029998779297	0.19248291850090	0.25477319955826	65.000000000000	0.00000000000000
34.040000915527	0.19350139796734	0.25543686747551	65.000000000000	0.00000000000000
34.049999237061	0.19451984763145	0.25609689950943	65.000000000000	0.00000000000000
34.060001373291	0.19553828239441	0.25675317645073	65.000000000000	0.00000000000000
34.069999694824	0.19655676186085	0.25740575790405	65.000000000000	0.00000000000000
34.080001831055	0.19757518172264	0.25805470347404	65.000000000000	0.00000000000000
34.090000152588	0.19859358668327	0.25869992375374	65.000000000000	0.00000000000000
34.099998474121	0.19961191713810	0.25934150815010	65.000000000000	0.00000000000000
34.110000610352	0.20063023269176	0.25997942686081	65.000000000000	0.00000000000000
34.119998931885	0.20164851844311	0.26061373949051	65.000000000000	0.00000000000000
34.130001068115	0.20266664028168	0.26124435663223	65.000000000000	0.00000000000000
34.139999389648	0.20368480682373	0.26187136769295	65.000000000000	0.00000000000000
34.150001525879	0.20470276474953	0.26249477267265	65.000000000000	0.00000000000000
34.159999847412	0.20572061836720	0.26311454176903	65.000000000000	0.00000000000000
34.169998168945	0.20673842728138	0.26373067498207	65.000000000000	0.00000000000000
34.180000305176	0.20775608718395	0.26434326171875	65.000000000000	0.00000000000000
34.189998626709	0.20877356827259	0.26495224237442	65.000000000000	0.00000000000000
34.200000762939	0.20979094505310	0.26555761694908	65.000000000000	0.00000000000000
34.209999084473	0.21080811321735	0.26615944504738	65.000000000000	0.00000000000000
34.220001220703	0.21182513237000	0.26675766706467	65.000000000000	0.00000000000000
34.229999542236	0.21284206211567	0.26735240221024	65.000000000000	0.00000000000000
34.240001678467	0.21385869383812	0.26794359087944	65.000000000000	0.00000000000000
34.250000000000	0.21487525105476	0.26853108406067	65.000000000000	0.00000000000000
34.259998321533	0.21589149534702	0.26911517977715	65.000000000000	0.00000000000000
34.270000457764	0.21690756082535	0.26969572901726	65.000000000000	0.00000000000000
34.279998779297	0.21792335808277	0.27027276158333	65.000000000000	0.00000000000000
34.290000915527	0.21893894672394	0.27084624767303	65.000000000000	0.00000000000000
34.299999237061	0.21995426714420	0.27141624689102	65.000000000000	0.00000000000000
34.310001373291	0.22096933424473	0.27198272943497	65.000000000000	0.00000000000000
34.319999694824	0.22198411822319	0.27254575490952	65.000000000000	0.00000000000000
34.330001831055	0.22299863398075	0.27310526371002	65.000000000000	0.00000000000000
34.340000152588	0.22401285171509	0.27366134524345	65.000000000000	0.00000000000000
34.349998474121	0.22502690553665	0.27421385049820	65.000000000000	0.00000000000000
34.360000610352	0.22604034841061	0.27476310729980	65.000000000000	0.00000000000000
34.369998931885	0.22705371677876	0.27530869841576	65.000000000000	0.00000000000000
34.380001068115	0.22806678712368	0.27585089206696	65.000000000000	0.00000000000000
34.389999389648	0.22907933592796	0.27638974785805	65.000000000000	0.00000000000000
34.400001525879	0.23009163141251	0.27692508697510	65.000000000000	0.00000000000000
34.409999847412	0.23110356926918	0.27745702862740	65.000000000000	0.00000000000000
34.419998168945	0.23211508989334	0.27798554301262	65.000000000000	0.00000000000000
34.430000305176	0.23312635719776	0.27851057052612	65.000000000000	0.00000000000000
34.439998626709	0.23413722217083	0.27903226017952	65.000000000000	0.00000000000000
34.450000762939	0.23514762520790	0.27955055236816	65.000000000000	0.00000000000000
34.459999084473	0.23615761101246	0.28006547689438	65.000000000000	0.00000000000000
34.470001220703	0.23716723918915	0.28057694435120	65.000000000000	0.00000000000000
34.479999542236	0.23817630112171	0.28108516335487	65.000000000000	0.00000000000000
34.490001678467	0.23918515443802	0.28158986568451	65.000000000000	0.00000000000000
34.500000000000	0.24019335210323	0.28209131956100	65.000000000000	0.00000000000000
34.509998321533	0.24120108783245	0.28258946537971	65.000000000000	0.00000000000000
34.520000457764	0.24220857024193	0.28308406472206	65.000000000000	0.00000000000000
34.529998779297	0.24321538209915	0.28357547521591	65.000000000000	0.00000000000000
34.540000915527	0.24422194063663	0.28406336903572	65.000000000000	0.00000000000000
34.549999237061	0.24522779881954	0.28454810380936	65.000000000000	0.00000000000000
34.560001373291	0.24623309075832	0.28502956032753	65.000000000000	0.00000000000000
34.569999694824	0.24723799526691	0.28550764918327	65.000000000000	0.00000000000000
34.580001831055	0.24824225902557	0.28598245978355	65.000000000000	0.00000000000000
34.590000152588	0.24924609065056	0.28645390272141	65.000000000000	0.00000000000000
34.599998474121	0.25024944543839	0.28692197799683	65.000000000000	0.00000000000000
34.610000610352	0.25125220417976	0.28738680481911	65.000000000000	0.00000000000000
34.619998931885	0.25225430727005	0.28784841299057	65.000000000000	0.00000000000000
34.630001068115	0.25325593352318	0.28830671310425	65.000000000000	0.00000000000000
34.639999389648	0.25425687432289	0.28876176476479	65.000000000000	0.00000000000000
34.650001525879	0.25525727868080	0.28921353816986	65.000000000000	0.00000000000000
34.659999847412	0.25625711679459	0.28966206312180	65.000000000000	0.00000000000000
34.669998168945	0.25725632905960	0.29010730981827	65.000000000000	0.00000000000000
34.680000305176	0.25825488567352	0.29054933786392	65.000000000000	0.00000000000000
34.689998626709	0.25925281643867	0.29098814725876	65.000000000000	0.00000000000000
34.700000762939	0.26025000214577	0.29142370820045	65.000000000000	0.00000000000000
34.709999084473	0.26124662160873	0.29185605049133	65.000000000000	0.00000000000000
34.720001220703	0.26224261522293	0.29228517413139	65.000000000000	0.00000000000000
34.729999542236	0.26323789358139	0.29271107912064	65.000000000000	0.00000000000000
34.740001678467	0.26423248648643	0.29313382506371	65.000000000000	0.00000000000000
34.750000000000	0.26522633433342	0.29355329275131	65.000000000000	0.00000000000000
34.759998321533	0.26621952652931	0.29396963119507	65.000000000000	0.00000000000000
34.770000457764	0.26721203327179	0.29438278079033	65.000000000000	0.00000000000000
34.779998779297	0.26820373535156	0.29479274153709	65.000000000000	0.00000000000000
34.790000915527	0.26919472217560	0.29519954323769	65.000000000000	0.00000000000000
34.799999237061	0.27018496394157	0.29560321569443	65.000000000000	0.00000000000000
34.810001373291	0.27117443084717	0.29600366950035	65.000000000000	0.00000000000000
34.819999694824	0.27216312289238	0.29640102386475	65.000000000000	0.00000000000000
34.830001831055	0.27315101027489	0.29679518938065	65.000000000000	0.00000000000000
34.840000152588	0.27413815259933	0.29718625545502	65.000000000000	0.00000000000000
34.849998474121	0.27512446045876	0.29757419228554	65.000000000000	0.00000000000000
34.860000610352	0.27610993385315	0.29795899987221	65.000000000000	0.00000000000000
34.869998931885	0.27709460258484	0.29834070801735	65.000000000000	0.00000000000000
34.880001068115	0.27807843685150	0.29871928691864	65.000000000000	0.00000000000000
34.889999389648	0.27906143665314	0.29909476637840	65.000000000000	0.00000000000000
34.900001525879	0.28004348278046	0.29946717619896	65.000000000000	0.00000000000000
34.909999847412	0.28102469444275	0.29983651638031	65.000000000000	0.00000000000000
34.919998168945	0.28200507164001	0.30020275712013	65.000000000000	0.00000000000000
34.930000305176	0.28298455476761	0.30056592822075	65.000000000000	0.00000000000000
34.939998626709	0.28396311402321	0.30092599987984	65.000000000000	0.00000000000000
34.950000762939	0.28494071960449	0.30128306150436	65.000000000000	0.00000000000000
34.959999084473	0.28591737151146	0.30163708329201	65.000000000000	0.00000000000000
34.970001220703	0.28689315915108	0.30198806524277	65.000000000000	0.00000000000000
34.979999542236	0.28786796331406	0.30233597755432	65.000000000000	0.00000000000000
34.990001678467	0.28884181380272	0.30268090963364	65.000000000000	0.00000000000000
35.000000000000	0.28981465101242	0.30302280187607	65.000000000000	0.00000000000000
