#Parameters = {d=0.19660804020101; l2=3.9321608040201; lambda=7.8643216080402; r=0.026494899497487}
#"Frequency / GHz"	"S1,1 (lambda=7.86432) [Re]"	"S1,1 (lambda=7.86432) [Im]"	"Ref.Imp. [Re]"	"Ref.Imp. [Im]"
#-----------------------------------------------------------------------------------------------------------
25.000000000000	0.73988425731659	-0.54832184314728	65.000000000000	0.00000000000000
25.010000228882	0.73930835723877	-0.54869353771210	65.000000000000	0.00000000000000
25.020000457764	0.73873114585876	-0.54906499385834	65.000000000000	0.00000000000000
25.030000686646	0.73815256357193	-0.54943645000458	65.000000000000	0.00000000000000
25.040000915527	0.73757255077362	-0.54980784654617	65.000000000000	0.00000000000000
25.049999237061	0.73699116706848	-0.55017894506454	65.000000000000	0.00000000000000
25.059999465942	0.73640841245651	-0.55055016279221	65.000000000000	0.00000000000000
25.069999694824	0.73582422733307	-0.55092114210129	65.000000000000	0.00000000000000
25.079999923706	0.73523879051208	-0.55129206180573	65.000000000000	0.00000000000000
25.090000152588	0.73465192317963	-0.55166286230087	65.000000000000	0.00000000000000
25.100000381470	0.73406350612640	-0.55203348398209	65.000000000000	0.00000000000000
25.110000610352	0.73347371816635	-0.55240398645401	65.000000000000	0.00000000000000
25.120000839233	0.73288249969482	-0.55277442932129	65.000000000000	0.00000000000000
25.129999160767	0.73228991031647	-0.55314463376999	65.000000000000	0.00000000000000
25.139999389648	0.73169589042664	-0.55351483821869	65.000000000000	0.00000000000000
25.149999618530	0.73110044002533	-0.55388480424881	65.000000000000	0.00000000000000
25.159999847412	0.73050355911255	-0.55425465106964	65.000000000000	0.00000000000000
25.170000076294	0.72990518808365	-0.55462431907654	65.000000000000	0.00000000000000
25.180000305176	0.72930526733398	-0.55499386787415	65.000000000000	0.00000000000000
25.190000534058	0.72870415449142	-0.55536329746246	65.000000000000	0.00000000000000
25.200000762939	0.72810137271881	-0.55573248863220	65.000000000000	0.00000000000000
25.209999084473	0.72749710083008	-0.55610150098801	65.000000000000	0.00000000000000
25.219999313354	0.72689145803452	-0.55647039413452	65.000000000000	0.00000000000000
25.229999542236	0.72628432512283	-0.55683910846710	65.000000000000	0.00000000000000
25.239999771118	0.72567570209503	-0.55720758438110	65.000000000000	0.00000000000000
25.250000000000	0.72506546974182	-0.55757588148117	65.000000000000	0.00000000000000
25.260000228882	0.72445398569107	-0.55794399976730	65.000000000000	0.00000000000000
25.270000457764	0.72384083271027	-0.55831187963486	65.000000000000	0.00000000000000
25.280000686646	0.72322607040405	-0.55867964029312	65.000000000000	0.00000000000000
25.290000915527	0.72260999679565	-0.55904710292816	65.000000000000	0.00000000000000
25.299999237061	0.72199231386185	-0.55941432714462	65.000000000000	0.00000000000000
25.309999465942	0.72137331962585	-0.55978143215179	65.000000000000	0.00000000000000
25.319999694824	0.72075259685516	-0.56014829874039	65.000000000000	0.00000000000000
25.329999923706	0.72013032436371	-0.56051492691040	65.000000000000	0.00000000000000
25.340000152588	0.71950662136078	-0.56088125705719	65.000000000000	0.00000000000000
25.350000381470	0.71888130903244	-0.56124734878540	65.000000000000	0.00000000000000
25.360000610352	0.71825444698334	-0.56161326169968	65.000000000000	0.00000000000000
25.370000839233	0.71762609481812	-0.56197887659073	65.000000000000	0.00000000000000
25.379999160767	0.71699619293213	-0.56234425306320	65.000000000000	0.00000000000000
25.389999389648	0.71636468172073	-0.56270939111710	65.000000000000	0.00000000000000
25.399999618530	0.71573168039322	-0.56307411193848	65.000000000000	0.00000000000000
25.409999847412	0.71509706974030	-0.56343871355057	65.000000000000	0.00000000000000
25.420000076294	0.71446096897125	-0.56380307674408	65.000000000000	0.00000000000000
25.430000305176	0.71382325887680	-0.56416696310043	65.000000000000	0.00000000000000
25.440000534058	0.71318393945694	-0.56453073024750	65.000000000000	0.00000000000000
25.450000762939	0.71254307031631	-0.56489413976669	65.000000000000	0.00000000000000
25.459999084473	0.71190047264099	-0.56525719165802	65.000000000000	0.00000000000000
25.469999313354	0.71125656366348	-0.56561994552612	65.000000000000	0.00000000000000
25.479999542236	0.71061098575592	-0.56598252058029	65.000000000000	0.00000000000000
25.489999771118	0.70996379852295	-0.56634455919266	65.000000000000	0.00000000000000
25.500000000000	0.70931494235992	-0.56670641899109	65.000000000000	0.00000000000000
25.510000228882	0.70866441726685	-0.56706792116165	65.000000000000	0.00000000000000
25.520000457764	0.70801216363907	-0.56742930412292	65.000000000000	0.00000000000000
25.530000686646	0.70735883712769	-0.56778979301453	65.000000000000	0.00000000000000
25.540000915527	0.70670318603516	-0.56815057992935	65.000000000000	0.00000000000000
25.549999237061	0.70604676008224	-0.56851023435593	65.000000000000	0.00000000000000
25.559999465942	0.70538794994354	-0.56887024641037	65.000000000000	0.00000000000000
25.569999694824	0.70472782850266	-0.56922960281372	65.000000000000	0.00000000000000
25.579999923706	0.70406621694565	-0.56958836317062	65.000000000000	0.00000000000000
25.590000152588	0.70340263843536	-0.56994718313217	65.000000000000	0.00000000000000
25.600000381470	0.70273756980896	-0.57030534744263	65.000000000000	0.00000000000000
25.610000610352	0.70207089185715	-0.57066327333450	65.000000000000	0.00000000000000
25.620000839233	0.70140242576599	-0.57102084159851	65.000000000000	0.00000000000000
25.629999160767	0.70073252916336	-0.57137775421143	65.000000000000	0.00000000000000
25.639999389648	0.70006090402603	-0.57173436880112	65.000000000000	0.00000000000000
25.649999618530	0.69938755035400	-0.57209056615829	65.000000000000	0.00000000000000
25.659999847412	0.69871246814728	-0.57244652509689	65.000000000000	0.00000000000000
25.670000076294	0.69803595542908	-0.57280176877975	65.000000000000	0.00000000000000
25.680000305176	0.69735795259476	-0.57315635681152	65.000000000000	0.00000000000000
25.690000534058	0.69667798280716	-0.57351088523865	65.000000000000	0.00000000000000
25.700000762939	0.69599622488022	-0.57386511564255	65.000000000000	0.00000000000000
25.709999084473	0.69531303644180	-0.57421851158142	65.000000000000	0.00000000000000
25.719999313354	0.69462805986404	-0.57457160949707	65.000000000000	0.00000000000000
25.729999542236	0.69394141435623	-0.57492434978485	65.000000000000	0.00000000000000
25.739999771118	0.69325321912766	-0.57527625560760	65.000000000000	0.00000000000000
25.750000000000	0.69256305694580	-0.57562816143036	65.000000000000	0.00000000000000
25.760000228882	0.69187158346176	-0.57597893476486	65.000000000000	0.00000000000000
25.770000457764	0.69117796421051	-0.57633006572723	65.000000000000	0.00000000000000
25.780000686646	0.69048279523849	-0.57668030261993	65.000000000000	0.00000000000000
25.790000915527	0.68978607654572	-0.57702976465225	65.000000000000	0.00000000000000
25.799999237061	0.68908751010895	-0.57737898826599	65.000000000000	0.00000000000000
25.809999465942	0.68838739395142	-0.57772761583328	65.000000000000	0.00000000000000
25.819999694824	0.68768554925919	-0.57807576656342	65.000000000000	0.00000000000000
25.829999923706	0.68698191642761	-0.57842338085175	65.000000000000	0.00000000000000
25.840000152588	0.68627667427063	-0.57877039909363	65.000000000000	0.00000000000000
25.850000381470	0.68556952476501	-0.57911694049835	65.000000000000	0.00000000000000
25.860000610352	0.68486094474792	-0.57946294546127	65.000000000000	0.00000000000000
25.870000839233	0.68415039777756	-0.57980829477310	65.000000000000	0.00000000000000
25.879999160767	0.68343824148178	-0.58015322685242	65.000000000000	0.00000000000000
25.889999389648	0.68272429704666	-0.58049738407135	65.000000000000	0.00000000000000
25.899999618530	0.68200874328613	-0.58084112405777	65.000000000000	0.00000000000000
25.909999847412	0.68129134178162	-0.58118426799774	65.000000000000	0.00000000000000
25.920000076294	0.68057221174240	-0.58152669668198	65.000000000000	0.00000000000000
25.930000305176	0.67985141277313	-0.58186864852905	65.000000000000	0.00000000000000
25.940000534058	0.67912882566452	-0.58220994472504	65.000000000000	0.00000000000000
25.950000762939	0.67840462923050	-0.58255064487457	65.000000000000	0.00000000000000
25.959999084473	0.67767858505249	-0.58289080858231	65.000000000000	0.00000000000000
25.969999313354	0.67695081233978	-0.58323025703430	65.000000000000	0.00000000000000
25.979999542236	0.67622113227844	-0.58356904983521	65.000000000000	0.00000000000000
25.989999771118	0.67548984289169	-0.58390730619431	65.000000000000	0.00000000000000
26.000000000000	0.67475676536560	-0.58424484729767	65.000000000000	0.00000000000000
26.010000228882	0.67402207851410	-0.58458173274994	65.000000000000	0.00000000000000
26.020000457764	0.67328560352325	-0.58491796255112	65.000000000000	0.00000000000000
26.030000686646	0.67254728078842	-0.58525359630585	65.000000000000	0.00000000000000
26.040000915527	0.67180722951889	-0.58558845520020	65.000000000000	0.00000000000000
26.049999237061	0.67106544971466	-0.58592271804810	65.000000000000	0.00000000000000
26.059999465942	0.67032188177109	-0.58625632524490	65.000000000000	0.00000000000000
26.069999694824	0.66957646608353	-0.58658921718597	65.000000000000	0.00000000000000
26.079999923706	0.66882938146591	-0.58692139387131	65.000000000000	0.00000000000000
26.090000152588	0.66808050870895	-0.58725285530090	65.000000000000	0.00000000000000
26.100000381470	0.66732978820801	-0.58758360147476	65.000000000000	0.00000000000000
26.110000610352	0.66657739877701	-0.58791363239288	65.000000000000	0.00000000000000
26.120000839233	0.66582328081131	-0.58824300765991	65.000000000000	0.00000000000000
26.129999160767	0.66506731510162	-0.58857160806656	65.000000000000	0.00000000000000
26.139999389648	0.66430944204330	-0.58889943361282	65.000000000000	0.00000000000000
26.149999618530	0.66354995965958	-0.58922654390335	65.000000000000	0.00000000000000
26.159999847412	0.66278862953186	-0.58955287933350	65.000000000000	0.00000000000000
26.170000076294	0.66202551126480	-0.58987849950790	65.000000000000	0.00000000000000
26.180000305176	0.66126060485840	-0.59020346403122	65.000000000000	0.00000000000000
26.190000534058	0.66049385070801	-0.59052753448486	65.000000000000	0.00000000000000
26.200000762939	0.65972536802292	-0.59085083007813	65.000000000000	0.00000000000000
26.209999084473	0.65895509719849	-0.59117335081100	65.000000000000	0.00000000000000
26.219999313354	0.65818309783936	-0.59149509668350	65.000000000000	0.00000000000000
26.229999542236	0.65740913152695	-0.59181606769562	65.000000000000	0.00000000000000
26.239999771118	0.65663355588913	-0.59213620424271	65.000000000000	0.00000000000000
26.250000000000	0.65585607290268	-0.59245550632477	65.000000000000	0.00000000000000
26.260000228882	0.65507680177689	-0.59277403354645	65.000000000000	0.00000000000000
26.270000457764	0.65429574251175	-0.59309172630310	65.000000000000	0.00000000000000
26.280000686646	0.65351283550262	-0.59340852499008	65.000000000000	0.00000000000000
26.290000915527	0.65272808074951	-0.59372460842133	65.000000000000	0.00000000000000
26.299999237061	0.65194147825241	-0.59403979778290	65.000000000000	0.00000000000000
26.309999465942	0.65115320682526	-0.59435409307480	65.000000000000	0.00000000000000
26.319999694824	0.65036314725876	-0.59466761350632	65.000000000000	0.00000000000000
26.329999923706	0.64957123994827	-0.59498023986816	65.000000000000	0.00000000000000
26.340000152588	0.64877748489380	-0.59529197216034	65.000000000000	0.00000000000000
26.350000381470	0.64798188209534	-0.59560286998749	65.000000000000	0.00000000000000
26.360000610352	0.64718443155289	-0.59591281414032	65.000000000000	0.00000000000000
26.370000839233	0.64638531208038	-0.59622192382813	65.000000000000	0.00000000000000
26.379999160767	0.64558422565460	-0.59653007984161	65.000000000000	0.00000000000000
26.389999389648	0.64478141069412	-0.59683740139008	65.000000000000	0.00000000000000
26.399999618530	0.64397662878036	-0.59714376926422	65.000000000000	0.00000000000000
26.409999847412	0.64317011833191	-0.59744918346405	65.000000000000	0.00000000000000
26.420000076294	0.64236187934875	-0.59775370359421	65.000000000000	0.00000000000000
26.430000305176	0.64155173301697	-0.59805727005005	65.000000000000	0.00000000000000
26.440000534058	0.64073967933655	-0.59836000204086	65.000000000000	0.00000000000000
26.450000762939	0.63992577791214	-0.59866172075272	65.000000000000	0.00000000000000
26.459999084473	0.63911008834839	-0.59896248579025	65.000000000000	0.00000000000000
26.469999313354	0.63829261064529	-0.59926229715347	65.000000000000	0.00000000000000
26.479999542236	0.63747322559357	-0.59956109523773	65.000000000000	0.00000000000000
26.489999771118	0.63665211200714	-0.59985893964767	65.000000000000	0.00000000000000
26.500000000000	0.63582903146744	-0.60015583038330	65.000000000000	0.00000000000000
26.510000228882	0.63500422239304	-0.60045176744461	65.000000000000	0.00000000000000
26.520000457764	0.63417744636536	-0.60074663162231	65.000000000000	0.00000000000000
26.530000686646	0.63334876298904	-0.60104048252106	65.000000000000	0.00000000000000
26.540000915527	0.63251835107803	-0.60133343935013	65.000000000000	0.00000000000000
26.549999237061	0.63168615102768	-0.60162520408630	65.000000000000	0.00000000000000
26.559999465942	0.63085204362869	-0.60191607475281	65.000000000000	0.00000000000000
26.569999694824	0.63001614809036	-0.60220587253571	65.000000000000	0.00000000000000
26.579999923706	0.62917822599411	-0.60249471664429	65.000000000000	0.00000000000000
26.590000152588	0.62833857536316	-0.60278236865997	65.000000000000	0.00000000000000
26.600000381470	0.62749701738358	-0.60306906700134	65.000000000000	0.00000000000000
26.610000610352	0.62665367126465	-0.60335463285446	65.000000000000	0.00000000000000
26.620000839233	0.62580829858780	-0.60363924503326	65.000000000000	0.00000000000000
26.629999160767	0.62496131658554	-0.60392266511917	65.000000000000	0.00000000000000
26.639999389648	0.62411218881607	-0.60420507192612	65.000000000000	0.00000000000000
26.649999618530	0.62326139211655	-0.60448640584946	65.000000000000	0.00000000000000
26.659999847412	0.62240874767303	-0.60476654767990	65.000000000000	0.00000000000000
26.670000076294	0.62155413627625	-0.60504573583603	65.000000000000	0.00000000000000
26.680000305176	0.62069773674011	-0.60532367229462	65.000000000000	0.00000000000000
26.690000534058	0.61983948945999	-0.60560053586960	65.000000000000	0.00000000000000
26.700000762939	0.61897927522659	-0.60587632656097	65.000000000000	0.00000000000000
26.709999084473	0.61811721324921	-0.60615086555481	65.000000000000	0.00000000000000
26.719999313354	0.61725324392319	-0.60642433166504	65.000000000000	0.00000000000000
26.729999542236	0.61638754606247	-0.60669672489166	65.000000000000	0.00000000000000
26.739999771118	0.61551982164383	-0.60696786642075	65.000000000000	0.00000000000000
26.750000000000	0.61465030908585	-0.60723787546158	65.000000000000	0.00000000000000
26.760000228882	0.61377882957458	-0.60750675201416	65.000000000000	0.00000000000000
26.770000457764	0.61290562152863	-0.60777437686920	65.000000000000	0.00000000000000
26.780000686646	0.61203038692474	-0.60804086923599	65.000000000000	0.00000000000000
26.790000915527	0.61115342378616	-0.60830610990524	65.000000000000	0.00000000000000
26.799999237061	0.61027437448502	-0.60857021808624	65.000000000000	0.00000000000000
26.809999465942	0.60939365625381	-0.60883313417435	65.000000000000	0.00000000000000
26.819999694824	0.60851079225540	-0.60909479856491	65.000000000000	0.00000000000000
26.829999923706	0.60762625932693	-0.60935515165329	65.000000000000	0.00000000000000
26.840000152588	0.60673969984055	-0.60961443185806	65.000000000000	0.00000000000000
26.850000381470	0.60585135221481	-0.60987240076065	65.000000000000	0.00000000000000
26.860000610352	0.60496115684509	-0.61012911796570	65.000000000000	0.00000000000000
26.870000839233	0.60406893491745	-0.61038458347321	65.000000000000	0.00000000000000
26.879999160767	0.60317486524582	-0.61063873767853	65.000000000000	0.00000000000000
26.889999389648	0.60227906703949	-0.61089169979095	65.000000000000	0.00000000000000
26.899999618530	0.60138118267059	-0.61114335060120	65.000000000000	0.00000000000000
26.909999847412	0.60048133134842	-0.61139369010925	65.000000000000	0.00000000000000
26.920000076294	0.59957963228226	-0.61164277791977	65.000000000000	0.00000000000000
26.930000305176	0.59867626428604	-0.61189055442810	65.000000000000	0.00000000000000
26.940000534058	0.59777081012726	-0.61213701963425	65.000000000000	0.00000000000000
26.950000762939	0.59686350822449	-0.61238217353821	65.000000000000	0.00000000000000
26.959999084473	0.59595417976379	-0.61262595653534	65.000000000000	0.00000000000000
26.969999313354	0.59504300355911	-0.61286842823029	65.000000000000	0.00000000000000
26.979999542236	0.59413009881973	-0.61310958862305	65.000000000000	0.00000000000000
26.989999771118	0.59321510791779	-0.61334937810898	65.000000000000	0.00000000000000
27.000000000000	0.59229820966721	-0.61358779668808	65.000000000000	0.00000000000000
27.010000228882	0.59137958288193	-0.61382484436035	65.000000000000	0.00000000000000
27.020000457764	0.59045881032944	-0.61406058073044	65.000000000000	0.00000000000000
27.030000686646	0.58953630924225	-0.61429482698441	65.000000000000	0.00000000000000
27.040000915527	0.58861178159714	-0.61452782154083	65.000000000000	0.00000000000000
27.049999237061	0.58768540620804	-0.61475932598114	65.000000000000	0.00000000000000
27.059999465942	0.58675706386566	-0.61498939990997	65.000000000000	0.00000000000000
27.069999694824	0.58582693338394	-0.61521810293198	65.000000000000	0.00000000000000
27.079999923706	0.58489477634430	-0.61544537544250	65.000000000000	0.00000000000000
27.090000152588	0.58396077156067	-0.61567121744156	65.000000000000	0.00000000000000
27.100000381470	0.58302485942841	-0.61589556932449	65.000000000000	0.00000000000000
27.110000610352	0.58208680152893	-0.61611855030060	65.000000000000	0.00000000000000
27.120000839233	0.58114713430405	-0.61634004116058	65.000000000000	0.00000000000000
27.129999160767	0.58020544052124	-0.61655998229980	65.000000000000	0.00000000000000
27.139999389648	0.57926172018051	-0.61677855253220	65.000000000000	0.00000000000000
27.149999618530	0.57831633090973	-0.61699563264847	65.000000000000	0.00000000000000
27.159999847412	0.57736885547638	-0.61721116304398	65.000000000000	0.00000000000000
27.170000076294	0.57641947269440	-0.61742526292801	65.000000000000	0.00000000000000
27.180000305176	0.57546806335449	-0.61763775348663	65.000000000000	0.00000000000000
27.190000534058	0.57451492547989	-0.61784875392914	65.000000000000	0.00000000000000
27.200000762939	0.57355976104736	-0.61805832386017	65.000000000000	0.00000000000000
27.209999084473	0.57260268926620	-0.61826628446579	65.000000000000	0.00000000000000
27.219999313354	0.57164376974106	-0.61847263574600	65.000000000000	0.00000000000000
27.229999542236	0.57068276405334	-0.61867749691010	65.000000000000	0.00000000000000
27.239999771118	0.56971991062164	-0.61888080835342	65.000000000000	0.00000000000000
27.250000000000	0.56875520944595	-0.61908257007599	65.000000000000	0.00000000000000
27.260000228882	0.56778860092163	-0.61928260326385	65.000000000000	0.00000000000000
27.270000457764	0.56681990623474	-0.61948114633560	65.000000000000	0.00000000000000
27.280000686646	0.56584924459457	-0.61967808008194	65.000000000000	0.00000000000000
27.290000915527	0.56487685441971	-0.61987340450287	65.000000000000	0.00000000000000
27.299999237061	0.56390249729156	-0.62006717920303	65.000000000000	0.00000000000000
27.309999465942	0.56292611360550	-0.62025922536850	65.000000000000	0.00000000000000
27.319999694824	0.56194788217545	-0.62044966220856	65.000000000000	0.00000000000000
27.329999923706	0.56096780300140	-0.62063843011856	65.000000000000	0.00000000000000
27.340000152588	0.55998563766479	-0.62082558870316	65.000000000000	0.00000000000000
27.350000381470	0.55900156497955	-0.62101107835770	65.000000000000	0.00000000000000
27.360000610352	0.55801564455032	-0.62119489908218	65.000000000000	0.00000000000000
27.370000839233	0.55702763795853	-0.62137699127197	65.000000000000	0.00000000000000
27.379999160767	0.55603784322739	-0.62155735492706	65.000000000000	0.00000000000000
27.389999389648	0.55504596233368	-0.62173604965210	65.000000000000	0.00000000000000
27.399999618530	0.55405235290527	-0.62191301584244	65.000000000000	0.00000000000000
27.409999847412	0.55305683612823	-0.62208831310272	65.000000000000	0.00000000000000
27.420000076294	0.55205923318863	-0.62226182222366	65.000000000000	0.00000000000000
27.430000305176	0.55105978250504	-0.62243366241455	65.000000000000	0.00000000000000
27.440000534058	0.55005824565887	-0.62260365486145	65.000000000000	0.00000000000000
27.450000762939	0.54905498027802	-0.62277191877365	65.000000000000	0.00000000000000
27.459999084473	0.54804962873459	-0.62293845415115	65.000000000000	0.00000000000000
27.469999313354	0.54704254865646	-0.62310320138931	65.000000000000	0.00000000000000
27.479999542236	0.54603332281113	-0.62326604127884	65.000000000000	0.00000000000000
27.489999771118	0.54502224922180	-0.62342715263367	65.000000000000	0.00000000000000
27.500000000000	0.54400938749313	-0.62358653545380	65.000000000000	0.00000000000000
27.510000228882	0.54299443960190	-0.62374395132065	65.000000000000	0.00000000000000
27.520000457764	0.54197740554810	-0.62389957904816	65.000000000000	0.00000000000000
27.530000686646	0.54095870256424	-0.62405347824097	65.000000000000	0.00000000000000
27.540000915527	0.53993803262711	-0.62420535087585	65.000000000000	0.00000000000000
27.549999237061	0.53891533613205	-0.62435537576675	65.000000000000	0.00000000000000
27.559999465942	0.53789073228836	-0.62450367212296	65.000000000000	0.00000000000000
27.569999694824	0.53686434030533	-0.62465000152588	65.000000000000	0.00000000000000
27.579999923706	0.53583592176437	-0.62479436397552	65.000000000000	0.00000000000000
27.590000152588	0.53480553627014	-0.62493693828583	65.000000000000	0.00000000000000
27.600000381470	0.53377330303192	-0.62507754564285	65.000000000000	0.00000000000000
27.610000610352	0.53273910284042	-0.62521624565125	65.000000000000	0.00000000000000
27.620000839233	0.53170275688171	-0.62535291910172	65.000000000000	0.00000000000000
27.629999160767	0.53066474199295	-0.62548768520355	65.000000000000	0.00000000000000
27.639999389648	0.52962481975555	-0.62562054395676	65.000000000000	0.00000000000000
27.649999618530	0.52858293056488	-0.62575137615204	65.000000000000	0.00000000000000
27.659999847412	0.52753907442093	-0.62588030099869	65.000000000000	0.00000000000000
27.670000076294	0.52649331092834	-0.62600719928741	65.000000000000	0.00000000000000
27.680000305176	0.52544569969177	-0.62613207101822	65.000000000000	0.00000000000000
27.690000534058	0.52439612150192	-0.62625491619110	65.000000000000	0.00000000000000
27.700000762939	0.52334451675415	-0.62637579441071	65.000000000000	0.00000000000000
27.709999084473	0.52229112386703	-0.62649464607239	65.000000000000	0.00000000000000
27.719999313354	0.52123576402664	-0.62661141157150	65.000000000000	0.00000000000000
27.729999542236	0.52017855644226	-0.62672615051270	65.000000000000	0.00000000000000
27.739999771118	0.51911920309067	-0.62683874368668	65.000000000000	0.00000000000000
27.750000000000	0.51805818080902	-0.62694931030273	65.000000000000	0.00000000000000
27.760000228882	0.51699507236481	-0.62705779075623	65.000000000000	0.00000000000000
27.770000457764	0.51593041419983	-0.62716418504715	65.000000000000	0.00000000000000
27.780000686646	0.51486343145370	-0.62726843357086	65.000000000000	0.00000000000000
27.790000915527	0.51379477977753	-0.62737059593201	65.000000000000	0.00000000000000
27.799999237061	0.51272416114807	-0.62747055292130	65.000000000000	0.00000000000000
27.809999465942	0.51165145635605	-0.62756848335266	65.000000000000	0.00000000000000
27.819999694824	0.51057708263397	-0.62766414880753	65.000000000000	0.00000000000000
27.829999923706	0.50950068235397	-0.62775766849518	65.000000000000	0.00000000000000
27.840000152588	0.50842249393463	-0.62784904241562	65.000000000000	0.00000000000000
27.850000381470	0.50734233856201	-0.62793815135956	65.000000000000	0.00000000000000
27.860000610352	0.50626033544540	-0.62802517414093	65.000000000000	0.00000000000000
27.870000839233	0.50517636537552	-0.62810987234116	65.000000000000	0.00000000000000
27.879999160767	0.50409048795700	-0.62819236516953	65.000000000000	0.00000000000000
27.889999389648	0.50300288200378	-0.62827265262604	65.000000000000	0.00000000000000
27.899999618530	0.50191324949265	-0.62835067510605	65.000000000000	0.00000000000000
27.909999847412	0.50082176923752	-0.62842643260956	65.000000000000	0.00000000000000
27.920000076294	0.49972835183144	-0.62849992513657	65.000000000000	0.00000000000000
27.930000305176	0.49863311648369	-0.62857109308243	65.000000000000	0.00000000000000
27.940000534058	0.49753594398499	-0.62863999605179	65.000000000000	0.00000000000000
27.950000762939	0.49643686413765	-0.62870657444000	65.000000000000	0.00000000000000
27.959999084473	0.49533593654633	-0.62877082824707	65.000000000000	0.00000000000000
27.969999313354	0.49423319101334	-0.62883281707764	65.000000000000	0.00000000000000
27.979999542236	0.49312856793404	-0.62889242172241	65.000000000000	0.00000000000000
27.989999771118	0.49202209711075	-0.62894964218140	65.000000000000	0.00000000000000
28.000000000000	0.49091380834579	-0.62900447845459	65.000000000000	0.00000000000000
28.010000228882	0.48980346322060	-0.62905687093735	65.000000000000	0.00000000000000
28.020000457764	0.48869138956070	-0.62910705804825	65.000000000000	0.00000000000000
28.030000686646	0.48757752776146	-0.62915468215942	65.000000000000	0.00000000000000
28.040000915527	0.48646166920662	-0.62919998168945	65.000000000000	0.00000000000000
28.049999237061	0.48534405231476	-0.62924283742905	65.000000000000	0.00000000000000
28.059999465942	0.48422449827194	-0.62928313016891	65.000000000000	0.00000000000000
28.069999694824	0.48310321569443	-0.62932103872299	65.000000000000	0.00000000000000
28.079999923706	0.48198005557060	-0.62935656309128	65.000000000000	0.00000000000000
28.090000152588	0.48085492849350	-0.62938952445984	65.000000000000	0.00000000000000
28.100000381470	0.47972816228867	-0.62941998243332	65.000000000000	0.00000000000000
28.110000610352	0.47859942913055	-0.62944799661636	65.000000000000	0.00000000000000
28.120000839233	0.47746893763542	-0.62947344779968	65.000000000000	0.00000000000000
28.129999160767	0.47633659839630	-0.62949639558792	65.000000000000	0.00000000000000
28.139999389648	0.47520241141319	-0.62951678037643	65.000000000000	0.00000000000000
28.149999618530	0.47406637668610	-0.62953460216522	65.000000000000	0.00000000000000
28.159999847412	0.47292867302895	-0.62954980134964	65.000000000000	0.00000000000000
28.170000076294	0.47178915143013	-0.62956255674362	65.000000000000	0.00000000000000
28.180000305176	0.47064769268036	-0.62957268953323	65.000000000000	0.00000000000000
28.190000534058	0.46950450539589	-0.62958014011383	65.000000000000	0.00000000000000
28.200000762939	0.46835947036743	-0.62958502769470	65.000000000000	0.00000000000000
28.209999084473	0.46721291542053	-0.62958711385727	65.000000000000	0.00000000000000
28.219999313354	0.46606394648552	-0.62958699464798	65.000000000000	0.00000000000000
28.229999542236	0.46491378545761	-0.62958371639252	65.000000000000	0.00000000000000
28.239999771118	0.46376177668571	-0.62957787513733	65.000000000000	0.00000000000000
28.250000000000	0.46260774135590	-0.62956959009171	65.000000000000	0.00000000000000
28.260000228882	0.46145212650299	-0.62955832481384	65.000000000000	0.00000000000000
28.270000457764	0.46029448509216	-0.62954461574554	65.000000000000	0.00000000000000
28.280000686646	0.45913538336754	-0.62952798604965	65.000000000000	0.00000000000000
28.290000915527	0.45797422528267	-0.62950891256332	65.000000000000	0.00000000000000
28.299999237061	0.45681184530258	-0.62948656082153	65.000000000000	0.00000000000000
28.309999465942	0.45564714074135	-0.62946194410324	65.000000000000	0.00000000000000
28.319999694824	0.45448067784309	-0.62943446636200	65.000000000000	0.00000000000000
28.329999923706	0.45331275463104	-0.62940412759781	65.000000000000	0.00000000000000
28.340000152588	0.45214343070984	-0.62937074899673	65.000000000000	0.00000000000000
28.350000381470	0.45097202062607	-0.62933468818665	65.000000000000	0.00000000000000
28.360000610352	0.44979858398438	-0.62929612398148	65.000000000000	0.00000000000000
28.370000839233	0.44862404465675	-0.62925428152084	65.000000000000	0.00000000000000
28.379999160767	0.44744718074799	-0.62920993566513	65.000000000000	0.00000000000000
28.389999389648	0.44626924395561	-0.62916243076324	65.000000000000	0.00000000000000
28.399999618530	0.44508925080299	-0.62911218404770	65.000000000000	0.00000000000000
28.409999847412	0.44390729069710	-0.62905919551849	65.000000000000	0.00000000000000
28.420000076294	0.44272395968437	-0.62900322675705	65.000000000000	0.00000000000000
28.430000305176	0.44153919816017	-0.62894403934479	65.000000000000	0.00000000000000
28.440000534058	0.44035246968269	-0.62888211011887	65.000000000000	0.00000000000000
28.450000762939	0.43916413187981	-0.62881731987000	65.000000000000	0.00000000000000
28.459999084473	0.43797376751900	-0.62874972820282	65.000000000000	0.00000000000000
28.469999313354	0.43678206205368	-0.62867891788483	65.000000000000	0.00000000000000
28.479999542236	0.43558901548386	-0.62860494852066	65.000000000000	0.00000000000000
28.489999771118	0.43439403176308	-0.62852817773819	65.000000000000	0.00000000000000
28.500000000000	0.43319746851921	-0.62844842672348	65.000000000000	0.00000000000000
28.510000228882	0.43199917674065	-0.62836557626724	65.000000000000	0.00000000000000
28.520000457764	0.43079933524132	-0.62827968597412	65.000000000000	0.00000000000000
28.530000686646	0.42959788441658	-0.62819081544876	65.000000000000	0.00000000000000
28.540000915527	0.42839482426643	-0.62809884548187	65.000000000000	0.00000000000000
28.549999237061	0.42718985676765	-0.62800395488739	65.000000000000	0.00000000000000
28.559999465942	0.42598357796669	-0.62790572643280	65.000000000000	0.00000000000000
28.569999694824	0.42477577924728	-0.62780445814133	65.000000000000	0.00000000000000
28.579999923706	0.42356640100479	-0.62770009040833	65.000000000000	0.00000000000000
28.590000152588	0.42235511541367	-0.62759262323380	65.000000000000	0.00000000000000
28.600000381470	0.42114263772964	-0.62748193740845	65.000000000000	0.00000000000000
28.610000610352	0.41992840170860	-0.62736809253693	65.000000000000	0.00000000000000
28.620000839233	0.41871267557144	-0.62725108861923	65.000000000000	0.00000000000000
28.629999160767	0.41749554872513	-0.62713086605072	65.000000000000	0.00000000000000
28.639999389648	0.41627660393715	-0.62700754404068	65.000000000000	0.00000000000000
28.649999618530	0.41505628824234	-0.62688094377518	65.000000000000	0.00000000000000
28.659999847412	0.41383448243141	-0.62675106525421	65.000000000000	0.00000000000000
28.670000076294	0.41261115670204	-0.62661802768707	65.000000000000	0.00000000000000
28.680000305176	0.41138640046120	-0.62648171186447	65.000000000000	0.00000000000000
28.690000534058	0.41015997529030	-0.62634211778641	65.000000000000	0.00000000000000
28.700000762939	0.40893206000328	-0.62619924545288	65.000000000000	0.00000000000000
28.709999084473	0.40770286321640	-0.62605303525925	65.000000000000	0.00000000000000
28.719999313354	0.40647202730179	-0.62590354681015	65.000000000000	0.00000000000000
28.729999542236	0.40523993968964	-0.62575066089630	65.000000000000	0.00000000000000
28.739999771118	0.40400615334511	-0.62559455633163	65.000000000000	0.00000000000000
28.750000000000	0.40277105569839	-0.62543505430222	65.000000000000	0.00000000000000
28.760000228882	0.40153452754021	-0.62527221441269	65.000000000000	0.00000000000000
28.770000457764	0.40029644966125	-0.62510591745377	65.000000000000	0.00000000000000
28.780000686646	0.39905714988708	-0.62493628263474	65.000000000000	0.00000000000000
28.790000915527	0.39781647920609	-0.62476319074631	65.000000000000	0.00000000000000
28.799999237061	0.39657413959503	-0.62458676099777	65.000000000000	0.00000000000000
28.809999465942	0.39533069729805	-0.62440687417984	65.000000000000	0.00000000000000
28.819999694824	0.39408576488495	-0.62422353029251	65.000000000000	0.00000000000000
28.829999923706	0.39283946156502	-0.62403672933578	65.000000000000	0.00000000000000
28.840000152588	0.39159172773361	-0.62384647130966	65.000000000000	0.00000000000000
28.850000381470	0.39034262299538	-0.62365275621414	65.000000000000	0.00000000000000
28.860000610352	0.38909235596657	-0.62345546483994	65.000000000000	0.00000000000000
28.870000839233	0.38784080743790	-0.62325465679169	65.000000000000	0.00000000000000
28.879999160767	0.38658779859543	-0.62305039167404	65.000000000000	0.00000000000000
28.889999389648	0.38533347845078	-0.62284249067307	65.000000000000	0.00000000000000
28.899999618530	0.38407793641090	-0.62263113260269	65.000000000000	0.00000000000000
28.909999847412	0.38282114267349	-0.62241607904434	65.000000000000	0.00000000000000
28.920000076294	0.38156294822693	-0.62219756841660	65.000000000000	0.00000000000000
28.930000305176	0.38030347228050	-0.62197542190552	65.000000000000	0.00000000000000
28.940000534058	0.37904295325279	-0.62174975872040	65.000000000000	0.00000000000000
28.950000762939	0.37778100371361	-0.62152034044266	65.000000000000	0.00000000000000
28.959999084473	0.37651792168617	-0.62128734588623	65.000000000000	0.00000000000000
28.969999313354	0.37525361776352	-0.62105071544647	65.000000000000	0.00000000000000
28.979999542236	0.37398812174797	-0.62081038951874	65.000000000000	0.00000000000000
28.989999771118	0.37272131443024	-0.62056642770767	65.000000000000	0.00000000000000
29.000000000000	0.37145349383354	-0.62031871080399	65.000000000000	0.00000000000000
29.010000228882	0.37018454074860	-0.62006741762161	65.000000000000	0.00000000000000
29.020000457764	0.36891427636147	-0.61981230974197	65.000000000000	0.00000000000000
29.030000686646	0.36764287948608	-0.61955350637436	65.000000000000	0.00000000000000
29.040000915527	0.36637035012245	-0.61929100751877	65.000000000000	0.00000000000000
29.049999237061	0.36509674787521	-0.61902469396591	65.000000000000	0.00000000000000
29.059999465942	0.36382204294205	-0.61875462532043	65.000000000000	0.00000000000000
29.069999694824	0.36254614591599	-0.61848074197769	65.000000000000	0.00000000000000
29.079999923706	0.36126917600632	-0.61820316314697	65.000000000000	0.00000000000000
29.090000152588	0.35999125242233	-0.61792171001434	65.000000000000	0.00000000000000
29.100000381470	0.35871231555939	-0.61763644218445	65.000000000000	0.00000000000000
29.110000610352	0.35743206739426	-0.61734735965729	65.000000000000	0.00000000000000
29.120000839233	0.35615107417107	-0.61705446243286	65.000000000000	0.00000000000000
29.129999160767	0.35486879944801	-0.61675769090652	65.000000000000	0.00000000000000
29.139999389648	0.35358583927155	-0.61645710468292	65.000000000000	0.00000000000000
29.149999618530	0.35230159759521	-0.61615252494812	65.000000000000	0.00000000000000
29.159999847412	0.35101637244225	-0.61584413051605	65.000000000000	0.00000000000000
29.170000076294	0.34973037242889	-0.61553186178207	65.000000000000	0.00000000000000
29.180000305176	0.34844338893890	-0.61521553993225	65.000000000000	0.00000000000000
29.190000534058	0.34715533256531	-0.61489534378052	65.000000000000	0.00000000000000
29.200000762939	0.34586641192436	-0.61457127332687	65.000000000000	0.00000000000000
29.209999084473	0.34457656741142	-0.61424314975739	65.000000000000	0.00000000000000
29.219999313354	0.34328582882881	-0.61391115188599	65.000000000000	0.00000000000000
29.229999542236	0.34199425578117	-0.61357516050339	65.000000000000	0.00000000000000
29.239999771118	0.34070175886154	-0.61323505640030	65.000000000000	0.00000000000000
29.250000000000	0.33940845727921	-0.61289107799530	65.000000000000	0.00000000000000
29.260000228882	0.33811435103416	-0.61254298686981	65.000000000000	0.00000000000000
29.270000457764	0.33681938052177	-0.61219090223312	65.000000000000	0.00000000000000
29.280000686646	0.33552360534668	-0.61183482408524	65.000000000000	0.00000000000000
29.290000915527	0.33422690629959	-0.61147463321686	65.000000000000	0.00000000000000
29.299999237061	0.33292961120605	-0.61111044883728	65.000000000000	0.00000000000000
29.309999465942	0.33163133263588	-0.61074209213257	65.000000000000	0.00000000000000
29.319999694824	0.33033254742622	-0.61036968231201	65.000000000000	0.00000000000000
29.329999923706	0.32903295755386	-0.60999321937561	65.000000000000	0.00000000000000
29.340000152588	0.32773256301880	-0.60961258411407	65.000000000000	0.00000000000000
29.350000381470	0.32643142342567	-0.60922783613205	65.000000000000	0.00000000000000
29.360000610352	0.32512971758842	-0.60883891582489	65.000000000000	0.00000000000000
29.370000839233	0.32382741570473	-0.60844588279724	65.000000000000	0.00000000000000
29.379999160767	0.32252424955368	-0.60804867744446	65.000000000000	0.00000000000000
29.389999389648	0.32122048735619	-0.60764735937119	65.000000000000	0.00000000000000
29.399999618530	0.31991621851921	-0.60724174976349	65.000000000000	0.00000000000000
29.409999847412	0.31861132383347	-0.60683202743530	65.000000000000	0.00000000000000
29.420000076294	0.31730568408966	-0.60641807317734	65.000000000000	0.00000000000000
29.430000305176	0.31599950790405	-0.60599988698959	65.000000000000	0.00000000000000
29.440000534058	0.31469285488129	-0.60557746887207	65.000000000000	0.00000000000000
29.450000762939	0.31338566541672	-0.60515081882477	65.000000000000	0.00000000000000
29.459999084473	0.31207799911499	-0.60471993684769	65.000000000000	0.00000000000000
29.469999313354	0.31076970696449	-0.60428470373154	65.000000000000	0.00000000000000
29.479999542236	0.30946096777916	-0.60384529829025	65.000000000000	0.00000000000000
29.489999771118	0.30815163254738	-0.60340160131454	65.000000000000	0.00000000000000
29.500000000000	0.30684190988541	-0.60295355319977	65.000000000000	0.00000000000000
29.510000228882	0.30553188920021	-0.60250121355057	65.000000000000	0.00000000000000
29.520000457764	0.30422130227089	-0.60204458236694	65.000000000000	0.00000000000000
29.530000686646	0.30291029810905	-0.60158360004425	65.000000000000	0.00000000000000
29.540000915527	0.30159887671471	-0.60111832618713	65.000000000000	0.00000000000000
29.549999237061	0.30028718709946	-0.60064864158630	65.000000000000	0.00000000000000
29.559999465942	0.29897513985634	-0.60017460584641	65.000000000000	0.00000000000000
29.569999694824	0.29766258597374	-0.59969627857208	65.000000000000	0.00000000000000
29.579999923706	0.29634985327721	-0.59921342134476	65.000000000000	0.00000000000000
29.590000152588	0.29503676295280	-0.59872627258301	65.000000000000	0.00000000000000
29.600000381470	0.29372352361679	-0.59823471307755	65.000000000000	0.00000000000000
29.610000610352	0.29240983724594	-0.59773874282837	65.000000000000	0.00000000000000
29.620000839233	0.29109591245651	-0.59723836183548	65.000000000000	0.00000000000000
29.629999160767	0.28978198766708	-0.59673351049423	65.000000000000	0.00000000000000
29.639999389648	0.28846755623817	-0.59622424840927	65.000000000000	0.00000000000000
29.649999618530	0.28715321421623	-0.59571057558060	65.000000000000	0.00000000000000
29.659999847412	0.28583860397339	-0.59519237279892	65.000000000000	0.00000000000000
29.670000076294	0.28452372550964	-0.59466975927353	65.000000000000	0.00000000000000
29.680000305176	0.28320875763893	-0.59414261579514	65.000000000000	0.00000000000000
29.690000534058	0.28189370036125	-0.59361100196838	65.000000000000	0.00000000000000
29.700000762939	0.28057858347893	-0.59307485818863	65.000000000000	0.00000000000000
29.709999084473	0.27926340699196	-0.59253430366516	65.000000000000	0.00000000000000
29.719999313354	0.27794811129570	-0.59198909997940	65.000000000000	0.00000000000000
29.729999542236	0.27663275599480	-0.59143948554993	65.000000000000	0.00000000000000
29.739999771118	0.27531731128693	-0.59088528156281	65.000000000000	0.00000000000000
29.750000000000	0.27400207519531	-0.59032654762268	65.000000000000	0.00000000000000
29.760000228882	0.27268671989441	-0.58976328372955	65.000000000000	0.00000000000000
29.770000457764	0.27137148380280	-0.58919537067413	65.000000000000	0.00000000000000
29.780000686646	0.27005627751350	-0.58862292766571	65.000000000000	0.00000000000000
29.790000915527	0.26874107122421	-0.58804601430893	65.000000000000	0.00000000000000
29.799999237061	0.26742607355118	-0.58746445178986	65.000000000000	0.00000000000000
29.809999465942	0.26611113548279	-0.58687829971313	65.000000000000	0.00000000000000
29.819999694824	0.26479628682137	-0.58628749847412	65.000000000000	0.00000000000000
29.829999923706	0.26348164677620	-0.58569210767746	65.000000000000	0.00000000000000
29.840000152588	0.26216715574265	-0.58509212732315	65.000000000000	0.00000000000000
29.850000381470	0.26085311174393	-0.58448749780655	65.000000000000	0.00000000000000
29.860000610352	0.25953891873360	-0.58387827873230	65.000000000000	0.00000000000000
29.870000839233	0.25822520256042	-0.58326435089111	65.000000000000	0.00000000000000
29.879999160767	0.25691181421280	-0.58264583349228	65.000000000000	0.00000000000000
29.889999389648	0.25559863448143	-0.58202260732651	65.000000000000	0.00000000000000
29.899999618530	0.25428569316864	-0.58139473199844	65.000000000000	0.00000000000000
29.909999847412	0.25297302007675	-0.58076226711273	65.000000000000	0.00000000000000
29.920000076294	0.25166088342667	-0.58012503385544	65.000000000000	0.00000000000000
29.930000305176	0.25034907460213	-0.57948309183121	65.000000000000	0.00000000000000
29.940000534058	0.24903756380081	-0.57883656024933	65.000000000000	0.00000000000000
29.950000762939	0.24772651493549	-0.57818520069122	65.000000000000	0.00000000000000
29.959999084473	0.24641595780849	-0.57752925157547	65.000000000000	0.00000000000000
29.969999313354	0.24510566890240	-0.57686859369278	65.000000000000	0.00000000000000
29.979999542236	0.24379600584507	-0.57620316743851	65.000000000000	0.00000000000000
29.989999771118	0.24248678982258	-0.57553303241730	65.000000000000	0.00000000000000
30.000000000000	0.24117830395699	-0.57485818862915	65.000000000000	0.00000000000000
30.010000228882	0.23987008631229	-0.57417857646942	65.000000000000	0.00000000000000
30.020000457764	0.23856262862682	-0.57349419593811	65.000000000000	0.00000000000000
30.030000686646	0.23725555837154	-0.57280516624451	65.000000000000	0.00000000000000
30.040000915527	0.23594924807549	-0.57211124897003	65.000000000000	0.00000000000000
30.049999237061	0.23464348912239	-0.57141268253326	65.000000000000	0.00000000000000
30.059999465942	0.23333851993084	-0.57070922851563	65.000000000000	0.00000000000000
30.069999694824	0.23203419148922	-0.57000118494034	65.000000000000	0.00000000000000
30.079999923706	0.23073042929173	-0.56928819417953	65.000000000000	0.00000000000000
30.090000152588	0.22942754626274	-0.56857055425644	65.000000000000	0.00000000000000
30.100000381470	0.22812530398369	-0.56784802675247	65.000000000000	0.00000000000000
30.110000610352	0.22682388126850	-0.56712079048157	65.000000000000	0.00000000000000
30.120000839233	0.22552312910557	-0.56638878583908	65.000000000000	0.00000000000000
30.129999160767	0.22422347962856	-0.56565189361572	65.000000000000	0.00000000000000
30.139999389648	0.22292442619801	-0.56491023302078	65.000000000000	0.00000000000000
30.149999618530	0.22162637114525	-0.56416374444962	65.000000000000	0.00000000000000
30.159999847412	0.22032907605171	-0.56341242790222	65.000000000000	0.00000000000000
30.170000076294	0.21903283894062	-0.56265628337860	65.000000000000	0.00000000000000
30.180000305176	0.21773730218410	-0.56189537048340	65.000000000000	0.00000000000000
30.190000534058	0.21644298732281	-0.56112962961197	65.000000000000	0.00000000000000
30.200000762939	0.21514950692654	-0.56035906076431	65.000000000000	0.00000000000000
30.209999084473	0.21385703980923	-0.55958366394043	65.000000000000	0.00000000000000
30.219999313354	0.21256558597088	-0.55880337953568	65.000000000000	0.00000000000000
30.229999542236	0.21127520501614	-0.55801832675934	65.000000000000	0.00000000000000
30.239999771118	0.20998585224152	-0.55722832679749	65.000000000000	0.00000000000000
30.250000000000	0.20869776606560	-0.55643361806870	65.000000000000	0.00000000000000
30.260000228882	0.20741064846516	-0.55563402175903	65.000000000000	0.00000000000000
30.270000457764	0.20612463355064	-0.55482953786850	65.000000000000	0.00000000000000
30.280000686646	0.20483994483948	-0.55402022600174	65.000000000000	0.00000000000000
30.290000915527	0.20355629920959	-0.55320608615875	65.000000000000	0.00000000000000
30.299999237061	0.20227396488190	-0.55238699913025	65.000000000000	0.00000000000000
30.309999465942	0.20099283754826	-0.55156308412552	65.000000000000	0.00000000000000
30.319999694824	0.19971299171448	-0.55073434114456	65.000000000000	0.00000000000000
30.329999923706	0.19843438267708	-0.54990071058273	65.000000000000	0.00000000000000
30.340000152588	0.19715732336044	-0.54906219244003	65.000000000000	0.00000000000000
30.350000381470	0.19588132202625	-0.54821890592575	65.000000000000	0.00000000000000
30.360000610352	0.19460678100586	-0.54737067222595	65.000000000000	0.00000000000000
30.370000839233	0.19333356618881	-0.54651755094528	65.000000000000	0.00000000000000
30.379999160767	0.19206188619137	-0.54565960168839	65.000000000000	0.00000000000000
30.389999389648	0.19079159200191	-0.54479682445526	65.000000000000	0.00000000000000
30.399999618530	0.18952271342278	-0.54392904043198	65.000000000000	0.00000000000000
30.409999847412	0.18825529515743	-0.54305654764175	65.000000000000	0.00000000000000
30.420000076294	0.18698957562447	-0.54217904806137	65.000000000000	0.00000000000000
30.430000305176	0.18572521209717	-0.54129672050476	65.000000000000	0.00000000000000
30.440000534058	0.18446248769760	-0.54040950536728	65.000000000000	0.00000000000000
30.450000762939	0.18320143222809	-0.53951746225357	65.000000000000	0.00000000000000
30.459999084473	0.18194179236889	-0.53862047195435	65.000000000000	0.00000000000000
30.469999313354	0.18068398535252	-0.53771865367889	65.000000000000	0.00000000000000
30.479999542236	0.17942763864994	-0.53681194782257	65.000000000000	0.00000000000000
30.489999771118	0.17817318439484	-0.53590041399002	65.000000000000	0.00000000000000
30.500000000000	0.17692050337791	-0.53498393297195	65.000000000000	0.00000000000000
30.510000228882	0.17566934227943	-0.53406262397766	65.000000000000	0.00000000000000
30.520000457764	0.17442001402378	-0.53313642740250	65.000000000000	0.00000000000000
30.530000686646	0.17317251861095	-0.53220540285110	65.000000000000	0.00000000000000
30.540000915527	0.17192673683167	-0.53126943111420	65.000000000000	0.00000000000000
30.549999237061	0.17068286240101	-0.53032869100571	65.000000000000	0.00000000000000
30.559999465942	0.16944085061550	-0.52938294410706	65.000000000000	0.00000000000000
30.569999694824	0.16820082068443	-0.52843248844147	65.000000000000	0.00000000000000
30.579999923706	0.16696257889271	-0.52747708559036	65.000000000000	0.00000000000000
30.590000152588	0.16572633385658	-0.52651685476303	65.000000000000	0.00000000000000
30.600000381470	0.16449207067490	-0.52555173635483	65.000000000000	0.00000000000000
30.610000610352	0.16325968503952	-0.52458178997040	65.000000000000	0.00000000000000
30.620000839233	0.16202937066555	-0.52360695600510	65.000000000000	0.00000000000000
30.629999160767	0.16080121695995	-0.52262729406357	65.000000000000	0.00000000000000
30.639999389648	0.15957514941692	-0.52164274454117	65.000000000000	0.00000000000000
30.649999618530	0.15835095942020	-0.52065342664719	65.000000000000	0.00000000000000
30.659999847412	0.15712915360928	-0.51965922117233	65.000000000000	0.00000000000000
30.670000076294	0.15590924024582	-0.51866018772125	65.000000000000	0.00000000000000
30.680000305176	0.15469175577164	-0.51765632629395	65.000000000000	0.00000000000000
30.690000534058	0.15347620844841	-0.51664763689041	65.000000000000	0.00000000000000
30.700000762939	0.15226314961910	-0.51563411951065	65.000000000000	0.00000000000000
30.709999084473	0.15105208754539	-0.51461577415466	65.000000000000	0.00000000000000
30.719999313354	0.14984351396561	-0.51359260082245	65.000000000000	0.00000000000000
30.729999542236	0.14863725006580	-0.51256453990936	65.000000000000	0.00000000000000
30.739999771118	0.14743307232857	-0.51153182983398	65.000000000000	0.00000000000000
30.750000000000	0.14623144268990	-0.51049417257309	65.000000000000	0.00000000000000
30.760000228882	0.14503219723701	-0.50945180654526	65.000000000000	0.00000000000000
30.770000457764	0.14383532106876	-0.50840461254120	65.000000000000	0.00000000000000
30.780000686646	0.14264085888863	-0.50735265016556	65.000000000000	0.00000000000000
30.790000915527	0.14144894480705	-0.50629591941833	65.000000000000	0.00000000000000
30.799999237061	0.14025947451591	-0.50523436069489	65.000000000000	0.00000000000000
30.809999465942	0.13907247781754	-0.50416803359985	65.000000000000	0.00000000000000
30.819999694824	0.13788798451424	-0.50309699773788	65.000000000000	0.00000000000000
30.829999923706	0.13670614361763	-0.50202119350433	65.000000000000	0.00000000000000
30.840000152588	0.13552705943584	-0.50094050168991	65.000000000000	0.00000000000000
30.850000381470	0.13435029983521	-0.49985519051552	65.000000000000	0.00000000000000
30.860000610352	0.13317637145519	-0.49876508116722	65.000000000000	0.00000000000000
30.870000839233	0.13200482726097	-0.49767035245895	65.000000000000	0.00000000000000
30.879999160767	0.13083638250828	-0.49657079577446	65.000000000000	0.00000000000000
30.889999389648	0.12967035174370	-0.49546650052071	65.000000000000	0.00000000000000
30.899999618530	0.12850725650787	-0.49435752630234	65.000000000000	0.00000000000000
30.909999847412	0.12734660506248	-0.49324390292168	65.000000000000	0.00000000000000
30.920000076294	0.12618891894817	-0.49212554097176	65.000000000000	0.00000000000000
30.930000305176	0.12503422796726	-0.49100244045258	65.000000000000	0.00000000000000
30.940000534058	0.12388228625059	-0.48987469077110	65.000000000000	0.00000000000000
30.950000762939	0.12273314595222	-0.48874226212502	65.000000000000	0.00000000000000
30.959999084473	0.12158729881048	-0.48760512471199	65.000000000000	0.00000000000000
30.969999313354	0.12044380605221	-0.48646339774132	65.000000000000	0.00000000000000
30.979999542236	0.11930365860462	-0.48531702160835	65.000000000000	0.00000000000000
30.989999771118	0.11816638708115	-0.48416596651077	65.000000000000	0.00000000000000
31.000000000000	0.11703202128410	-0.48301029205322	65.000000000000	0.00000000000000
31.010000228882	0.11590081453323	-0.48185002803802	65.000000000000	0.00000000000000
31.020000457764	0.11477278172970	-0.48068508505821	65.000000000000	0.00000000000000
31.030000686646	0.11364774405956	-0.47951558232307	65.000000000000	0.00000000000000
31.040000915527	0.11252568662167	-0.47834151983261	65.000000000000	0.00000000000000
31.049999237061	0.11140665411949	-0.47716286778450	65.000000000000	0.00000000000000
31.059999465942	0.11029111593962	-0.47597959637642	65.000000000000	0.00000000000000
31.069999694824	0.10917863994837	-0.47479176521301	65.000000000000	0.00000000000000
31.079999923706	0.10806925594807	-0.47359943389893	65.000000000000	0.00000000000000
31.090000152588	0.10696343332529	-0.47240248322487	65.000000000000	0.00000000000000
31.100000381470	0.10586051642895	-0.47120106220245	65.000000000000	0.00000000000000
31.110000610352	0.10476097464561	-0.46999514102936	65.000000000000	0.00000000000000
31.120000839233	0.10366484522820	-0.46878468990326	65.000000000000	0.00000000000000
31.129999160767	0.10257212817669	-0.46756973862648	65.000000000000	0.00000000000000
31.139999389648	0.10148241370916	-0.46635034680367	65.000000000000	0.00000000000000
31.149999618530	0.10039660334587	-0.46512639522552	65.000000000000	0.00000000000000
31.159999847412	0.099314063787460	-0.46389800310135	65.000000000000	0.00000000000000
31.170000076294	0.098234593868256	-0.46266520023346	65.000000000000	0.00000000000000
31.180000305176	0.097159087657928	-0.46142792701721	65.000000000000	0.00000000000000
31.190000534058	0.096086695790291	-0.46018627285957	65.000000000000	0.00000000000000
31.200000762939	0.095018103718758	-0.45894017815590	65.000000000000	0.00000000000000
31.209999084473	0.093952879309654	-0.45768970251083	65.000000000000	0.00000000000000
31.219999313354	0.092891484498978	-0.45643478631973	65.000000000000	0.00000000000000
31.229999542236	0.091833300888538	-0.45517560839653	65.000000000000	0.00000000000000
31.239999771118	0.090778991580009	-0.45391196012497	65.000000000000	0.00000000000000
31.250000000000	0.089728355407715	-0.45264402031898	65.000000000000	0.00000000000000
31.260000228882	0.088681213557720	-0.45137175917625	65.000000000000	0.00000000000000
31.270000457764	0.087637998163700	-0.45009511709213	65.000000000000	0.00000000000000
31.280000686646	0.086598314344883	-0.44881421327591	65.000000000000	0.00000000000000
31.290000915527	0.085562385618687	-0.44752904772758	65.000000000000	0.00000000000000
31.299999237061	0.084530256688595	-0.44623962044716	65.000000000000	0.00000000000000
31.309999465942	0.083501927554607	-0.44494590163231	65.000000000000	0.00000000000000
31.319999694824	0.082477636635303	-0.44364789128304	65.000000000000	0.00000000000000
31.329999923706	0.081456974148750	-0.44234570860863	65.000000000000	0.00000000000000
31.340000152588	0.080440185964108	-0.44103929400444	65.000000000000	0.00000000000000
31.350000381470	0.079427279531956	-0.43972867727280	65.000000000000	0.00000000000000
31.360000610352	0.078418284654617	-0.43841388821602	65.000000000000	0.00000000000000
31.370000839233	0.077413223683834	-0.43709492683411	65.000000000000	0.00000000000000
31.379999160767	0.076412305235863	-0.43577179312706	65.000000000000	0.00000000000000
31.389999389648	0.075415365397930	-0.43444448709488	65.000000000000	0.00000000000000
31.399999618530	0.074422210454941	-0.43311321735382	65.000000000000	0.00000000000000
31.409999847412	0.073433250188828	-0.43177765607834	65.000000000000	0.00000000000000
31.420000076294	0.072448335587978	-0.43043810129166	65.000000000000	0.00000000000000
31.430000305176	0.071467474102974	-0.42909449338913	65.000000000000	0.00000000000000
31.440000534058	0.070490777492523	-0.42774677276611	65.000000000000	0.00000000000000
31.450000762939	0.069518163800240	-0.42639505863190	65.000000000000	0.00000000000000
31.459999084473	0.068549774587154	-0.42503929138184	65.000000000000	0.00000000000000
31.469999313354	0.067585609853268	-0.42367953062057	65.000000000000	0.00000000000000
31.479999542236	0.066625587642193	-0.42231580615044	65.000000000000	0.00000000000000
31.489999771118	0.065669834613800	-0.42094811797142	65.000000000000	0.00000000000000
31.500000000000	0.064718268811703	-0.41957646608353	65.000000000000	0.00000000000000
31.510000228882	0.063771009445190	-0.41820088028908	65.000000000000	0.00000000000000
31.520000457764	0.062827982008457	-0.41682142019272	65.000000000000	0.00000000000000
31.530000686646	0.061889380216599	-0.41543799638748	65.000000000000	0.00000000000000
31.540000915527	0.060955051332712	-0.41405075788498	65.000000000000	0.00000000000000
31.549999237061	0.060025304555893	-0.41265964508057	65.000000000000	0.00000000000000
31.559999465942	0.059099655598402	-0.41126468777657	65.000000000000	0.00000000000000
31.569999694824	0.058178514242172	-0.40986591577530	65.000000000000	0.00000000000000
31.579999923706	0.057261921465397	-0.40846335887909	65.000000000000	0.00000000000000
31.590000152588	0.056349676102400	-0.40705701708794	65.000000000000	0.00000000000000
31.600000381470	0.055442001670599	-0.40564692020416	65.000000000000	0.00000000000000
31.610000610352	0.054538719356060	-0.40423303842545	65.000000000000	0.00000000000000
31.620000839233	0.053640041500330	-0.40281549096107	65.000000000000	0.00000000000000
31.629999160767	0.052745983004570	-0.40139421820641	65.000000000000	0.00000000000000
31.639999389648	0.051856372505426	-0.39996927976608	65.000000000000	0.00000000000000
31.649999618530	0.050971414893866	-0.39854064583778	65.000000000000	0.00000000000000
31.659999847412	0.050091035664082	-0.39710843563080	65.000000000000	0.00000000000000
31.670000076294	0.049215354025364	-0.39567261934280	65.000000000000	0.00000000000000
31.680000305176	0.048344273120165	-0.39423313736916	65.000000000000	0.00000000000000
31.690000534058	0.047477923333645	-0.39279013872147	65.000000000000	0.00000000000000
31.700000762939	0.046616218984127	-0.39134356379509	65.000000000000	0.00000000000000
31.709999084473	0.045759268105030	-0.38989344239235	65.000000000000	0.00000000000000
31.719999313354	0.044906996190548	-0.38843980431557	65.000000000000	0.00000000000000
31.729999542236	0.044059514999390	-0.38698270916939	65.000000000000	0.00000000000000
31.739999771118	0.043216839432716	-0.38552218675613	65.000000000000	0.00000000000000
31.750000000000	0.042378988116980	-0.38405814766884	65.000000000000	0.00000000000000
31.760000228882	0.041545968502760	-0.38259071111679	65.000000000000	0.00000000000000
31.770000457764	0.040717806667089	-0.38111987709999	65.000000000000	0.00000000000000
31.780000686646	0.039894510060549	-0.37964567542076	65.000000000000	0.00000000000000
31.790000915527	0.039076004177332	-0.37816810607910	65.000000000000	0.00000000000000
31.799999237061	0.038262490183115	-0.37668716907501	65.000000000000	0.00000000000000
31.809999465942	0.037453893572092	-0.37520298361778	65.000000000000	0.00000000000000
31.819999694824	0.036650132387877	-0.37371549010277	65.000000000000	0.00000000000000
31.829999923706	0.035851497203112	-0.37222474813461	65.000000000000	0.00000000000000
31.840000152588	0.035057824105024	-0.37073078751564	65.000000000000	0.00000000000000
31.850000381470	0.034269034862518	-0.36923357844353	65.000000000000	0.00000000000000
31.860000610352	0.033485408872366	-0.36773318052292	65.000000000000	0.00000000000000
31.870000839233	0.032706785947084	-0.36622962355614	65.000000000000	0.00000000000000
31.879999160767	0.031933180987835	-0.36472293734550	65.000000000000	0.00000000000000
31.889999389648	0.031164608895779	-0.36321315169334	65.000000000000	0.00000000000000
31.899999618530	0.030401252210140	-0.36170020699501	65.000000000000	0.00000000000000
31.909999847412	0.029642960056663	-0.36018428206444	65.000000000000	0.00000000000000
31.920000076294	0.028889736160636	-0.35866522789001	65.000000000000	0.00000000000000
31.930000305176	0.028141774237156	-0.35714319348335	65.000000000000	0.00000000000000
31.940000534058	0.027398910373449	-0.35561814904213	65.000000000000	0.00000000000000
31.950000762939	0.026661328971386	-0.35409015417099	65.000000000000	0.00000000000000
31.959999084473	0.025928877294064	-0.35255923867226	65.000000000000	0.00000000000000
31.969999313354	0.025201728567481	-0.35102537274361	65.000000000000	0.00000000000000
31.979999542236	0.024479735642672	-0.34948864579201	65.000000000000	0.00000000000000
31.989999771118	0.023762987926602	-0.34794899821281	65.000000000000	0.00000000000000
32.000000000000	0.023051587864757	-0.34640654921532	65.000000000000	0.00000000000000
32.009998321533	0.022345457226038	-0.34486126899719	65.000000000000	0.00000000000000
32.020000457764	0.021644532680511	-0.34331321716309	65.000000000000	0.00000000000000
32.029998779297	0.020949063822627	-0.34176239371300	65.000000000000	0.00000000000000
32.040000915527	0.020258905366063	-0.34020885825157	65.000000000000	0.00000000000000
32.049999237061	0.019574062898755	-0.33865258097649	65.000000000000	0.00000000000000
32.060001373291	0.018894713371992	-0.33709365129471	65.000000000000	0.00000000000000
32.069999694824	0.018220623955131	-0.33553203940392	65.000000000000	0.00000000000000
32.080001831055	0.017551964148879	-0.33396777510643	65.000000000000	0.00000000000000
32.090000152588	0.016888750717044	-0.33240094780922	65.000000000000	0.00000000000000
32.099998474121	0.016230987384915	-0.33083155751228	65.000000000000	0.00000000000000
32.110000610352	0.015578684397042	-0.32925960421562	65.000000000000	0.00000000000000
32.119998931885	0.014931854791939	-0.32768511772156	65.000000000000	0.00000000000000
32.130001068115	0.014290428720415	-0.32610812783241	65.000000000000	0.00000000000000
32.139999389648	0.013654571026564	-0.32452872395515	65.000000000000	0.00000000000000
32.150001525879	0.013024135492742	-0.32294681668282	65.000000000000	0.00000000000000
32.159999847412	0.012399365194142	-0.32136255502701	65.000000000000	0.00000000000000
32.169998168945	0.011780035682023	-0.31977587938309	65.000000000000	0.00000000000000
32.180000305176	0.011166307143867	-0.31818684935570	65.000000000000	0.00000000000000
32.189998626709	0.010558040812612	-0.31659555435181	65.000000000000	0.00000000000000
32.200000762939	0.0099554676562548	-0.31500190496445	65.000000000000	0.00000000000000
32.209999084473	0.0093584470450878	-0.31340602040291	65.000000000000	0.00000000000000
32.220001220703	0.0087670609354973	-0.31180784106255	65.000000000000	0.00000000000000
32.229999542236	0.0081813167780638	-0.31020748615265	65.000000000000	0.00000000000000
32.240001678467	0.0076011470519006	-0.30860495567322	65.000000000000	0.00000000000000
32.250000000000	0.0070266346447170	-0.30700027942657	65.000000000000	0.00000000000000
32.259998321533	0.0064577842131257	-0.30539348721504	65.000000000000	0.00000000000000
32.270000457764	0.0058946046046913	-0.30378457903862	65.000000000000	0.00000000000000
32.279998779297	0.0053371004760265	-0.30217358469963	65.000000000000	0.00000000000000
32.290000915527	0.0047852792777121	-0.30056056380272	65.000000000000	0.00000000000000
32.299999237061	0.0042392178438604	-0.29894554615021	65.000000000000	0.00000000000000
32.310001373291	0.0036988509818912	-0.29732853174210	65.000000000000	0.00000000000000
32.319999694824	0.0031641838140786	-0.29570958018303	65.000000000000	0.00000000000000
32.330001831055	0.0026352223940194	-0.29408872127533	65.000000000000	0.00000000000000
32.340000152588	0.0021120423916727	-0.29246595501900	65.000000000000	0.00000000000000
32.349998474121	0.0015947172651067	-0.29084131121635	65.000000000000	0.00000000000000
32.360000610352	0.0010830432875082	-0.28921487927437	65.000000000000	0.00000000000000
32.369998931885	0.00057723274221644	-0.28758665919304	65.000000000000	0.00000000000000
32.380001068115	7.7151780715212e-05	-0.28595662117004	65.000000000000	0.00000000000000
32.389999389648	-0.00041712675010785	-0.28432488441467	65.000000000000	0.00000000000000
32.400001525879	-0.00090553180780262	-0.28269141912460	65.000000000000	0.00000000000000
32.409999847412	-0.0013882620260119	-0.28105625510216	65.000000000000	0.00000000000000
32.419998168945	-0.0018650452839211	-0.27941945195198	65.000000000000	0.00000000000000
32.430000305176	-0.0023360131308436	-0.27778106927872	65.000000000000	0.00000000000000
32.439998626709	-0.0028010962996632	-0.27614104747772	65.000000000000	0.00000000000000
32.450000762939	-0.0032603587023914	-0.27449947595596	65.000000000000	0.00000000000000
32.459999084473	-0.0037137328181416	-0.27285641431808	65.000000000000	0.00000000000000
32.470001220703	-0.0041612815111876	-0.27121183276176	65.000000000000	0.00000000000000
32.479999542236	-0.0046029384247959	-0.26956582069397	65.000000000000	0.00000000000000
32.490001678467	-0.0050387009978294	-0.26791831851006	65.000000000000	0.00000000000000
32.500000000000	-0.0054685692302883	-0.26626947522163	65.000000000000	0.00000000000000
32.509998321533	-0.0058925421908498	-0.26461917161942	65.000000000000	0.00000000000000
32.520000457764	-0.0063105560839176	-0.26296758651733	65.000000000000	0.00000000000000
32.529998779297	-0.0067227371037006	-0.26131469011307	65.000000000000	0.00000000000000
32.540000915527	-0.0071289590559900	-0.25966051220894	65.000000000000	0.00000000000000
32.549999237061	-0.0075292214751244	-0.25800508260727	65.000000000000	0.00000000000000
32.560001373291	-0.0079235266894102	-0.25634840130806	65.000000000000	0.00000000000000
32.569999694824	-0.0083119990304112	-0.25469058752060	65.000000000000	0.00000000000000
32.580001831055	-0.0086944522336125	-0.25303161144257	65.000000000000	0.00000000000000
32.590000152588	-0.0090709524229169	-0.25137147307396	65.000000000000	0.00000000000000
32.599998474121	-0.0094415592029691	-0.24971027672291	65.000000000000	0.00000000000000
32.610000610352	-0.0098060965538025	-0.24804802238941	65.000000000000	0.00000000000000
32.619998931885	-0.010164744220674	-0.24638472497463	65.000000000000	0.00000000000000
32.630001068115	-0.010517385788262	-0.24472045898438	65.000000000000	0.00000000000000
32.639999389648	-0.010864026844501	-0.24305519461632	65.000000000000	0.00000000000000
32.650001525879	-0.011204784736037	-0.24138902127743	65.000000000000	0.00000000000000
32.659999847412	-0.011539487168193	-0.23972192406654	65.000000000000	0.00000000000000
32.669998168945	-0.011868199333549	-0.23805397748947	65.000000000000	0.00000000000000
32.680000305176	-0.012190923094749	-0.23638519644737	65.000000000000	0.00000000000000
32.689998626709	-0.012507663108408	-0.23471556603909	65.000000000000	0.00000000000000
32.700000762939	-0.012818423099816	-0.23304520547390	65.000000000000	0.00000000000000
32.709999084473	-0.013123153708875	-0.23137409985065	65.000000000000	0.00000000000000
32.720001220703	-0.013421859592199	-0.22970224916935	65.000000000000	0.00000000000000
32.729999542236	-0.013714547269046	-0.22802974283695	65.000000000000	0.00000000000000
32.740001678467	-0.014001329429448	-0.22635658085346	65.000000000000	0.00000000000000
32.750000000000	-0.014281997457147	-0.22468279302120	65.000000000000	0.00000000000000
32.759998321533	-0.014556718058884	-0.22300846874714	65.000000000000	0.00000000000000
32.770000457764	-0.014825391583145	-0.22133354842663	65.000000000000	0.00000000000000
32.779998779297	-0.015088025480509	-0.21965812146664	65.000000000000	0.00000000000000
32.790000915527	-0.015344732441008	-0.21798220276833	65.000000000000	0.00000000000000
32.799999237061	-0.015595362521708	-0.21630583703518	65.000000000000	0.00000000000000
32.810001373291	-0.015839975327253	-0.21462902426720	65.000000000000	0.00000000000000
32.819999694824	-0.016078582033515	-0.21295182406902	65.000000000000	0.00000000000000
32.830001831055	-0.016311189159751	-0.21127428114414	65.000000000000	0.00000000000000
32.840000152588	-0.016537707298994	-0.20959641039371	65.000000000000	0.00000000000000
32.849998474121	-0.016758292913437	-0.20791821181774	65.000000000000	0.00000000000000
32.860000610352	-0.016972858458757	-0.20623975992203	65.000000000000	0.00000000000000
32.869998931885	-0.017181316390634	-0.20456111431122	65.000000000000	0.00000000000000
32.880001068115	-0.017383869737387	-0.20288223028183	65.000000000000	0.00000000000000
32.889999389648	-0.017580341547728	-0.20120319724083	65.000000000000	0.00000000000000
32.900001525879	-0.017770834267139	-0.19952398538589	65.000000000000	0.00000000000000
32.909999847412	-0.017955312505364	-0.19784469902515	65.000000000000	0.00000000000000
32.919998168945	-0.018133791163564	-0.19616533815861	65.000000000000	0.00000000000000
32.930000305176	-0.018306232988834	-0.19448594748974	65.000000000000	0.00000000000000
32.939998626709	-0.018472699448466	-0.19280652701855	65.000000000000	0.00000000000000
32.950000762939	-0.018633110448718	-0.19112710654736	65.000000000000	0.00000000000000
32.959999084473	-0.018787618726492	-0.18944777548313	65.000000000000	0.00000000000000
32.970001220703	-0.018936054781079	-0.18776851892471	65.000000000000	0.00000000000000
32.979999542236	-0.019078526645899	-0.18608936667442	65.000000000000	0.00000000000000
32.990001678467	-0.019215045496821	-0.18441036343575	65.000000000000	0.00000000000000
33.000000000000	-0.019345540553331	-0.18273153901100	65.000000000000	0.00000000000000
33.009998321533	-0.019470073282719	-0.18105293810368	65.000000000000	0.00000000000000
33.020000457764	-0.019588613882661	-0.17937456071377	65.000000000000	0.00000000000000
33.029998779297	-0.019701223820448	-0.17769646644592	65.000000000000	0.00000000000000
33.040000915527	-0.019807834178209	-0.17601870000362	65.000000000000	0.00000000000000
33.049999237061	-0.019908504560590	-0.17434124648571	65.000000000000	0.00000000000000
33.060001373291	-0.020003173500299	-0.17266415059566	65.000000000000	0.00000000000000
33.069999694824	-0.020091941580176	-0.17098747193813	65.000000000000	0.00000000000000
33.080001831055	-0.020174700766802	-0.16931119561195	65.000000000000	0.00000000000000
33.090000152588	-0.020251601934433	-0.16763542592525	65.000000000000	0.00000000000000
33.099998474121	-0.020322494208813	-0.16596010327339	65.000000000000	0.00000000000000
33.110000610352	-0.020387526601553	-0.16428531706333	65.000000000000	0.00000000000000
33.119998931885	-0.020446600392461	-0.16261109709740	65.000000000000	0.00000000000000
33.130001068115	-0.020499773323536	-0.16093744337559	65.000000000000	0.00000000000000
33.139999389648	-0.020547032356262	-0.15926440060139	65.000000000000	0.00000000000000
33.150001525879	-0.020588403567672	-0.15759202837944	65.000000000000	0.00000000000000
33.159999847412	-0.020623905584216	-0.15592032670975	65.000000000000	0.00000000000000
33.169998168945	-0.020653491839767	-0.15424931049347	65.000000000000	0.00000000000000
33.180000305176	-0.020677225664258	-0.15257905423641	65.000000000000	0.00000000000000
33.189998626709	-0.020695054903626	-0.15090955793858	65.000000000000	0.00000000000000
33.200000762939	-0.020707083866000	-0.14924083650112	65.000000000000	0.00000000000000
33.209999084473	-0.020713193342090	-0.14757297933102	65.000000000000	0.00000000000000
33.220001220703	-0.020713489502668	-0.14590597152710	65.000000000000	0.00000000000000
33.229999542236	-0.020707957446575	-0.14423984289169	65.000000000000	0.00000000000000
33.240001678467	-0.020696595311165	-0.14257462322712	65.000000000000	0.00000000000000
33.250000000000	-0.020679403096437	-0.14091037213802	65.000000000000	0.00000000000000
33.259998321533	-0.020656445994973	-0.13924710452557	65.000000000000	0.00000000000000
33.270000457764	-0.020627649500966	-0.13758482038975	65.000000000000	0.00000000000000
33.279998779297	-0.020593086257577	-0.13592357933521	65.000000000000	0.00000000000000
33.290000915527	-0.020552754402161	-0.13426339626312	65.000000000000	0.00000000000000
33.299999237061	-0.020506659522653	-0.13260433077812	65.000000000000	0.00000000000000
33.310001373291	-0.020454805344343	-0.13094638288021	65.000000000000	0.00000000000000
33.319999694824	-0.020397195592523	-0.12928959727287	65.000000000000	0.00000000000000
33.330001831055	-0.020333869382739	-0.12763395905495	65.000000000000	0.00000000000000
33.340000152588	-0.020264839753509	-0.12597957253456	65.000000000000	0.00000000000000
33.349998474121	-0.020190050825477	-0.12432641535997	65.000000000000	0.00000000000000
33.360000610352	-0.020109606906772	-0.12267453223467	65.000000000000	0.00000000000000
33.369998931885	-0.020023461431265	-0.12102394551039	65.000000000000	0.00000000000000
33.380001068115	-0.019931631162763	-0.11937467753887	65.000000000000	0.00000000000000
33.389999389648	-0.019834134727716	-0.11772676557302	65.000000000000	0.00000000000000
33.400001525879	-0.019731016829610	-0.11608023941517	65.000000000000	0.00000000000000
33.409999847412	-0.019622271880507	-0.11443512886763	65.000000000000	0.00000000000000
33.419998168945	-0.019507866352797	-0.11279145628214	65.000000000000	0.00000000000000
33.430000305176	-0.019387852400541	-0.11114924401045	65.000000000000	0.00000000000000
33.439998626709	-0.019262284040451	-0.10950852930546	65.000000000000	0.00000000000000
33.450000762939	-0.019131062552333	-0.10786935687065	65.000000000000	0.00000000000000
33.459999084473	-0.018994323909283	-0.10623171180487	65.000000000000	0.00000000000000
33.470001220703	-0.018852019682527	-0.10459564626217	65.000000000000	0.00000000000000
33.479999542236	-0.018704164773226	-0.10296119004488	65.000000000000	0.00000000000000
33.490001678467	-0.018550775945187	-0.10132837295532	65.000000000000	0.00000000000000
33.500000000000	-0.018391868099570	-0.099697217345238	65.000000000000	0.00000000000000
33.509998321533	-0.018227463588119	-0.098067730665207	65.000000000000	0.00000000000000
33.520000457764	-0.018057588487864	-0.096439972519875	65.000000000000	0.00000000000000
33.529998779297	-0.017882268875837	-0.094813928008080	65.000000000000	0.00000000000000
33.540000915527	-0.017701447010040	-0.093189671635628	65.000000000000	0.00000000000000
33.549999237061	-0.017515202984214	-0.091567195951939	65.000000000000	0.00000000000000
33.560001373291	-0.017323534935713	-0.089946545660496	65.000000000000	0.00000000000000
33.569999694824	-0.017126485705376	-0.088327720761299	65.000000000000	0.00000000000000
33.580001831055	-0.016924021765590	-0.086710780858994	65.000000000000	0.00000000000000
33.590000152588	-0.016716152429581	-0.085095740854740	65.000000000000	0.00000000000000
33.599998474121	-0.016502983868122	-0.083482600748539	65.000000000000	0.00000000000000
33.610000610352	-0.016284419223666	-0.081871420145035	65.000000000000	0.00000000000000
33.619998931885	-0.016060564666986	-0.080262206494808	65.000000000000	0.00000000000000
33.630001068115	-0.015831349417567	-0.078654989600182	65.000000000000	0.00000000000000
33.639999389648	-0.015596895478666	-0.077049784362316	65.000000000000	0.00000000000000
33.650001525879	-0.015357141382992	-0.075446628034115	65.000000000000	0.00000000000000
33.659999847412	-0.015112118795514	-0.073845542967319	65.000000000000	0.00000000000000
33.669998168945	-0.014861862175167	-0.072246544063091	65.000000000000	0.00000000000000
33.680000305176	-0.014606350101531	-0.070649668574333	65.000000000000	0.00000000000000
33.689998626709	-0.014345675706863	-0.069054923951626	65.000000000000	0.00000000000000
33.700000762939	-0.014079807326198	-0.067462347447872	65.000000000000	0.00000000000000
33.709999084473	-0.013808734714985	-0.065871976315975	65.000000000000	0.00000000000000
33.720001220703	-0.013532520271838	-0.064283803105354	65.000000000000	0.00000000000000
33.729999542236	-0.013251153752208	-0.062697865068913	65.000000000000	0.00000000000000
33.740001678467	-0.012964704073966	-0.061114184558392	65.000000000000	0.00000000000000
33.750000000000	-0.012673138640821	-0.059532787650824	65.000000000000	0.00000000000000
33.759998321533	-0.012376479804516	-0.057953692972660	65.000000000000	0.00000000000000
33.770000457764	-0.012074775993824	-0.056376926600933	65.000000000000	0.00000000000000
33.779998779297	-0.011767990887165	-0.054802507162094	65.000000000000	0.00000000000000
33.790000915527	-0.011456227861345	-0.053230453282595	65.000000000000	0.00000000000000
33.799999237061	-0.011139465495944	-0.051660791039467	65.000000000000	0.00000000000000
33.810001373291	-0.010817651636899	-0.050093557685614	65.000000000000	0.00000000000000
33.819999694824	-0.010490945540369	-0.048528742045164	65.000000000000	0.00000000000000
33.830001831055	-0.010159244760871	-0.046966392546892	65.000000000000	0.00000000000000
33.840000152588	-0.0098226238042116	-0.045406520366669	65.000000000000	0.00000000000000
33.849998474121	-0.0094810836017132	-0.043849147856236	65.000000000000	0.00000000000000
33.860000610352	-0.0091346744447947	-0.042294289916754	65.000000000000	0.00000000000000
33.869998931885	-0.0087834056466818	-0.040741972625256	65.000000000000	0.00000000000000
33.880001068115	-0.0084272632375360	-0.039192222058773	65.000000000000	0.00000000000000
33.889999389648	-0.0080663049593568	-0.037645049393177	65.000000000000	0.00000000000000
33.900001525879	-0.0077005489729345	-0.036100473254919	65.000000000000	0.00000000000000
33.909999847412	-0.0073299724608660	-0.034558527171612	65.000000000000	0.00000000000000
33.919998168945	-0.0069546452723444	-0.033019214868546	65.000000000000	0.00000000000000
33.930000305176	-0.0065745688043535	-0.031482566148043	65.000000000000	0.00000000000000
33.939998626709	-0.0061897821724415	-0.029948594048619	65.000000000000	0.00000000000000
33.950000762939	-0.0058002723380923	-0.028417322784662	65.000000000000	0.00000000000000
33.959999084473	-0.0054060700349510	-0.026888769119978	65.000000000000	0.00000000000000
33.970001220703	-0.0050072190351784	-0.025362946093082	65.000000000000	0.00000000000000
33.979999542236	-0.0046037193387747	-0.023839879781008	65.000000000000	0.00000000000000
33.990001678467	-0.0041956072673202	-0.022319585084915	65.000000000000	0.00000000000000
34.000000000000	-0.0037828781642020	-0.020802080631256	65.000000000000	0.00000000000000
34.009998321533	-0.0033655699808151	-0.019287388771772	65.000000000000	0.00000000000000
34.020000457764	-0.0029437181074172	-0.017775516957045	65.000000000000	0.00000000000000
34.029998779297	-0.0025173134636134	-0.016266489401460	65.000000000000	0.00000000000000
34.040000915527	-0.0020863940007985	-0.014760324731469	65.000000000000	0.00000000000000
34.049999237061	-0.0016509875422344	-0.013257035054266	65.000000000000	0.00000000000000
34.060001373291	-0.0012111040996388	-0.011756639927626	65.000000000000	0.00000000000000
34.069999694824	-0.00076677108881995	-0.010259155184031	65.000000000000	0.00000000000000
34.080001831055	-0.00031800181022845	-0.0087645975872874	65.000000000000	0.00000000000000
34.090000152588	0.00013516590115614	-0.0072729829698801	65.000000000000	0.00000000000000
34.099998474121	0.00059272453654557	-0.0057843271642923	65.000000000000	0.00000000000000
34.110000610352	0.0010546466801316	-0.0042986464686692	65.000000000000	0.00000000000000
34.119998931885	0.0015209104167297	-0.0028159562498331	65.000000000000	0.00000000000000
34.130001068115	0.0019914950244129	-0.0013362709432840	65.000000000000	0.00000000000000
34.139999389648	0.0024663778021932	0.00014039305096958	65.000000000000	0.00000000000000
34.150001525879	0.0029455369804054	0.0016140212537721	65.000000000000	0.00000000000000
34.159999847412	0.0034289506729692	0.0030845992732793	65.000000000000	0.00000000000000
34.169998168945	0.0039165955968201	0.0045521124266088	65.000000000000	0.00000000000000
34.180000305176	0.0044084507972002	0.0060165454633534	65.000000000000	0.00000000000000
34.189998626709	0.0049044936895370	0.0074778860434890	65.000000000000	0.00000000000000
34.200000762939	0.0054047023877501	0.0089361201971769	65.000000000000	0.00000000000000
34.209999084473	0.0059090531431139	0.010391231626272	65.000000000000	0.00000000000000
34.220001220703	0.0064175254665315	0.011843210086226	65.000000000000	0.00000000000000
34.229999542236	0.0069301030598581	0.013292037881911	65.000000000000	0.00000000000000
34.240001678467	0.0074467500671744	0.014737709425390	65.000000000000	0.00000000000000
34.250000000000	0.0079674441367388	0.016180211678147	65.000000000000	0.00000000000000
34.259998321533	0.0084921792149544	0.017619516700506	65.000000000000	0.00000000000000
34.270000457764	0.0090209245681763	0.019055627286434	65.000000000000	0.00000000000000
34.279998779297	0.0095536513254046	0.020488532260060	65.000000000000	0.00000000000000
34.290000915527	0.010090351104736	0.021918205544353	65.000000000000	0.00000000000000
34.299999237061	0.010630978271365	0.023344654589891	65.000000000000	0.00000000000000
34.310001373291	0.011175530962646	0.024767849594355	65.000000000000	0.00000000000000
34.319999694824	0.011723999865353	0.026187783107162	65.000000000000	0.00000000000000
34.330001831055	0.012276315130293	0.027604460716248	65.000000000000	0.00000000000000
34.340000152588	0.012832504697144	0.029017847031355	65.000000000000	0.00000000000000
34.349998474121	0.013392512686551	0.030427947640419	65.000000000000	0.00000000000000
34.360000610352	0.013956338167191	0.031834743916988	65.000000000000	0.00000000000000
34.369998931885	0.014523940160871	0.033238228410482	65.000000000000	0.00000000000000
34.380001068115	0.015095315873623	0.034638389945030	65.000000000000	0.00000000000000
34.389999389648	0.015670411288738	0.036035224795341	65.000000000000	0.00000000000000
34.400001525879	0.016249231994152	0.037428721785545	65.000000000000	0.00000000000000
34.409999847412	0.016831759363413	0.038818854838610	65.000000000000	0.00000000000000
34.419998168945	0.017417963594198	0.040205631405115	65.000000000000	0.00000000000000
34.430000305176	0.018007818609476	0.041589036583900	65.000000000000	0.00000000000000
34.439998626709	0.018601298332214	0.042969059199095	65.000000000000	0.00000000000000
34.450000762939	0.019198376685381	0.044345706701279	65.000000000000	0.00000000000000
34.459999084473	0.019799072295427	0.045718938112259	65.000000000000	0.00000000000000
34.470001220703	0.020403284579515	0.047088783234358	65.000000000000	0.00000000000000
34.479999542236	0.021011071279645	0.048455201089382	65.000000000000	0.00000000000000
34.490001678467	0.021622361615300	0.049818206578493	65.000000000000	0.00000000000000
34.500000000000	0.022237185388803	0.051177762448788	65.000000000000	0.00000000000000
34.509998321533	0.022855447605252	0.052533898502588	65.000000000000	0.00000000000000
34.520000457764	0.023477148264647	0.053886592388153	65.000000000000	0.00000000000000
34.529998779297	0.024102309718728	0.055235829204321	65.000000000000	0.00000000000000
34.540000915527	0.024730887264013	0.056581594049931	65.000000000000	0.00000000000000
34.549999237061	0.025362834334373	0.057923905551434	65.000000000000	0.00000000000000
34.560001373291	0.025998171418905	0.059262726455927	65.000000000000	0.00000000000000
34.569999694824	0.026636825874448	0.060598086565733	65.000000000000	0.00000000000000
34.580001831055	0.027278866618872	0.061929930001497	65.000000000000	0.00000000000000
34.590000152588	0.027924124151468	0.063258312642574	65.000000000000	0.00000000000000
34.599998474121	0.028572712093592	0.064583174884319	65.000000000000	0.00000000000000
34.610000610352	0.029224524274468	0.065904550254345	65.000000000000	0.00000000000000
34.619998931885	0.029879625886679	0.067222394049168	65.000000000000	0.00000000000000
34.630001068115	0.030537912622094	0.068536728620529	65.000000000000	0.00000000000000
34.639999389648	0.031199434772134	0.069847524166107	65.000000000000	0.00000000000000
34.650001525879	0.031864073127508	0.071154817938805	65.000000000000	0.00000000000000
34.659999847412	0.032531902194023	0.072458557784557	65.000000000000	0.00000000000000
34.669998168945	0.033202838152647	0.073758773505688	65.000000000000	0.00000000000000
34.680000305176	0.033876918256283	0.075055427849293	65.000000000000	0.00000000000000
34.689998626709	0.034554090350866	0.076348535716534	65.000000000000	0.00000000000000
34.700000762939	0.035234294831753	0.077638104557991	65.000000000000	0.00000000000000
34.709999084473	0.035917583853006	0.078924097120762	65.000000000000	0.00000000000000
34.720001220703	0.036603890359402	0.080206543207169	65.000000000000	0.00000000000000
34.729999542236	0.037293214350939	0.081485413014889	65.000000000000	0.00000000000000
34.740001678467	0.037985514849424	0.082760713994503	65.000000000000	0.00000000000000
34.750000000000	0.038680791854858	0.084032438695431	65.000000000000	0.00000000000000
34.759998321533	0.039379023015499	0.085300579667091	65.000000000000	0.00000000000000
34.770000457764	0.040080193430185	0.086565151810646	65.000000000000	0.00000000000000
34.779998779297	0.040784247219563	0.087826125323772	65.000000000000	0.00000000000000
34.790000915527	0.041491214185953	0.089083507657051	65.000000000000	0.00000000000000
34.799999237061	0.042201053351164	0.090337298810482	65.000000000000	0.00000000000000
34.810001373291	0.042913742363453	0.091587506234646	65.000000000000	0.00000000000000
34.819999694824	0.043629255145788	0.092834100127220	65.000000000000	0.00000000000000
34.830001831055	0.044347573071718	0.094077087938786	65.000000000000	0.00000000000000
34.840000152588	0.045068711042404	0.095316484570503	65.000000000000	0.00000000000000
34.849998474121	0.045792590826750	0.096552267670631	65.000000000000	0.00000000000000
34.860000610352	0.046519249677658	0.097784444689751	65.000000000000	0.00000000000000
34.869998931885	0.047248627990484	0.099012985825539	65.000000000000	0.00000000000000
34.880001068115	0.047980744391680	0.10023792833090	65.000000000000	0.00000000000000
34.889999389648	0.048715531826019	0.10145926475525	65.000000000000	0.00000000000000
34.900001525879	0.049453023821115	0.10267695784569	65.000000000000	0.00000000000000
34.909999847412	0.050193157047033	0.10389103740454	65.000000000000	0.00000000000000
34.919998168945	0.050935931503773	0.10510149598122	65.000000000000	0.00000000000000
34.930000305176	0.051681362092495	0.10630831867456	65.000000000000	0.00000000000000
34.939998626709	0.052429378032684	0.10751151293516	65.000000000000	0.00000000000000
34.950000762939	0.053179975599051	0.10871107876301	65.000000000000	0.00000000000000
34.959999084473	0.053933162242174	0.10990701615810	65.000000000000	0.00000000000000
34.970001220703	0.054688867181540	0.11109931766987	65.000000000000	0.00000000000000
34.979999542236	0.055447135120630	0.11228797584772	65.000000000000	0.00000000000000
34.990001678467	0.056207921355963	0.11347300559282	65.000000000000	0.00000000000000
35.000000000000	0.056971199810505	0.11465438455343	65.000000000000	0.00000000000000
