#Parameters = {d=0.26846733668342; l2=5.3693467336685; lambda=10.738693467337; r=0.036178658291458}
#"Frequency / GHz"	"S1,1 (lambda=10.7387) [Re]"	"S1,1 (lambda=10.7387) [Im]"	"Ref.Imp. [Re]"	"Ref.Imp. [Im]"
#-----------------------------------------------------------------------------------------------------------
25.000000000000	-0.0084164710715413	-0.013278966769576	65.000000000000	0.00000000000000
25.010000228882	-0.0078412685543299	-0.011181569658220	65.000000000000	0.00000000000000
25.020000457764	-0.0072572864592075	-0.0090893330052495	65.000000000000	0.00000000000000
25.030000686646	-0.0066645778715611	-0.0070023024454713	65.000000000000	0.00000000000000
25.040000915527	-0.0060631912201643	-0.0049205259419978	65.000000000000	0.00000000000000
25.049999237061	-0.0054531721398234	-0.0028440551832318	65.000000000000	0.00000000000000
25.059999465942	-0.0048345802351832	-0.00077292876085266	65.000000000000	0.00000000000000
25.069999694824	-0.0042074639350176	0.0012928028590977	65.000000000000	0.00000000000000
25.079999923706	-0.0035718751605600	0.0033530981745571	65.000000000000	0.00000000000000
25.090000152588	-0.0029278660658747	0.0054079098626971	65.000000000000	0.00000000000000
25.100000381470	-0.0022754878737032	0.0074571967124939	65.000000000000	0.00000000000000
25.110000610352	-0.0016147959977388	0.0095009133219719	65.000000000000	0.00000000000000
25.120000839233	-0.00094584008911625	0.011539017781615	65.000000000000	0.00000000000000
25.129999160767	-0.00026867623091675	0.013571468181908	65.000000000000	0.00000000000000
25.139999389648	0.00041664493619464	0.015598223544657	65.000000000000	0.00000000000000
25.149999618530	0.0011100723640993	0.017619242891669	65.000000000000	0.00000000000000
25.159999847412	0.0018115461571142	0.019634485244751	65.000000000000	0.00000000000000
25.170000076294	0.0025210082530975	0.021643910557032	65.000000000000	0.00000000000000
25.180000305176	0.0032384186051786	0.023647479712963	65.000000000000	0.00000000000000
25.190000534058	0.0039637177251279	0.025645157322288	65.000000000000	0.00000000000000
25.200000762939	0.0046968501992524	0.027636900544167	65.000000000000	0.00000000000000
25.209999084473	0.0054377610795200	0.029622672125697	65.000000000000	0.00000000000000
25.219999313354	0.0061863949522376	0.031602442264557	65.000000000000	0.00000000000000
25.229999542236	0.0069426950067282	0.033576164394617	65.000000000000	0.00000000000000
25.239999771118	0.0077066207304597	0.035543806850910	65.000000000000	0.00000000000000
25.250000000000	0.0084780976176262	0.037505336105824	65.000000000000	0.00000000000000
25.260000228882	0.0092570791020989	0.039460718631744	65.000000000000	0.00000000000000
25.270000457764	0.010043508373201	0.041409920901060	65.000000000000	0.00000000000000
25.280000686646	0.010837342590094	0.043352901935577	65.000000000000	0.00000000000000
25.290000915527	0.011638497002423	0.045289635658264	65.000000000000	0.00000000000000
25.299999237061	0.012446957640350	0.047220084816217	65.000000000000	0.00000000000000
25.309999465942	0.013262618333101	0.049144223332405	65.000000000000	0.00000000000000
25.319999694824	0.014085474424064	0.051062017679214	65.000000000000	0.00000000000000
25.329999923706	0.014915433712304	0.052973438054323	65.000000000000	0.00000000000000
25.340000152588	0.015752457082272	0.054878447204828	65.000000000000	0.00000000000000
25.350000381470	0.016596484929323	0.056777022778988	65.000000000000	0.00000000000000
25.360000610352	0.017447471618652	0.058669138699770	65.000000000000	0.00000000000000
25.370000839233	0.018305331468582	0.060554757714272	65.000000000000	0.00000000000000
25.379999160767	0.019170034676790	0.062433850020170	65.000000000000	0.00000000000000
25.389999389648	0.020041530951858	0.064306400716305	65.000000000000	0.00000000000000
25.399999618530	0.020919732749462	0.066172376275063	65.000000000000	0.00000000000000
25.409999847412	0.021804608404636	0.068031750619411	65.000000000000	0.00000000000000
25.420000076294	0.022696109488606	0.069884493947029	65.000000000000	0.00000000000000
25.430000305176	0.023594148457050	0.071730576455593	65.000000000000	0.00000000000000
25.440000534058	0.024498682469130	0.073569998145103	65.000000000000	0.00000000000000
25.450000762939	0.025409672409296	0.075402706861496	65.000000000000	0.00000000000000
25.459999084473	0.026327036321163	0.077228695154190	65.000000000000	0.00000000000000
25.469999313354	0.027250744402409	0.079047933220863	65.000000000000	0.00000000000000
25.479999542236	0.028180707246065	0.080860398709774	65.000000000000	0.00000000000000
25.489999771118	0.029116922989488	0.082666069269180	65.000000000000	0.00000000000000
25.500000000000	0.030059278011322	0.084464929997921	65.000000000000	0.00000000000000
25.510000228882	0.031007735058665	0.086256958544254	65.000000000000	0.00000000000000
25.520000457764	0.031962230801582	0.088042117655277	65.000000000000	0.00000000000000
25.530000686646	0.032922737300396	0.089820414781570	65.000000000000	0.00000000000000
25.540000915527	0.033889152109623	0.091591805219650	65.000000000000	0.00000000000000
25.549999237061	0.034861467778683	0.093356288969517	65.000000000000	0.00000000000000
25.559999465942	0.035839624702930	0.095113828778267	65.000000000000	0.00000000000000
25.569999694824	0.036823533475399	0.096864424645901	65.000000000000	0.00000000000000
25.579999923706	0.037813134491444	0.098608046770096	65.000000000000	0.00000000000000
25.590000152588	0.038808416575193	0.10034467279911	65.000000000000	0.00000000000000
25.600000381470	0.039809294044971	0.10207431018353	65.000000000000	0.00000000000000
25.610000610352	0.040815696120262	0.10379692167044	65.000000000000	0.00000000000000
25.620000839233	0.041827607899904	0.10551250725985	65.000000000000	0.00000000000000
25.629999160767	0.042844954878092	0.10722103714943	65.000000000000	0.00000000000000
25.639999389648	0.043867669999599	0.10892250388861	65.000000000000	0.00000000000000
25.649999618530	0.044895701110363	0.11061689257622	65.000000000000	0.00000000000000
25.659999847412	0.045928996056318	0.11230418831110	65.000000000000	0.00000000000000
25.670000076294	0.046967513859272	0.11398438364267	65.000000000000	0.00000000000000
25.680000305176	0.048011183738708	0.11565745621920	65.000000000000	0.00000000000000
25.690000534058	0.049059972167015	0.11732341349125	65.000000000000	0.00000000000000
25.700000762939	0.050113748759031	0.11898220330477	65.000000000000	0.00000000000000
25.709999084473	0.051172573119402	0.12063385546207	65.000000000000	0.00000000000000
25.719999313354	0.052236322313547	0.12227834761143	65.000000000000	0.00000000000000
25.729999542236	0.053304918110371	0.12391567230225	65.000000000000	0.00000000000000
25.739999771118	0.054378364235163	0.12554579973221	65.000000000000	0.00000000000000
25.750000000000	0.055456593632698	0.12716872990131	65.000000000000	0.00000000000000
25.760000228882	0.056539498269558	0.12878447771072	65.000000000000	0.00000000000000
25.770000457764	0.057627089321613	0.13039299845695	65.000000000000	0.00000000000000
25.780000686646	0.058719299733639	0.13199429214001	65.000000000000	0.00000000000000
25.790000915527	0.059816081076860	0.13358838856220	65.000000000000	0.00000000000000
25.799999237061	0.060917336493731	0.13517521321774	65.000000000000	0.00000000000000
25.809999465942	0.062022991478443	0.13675485551357	65.000000000000	0.00000000000000
25.819999694824	0.063133068382740	0.13832722604275	65.000000000000	0.00000000000000
25.829999923706	0.064247578382492	0.13989229500294	65.000000000000	0.00000000000000
25.840000152588	0.065366238355637	0.14145016670227	65.000000000000	0.00000000000000
25.850000381470	0.066489197313786	0.14300075173378	65.000000000000	0.00000000000000
25.860000610352	0.067616283893585	0.14454409480095	65.000000000000	0.00000000000000
25.870000839233	0.068747550249100	0.14608013629913	65.000000000000	0.00000000000000
25.879999160767	0.069882884621620	0.14760890603065	65.000000000000	0.00000000000000
25.889999389648	0.071022279560566	0.14913035929203	65.000000000000	0.00000000000000
25.899999618530	0.072165563702583	0.15064458549023	65.000000000000	0.00000000000000
25.909999847412	0.073312848806381	0.15215149521828	65.000000000000	0.00000000000000
25.920000076294	0.074463911354542	0.15365113317966	65.000000000000	0.00000000000000
25.930000305176	0.075618810951710	0.15514349937439	65.000000000000	0.00000000000000
25.940000534058	0.076777525246143	0.15662853419781	65.000000000000	0.00000000000000
25.950000762939	0.077939912676811	0.15810629725456	65.000000000000	0.00000000000000
25.959999084473	0.079105935990810	0.15957677364349	65.000000000000	0.00000000000000
25.969999313354	0.080275617539883	0.16103993356228	65.000000000000	0.00000000000000
25.979999542236	0.081448853015900	0.16249579191208	65.000000000000	0.00000000000000
25.989999771118	0.082625500857830	0.16394442319870	65.000000000000	0.00000000000000
26.000000000000	0.083805710077286	0.16538570821285	65.000000000000	0.00000000000000
26.010000228882	0.084989242255688	0.16681972146034	65.000000000000	0.00000000000000
26.020000457764	0.086176194250584	0.16824644804001	65.000000000000	0.00000000000000
26.030000686646	0.087366379797459	0.16966588795185	65.000000000000	0.00000000000000
26.040000915527	0.088559925556183	0.17107801139355	65.000000000000	0.00000000000000
26.049999237061	0.089756570756435	0.17248290777206	65.000000000000	0.00000000000000
26.059999465942	0.090956494212151	0.17388045787811	65.000000000000	0.00000000000000
26.069999694824	0.092159375548363	0.17527079582214	65.000000000000	0.00000000000000
26.079999923706	0.093365475535393	0.17665377259254	65.000000000000	0.00000000000000
26.090000152588	0.094574391841888	0.17802961170673	65.000000000000	0.00000000000000
26.100000381470	0.095786474645138	0.17939804494381	65.000000000000	0.00000000000000
26.110000610352	0.097001321613789	0.18075931072235	65.000000000000	0.00000000000000
26.120000839233	0.098219126462936	0.18211328983307	65.000000000000	0.00000000000000
26.129999160767	0.099439725279808	0.18345999717712	65.000000000000	0.00000000000000
26.139999389648	0.10066305845976	0.18479950726032	65.000000000000	0.00000000000000
26.149999618530	0.10188906639814	0.18613180518150	65.000000000000	0.00000000000000
26.159999847412	0.10311775654554	0.18745684623718	65.000000000000	0.00000000000000
26.170000076294	0.10434915870428	0.18877461552620	65.000000000000	0.00000000000000
26.180000305176	0.10558313876390	0.19008517265320	65.000000000000	0.00000000000000
26.190000534058	0.10681962221861	0.19138854742050	65.000000000000	0.00000000000000
26.200000762939	0.10805863887072	0.19268468022346	65.000000000000	0.00000000000000
26.209999084473	0.10930003970861	0.19397366046906	65.000000000000	0.00000000000000
26.219999313354	0.11054385453463	0.19525541365147	65.000000000000	0.00000000000000
26.229999542236	0.11178993433714	0.19653007388115	65.000000000000	0.00000000000000
26.239999771118	0.11303839832544	0.19779750704765	65.000000000000	0.00000000000000
26.250000000000	0.11428909748793	0.19905777275562	65.000000000000	0.00000000000000
26.260000228882	0.11554206907749	0.20031084120274	65.000000000000	0.00000000000000
26.270000457764	0.11679717153311	0.20155680179596	65.000000000000	0.00000000000000
26.280000686646	0.11805442720652	0.20279562473297	65.000000000000	0.00000000000000
26.290000915527	0.11931369453669	0.20402733981609	65.000000000000	0.00000000000000
26.299999237061	0.12057501822710	0.20525194704533	65.000000000000	0.00000000000000
26.309999465942	0.12183842062950	0.20646943151951	65.000000000000	0.00000000000000
26.319999694824	0.12310369312763	0.20767982304096	65.000000000000	0.00000000000000
26.329999923706	0.12437088042498	0.20888313651085	65.000000000000	0.00000000000000
26.340000152588	0.12563994526863	0.21007937192917	65.000000000000	0.00000000000000
26.350000381470	0.12691086530685	0.21126857399940	65.000000000000	0.00000000000000
26.360000610352	0.12818351387978	0.21245071291924	65.000000000000	0.00000000000000
26.370000839233	0.12945792078972	0.21362581849098	65.000000000000	0.00000000000000
26.379999160767	0.13073401153088	0.21479389071465	65.000000000000	0.00000000000000
26.389999389648	0.13201177120209	0.21595495939255	65.000000000000	0.00000000000000
26.399999618530	0.13329117000103	0.21710902452469	65.000000000000	0.00000000000000
26.409999847412	0.13457204401493	0.21825611591339	65.000000000000	0.00000000000000
26.420000076294	0.13585452735424	0.21939624845982	65.000000000000	0.00000000000000
26.430000305176	0.13713850080967	0.22052939236164	65.000000000000	0.00000000000000
26.440000534058	0.13842390477657	0.22165559232235	65.000000000000	0.00000000000000
26.450000762939	0.13971069455147	0.22277489304543	65.000000000000	0.00000000000000
26.459999084473	0.14099891483784	0.22388726472855	65.000000000000	0.00000000000000
26.469999313354	0.14228841662407	0.22499270737171	65.000000000000	0.00000000000000
26.479999542236	0.14357921481133	0.22609129548073	65.000000000000	0.00000000000000
26.489999771118	0.14487129449844	0.22718298435211	65.000000000000	0.00000000000000
26.500000000000	0.14616453647614	0.22826783359051	65.000000000000	0.00000000000000
26.510000228882	0.14745900034904	0.22934585809708	65.000000000000	0.00000000000000
26.520000457764	0.14875455200672	0.23041701316833	65.000000000000	0.00000000000000
26.530000686646	0.15005120635033	0.23148138821125	65.000000000000	0.00000000000000
26.540000915527	0.15134894847870	0.23253892362118	65.000000000000	0.00000000000000
26.549999237061	0.15264765918255	0.23358970880508	65.000000000000	0.00000000000000
26.559999465942	0.15394742786884	0.23463371396065	65.000000000000	0.00000000000000
26.569999694824	0.15524810552597	0.23567098379135	65.000000000000	0.00000000000000
26.579999923706	0.15654970705509	0.23670153319836	65.000000000000	0.00000000000000
26.590000152588	0.15785215795040	0.23772533237934	65.000000000000	0.00000000000000
26.600000381470	0.15915547311306	0.23874245584011	65.000000000000	0.00000000000000
26.610000610352	0.16045956313610	0.23975288867950	65.000000000000	0.00000000000000
26.620000839233	0.16176439821720	0.24075667560101	65.000000000000	0.00000000000000
26.629999160767	0.16306999325752	0.24175380170345	65.000000000000	0.00000000000000
26.639999389648	0.16437625885010	0.24274428188801	65.000000000000	0.00000000000000
26.649999618530	0.16568326950073	0.24372816085815	65.000000000000	0.00000000000000
26.659999847412	0.16699081659317	0.24470546841621	65.000000000000	0.00000000000000
26.670000076294	0.16829895973206	0.24567617475986	65.000000000000	0.00000000000000
26.680000305176	0.16960769891739	0.24664032459259	65.000000000000	0.00000000000000
26.690000534058	0.17091695964336	0.24759793281555	65.000000000000	0.00000000000000
26.700000762939	0.17222666740417	0.24854901432991	65.000000000000	0.00000000000000
26.709999084473	0.17353688180447	0.24949358403683	65.000000000000	0.00000000000000
26.719999313354	0.17484746873379	0.25043168663979	65.000000000000	0.00000000000000
26.729999542236	0.17615847289562	0.25136330723763	65.000000000000	0.00000000000000
26.739999771118	0.17746977508068	0.25228849053383	65.000000000000	0.00000000000000
26.750000000000	0.17878150939941	0.25320723652840	65.000000000000	0.00000000000000
26.760000228882	0.18009346723557	0.25411960482597	65.000000000000	0.00000000000000
26.770000457764	0.18140569329262	0.25502553582191	65.000000000000	0.00000000000000
26.780000686646	0.18271814286709	0.25592511892319	65.000000000000	0.00000000000000
26.790000915527	0.18403080105782	0.25681835412979	65.000000000000	0.00000000000000
26.799999237061	0.18534359335899	0.25770524144173	65.000000000000	0.00000000000000
26.809999465942	0.18665656447411	0.25858581066132	65.000000000000	0.00000000000000
26.819999694824	0.18796963989735	0.25946009159088	65.000000000000	0.00000000000000
26.829999923706	0.18928276002407	0.26032811403275	65.000000000000	0.00000000000000
26.840000152588	0.19059586524963	0.26118984818459	65.000000000000	0.00000000000000
26.850000381470	0.19190905988216	0.26204541325569	65.000000000000	0.00000000000000
26.860000610352	0.19322225451469	0.26289471983910	65.000000000000	0.00000000000000
26.870000839233	0.19453537464142	0.26373782753944	65.000000000000	0.00000000000000
26.879999160767	0.19584842026234	0.26457476615906	65.000000000000	0.00000000000000
26.889999389648	0.19716140627861	0.26540556550026	65.000000000000	0.00000000000000
26.899999618530	0.19847416877747	0.26623022556305	65.000000000000	0.00000000000000
26.909999847412	0.19978681206703	0.26704877614975	65.000000000000	0.00000000000000
26.920000076294	0.20109932124615	0.26786124706268	65.000000000000	0.00000000000000
26.930000305176	0.20241157710552	0.26866766810417	65.000000000000	0.00000000000000
26.940000534058	0.20372353494167	0.26946800947189	65.000000000000	0.00000000000000
26.950000762939	0.20503532886505	0.27026233077049	65.000000000000	0.00000000000000
26.959999084473	0.20634672045708	0.27105066180229	65.000000000000	0.00000000000000
26.969999313354	0.20765784382820	0.27183297276497	65.000000000000	0.00000000000000
26.979999542236	0.20896860957146	0.27260935306549	65.000000000000	0.00000000000000
26.989999771118	0.21027895808220	0.27337980270386	65.000000000000	0.00000000000000
27.000000000000	0.21158896386623	0.27414429187775	65.000000000000	0.00000000000000
27.010000228882	0.21289849281311	0.27490288019180	65.000000000000	0.00000000000000
27.020000457764	0.21420754492283	0.27565562725067	65.000000000000	0.00000000000000
27.030000686646	0.21551613509655	0.27640250325203	65.000000000000	0.00000000000000
27.040000915527	0.21682424843311	0.27714353799820	65.000000000000	0.00000000000000
27.049999237061	0.21813185513020	0.27787876129150	65.000000000000	0.00000000000000
27.059999465942	0.21943889558315	0.27860823273659	65.000000000000	0.00000000000000
27.069999694824	0.22074531018734	0.27933189272881	65.000000000000	0.00000000000000
27.079999923706	0.22205109894276	0.28004983067513	65.000000000000	0.00000000000000
27.090000152588	0.22335626184940	0.28076201677322	65.000000000000	0.00000000000000
27.100000381470	0.22466085851192	0.28146851062775	65.000000000000	0.00000000000000
27.110000610352	0.22596471011639	0.28216931223869	65.000000000000	0.00000000000000
27.120000839233	0.22726787626743	0.28286448121071	65.000000000000	0.00000000000000
27.129999160767	0.22857038676739	0.28355401754379	65.000000000000	0.00000000000000
27.139999389648	0.22987198829651	0.28423792123795	65.000000000000	0.00000000000000
27.149999618530	0.23117293417454	0.28491622209549	65.000000000000	0.00000000000000
27.159999847412	0.23247310519218	0.28558897972107	65.000000000000	0.00000000000000
27.170000076294	0.23377247154713	0.28625616431236	65.000000000000	0.00000000000000
27.180000305176	0.23507097363472	0.28691783547401	65.000000000000	0.00000000000000
27.190000534058	0.23636856675148	0.28757399320602	65.000000000000	0.00000000000000
27.200000762939	0.23766534030437	0.28822469711304	65.000000000000	0.00000000000000
27.209999084473	0.23896120488644	0.28886991739273	65.000000000000	0.00000000000000
27.219999313354	0.24025617539883	0.28950971364975	65.000000000000	0.00000000000000
27.229999542236	0.24155016243458	0.29014408588409	65.000000000000	0.00000000000000
27.239999771118	0.24284318089485	0.29077309370041	65.000000000000	0.00000000000000
27.250000000000	0.24413523077965	0.29139670729637	65.000000000000	0.00000000000000
27.260000228882	0.24542631208897	0.29201495647430	65.000000000000	0.00000000000000
27.270000457764	0.24671639502048	0.29262790083885	65.000000000000	0.00000000000000
27.280000686646	0.24800531566143	0.29323554039001	65.000000000000	0.00000000000000
27.290000915527	0.24929326772690	0.29383790493011	65.000000000000	0.00000000000000
27.299999237061	0.25058016180992	0.29443505406380	65.000000000000	0.00000000000000
27.309999465942	0.25186589360237	0.29502692818642	65.000000000000	0.00000000000000
27.319999694824	0.25315055251122	0.29561355710030	65.000000000000	0.00000000000000
27.329999923706	0.25443407893181	0.29619506001472	65.000000000000	0.00000000000000
27.340000152588	0.25571641325951	0.29677137732506	65.000000000000	0.00000000000000
27.350000381470	0.25699764490128	0.29734250903130	65.000000000000	0.00000000000000
27.360000610352	0.25827762484550	0.29790857434273	65.000000000000	0.00000000000000
27.370000839233	0.25955641269684	0.29846951365471	65.000000000000	0.00000000000000
27.379999160767	0.26083391904831	0.29902538657188	65.000000000000	0.00000000000000
27.389999389648	0.26211029291153	0.29957622289658	65.000000000000	0.00000000000000
27.399999618530	0.26338535547256	0.30012199282646	65.000000000000	0.00000000000000
27.409999847412	0.26465907692909	0.30066278576851	65.000000000000	0.00000000000000
27.420000076294	0.26593154668808	0.30119860172272	65.000000000000	0.00000000000000
27.430000305176	0.26720279455185	0.30172944068909	65.000000000000	0.00000000000000
27.440000534058	0.26847267150879	0.30225533246994	65.000000000000	0.00000000000000
27.450000762939	0.26974114775658	0.30277630686760	65.000000000000	0.00000000000000
27.459999084473	0.27100825309753	0.30329239368439	65.000000000000	0.00000000000000
27.469999313354	0.27227407693863	0.30380356311798	65.000000000000	0.00000000000000
27.479999542236	0.27353844046593	0.30430993437767	65.000000000000	0.00000000000000
27.489999771118	0.27480140328407	0.30481147766113	65.000000000000	0.00000000000000
27.500000000000	0.27606299519539	0.30530819296837	65.000000000000	0.00000000000000
27.510000228882	0.27732309699059	0.30580016970634	65.000000000000	0.00000000000000
27.520000457764	0.27858179807663	0.30628734827042	65.000000000000	0.00000000000000
27.530000686646	0.27983903884888	0.30676978826523	65.000000000000	0.00000000000000
27.540000915527	0.28109472990036	0.30724751949310	65.000000000000	0.00000000000000
27.549999237061	0.28234899044037	0.30772057175636	65.000000000000	0.00000000000000
27.559999465942	0.28360173106194	0.30818891525269	65.000000000000	0.00000000000000
27.569999694824	0.28485292196274	0.30865263938904	65.000000000000	0.00000000000000
27.579999923706	0.28610262274742	0.30911177396774	65.000000000000	0.00000000000000
27.590000152588	0.28735071420670	0.30956622958183	65.000000000000	0.00000000000000
27.600000381470	0.28859734535217	0.31001615524292	65.000000000000	0.00000000000000
27.610000610352	0.28984233736992	0.31046149134636	65.000000000000	0.00000000000000
27.620000839233	0.29108572006226	0.31090232729912	65.000000000000	0.00000000000000
27.629999160767	0.29232755303383	0.31133860349655	65.000000000000	0.00000000000000
27.639999389648	0.29356771707535	0.31177040934563	65.000000000000	0.00000000000000
27.649999618530	0.29480624198914	0.31219774484634	65.000000000000	0.00000000000000
27.659999847412	0.29604321718216	0.31262063980103	65.000000000000	0.00000000000000
27.670000076294	0.29727852344513	0.31303909420967	65.000000000000	0.00000000000000
27.680000305176	0.29851219058037	0.31345310807228	65.000000000000	0.00000000000000
27.690000534058	0.29974415898323	0.31386280059814	65.000000000000	0.00000000000000
27.700000762939	0.30097436904907	0.31426814198494	65.000000000000	0.00000000000000
27.709999084473	0.30220296978951	0.31466913223267	65.000000000000	0.00000000000000
27.719999313354	0.30342987179756	0.31506577134132	65.000000000000	0.00000000000000
27.729999542236	0.30465504527092	0.31545814871788	65.000000000000	0.00000000000000
27.739999771118	0.30587840080261	0.31584620475769	65.000000000000	0.00000000000000
27.750000000000	0.30710008740425	0.31623002886772	65.000000000000	0.00000000000000
27.760000228882	0.30832004547119	0.31660965085030	65.000000000000	0.00000000000000
27.770000457764	0.30953821539879	0.31698504090309	65.000000000000	0.00000000000000
27.780000686646	0.31075462698936	0.31735625863075	65.000000000000	0.00000000000000
27.790000915527	0.31196928024292	0.31772327423096	65.000000000000	0.00000000000000
27.799999237061	0.31318214535713	0.31808617711067	65.000000000000	0.00000000000000
27.809999465942	0.31439316272736	0.31844496726990	65.000000000000	0.00000000000000
27.819999694824	0.31560245156288	0.31879964470863	65.000000000000	0.00000000000000
27.829999923706	0.31680980324745	0.31915020942688	65.000000000000	0.00000000000000
27.840000152588	0.31801545619965	0.31949678063393	65.000000000000	0.00000000000000
27.850000381470	0.31921917200089	0.31983926892281	65.000000000000	0.00000000000000
27.860000610352	0.32042106986046	0.32017776370049	65.000000000000	0.00000000000000
27.870000839233	0.32162114977837	0.32051223516464	65.000000000000	0.00000000000000
27.879999160767	0.32281938195229	0.32084280252457	65.000000000000	0.00000000000000
27.889999389648	0.32401567697525	0.32116931676865	65.000000000000	0.00000000000000
27.899999618530	0.32521009445190	0.32149195671082	65.000000000000	0.00000000000000
27.909999847412	0.32640263438225	0.32181069254875	65.000000000000	0.00000000000000
27.920000076294	0.32759329676628	0.32212552428246	65.000000000000	0.00000000000000
27.930000305176	0.32878208160400	0.32243645191193	65.000000000000	0.00000000000000
27.940000534058	0.32996892929077	0.32274356484413	65.000000000000	0.00000000000000
27.950000762939	0.33115386962891	0.32304686307907	65.000000000000	0.00000000000000
27.959999084473	0.33233681321144	0.32334631681442	65.000000000000	0.00000000000000
27.969999313354	0.33351793885231	0.32364201545715	65.000000000000	0.00000000000000
27.979999542236	0.33469706773758	0.32393392920494	65.000000000000	0.00000000000000
27.989999771118	0.33587417006493	0.32422211766243	65.000000000000	0.00000000000000
28.000000000000	0.33704942464828	0.32450655102730	65.000000000000	0.00000000000000
28.010000228882	0.33822262287140	0.32478731870651	65.000000000000	0.00000000000000
28.020000457764	0.33939400315285	0.32506436109543	65.000000000000	0.00000000000000
28.030000686646	0.34056329727173	0.32533776760101	65.000000000000	0.00000000000000
28.040000915527	0.34173062443733	0.32560750842094	65.000000000000	0.00000000000000
28.049999237061	0.34289601445198	0.32587361335754	65.000000000000	0.00000000000000
28.059999465942	0.34405928850174	0.32613611221313	65.000000000000	0.00000000000000
28.069999694824	0.34522068500519	0.32639509439468	65.000000000000	0.00000000000000
28.079999923706	0.34638002514839	0.32665044069290	65.000000000000	0.00000000000000
28.090000152588	0.34753733873367	0.32690230011940	65.000000000000	0.00000000000000
28.100000381470	0.34869271516800	0.32715055346489	65.000000000000	0.00000000000000
28.110000610352	0.34984600543976	0.32739531993866	65.000000000000	0.00000000000000
28.120000839233	0.35099723935127	0.32763665914536	65.000000000000	0.00000000000000
28.129999160767	0.35214650630951	0.32787451148033	65.000000000000	0.00000000000000
28.139999389648	0.35329371690750	0.32810893654823	65.000000000000	0.00000000000000
28.149999618530	0.35443878173828	0.32833990454674	65.000000000000	0.00000000000000
28.159999847412	0.35558190941811	0.32856744527817	65.000000000000	0.00000000000000
28.170000076294	0.35672298073769	0.32879161834717	65.000000000000	0.00000000000000
28.180000305176	0.35786196589470	0.32901242375374	65.000000000000	0.00000000000000
28.190000534058	0.35899892449379	0.32922986149788	65.000000000000	0.00000000000000
28.200000762939	0.36013376712799	0.32944399118423	65.000000000000	0.00000000000000
28.209999084473	0.36126652359962	0.32965481281281	65.000000000000	0.00000000000000
28.219999313354	0.36239728331566	0.32986229658127	65.000000000000	0.00000000000000
28.229999542236	0.36352589726448	0.33006656169891	65.000000000000	0.00000000000000
28.239999771118	0.36465248465538	0.33026751875877	65.000000000000	0.00000000000000
28.250000000000	0.36577692627907	0.33046531677246	65.000000000000	0.00000000000000
28.260000228882	0.36689931154251	0.33065983653069	65.000000000000	0.00000000000000
28.270000457764	0.36801961064339	0.33085113763809	65.000000000000	0.00000000000000
28.280000686646	0.36913776397705	0.33103927969933	65.000000000000	0.00000000000000
28.290000915527	0.37025380134583	0.33122429251671	65.000000000000	0.00000000000000
28.299999237061	0.37136778235435	0.33140611648560	65.000000000000	0.00000000000000
28.309999465942	0.37247964739799	0.33158484101295	65.000000000000	0.00000000000000
28.319999694824	0.37358948588371	0.33176046609879	65.000000000000	0.00000000000000
28.329999923706	0.37469702959061	0.33193296194077	65.000000000000	0.00000000000000
28.340000152588	0.37580257654190	0.33210241794586	65.000000000000	0.00000000000000
28.350000381470	0.37690600752831	0.33226880431175	65.000000000000	0.00000000000000
28.360000610352	0.37800732254982	0.33243218064308	65.000000000000	0.00000000000000
28.370000839233	0.37910640239716	0.33259251713753	65.000000000000	0.00000000000000
28.379999160767	0.38020342588425	0.33274987339973	65.000000000000	0.00000000000000
28.389999389648	0.38129824399948	0.33290421962738	65.000000000000	0.00000000000000
28.399999618530	0.38239106535912	0.33305558562279	65.000000000000	0.00000000000000
28.409999847412	0.38348174095154	0.33320406079292	65.000000000000	0.00000000000000
28.420000076294	0.38457018136978	0.33334958553314	65.000000000000	0.00000000000000
28.430000305176	0.38565650582314	0.33349218964577	65.000000000000	0.00000000000000
28.440000534058	0.38674062490463	0.33363190293312	65.000000000000	0.00000000000000
28.450000762939	0.38782268762589	0.33376872539520	65.000000000000	0.00000000000000
28.459999084473	0.38890260457993	0.33390271663666	65.000000000000	0.00000000000000
28.469999313354	0.38998034596443	0.33403387665749	65.000000000000	0.00000000000000
28.479999542236	0.39105600118637	0.33416220545769	65.000000000000	0.00000000000000
28.489999771118	0.39212945103645	0.33428767323494	65.000000000000	0.00000000000000
28.500000000000	0.39320075511932	0.33441033959389	65.000000000000	0.00000000000000
28.510000228882	0.39426988363266	0.33453032374382	65.000000000000	0.00000000000000
28.520000457764	0.39533692598343	0.33464747667313	65.000000000000	0.00000000000000
28.530000686646	0.39640170335770	0.33476188778877	65.000000000000	0.00000000000000
28.540000915527	0.39746436476707	0.33487361669540	65.000000000000	0.00000000000000
28.549999237061	0.39852488040924	0.33498263359070	65.000000000000	0.00000000000000
28.559999465942	0.39958328008652	0.33508896827698	65.000000000000	0.00000000000000
28.569999694824	0.40063938498497	0.33519256114960	65.000000000000	0.00000000000000
28.579999923706	0.40169343352318	0.33529356122017	65.000000000000	0.00000000000000
28.590000152588	0.40274530649185	0.33539190888405	65.000000000000	0.00000000000000
28.600000381470	0.40379506349564	0.33548760414124	65.000000000000	0.00000000000000
28.610000610352	0.40484252572060	0.33558070659637	65.000000000000	0.00000000000000
28.620000839233	0.40588796138763	0.33567121624947	65.000000000000	0.00000000000000
28.629999160767	0.40693107247353	0.33575919270515	65.000000000000	0.00000000000000
28.639999389648	0.40797206759453	0.33584457635880	65.000000000000	0.00000000000000
28.649999618530	0.40901100635529	0.33592736721039	65.000000000000	0.00000000000000
28.659999847412	0.41004773974419	0.33600756525993	65.000000000000	0.00000000000000
28.670000076294	0.41108208894730	0.33608552813530	65.000000000000	0.00000000000000
28.680000305176	0.41211462020874	0.33616057038307	65.000000000000	0.00000000000000
28.690000534058	0.41314470767975	0.33623349666595	65.000000000000	0.00000000000000
28.700000762939	0.41417267918587	0.33630385994911	65.000000000000	0.00000000000000
28.709999084473	0.41519856452942	0.33637177944183	65.000000000000	0.00000000000000
28.719999313354	0.41622239351273	0.33643698692322	65.000000000000	0.00000000000000
28.729999542236	0.41724377870560	0.33650007843971	65.000000000000	0.00000000000000
28.739999771118	0.41826322674751	0.33656057715416	65.000000000000	0.00000000000000
28.750000000000	0.41928040981293	0.33661887049675	65.000000000000	0.00000000000000
28.760000228882	0.42029538750648	0.33667469024658	65.000000000000	0.00000000000000
28.770000457764	0.42130821943283	0.33672818541527	65.000000000000	0.00000000000000
28.780000686646	0.42231881618500	0.33677947521210	65.000000000000	0.00000000000000
28.790000915527	0.42332732677460	0.33682817220688	65.000000000000	0.00000000000000
28.799999237061	0.42433378100395	0.33687457442284	65.000000000000	0.00000000000000
28.809999465942	0.42533791065216	0.33691883087158	65.000000000000	0.00000000000000
28.819999694824	0.42634001374245	0.33696058392525	65.000000000000	0.00000000000000
28.829999923706	0.42733982205391	0.33700022101402	65.000000000000	0.00000000000000
28.840000152588	0.42833763360977	0.33703744411469	65.000000000000	0.00000000000000
28.850000381470	0.42933312058449	0.33707258105278	65.000000000000	0.00000000000000
28.860000610352	0.43032646179199	0.33710551261902	65.000000000000	0.00000000000000
28.870000839233	0.43131762742996	0.33713614940643	65.000000000000	0.00000000000000
28.879999160767	0.43230664730072	0.33716464042664	65.000000000000	0.00000000000000
28.889999389648	0.43329367041588	0.33719074726105	65.000000000000	0.00000000000000
28.899999618530	0.43427827954292	0.33721494674683	65.000000000000	0.00000000000000
28.909999847412	0.43526089191437	0.33723682165146	65.000000000000	0.00000000000000
28.920000076294	0.43624129891396	0.33725664019585	65.000000000000	0.00000000000000
28.930000305176	0.43721958994865	0.33727428317070	65.000000000000	0.00000000000000
28.940000534058	0.43819570541382	0.33728981018066	65.000000000000	0.00000000000000
28.950000762939	0.43916967511177	0.33730322122574	65.000000000000	0.00000000000000
28.959999084473	0.44014152884483	0.33731454610825	65.000000000000	0.00000000000000
28.969999313354	0.44111114740372	0.33732381463051	65.000000000000	0.00000000000000
28.979999542236	0.44207864999771	0.33733096718788	65.000000000000	0.00000000000000
28.989999771118	0.44304403662682	0.33733615279198	65.000000000000	0.00000000000000
29.000000000000	0.44400730729103	0.33733925223351	65.000000000000	0.00000000000000
29.010000228882	0.44496840238571	0.33734032511711	65.000000000000	0.00000000000000
29.020000457764	0.44592732191086	0.33733934164047	65.000000000000	0.00000000000000
29.030000686646	0.44688418507576	0.33733645081520	65.000000000000	0.00000000000000
29.040000915527	0.44783881306648	0.33733150362968	65.000000000000	0.00000000000000
29.049999237061	0.44879138469696	0.33732461929321	65.000000000000	0.00000000000000
29.059999465942	0.44974181056023	0.33731576800346	65.000000000000	0.00000000000000
29.069999694824	0.45069009065628	0.33730494976044	65.000000000000	0.00000000000000
29.079999923706	0.45163622498512	0.33729219436646	65.000000000000	0.00000000000000
29.090000152588	0.45258027315140	0.33727756142616	65.000000000000	0.00000000000000
29.100000381470	0.45352223515511	0.33726096153259	65.000000000000	0.00000000000000
29.110000610352	0.45446199178696	0.33724251389503	65.000000000000	0.00000000000000
29.120000839233	0.45539960265160	0.33722218871117	65.000000000000	0.00000000000000
29.129999160767	0.45633512735367	0.33719998598099	65.000000000000	0.00000000000000
29.139999389648	0.45726859569550	0.33717593550682	65.000000000000	0.00000000000000
29.149999618530	0.45819985866547	0.33714997768402	65.000000000000	0.00000000000000
29.159999847412	0.45912909507751	0.33712214231491	65.000000000000	0.00000000000000
29.170000076294	0.46005618572235	0.33709257841110	65.000000000000	0.00000000000000
29.180000305176	0.46098116040230	0.33706122636795	65.000000000000	0.00000000000000
29.190000534058	0.46190398931503	0.33702799677849	65.000000000000	0.00000000000000
29.200000762939	0.46282476186752	0.33699306845665	65.000000000000	0.00000000000000
29.209999084473	0.46374344825745	0.33695629239082	65.000000000000	0.00000000000000
29.219999313354	0.46466001868248	0.33691775798798	65.000000000000	0.00000000000000
29.229999542236	0.46557450294495	0.33687749505043	65.000000000000	0.00000000000000
29.239999771118	0.46648687124252	0.33683553338051	65.000000000000	0.00000000000000
29.250000000000	0.46739712357521	0.33679178357124	65.000000000000	0.00000000000000
29.260000228882	0.46830531954765	0.33674639463425	65.000000000000	0.00000000000000
29.270000457764	0.46921139955521	0.33669918775558	65.000000000000	0.00000000000000
29.280000686646	0.47011542320251	0.33665034174919	65.000000000000	0.00000000000000
29.290000915527	0.47101733088493	0.33659979701042	65.000000000000	0.00000000000000
29.299999237061	0.47191721200943	0.33654764294624	65.000000000000	0.00000000000000
29.309999465942	0.47281503677368	0.33649376034737	65.000000000000	0.00000000000000
29.319999694824	0.47371071577072	0.33643829822540	65.000000000000	0.00000000000000
29.329999923706	0.47460439801216	0.33638116717339	65.000000000000	0.00000000000000
29.340000152588	0.47549602389336	0.33632233738899	65.000000000000	0.00000000000000
29.350000381470	0.47638553380966	0.33626195788383	65.000000000000	0.00000000000000
29.360000610352	0.47727298736572	0.33619999885559	65.000000000000	0.00000000000000
29.370000839233	0.47815832495689	0.33613646030426	65.000000000000	0.00000000000000
29.379999160767	0.47904175519943	0.33607125282288	65.000000000000	0.00000000000000
29.389999389648	0.47992295026779	0.33600452542305	65.000000000000	0.00000000000000
29.399999618530	0.48080223798752	0.33593621850014	65.000000000000	0.00000000000000
29.409999847412	0.48167940974236	0.33586639165878	65.000000000000	0.00000000000000
29.420000076294	0.48255458474159	0.33579504489899	65.000000000000	0.00000000000000
29.430000305176	0.48342764377594	0.33572211861610	65.000000000000	0.00000000000000
29.440000534058	0.48429870605469	0.33564773201942	65.000000000000	0.00000000000000
29.450000762939	0.48516774177551	0.33557176589966	65.000000000000	0.00000000000000
29.459999084473	0.48603472113609	0.33549436926842	65.000000000000	0.00000000000000
29.469999313354	0.48689973354340	0.33541539311409	65.000000000000	0.00000000000000
29.479999542236	0.48776265978813	0.33533501625061	65.000000000000	0.00000000000000
29.489999771118	0.48862349987030	0.33525317907333	65.000000000000	0.00000000000000
29.500000000000	0.48948249220848	0.33516988158226	65.000000000000	0.00000000000000
29.510000228882	0.49033930897713	0.33508509397507	65.000000000000	0.00000000000000
29.520000457764	0.49119412899017	0.33499893546104	65.000000000000	0.00000000000000
29.530000686646	0.49204707145691	0.33491125702858	65.000000000000	0.00000000000000
29.540000915527	0.49289792776108	0.33482226729393	65.000000000000	0.00000000000000
29.549999237061	0.49374672770500	0.33473172783852	65.000000000000	0.00000000000000
29.559999465942	0.49459356069565	0.33463993668556	65.000000000000	0.00000000000000
29.569999694824	0.49543833732605	0.33454668521881	65.000000000000	0.00000000000000
29.579999923706	0.49628126621246	0.33445209264755	65.000000000000	0.00000000000000
29.590000152588	0.49712210893631	0.33435609936714	65.000000000000	0.00000000000000
29.600000381470	0.49796098470688	0.33425876498222	65.000000000000	0.00000000000000
29.610000610352	0.49879786372185	0.33416005969048	65.000000000000	0.00000000000000
29.620000839233	0.49963280558586	0.33406004309654	65.000000000000	0.00000000000000
29.629999160767	0.50046563148499	0.33395868539810	65.000000000000	0.00000000000000
29.639999389648	0.50129663944244	0.33385604619980	65.000000000000	0.00000000000000
29.649999618530	0.50212562084198	0.33375203609467	65.000000000000	0.00000000000000
29.659999847412	0.50295257568359	0.33364674448967	65.000000000000	0.00000000000000
29.670000076294	0.50377762317657	0.33354014158249	65.000000000000	0.00000000000000
29.680000305176	0.50460070371628	0.33343228697777	65.000000000000	0.00000000000000
29.690000534058	0.50542187690735	0.33332318067551	65.000000000000	0.00000000000000
29.700000762939	0.50624108314514	0.33321273326874	65.000000000000	0.00000000000000
29.709999084473	0.50705826282501	0.33310109376907	65.000000000000	0.00000000000000
29.719999313354	0.50787347555161	0.33298814296722	65.000000000000	0.00000000000000
29.729999542236	0.50868690013885	0.33287400007248	65.000000000000	0.00000000000000
29.739999771118	0.50949829816818	0.33275863528252	65.000000000000	0.00000000000000
29.750000000000	0.51030766963959	0.33264207839966	65.000000000000	0.00000000000000
29.760000228882	0.51111525297165	0.33252421021461	65.000000000000	0.00000000000000
29.770000457764	0.51192080974579	0.33240517973900	65.000000000000	0.00000000000000
29.780000686646	0.51272445917130	0.33228495717049	65.000000000000	0.00000000000000
29.790000915527	0.51352620124817	0.33216354250908	65.000000000000	0.00000000000000
29.799999237061	0.51432603597641	0.33204099535942	65.000000000000	0.00000000000000
29.809999465942	0.51512390375137	0.33191725611687	65.000000000000	0.00000000000000
29.819999694824	0.51591986417770	0.33179232478142	65.000000000000	0.00000000000000
29.829999923706	0.51671397686005	0.33166623115540	65.000000000000	0.00000000000000
29.840000152588	0.51750618219376	0.33153903484344	65.000000000000	0.00000000000000
29.850000381470	0.51829642057419	0.33141070604324	65.000000000000	0.00000000000000
29.860000610352	0.51908481121063	0.33128118515015	65.000000000000	0.00000000000000
29.870000839233	0.51987129449844	0.33115062117577	65.000000000000	0.00000000000000
29.879999160767	0.52065593004227	0.33101889491081	65.000000000000	0.00000000000000
29.889999389648	0.52143865823746	0.33088606595993	65.000000000000	0.00000000000000
29.899999618530	0.52221941947937	0.33075219392776	65.000000000000	0.00000000000000
29.909999847412	0.52299845218658	0.33061718940735	65.000000000000	0.00000000000000
29.920000076294	0.52377545833588	0.33048108220100	65.000000000000	0.00000000000000
29.930000305176	0.52455061674118	0.33034393191338	65.000000000000	0.00000000000000
29.940000534058	0.52532398700714	0.33020573854446	65.000000000000	0.00000000000000
29.950000762939	0.52609544992447	0.33006644248962	65.000000000000	0.00000000000000
29.959999084473	0.52686506509781	0.32992613315582	65.000000000000	0.00000000000000
29.969999313354	0.52763283252716	0.32978475093842	65.000000000000	0.00000000000000
29.979999542236	0.52839863300323	0.32964238524437	65.000000000000	0.00000000000000
29.989999771118	0.52916270494461	0.32949894666672	65.000000000000	0.00000000000000
30.000000000000	0.52992492914200	0.32935452461243	65.000000000000	0.00000000000000
30.010000228882	0.53068530559540	0.32920905947685	65.000000000000	0.00000000000000
30.020000457764	0.53144371509552	0.32906261086464	65.000000000000	0.00000000000000
30.030000686646	0.53220051527023	0.32891517877579	65.000000000000	0.00000000000000
30.040000915527	0.53295528888702	0.32876676321030	65.000000000000	0.00000000000000
30.049999237061	0.53370833396912	0.32861730456352	65.000000000000	0.00000000000000
30.059999465942	0.53445959091187	0.32846695184708	65.000000000000	0.00000000000000
30.069999694824	0.53520894050598	0.32831558585167	65.000000000000	0.00000000000000
30.079999923706	0.53595650196075	0.32816323637962	65.000000000000	0.00000000000000
30.090000152588	0.53670221567154	0.32800996303558	65.000000000000	0.00000000000000
30.100000381470	0.53744620084763	0.32785579562187	65.000000000000	0.00000000000000
30.110000610352	0.53818827867508	0.32770061492920	65.000000000000	0.00000000000000
30.120000839233	0.53892862796783	0.32754451036453	65.000000000000	0.00000000000000
30.129999160767	0.53966712951660	0.32738754153252	65.000000000000	0.00000000000000
30.139999389648	0.54040384292603	0.32722958922386	65.000000000000	0.00000000000000
30.149999618530	0.54113882780075	0.32707077264786	65.000000000000	0.00000000000000
30.159999847412	0.54187196493149	0.32691106200218	65.000000000000	0.00000000000000
30.170000076294	0.54260337352753	0.32675039768219	65.000000000000	0.00000000000000
30.180000305176	0.54333305358887	0.32658886909485	65.000000000000	0.00000000000000
30.190000534058	0.54406082630157	0.32642644643784	65.000000000000	0.00000000000000
30.200000762939	0.54478687047958	0.32626318931580	65.000000000000	0.00000000000000
30.209999084473	0.54551112651825	0.32609903812408	65.000000000000	0.00000000000000
30.219999313354	0.54623371362686	0.32593405246735	65.000000000000	0.00000000000000
30.229999542236	0.54695445299149	0.32576820254326	65.000000000000	0.00000000000000
30.239999771118	0.54767346382141	0.32560145854950	65.000000000000	0.00000000000000
30.250000000000	0.54839062690735	0.32543390989304	65.000000000000	0.00000000000000
30.260000228882	0.54910624027252	0.32526549696922	65.000000000000	0.00000000000000
30.270000457764	0.54981988668442	0.32509624958038	65.000000000000	0.00000000000000
30.280000686646	0.55053192377090	0.32492619752884	65.000000000000	0.00000000000000
30.290000915527	0.55124223232269	0.32475537061691	65.000000000000	0.00000000000000
30.299999237061	0.55195081233978	0.32458367943764	65.000000000000	0.00000000000000
30.309999465942	0.55265760421753	0.32441118359566	65.000000000000	0.00000000000000
30.319999694824	0.55336272716522	0.32423794269562	65.000000000000	0.00000000000000
30.329999923706	0.55406606197357	0.32406389713287	65.000000000000	0.00000000000000
30.340000152588	0.55476772785187	0.32388901710510	65.000000000000	0.00000000000000
30.350000381470	0.55546772480011	0.32371336221695	65.000000000000	0.00000000000000
30.360000610352	0.55616593360901	0.32353699207306	65.000000000000	0.00000000000000
30.370000839233	0.55686247348785	0.32335975766182	65.000000000000	0.00000000000000
30.379999160767	0.55755728483200	0.32318183779716	65.000000000000	0.00000000000000
30.389999389648	0.55825036764145	0.32300317287445	65.000000000000	0.00000000000000
30.399999618530	0.55894178152084	0.32282373309135	65.000000000000	0.00000000000000
30.409999847412	0.55963152647018	0.32264354825020	65.000000000000	0.00000000000000
30.420000076294	0.56031954288483	0.32246264815331	65.000000000000	0.00000000000000
30.430000305176	0.56100589036942	0.32228097319603	65.000000000000	0.00000000000000
30.440000534058	0.56169056892395	0.32209858298302	65.000000000000	0.00000000000000
30.450000762939	0.56237363815308	0.32191547751427	65.000000000000	0.00000000000000
30.459999084473	0.56305485963821	0.32173168659210	65.000000000000	0.00000000000000
30.469999313354	0.56373459100723	0.32154715061188	65.000000000000	0.00000000000000
30.479999542236	0.56441259384155	0.32136195898056	65.000000000000	0.00000000000000
30.489999771118	0.56508898735046	0.32117602229118	65.000000000000	0.00000000000000
30.500000000000	0.56576359272003	0.32098942995071	65.000000000000	0.00000000000000
30.510000228882	0.56643664836884	0.32080212235451	65.000000000000	0.00000000000000
30.520000457764	0.56710803508759	0.32061415910721	65.000000000000	0.00000000000000
30.530000686646	0.56777775287628	0.32042551040649	65.000000000000	0.00000000000000
30.540000915527	0.56844592094421	0.32023620605469	65.000000000000	0.00000000000000
30.549999237061	0.56911230087280	0.32004621624947	65.000000000000	0.00000000000000
30.559999465942	0.56977701187134	0.31985557079315	65.000000000000	0.00000000000000
30.569999694824	0.57044035196304	0.31966432929039	65.000000000000	0.00000000000000
30.579999923706	0.57110190391541	0.31947234272957	65.000000000000	0.00000000000000
30.590000152588	0.57176178693771	0.31927978992462	65.000000000000	0.00000000000000
30.600000381470	0.57242012023926	0.31908655166626	65.000000000000	0.00000000000000
30.610000610352	0.57307672500610	0.31889271736145	65.000000000000	0.00000000000000
30.620000839233	0.57373189926147	0.31869822740555	65.000000000000	0.00000000000000
30.629999160767	0.57438534498215	0.31850314140320	65.000000000000	0.00000000000000
30.639999389648	0.57503730058670	0.31830742955208	65.000000000000	0.00000000000000
30.649999618530	0.57568746805191	0.31811112165451	65.000000000000	0.00000000000000
30.659999847412	0.57633614540100	0.31791418790817	65.000000000000	0.00000000000000
30.670000076294	0.57698327302933	0.31771665811539	65.000000000000	0.00000000000000
30.680000305176	0.57762879133224	0.31751859188080	65.000000000000	0.00000000000000
30.690000534058	0.57827270030975	0.31731986999512	65.000000000000	0.00000000000000
30.700000762939	0.57891499996185	0.31712055206299	65.000000000000	0.00000000000000
30.709999084473	0.57955574989319	0.31692069768906	65.000000000000	0.00000000000000
30.719999313354	0.58019489049911	0.31672021746635	65.000000000000	0.00000000000000
30.729999542236	0.58083248138428	0.31651920080185	65.000000000000	0.00000000000000
30.739999771118	0.58146852254868	0.31631761789322	65.000000000000	0.00000000000000
30.750000000000	0.58210301399231	0.31611549854279	65.000000000000	0.00000000000000
30.760000228882	0.58273601531982	0.31591281294823	65.000000000000	0.00000000000000
30.770000457764	0.58336734771729	0.31570950150490	65.000000000000	0.00000000000000
30.780000686646	0.58399713039398	0.31550574302673	65.000000000000	0.00000000000000
30.790000915527	0.58462542295456	0.31530141830444	65.000000000000	0.00000000000000
30.799999237061	0.58525210618973	0.31509655714035	65.000000000000	0.00000000000000
30.809999465942	0.58587729930878	0.31489115953445	65.000000000000	0.00000000000000
30.819999694824	0.58650094270706	0.31468522548676	65.000000000000	0.00000000000000
30.829999923706	0.58712303638458	0.31447875499725	65.000000000000	0.00000000000000
30.840000152588	0.58774363994598	0.31427177786827	65.000000000000	0.00000000000000
30.850000381470	0.58836275339127	0.31406432390213	65.000000000000	0.00000000000000
30.860000610352	0.58898019790649	0.31385630369186	65.000000000000	0.00000000000000
30.870000839233	0.58959621191025	0.31364780664444	65.000000000000	0.00000000000000
30.879999160767	0.59021079540253	0.31343883275986	65.000000000000	0.00000000000000
30.889999389648	0.59082370996475	0.31322932243347	65.000000000000	0.00000000000000
30.899999618530	0.59143525362015	0.31301933526993	65.000000000000	0.00000000000000
30.909999847412	0.59204524755478	0.31280890107155	65.000000000000	0.00000000000000
30.920000076294	0.59265369176865	0.31259793043137	65.000000000000	0.00000000000000
30.930000305176	0.59326070547104	0.31238648295403	65.000000000000	0.00000000000000
30.940000534058	0.59386610984802	0.31217458844185	65.000000000000	0.00000000000000
30.950000762939	0.59447020292282	0.31196224689484	65.000000000000	0.00000000000000
30.959999084473	0.59507268667221	0.31174939870834	65.000000000000	0.00000000000000
30.969999313354	0.59567373991013	0.31153610348701	65.000000000000	0.00000000000000
30.979999542236	0.59627330303192	0.31132233142853	65.000000000000	0.00000000000000
30.989999771118	0.59687131643295	0.31110814213753	65.000000000000	0.00000000000000
31.000000000000	0.59746801853180	0.31089353561401	65.000000000000	0.00000000000000
31.010000228882	0.59806311130524	0.31067842245102	65.000000000000	0.00000000000000
31.020000457764	0.59865689277649	0.31046289205551	65.000000000000	0.00000000000000
31.030000686646	0.59924906492233	0.31024691462517	65.000000000000	0.00000000000000
31.040000915527	0.59983980655670	0.31003051996231	65.000000000000	0.00000000000000
31.049999237061	0.60042917728424	0.30981367826462	65.000000000000	0.00000000000000
31.059999465942	0.60101699829102	0.30959644913673	65.000000000000	0.00000000000000
31.069999694824	0.60160344839096	0.30937877297401	65.000000000000	0.00000000000000
31.079999923706	0.60218846797943	0.30916070938110	65.000000000000	0.00000000000000
31.090000152588	0.60277205705643	0.30894222855568	65.000000000000	0.00000000000000
31.100000381470	0.60335403680801	0.30872330069542	65.000000000000	0.00000000000000
31.110000610352	0.60393482446671	0.30850401520729	65.000000000000	0.00000000000000
31.120000839233	0.60451412200928	0.30828431248665	65.000000000000	0.00000000000000
31.129999160767	0.60509192943573	0.30806422233582	65.000000000000	0.00000000000000
31.139999389648	0.60566830635071	0.30784374475479	65.000000000000	0.00000000000000
31.149999618530	0.60624331235886	0.30762284994125	65.000000000000	0.00000000000000
31.159999847412	0.60681688785553	0.30740159749985	65.000000000000	0.00000000000000
31.170000076294	0.60738909244537	0.30717995762825	65.000000000000	0.00000000000000
31.180000305176	0.60795992612839	0.30695796012878	65.000000000000	0.00000000000000
31.190000534058	0.60852926969528	0.30673557519913	65.000000000000	0.00000000000000
31.200000762939	0.60909724235535	0.30651280283928	65.000000000000	0.00000000000000
31.209999084473	0.60966384410858	0.30628970265388	65.000000000000	0.00000000000000
31.219999313354	0.61022907495499	0.30606621503830	65.000000000000	0.00000000000000
31.229999542236	0.61079287528992	0.30584236979485	65.000000000000	0.00000000000000
31.239999771118	0.61135524511337	0.30561816692352	65.000000000000	0.00000000000000
31.250000000000	0.61191630363464	0.30539363622665	65.000000000000	0.00000000000000
31.260000228882	0.61247605085373	0.30516874790192	65.000000000000	0.00000000000000
31.270000457764	0.61303436756134	0.30494350194931	65.000000000000	0.00000000000000
31.280000686646	0.61359125375748	0.30471792817116	65.000000000000	0.00000000000000
31.290000915527	0.61414682865143	0.30449202656746	65.000000000000	0.00000000000000
31.299999237061	0.61470103263855	0.30426573753357	65.000000000000	0.00000000000000
31.309999465942	0.61525386571884	0.30403921008110	65.000000000000	0.00000000000000
31.319999694824	0.61580538749695	0.30381229519844	65.000000000000	0.00000000000000
31.329999923706	0.61635547876358	0.30358508229256	65.000000000000	0.00000000000000
31.340000152588	0.61690425872803	0.30335751175880	65.000000000000	0.00000000000000
31.350000381470	0.61745166778564	0.30312964320183	65.000000000000	0.00000000000000
31.360000610352	0.61799788475037	0.30290150642395	65.000000000000	0.00000000000000
31.370000839233	0.61854261159897	0.30267301201820	65.000000000000	0.00000000000000
31.379999160767	0.61908602714539	0.30244421958923	65.000000000000	0.00000000000000
31.389999389648	0.61962813138962	0.30221515893936	65.000000000000	0.00000000000000
31.399999618530	0.62016892433167	0.30198574066162	65.000000000000	0.00000000000000
31.409999847412	0.62070852518082	0.30175596475601	65.000000000000	0.00000000000000
31.420000076294	0.62124657630920	0.30152618885040	65.000000000000	0.00000000000000
31.430000305176	0.62178349494934	0.30129569768906	65.000000000000	0.00000000000000
31.440000534058	0.62231886386871	0.30106538534164	65.000000000000	0.00000000000000
31.450000762939	0.62285315990448	0.30083432793617	65.000000000000	0.00000000000000
31.459999084473	0.62338590621948	0.30060350894928	65.000000000000	0.00000000000000
31.469999313354	0.62391757965088	0.30037197470665	65.000000000000	0.00000000000000
31.479999542236	0.62444782257080	0.30014035105705	65.000000000000	0.00000000000000
31.489999771118	0.62497693300247	0.29990831017494	65.000000000000	0.00000000000000
31.500000000000	0.62550461292267	0.29967620968819	65.000000000000	0.00000000000000
31.510000228882	0.62603104114532	0.29944372177124	65.000000000000	0.00000000000000
31.520000457764	0.62655621767044	0.29921081662178	65.000000000000	0.00000000000000
31.530000686646	0.62708002328873	0.29897791147232	65.000000000000	0.00000000000000
31.540000915527	0.62760251760483	0.29874488711357	65.000000000000	0.00000000000000
31.549999237061	0.62812387943268	0.29851120710373	65.000000000000	0.00000000000000
31.559999465942	0.62864387035370	0.29827746748924	65.000000000000	0.00000000000000
31.569999694824	0.62916272878647	0.29804340004921	65.000000000000	0.00000000000000
31.579999923706	0.62968015670776	0.29780927300453	65.000000000000	0.00000000000000
31.590000152588	0.63019639253616	0.29757478833199	65.000000000000	0.00000000000000
31.600000381470	0.63071137666702	0.29733997583389	65.000000000000	0.00000000000000
31.610000610352	0.63122504949570	0.29710501432419	65.000000000000	0.00000000000000
31.620000839233	0.63173753023148	0.29686984419823	65.000000000000	0.00000000000000
31.629999160767	0.63224869966507	0.29663440585136	65.000000000000	0.00000000000000
31.639999389648	0.63275873661041	0.29639875888824	65.000000000000	0.00000000000000
31.649999618530	0.63326746225357	0.29616290330887	65.000000000000	0.00000000000000
31.659999847412	0.63377499580383	0.29592683911324	65.000000000000	0.00000000000000
31.670000076294	0.63428121805191	0.29569050669670	65.000000000000	0.00000000000000
31.680000305176	0.63478624820709	0.29545399546623	65.000000000000	0.00000000000000
31.690000534058	0.63529002666473	0.29521724581718	65.000000000000	0.00000000000000
31.700000762939	0.63579267263412	0.29498031735420	65.000000000000	0.00000000000000
31.709999084473	0.63629406690598	0.29474315047264	65.000000000000	0.00000000000000
31.719999313354	0.63679420948029	0.29450580477715	65.000000000000	0.00000000000000
31.729999542236	0.63729315996170	0.29426825046539	65.000000000000	0.00000000000000
31.739999771118	0.63779085874557	0.29403045773506	65.000000000000	0.00000000000000
31.750000000000	0.63828736543655	0.29379245638847	65.000000000000	0.00000000000000
31.760000228882	0.63878262042999	0.29355433583260	65.000000000000	0.00000000000000
31.770000457764	0.63927680253983	0.29331597685814	65.000000000000	0.00000000000000
31.780000686646	0.63976973295212	0.29307740926743	65.000000000000	0.00000000000000
31.790000915527	0.64026141166687	0.29283872246742	65.000000000000	0.00000000000000
31.799999237061	0.64075189828873	0.29259979724884	65.000000000000	0.00000000000000
31.809999465942	0.64124119281769	0.29236066341400	65.000000000000	0.00000000000000
31.819999694824	0.64172941446304	0.29212141036987	65.000000000000	0.00000000000000
31.829999923706	0.64221638441086	0.29188194870949	65.000000000000	0.00000000000000
31.840000152588	0.64270216226578	0.29164233803749	65.000000000000	0.00000000000000
31.850000381470	0.64318680763245	0.29140254855156	65.000000000000	0.00000000000000
31.860000610352	0.64367020130157	0.29116252064705	65.000000000000	0.00000000000000
31.870000839233	0.64415252208710	0.29092240333557	65.000000000000	0.00000000000000
31.879999160767	0.64463365077972	0.29068207740784	65.000000000000	0.00000000000000
31.889999389648	0.64511352777481	0.29044163227081	65.000000000000	0.00000000000000
31.899999618530	0.64559239149094	0.29020097851753	65.000000000000	0.00000000000000
31.909999847412	0.64607000350952	0.28996017575264	65.000000000000	0.00000000000000
31.920000076294	0.64654648303986	0.28971925377846	65.000000000000	0.00000000000000
31.930000305176	0.64702183008194	0.28947815299034	65.000000000000	0.00000000000000
31.940000534058	0.64749604463577	0.28923690319061	65.000000000000	0.00000000000000
31.950000762939	0.64796906709671	0.28899547457695	65.000000000000	0.00000000000000
31.959999084473	0.64844101667404	0.28875392675400	65.000000000000	0.00000000000000
31.969999313354	0.64891177415848	0.28851222991943	65.000000000000	0.00000000000000
31.979999542236	0.64938139915466	0.28827038407326	65.000000000000	0.00000000000000
31.989999771118	0.64984995126724	0.28802838921547	65.000000000000	0.00000000000000
32.000000000000	0.65031731128693	0.28778627514839	65.000000000000	0.00000000000000
32.009998321533	0.65078359842300	0.28754407167435	65.000000000000	0.00000000000000
32.020000457764	0.65124869346619	0.28730162978172	65.000000000000	0.00000000000000
32.029998779297	0.65171271562576	0.28705912828445	65.000000000000	0.00000000000000
32.040000915527	0.65217566490173	0.28681647777557	65.000000000000	0.00000000000000
32.049999237061	0.65263742208481	0.28657367825508	65.000000000000	0.00000000000000
32.060001373291	0.65309810638428	0.28633075952530	65.000000000000	0.00000000000000
32.069999694824	0.65355771780014	0.28608775138855	65.000000000000	0.00000000000000
32.080001831055	0.65401613712311	0.28584459424019	65.000000000000	0.00000000000000
32.090000152588	0.65447354316711	0.28560131788254	65.000000000000	0.00000000000000
32.099998474121	0.65492981672287	0.28535789251328	65.000000000000	0.00000000000000
32.110000610352	0.65538501739502	0.28511437773705	65.000000000000	0.00000000000000
32.119998931885	0.65583914518356	0.28487077355385	65.000000000000	0.00000000000000
32.130001068115	0.65629220008850	0.28462702035904	65.000000000000	0.00000000000000
32.139999389648	0.65674406290054	0.28438317775726	65.000000000000	0.00000000000000
32.150001525879	0.65719497203827	0.28413924574852	65.000000000000	0.00000000000000
32.159999847412	0.65764468908310	0.28389516472816	65.000000000000	0.00000000000000
32.169998168945	0.65809339284897	0.28365102410316	65.000000000000	0.00000000000000
32.180000305176	0.65854102373123	0.28340670466423	65.000000000000	0.00000000000000
32.189998626709	0.65898764133453	0.28316232562065	65.000000000000	0.00000000000000
32.200000762939	0.65943312644958	0.28291785717010	65.000000000000	0.00000000000000
32.209999084473	0.65987753868103	0.28267329931259	65.000000000000	0.00000000000000
32.220001220703	0.66032093763351	0.28242862224579	65.000000000000	0.00000000000000
32.229999542236	0.66076320409775	0.28218388557434	65.000000000000	0.00000000000000
32.240001678467	0.66120451688766	0.28193899989128	65.000000000000	0.00000000000000
32.250000000000	0.66164475679398	0.28169405460358	65.000000000000	0.00000000000000
32.259998321533	0.66208386421204	0.28144901990891	65.000000000000	0.00000000000000
32.270000457764	0.66252195835114	0.28120389580727	65.000000000000	0.00000000000000
32.279998779297	0.66295909881592	0.28095874190331	65.000000000000	0.00000000000000
32.290000915527	0.66339510679245	0.28071343898773	65.000000000000	0.00000000000000
32.299999237061	0.66383010149002	0.28046807646751	65.000000000000	0.00000000000000
32.310001373291	0.66426408290863	0.28022259473801	65.000000000000	0.00000000000000
32.319999694824	0.66469705104828	0.27997705340385	65.000000000000	0.00000000000000
32.330001831055	0.66512894630432	0.27973148226738	65.000000000000	0.00000000000000
32.340000152588	0.66555982828140	0.27948579192162	65.000000000000	0.00000000000000
32.349998474121	0.66598969697952	0.27924001216888	65.000000000000	0.00000000000000
32.360000610352	0.66641855239868	0.27899417281151	65.000000000000	0.00000000000000
32.369998931885	0.66684639453888	0.27874830365181	65.000000000000	0.00000000000000
32.380001068115	0.66727316379547	0.27850231528282	65.000000000000	0.00000000000000
32.389999389648	0.66769903898239	0.27825629711151	65.000000000000	0.00000000000000
32.400001525879	0.66812384128571	0.27801018953323	65.000000000000	0.00000000000000
32.409999847412	0.66854763031006	0.27776405215263	65.000000000000	0.00000000000000
32.419998168945	0.66897046566010	0.27751779556274	65.000000000000	0.00000000000000
32.430000305176	0.66939216852188	0.27727150917053	65.000000000000	0.00000000000000
32.439998626709	0.66981303691864	0.27702519297600	65.000000000000	0.00000000000000
32.450000762939	0.67023283243179	0.27677875757217	65.000000000000	0.00000000000000
32.459999084473	0.67065161466599	0.27653229236603	65.000000000000	0.00000000000000
32.470001220703	0.67106944322586	0.27628579735756	65.000000000000	0.00000000000000
32.479999542236	0.67148631811142	0.27603918313980	65.000000000000	0.00000000000000
32.490001678467	0.67190223932266	0.27579253911972	65.000000000000	0.00000000000000
32.500000000000	0.67231708765030	0.27554592490196	65.000000000000	0.00000000000000
32.509998321533	0.67273098230362	0.27529916167259	65.000000000000	0.00000000000000
32.520000457764	0.67314398288727	0.27505236864090	65.000000000000	0.00000000000000
32.529998779297	0.67355591058731	0.27480557560921	65.000000000000	0.00000000000000
32.540000915527	0.67396688461304	0.27455869317055	65.000000000000	0.00000000000000
32.549999237061	0.67437690496445	0.27431178092957	65.000000000000	0.00000000000000
32.560001373291	0.67478603124619	0.27406483888626	65.000000000000	0.00000000000000
32.569999694824	0.67519408464432	0.27381780743599	65.000000000000	0.00000000000000
32.580001831055	0.67560130357742	0.27357080578804	65.000000000000	0.00000000000000
32.590000152588	0.67600744962692	0.27332371473312	65.000000000000	0.00000000000000
32.599998474121	0.67641276121140	0.27307659387589	65.000000000000	0.00000000000000
32.610000610352	0.67681699991226	0.27282947301865	65.000000000000	0.00000000000000
32.619998931885	0.67722040414810	0.27258229255676	65.000000000000	0.00000000000000
32.630001068115	0.67762273550034	0.27233505249023	65.000000000000	0.00000000000000
32.639999389648	0.67802423238754	0.27208784222603	65.000000000000	0.00000000000000
32.650001525879	0.67842477560043	0.27184051275253	65.000000000000	0.00000000000000
32.659999847412	0.67882436513901	0.27159321308136	65.000000000000	0.00000000000000
32.669998168945	0.67922300100327	0.27134588360786	65.000000000000	0.00000000000000
32.680000305176	0.67962068319321	0.27109852433205	65.000000000000	0.00000000000000
32.689998626709	0.68001747131348	0.27085107564926	65.000000000000	0.00000000000000
32.700000762939	0.68041336536407	0.27060368657112	65.000000000000	0.00000000000000
32.709999084473	0.68080836534500	0.27035623788834	65.000000000000	0.00000000000000
32.720001220703	0.68120241165161	0.27010875940323	65.000000000000	0.00000000000000
32.729999542236	0.68159544467926	0.26986128091812	65.000000000000	0.00000000000000
32.740001678467	0.68198764324188	0.26961377263069	65.000000000000	0.00000000000000
32.750000000000	0.68237894773483	0.26936620473862	65.000000000000	0.00000000000000
32.759998321533	0.68276929855347	0.26911869645119	65.000000000000	0.00000000000000
32.770000457764	0.68315875530243	0.26887109875679	65.000000000000	0.00000000000000
32.779998779297	0.68354731798172	0.26862350106239	65.000000000000	0.00000000000000
32.790000915527	0.68393498659134	0.26837593317032	65.000000000000	0.00000000000000
32.799999237061	0.68432170152664	0.26812830567360	65.000000000000	0.00000000000000
32.810001373291	0.68470758199692	0.26788067817688	65.000000000000	0.00000000000000
32.819999694824	0.68509250879288	0.26763305068016	65.000000000000	0.00000000000000
32.830001831055	0.68547654151917	0.26738539338112	65.000000000000	0.00000000000000
32.840000152588	0.68585973978043	0.26713776588440	65.000000000000	0.00000000000000
32.849998474121	0.68624198436737	0.26689007878304	65.000000000000	0.00000000000000
32.860000610352	0.68662339448929	0.26664239168167	65.000000000000	0.00000000000000
32.869998931885	0.68700391054153	0.26639473438263	65.000000000000	0.00000000000000
32.880001068115	0.68738353252411	0.26614701747894	65.000000000000	0.00000000000000
32.889999389648	0.68776232004166	0.26589936017990	65.000000000000	0.00000000000000
32.900001525879	0.68814021348953	0.26565164327621	65.000000000000	0.00000000000000
32.909999847412	0.68851715326309	0.26540392637253	65.000000000000	0.00000000000000
32.919998168945	0.68889325857162	0.26515623927116	65.000000000000	0.00000000000000
32.930000305176	0.68926852941513	0.26490855216980	65.000000000000	0.00000000000000
32.939998626709	0.68964296579361	0.26466083526611	65.000000000000	0.00000000000000
32.950000762939	0.69001650810242	0.26441314816475	65.000000000000	0.00000000000000
32.959999084473	0.69038909673691	0.26416543126106	65.000000000000	0.00000000000000
32.970001220703	0.69076097011566	0.26391774415970	65.000000000000	0.00000000000000
32.979999542236	0.69113188982010	0.26367008686066	65.000000000000	0.00000000000000
32.990001678467	0.69150197505951	0.26342234015465	65.000000000000	0.00000000000000
33.000000000000	0.69187116622925	0.26317468285561	65.000000000000	0.00000000000000
33.009998321533	0.69223958253860	0.26292699575424	65.000000000000	0.00000000000000
33.020000457764	0.69260710477829	0.26267933845520	65.000000000000	0.00000000000000
33.029998779297	0.69297385215759	0.26243168115616	65.000000000000	0.00000000000000
33.040000915527	0.69333964586258	0.26218405365944	65.000000000000	0.00000000000000
33.049999237061	0.69370466470718	0.26193639636040	65.000000000000	0.00000000000000
33.060001373291	0.69406884908676	0.26168873906136	65.000000000000	0.00000000000000
33.069999694824	0.69443219900131	0.26144114136696	65.000000000000	0.00000000000000
33.080001831055	0.69479471445084	0.26119354367256	65.000000000000	0.00000000000000
33.090000152588	0.69515633583069	0.26094594597816	65.000000000000	0.00000000000000
33.099998474121	0.69551712274551	0.26069837808609	65.000000000000	0.00000000000000
33.110000610352	0.69587707519531	0.26045083999634	65.000000000000	0.00000000000000
33.119998931885	0.69623631238937	0.26020330190659	65.000000000000	0.00000000000000
33.130001068115	0.69659465551376	0.25995576381683	65.000000000000	0.00000000000000
33.139999389648	0.69695216417313	0.25970822572708	65.000000000000	0.00000000000000
33.150001525879	0.69730889797211	0.25946074724197	65.000000000000	0.00000000000000
33.159999847412	0.69766473770142	0.25921329855919	65.000000000000	0.00000000000000
33.169998168945	0.69801986217499	0.25896584987640	65.000000000000	0.00000000000000
33.180000305176	0.69837409257889	0.25871837139130	65.000000000000	0.00000000000000
33.189998626709	0.69872754812241	0.25847095251083	65.000000000000	0.00000000000000
33.200000762939	0.69908016920090	0.25822362303734	65.000000000000	0.00000000000000
33.209999084473	0.69943201541901	0.25797620415688	65.000000000000	0.00000000000000
33.220001220703	0.69978302717209	0.25772890448570	65.000000000000	0.00000000000000
33.229999542236	0.70013326406479	0.25748157501221	65.000000000000	0.00000000000000
33.240001678467	0.70048272609711	0.25723427534103	65.000000000000	0.00000000000000
33.250000000000	0.70083129405975	0.25698703527451	65.000000000000	0.00000000000000
33.259998321533	0.70117908716202	0.25673976540565	65.000000000000	0.00000000000000
33.270000457764	0.70152610540390	0.25649255514145	65.000000000000	0.00000000000000
33.279998779297	0.70187234878540	0.25624540448189	65.000000000000	0.00000000000000
33.290000915527	0.70221775770187	0.25599825382233	65.000000000000	0.00000000000000
33.299999237061	0.70256245136261	0.25575113296509	65.000000000000	0.00000000000000
33.310001373291	0.70290637016296	0.25550404191017	65.000000000000	0.00000000000000
33.319999694824	0.70324939489365	0.25525695085526	65.000000000000	0.00000000000000
33.330001831055	0.70359164476395	0.25500991940498	65.000000000000	0.00000000000000
33.340000152588	0.70393317937851	0.25476294755936	65.000000000000	0.00000000000000
33.349998474121	0.70427393913269	0.25451597571373	65.000000000000	0.00000000000000
33.360000610352	0.70461386442184	0.25426903367043	65.000000000000	0.00000000000000
33.369998931885	0.70495301485062	0.25402215123177	65.000000000000	0.00000000000000
33.380001068115	0.70529145002365	0.25377532839775	65.000000000000	0.00000000000000
33.389999389648	0.70562916994095	0.25352850556374	65.000000000000	0.00000000000000
33.400001525879	0.70596599578857	0.25328171253204	65.000000000000	0.00000000000000
33.409999847412	0.70630210638046	0.25303497910500	65.000000000000	0.00000000000000
33.419998168945	0.70663744211197	0.25278827548027	65.000000000000	0.00000000000000
33.430000305176	0.70697200298309	0.25254163146019	65.000000000000	0.00000000000000
33.439998626709	0.70730578899384	0.25229498744011	65.000000000000	0.00000000000000
33.450000762939	0.70763880014420	0.25204840302467	65.000000000000	0.00000000000000
33.459999084473	0.70797109603882	0.25180184841156	65.000000000000	0.00000000000000
33.470001220703	0.70830261707306	0.25155535340309	65.000000000000	0.00000000000000
33.479999542236	0.70863336324692	0.25130888819695	65.000000000000	0.00000000000000
33.490001678467	0.70896339416504	0.25106248259544	65.000000000000	0.00000000000000
33.500000000000	0.70929265022278	0.25081613659859	65.000000000000	0.00000000000000
33.509998321533	0.70962119102478	0.25056979060173	65.000000000000	0.00000000000000
33.520000457764	0.70994901657104	0.25032353401184	65.000000000000	0.00000000000000
33.529998779297	0.71027600765228	0.25007727742195	65.000000000000	0.00000000000000
33.540000915527	0.71060234308243	0.24983109533787	65.000000000000	0.00000000000000
33.549999237061	0.71092784404755	0.24958497285843	65.000000000000	0.00000000000000
33.560001373291	0.71125262975693	0.24933886528015	65.000000000000	0.00000000000000
33.569999694824	0.71157670021057	0.24909281730652	65.000000000000	0.00000000000000
33.580001831055	0.71189999580383	0.24884684383869	65.000000000000	0.00000000000000
33.590000152588	0.71222263574600	0.24860088527203	65.000000000000	0.00000000000000
33.599998474121	0.71254444122314	0.24835500121117	65.000000000000	0.00000000000000
33.610000610352	0.71286559104919	0.24810914695263	65.000000000000	0.00000000000000
33.619998931885	0.71318596601486	0.24786335229874	65.000000000000	0.00000000000000
33.630001068115	0.71350562572479	0.24761764705181	65.000000000000	0.00000000000000
33.639999389648	0.71382457017899	0.24737195670605	65.000000000000	0.00000000000000
33.650001525879	0.71414279937744	0.24712631106377	65.000000000000	0.00000000000000
33.659999847412	0.71446025371552	0.24688073992729	65.000000000000	0.00000000000000
33.669998168945	0.71477705240250	0.24663525819778	65.000000000000	0.00000000000000
33.680000305176	0.71509301662445	0.24638976156712	65.000000000000	0.00000000000000
33.689998626709	0.71540838479996	0.24614436924458	65.000000000000	0.00000000000000
33.700000762939	0.71572303771973	0.24589900672436	65.000000000000	0.00000000000000
33.709999084473	0.71603691577911	0.24565370380878	65.000000000000	0.00000000000000
33.720001220703	0.71635013818741	0.24540850520134	65.000000000000	0.00000000000000
33.729999542236	0.71666258573532	0.24516335129738	65.000000000000	0.00000000000000
33.740001678467	0.71697437763214	0.24491822719574	65.000000000000	0.00000000000000
33.750000000000	0.71728545427322	0.24467317759991	65.000000000000	0.00000000000000
33.759998321533	0.71759575605392	0.24442815780640	65.000000000000	0.00000000000000
33.770000457764	0.71790546178818	0.24418325722218	65.000000000000	0.00000000000000
33.779998779297	0.71821433305740	0.24393837153912	65.000000000000	0.00000000000000
33.790000915527	0.71852260828018	0.24369356036186	65.000000000000	0.00000000000000
33.799999237061	0.71883016824722	0.24344883859158	65.000000000000	0.00000000000000
33.810001373291	0.71913695335388	0.24320416152477	65.000000000000	0.00000000000000
33.819999694824	0.71944314241409	0.24295957386494	65.000000000000	0.00000000000000
33.830001831055	0.71974855661392	0.24271501600742	65.000000000000	0.00000000000000
33.840000152588	0.72005337476730	0.24247054755688	65.000000000000	0.00000000000000
33.849998474121	0.72035741806030	0.24222610890865	65.000000000000	0.00000000000000
33.860000610352	0.72066074609756	0.24198178946972	65.000000000000	0.00000000000000
33.869998931885	0.72096341848373	0.24173754453659	65.000000000000	0.00000000000000
33.880001068115	0.72126549482346	0.24149332940578	65.000000000000	0.00000000000000
33.889999389648	0.72156673669815	0.24124921858311	65.000000000000	0.00000000000000
33.900001525879	0.72186738252640	0.24100512266159	65.000000000000	0.00000000000000
33.909999847412	0.72216743230820	0.24076116085052	65.000000000000	0.00000000000000
33.919998168945	0.72246664762497	0.24051724374294	65.000000000000	0.00000000000000
33.930000305176	0.72276526689529	0.24027340114117	65.000000000000	0.00000000000000
33.939998626709	0.72306317090988	0.24002961814404	65.000000000000	0.00000000000000
33.950000762939	0.72336041927338	0.23978590965271	65.000000000000	0.00000000000000
33.959999084473	0.72365689277649	0.23954230546951	65.000000000000	0.00000000000000
33.970001220703	0.72395282983780	0.23929876089096	65.000000000000	0.00000000000000
33.979999542236	0.72424805164337	0.23905527591705	65.000000000000	0.00000000000000
33.990001678467	0.72454255819321	0.23881191015244	65.000000000000	0.00000000000000
34.000000000000	0.72483652830124	0.23856860399246	65.000000000000	0.00000000000000
34.009998321533	0.72512972354889	0.23832532763481	65.000000000000	0.00000000000000
34.020000457764	0.72542226314545	0.23808215558529	65.000000000000	0.00000000000000
34.029998779297	0.72571414709091	0.23783913254738	65.000000000000	0.00000000000000
34.040000915527	0.72600537538528	0.23759609460831	65.000000000000	0.00000000000000
34.049999237061	0.72629594802856	0.23735319077969	65.000000000000	0.00000000000000
34.060001373291	0.72658586502075	0.23711034655571	65.000000000000	0.00000000000000
34.069999694824	0.72687506675720	0.23686759173870	65.000000000000	0.00000000000000
34.080001831055	0.72716373205185	0.23662492632866	65.000000000000	0.00000000000000
34.090000152588	0.72745162248611	0.23638235032558	65.000000000000	0.00000000000000
34.099998474121	0.72773897647858	0.23613983392715	65.000000000000	0.00000000000000
34.110000610352	0.72802555561066	0.23589742183685	65.000000000000	0.00000000000000
34.119998931885	0.72831153869629	0.23565508425236	65.000000000000	0.00000000000000
34.130001068115	0.72859686613083	0.23541285097599	65.000000000000	0.00000000000000
34.139999389648	0.72888153791428	0.23517069220543	65.000000000000	0.00000000000000
34.150001525879	0.72916555404663	0.23492860794067	65.000000000000	0.00000000000000
34.159999847412	0.72944903373718	0.23468665778637	65.000000000000	0.00000000000000
34.169998168945	0.72973179817200	0.23444472253323	65.000000000000	0.00000000000000
34.180000305176	0.73001390695572	0.23420292139053	65.000000000000	0.00000000000000
34.189998626709	0.73029541969299	0.23396119475365	65.000000000000	0.00000000000000
34.200000762939	0.73057621717453	0.23371958732605	65.000000000000	0.00000000000000
34.209999084473	0.73085641860962	0.23347808420658	65.000000000000	0.00000000000000
34.220001220703	0.73113596439362	0.23323662579060	65.000000000000	0.00000000000000
34.229999542236	0.73141497373581	0.23299531638622	65.000000000000	0.00000000000000
34.240001678467	0.73169332742691	0.23275391757488	65.000000000000	0.00000000000000
34.250000000000	0.73197096586227	0.23251290619373	65.000000000000	0.00000000000000
34.259998321533	0.73224806785583	0.23227152228355	65.000000000000	0.00000000000000
34.270000457764	0.73252445459366	0.23203092813492	65.000000000000	0.00000000000000
34.279998779297	0.73280012607574	0.23179031908512	65.000000000000	0.00000000000000
34.290000915527	0.73307543992996	0.23154906928539	65.000000000000	0.00000000000000
34.299999237061	0.73335003852844	0.23130854964256	65.000000000000	0.00000000000000
34.310001373291	0.73362386226654	0.23106805980206	65.000000000000	0.00000000000000
34.319999694824	0.73389714956284	0.23082759976387	65.000000000000	0.00000000000000
34.330001831055	0.73416996002197	0.23058718442917	65.000000000000	0.00000000000000
34.340000152588	0.73444193601608	0.23034714162350	65.000000000000	0.00000000000000
34.349998474121	0.73471343517303	0.23010681569576	65.000000000000	0.00000000000000
34.360000610352	0.73498433828354	0.22986666858196	65.000000000000	0.00000000000000
34.369998931885	0.73525452613831	0.22962673008442	65.000000000000	0.00000000000000
34.380001068115	0.73552417755127	0.22938683629036	65.000000000000	0.00000000000000
34.389999389648	0.73579317331314	0.22914709150791	65.000000000000	0.00000000000000
34.400001525879	0.73606163263321	0.22890748083591	65.000000000000	0.00000000000000
34.409999847412	0.73632949590683	0.22866792976856	65.000000000000	0.00000000000000
34.419998168945	0.73659670352936	0.22842848300934	65.000000000000	0.00000000000000
34.430000305176	0.73686325550079	0.22818915545940	65.000000000000	0.00000000000000
34.439998626709	0.73712933063507	0.22794994711876	65.000000000000	0.00000000000000
34.450000762939	0.73739469051361	0.22771082818508	65.000000000000	0.00000000000000
34.459999084473	0.73765945434570	0.22747185826302	65.000000000000	0.00000000000000
34.470001220703	0.73792374134064	0.22723294794559	65.000000000000	0.00000000000000
34.479999542236	0.73818737268448	0.22699417173862	65.000000000000	0.00000000000000
34.490001678467	0.73845046758652	0.22675551474094	65.000000000000	0.00000000000000
34.500000000000	0.73871290683746	0.22651696205139	65.000000000000	0.00000000000000
34.509998321533	0.73897475004196	0.22627854347229	65.000000000000	0.00000000000000
34.520000457764	0.73923599720001	0.22604021430016	65.000000000000	0.00000000000000
34.529998779297	0.73949664831161	0.22580200433731	65.000000000000	0.00000000000000
34.540000915527	0.73975676298141	0.22556392848492	65.000000000000	0.00000000000000
34.549999237061	0.74001628160477	0.22532594203949	65.000000000000	0.00000000000000
34.560001373291	0.74027526378632	0.22508808970451	65.000000000000	0.00000000000000
34.569999694824	0.74053364992142	0.22485034167767	65.000000000000	0.00000000000000
34.580001831055	0.74079138040543	0.22461271286011	65.000000000000	0.00000000000000
34.590000152588	0.74104857444763	0.22437520325184	65.000000000000	0.00000000000000
34.599998474121	0.74130523204803	0.22413782775402	65.000000000000	0.00000000000000
34.610000610352	0.74156129360199	0.22390057146549	65.000000000000	0.00000000000000
34.619998931885	0.74181681871414	0.22366341948509	65.000000000000	0.00000000000000
34.630001068115	0.74207174777985	0.22342638671398	65.000000000000	0.00000000000000
34.639999389648	0.74232608079910	0.22318947315216	65.000000000000	0.00000000000000
34.650001525879	0.74257993698120	0.22295272350311	65.000000000000	0.00000000000000
34.659999847412	0.74283307790756	0.22271606326103	65.000000000000	0.00000000000000
34.669998168945	0.74308580160141	0.22247952222824	65.000000000000	0.00000000000000
34.680000305176	0.74333786964417	0.22224311530590	65.000000000000	0.00000000000000
34.689998626709	0.74358946084976	0.22200682759285	65.000000000000	0.00000000000000
34.700000762939	0.74384045600891	0.22177068889141	65.000000000000	0.00000000000000
34.709999084473	0.74409091472626	0.22153468430042	65.000000000000	0.00000000000000
34.720001220703	0.74434071779251	0.22129876911640	65.000000000000	0.00000000000000
34.729999542236	0.74459010362625	0.22106298804283	65.000000000000	0.00000000000000
34.740001678467	0.74483889341354	0.22082734107971	65.000000000000	0.00000000000000
34.750000000000	0.74508708715439	0.22059181332588	65.000000000000	0.00000000000000
34.759998321533	0.74533480405807	0.22035647928715	65.000000000000	0.00000000000000
34.770000457764	0.74558192491531	0.22012118995190	65.000000000000	0.00000000000000
34.779998779297	0.74582856893539	0.21988604962826	65.000000000000	0.00000000000000
34.790000915527	0.74607461690903	0.21965105831623	65.000000000000	0.00000000000000
34.799999237061	0.74632012844086	0.21941620111465	65.000000000000	0.00000000000000
34.810001373291	0.74656516313553	0.21918147802353	65.000000000000	0.00000000000000
34.819999694824	0.74680960178375	0.21894687414169	65.000000000000	0.00000000000000
34.830001831055	0.74705356359482	0.21871241927147	65.000000000000	0.00000000000000
34.840000152588	0.74729686975479	0.21847808361053	65.000000000000	0.00000000000000
34.849998474121	0.74753981828690	0.21824389696121	65.000000000000	0.00000000000000
34.860000610352	0.74778211116791	0.21800984442234	65.000000000000	0.00000000000000
34.869998931885	0.74802386760712	0.21777591109276	65.000000000000	0.00000000000000
34.880001068115	0.74826514720917	0.21754209697247	65.000000000000	0.00000000000000
34.889999389648	0.74850589036942	0.21730847656727	65.000000000000	0.00000000000000
34.900001525879	0.74874615669250	0.21707494556904	65.000000000000	0.00000000000000
34.909999847412	0.74898582696915	0.21684157848358	65.000000000000	0.00000000000000
34.919998168945	0.74922513961792	0.21660834550858	65.000000000000	0.00000000000000
34.930000305176	0.74946373701096	0.21637521684170	65.000000000000	0.00000000000000
34.939998626709	0.74970191717148	0.21614226698875	65.000000000000	0.00000000000000
34.950000762939	0.74993962049484	0.21590943634510	65.000000000000	0.00000000000000
34.959999084473	0.75017672777176	0.21567676961422	65.000000000000	0.00000000000000
34.970001220703	0.75041335821152	0.21544422209263	65.000000000000	0.00000000000000
34.979999542236	0.75064957141876	0.21521179378033	65.000000000000	0.00000000000000
34.990001678467	0.75088518857956	0.21497952938080	65.000000000000	0.00000000000000
35.000000000000	0.75112026929855	0.21474738419056	65.000000000000	0.00000000000000
