#Parameters = {d=0.20113065326633; l2=4.0226130653266; lambda=8.0452261306533; r=0.027104366834171}
#"Frequency / GHz"	"S1,1 (lambda=8.04523) [Re]"	"S1,1 (lambda=8.04523) [Im]"	"Ref.Imp. [Re]"	"Ref.Imp. [Im]"
#-----------------------------------------------------------------------------------------------------------
25.000000000000	0.70456498861313	-0.56895661354065	65.000000000000	0.00000000000000
25.010000228882	0.70389419794083	-0.56932199001312	65.000000000000	0.00000000000000
25.020000457764	0.70322149991989	-0.56968700885773	65.000000000000	0.00000000000000
25.030000686646	0.70254719257355	-0.57005184888840	65.000000000000	0.00000000000000
25.040000915527	0.70187115669250	-0.57041633129120	65.000000000000	0.00000000000000
25.049999237061	0.70119339227676	-0.57078051567078	65.000000000000	0.00000000000000
25.059999465942	0.70051372051239	-0.57114446163177	65.000000000000	0.00000000000000
25.069999694824	0.69983237981796	-0.57150810956955	65.000000000000	0.00000000000000
25.079999923706	0.69914942979813	-0.57187145948410	65.000000000000	0.00000000000000
25.090000152588	0.69846457242966	-0.57223439216614	65.000000000000	0.00000000000000
25.100000381470	0.69777798652649	-0.57259714603424	65.000000000000	0.00000000000000
25.110000610352	0.69708973169327	-0.57295948266983	65.000000000000	0.00000000000000
25.120000839233	0.69639956951141	-0.57332152128220	65.000000000000	0.00000000000000
25.129999160767	0.69570755958557	-0.57368314266205	65.000000000000	0.00000000000000
25.139999389648	0.69501399993896	-0.57404452562332	65.000000000000	0.00000000000000
25.149999618530	0.69431853294373	-0.57440549135208	65.000000000000	0.00000000000000
25.159999847412	0.69362121820450	-0.57476603984833	65.000000000000	0.00000000000000
25.170000076294	0.69292205572128	-0.57512617111206	65.000000000000	0.00000000000000
25.180000305176	0.69222128391266	-0.57548600435257	65.000000000000	0.00000000000000
25.190000534058	0.69151854515076	-0.57584542036057	65.000000000000	0.00000000000000
25.200000762939	0.69081389904022	-0.57620441913605	65.000000000000	0.00000000000000
25.209999084473	0.69010758399963	-0.57656294107437	65.000000000000	0.00000000000000
25.219999313354	0.68939942121506	-0.57692116498947	65.000000000000	0.00000000000000
25.229999542236	0.68868941068649	-0.57727891206741	65.000000000000	0.00000000000000
25.239999771118	0.68797743320465	-0.57763618230820	65.000000000000	0.00000000000000
25.250000000000	0.68726372718811	-0.57799291610718	65.000000000000	0.00000000000000
25.260000228882	0.68654823303223	-0.57834935188293	65.000000000000	0.00000000000000
25.270000457764	0.68583071231842	-0.57870531082153	65.000000000000	0.00000000000000
25.280000686646	0.68511146306992	-0.57906061410904	65.000000000000	0.00000000000000
25.290000915527	0.68439030647278	-0.57941550016403	65.000000000000	0.00000000000000
25.299999237061	0.68366748094559	-0.57976990938187	65.000000000000	0.00000000000000
25.309999465942	0.68294250965118	-0.58012384176254	65.000000000000	0.00000000000000
25.319999694824	0.68221569061279	-0.58047729730606	65.000000000000	0.00000000000000
25.329999923706	0.68148714303970	-0.58083015680313	65.000000000000	0.00000000000000
25.340000152588	0.68075662851334	-0.58118247985840	65.000000000000	0.00000000000000
25.350000381470	0.68002426624298	-0.58153426647186	65.000000000000	0.00000000000000
25.360000610352	0.67928993701935	-0.58188551664352	65.000000000000	0.00000000000000
25.370000839233	0.67855370044708	-0.58223611116409	65.000000000000	0.00000000000000
25.379999160767	0.67781573534012	-0.58258628845215	65.000000000000	0.00000000000000
25.389999389648	0.67707568407059	-0.58293575048447	65.000000000000	0.00000000000000
25.399999618530	0.67633384466171	-0.58328473567963	65.000000000000	0.00000000000000
25.409999847412	0.67559015750885	-0.58363306522369	65.000000000000	0.00000000000000
25.420000076294	0.67484444379807	-0.58398079872131	65.000000000000	0.00000000000000
25.430000305176	0.67409682273865	-0.58432787656784	65.000000000000	0.00000000000000
25.440000534058	0.67334741353989	-0.58467435836792	65.000000000000	0.00000000000000
25.450000762939	0.67259591817856	-0.58502024412155	65.000000000000	0.00000000000000
25.459999084473	0.67184263467789	-0.58536553382874	65.000000000000	0.00000000000000
25.469999313354	0.67108726501465	-0.58571010828018	65.000000000000	0.00000000000000
25.479999542236	0.67033010721207	-0.58605408668518	65.000000000000	0.00000000000000
25.489999771118	0.66957098245621	-0.58639723062515	65.000000000000	0.00000000000000
25.500000000000	0.66881000995636	-0.58673965930939	65.000000000000	0.00000000000000
25.510000228882	0.66804713010788	-0.58708137273788	65.000000000000	0.00000000000000
25.520000457764	0.66728216409683	-0.58742260932922	65.000000000000	0.00000000000000
25.530000686646	0.66651523113251	-0.58776313066483	65.000000000000	0.00000000000000
25.540000915527	0.66574674844742	-0.58810251951218	65.000000000000	0.00000000000000
25.549999237061	0.66497600078583	-0.58844143152237	65.000000000000	0.00000000000000
25.559999465942	0.66420316696167	-0.58877992630005	65.000000000000	0.00000000000000
25.569999694824	0.66342848539352	-0.58911758661270	65.000000000000	0.00000000000000
25.579999923706	0.66265177726746	-0.58945441246033	65.000000000000	0.00000000000000
25.590000152588	0.66187345981598	-0.58979010581970	65.000000000000	0.00000000000000
25.600000381470	0.66109311580658	-0.59012532234192	65.000000000000	0.00000000000000
25.610000610352	0.66031038761139	-0.59046000242233	65.000000000000	0.00000000000000
25.620000839233	0.65952587127686	-0.59079384803772	65.000000000000	0.00000000000000
25.629999160767	0.65873998403549	-0.59112614393234	65.000000000000	0.00000000000000
25.639999389648	0.65795165300369	-0.59145826101303	65.000000000000	0.00000000000000
25.649999618530	0.65716111660004	-0.59178984165192	65.000000000000	0.00000000000000
25.659999847412	0.65636891126633	-0.59212017059326	65.000000000000	0.00000000000000
25.670000076294	0.65557479858398	-0.59244960546494	65.000000000000	0.00000000000000
25.680000305176	0.65477883815765	-0.59277814626694	65.000000000000	0.00000000000000
25.690000534058	0.65398061275482	-0.59310615062714	65.000000000000	0.00000000000000
25.700000762939	0.65318048000336	-0.59343314170837	65.000000000000	0.00000000000000
25.709999084473	0.65237843990326	-0.59375923871994	65.000000000000	0.00000000000000
25.719999313354	0.65157449245453	-0.59408444166183	65.000000000000	0.00000000000000
25.729999542236	0.65076833963394	-0.59440892934799	65.000000000000	0.00000000000000
25.739999771118	0.64996027946472	-0.59473252296448	65.000000000000	0.00000000000000
25.750000000000	0.64915055036545	-0.59505486488342	65.000000000000	0.00000000000000
25.760000228882	0.64833837747574	-0.59537678956985	65.000000000000	0.00000000000000
25.770000457764	0.64752471446991	-0.59569710493088	65.000000000000	0.00000000000000
25.780000686646	0.64670872688293	-0.59601712226868	65.000000000000	0.00000000000000
25.790000915527	0.64589089155197	-0.59633576869965	65.000000000000	0.00000000000000
25.799999237061	0.64507097005844	-0.59665375947952	65.000000000000	0.00000000000000
25.809999465942	0.64424926042557	-0.59697055816650	65.000000000000	0.00000000000000
25.819999694824	0.64342534542084	-0.59728652238846	65.000000000000	0.00000000000000
25.829999923706	0.64259964227676	-0.59760153293610	65.000000000000	0.00000000000000
25.840000152588	0.64177191257477	-0.59791553020477	65.000000000000	0.00000000000000
25.850000381470	0.64094209671021	-0.59822851419449	65.000000000000	0.00000000000000
25.860000610352	0.64011031389236	-0.59854054450989	65.000000000000	0.00000000000000
25.870000839233	0.63927662372589	-0.59885156154633	65.000000000000	0.00000000000000
25.879999160767	0.63844096660614	-0.59916144609451	65.000000000000	0.00000000000000
25.889999389648	0.63760310411453	-0.59947037696838	65.000000000000	0.00000000000000
25.899999618530	0.63676351308823	-0.59977829456329	65.000000000000	0.00000000000000
25.909999847412	0.63592183589935	-0.60008513927460	65.000000000000	0.00000000000000
25.920000076294	0.63507819175720	-0.60039091110229	65.000000000000	0.00000000000000
25.930000305176	0.63423246145248	-0.60069566965103	65.000000000000	0.00000000000000
25.940000534058	0.63338482379913	-0.60099929571152	65.000000000000	0.00000000000000
25.950000762939	0.63253527879715	-0.60130178928375	65.000000000000	0.00000000000000
25.959999084473	0.63168358802795	-0.60160338878632	65.000000000000	0.00000000000000
25.969999313354	0.63083004951477	-0.60190373659134	65.000000000000	0.00000000000000
25.979999542236	0.62997436523438	-0.60220301151276	65.000000000000	0.00000000000000
25.989999771118	0.62911683320999	-0.60250115394592	65.000000000000	0.00000000000000
26.000000000000	0.62825715541840	-0.60279822349548	65.000000000000	0.00000000000000
26.010000228882	0.62739551067352	-0.60309410095215	65.000000000000	0.00000000000000
26.020000457764	0.62653201818466	-0.60338884592056	65.000000000000	0.00000000000000
26.030000686646	0.62566637992859	-0.60368245840073	65.000000000000	0.00000000000000
26.040000915527	0.62479889392853	-0.60397493839264	65.000000000000	0.00000000000000
26.049999237061	0.62392926216125	-0.60426616668701	65.000000000000	0.00000000000000
26.059999465942	0.62305760383606	-0.60455632209778	65.000000000000	0.00000000000000
26.069999694824	0.62218397855759	-0.60484522581100	65.000000000000	0.00000000000000
26.079999923706	0.62130844593048	-0.60513299703598	65.000000000000	0.00000000000000
26.090000152588	0.62043100595474	-0.60541945695877	65.000000000000	0.00000000000000
26.100000381470	0.61955142021179	-0.60570478439331	65.000000000000	0.00000000000000
26.110000610352	0.61866980791092	-0.60598886013031	65.000000000000	0.00000000000000
26.120000839233	0.61778634786606	-0.60627180337906	65.000000000000	0.00000000000000
26.129999160767	0.61690068244934	-0.60655343532562	65.000000000000	0.00000000000000
26.139999389648	0.61601316928864	-0.60683381557465	65.000000000000	0.00000000000000
26.149999618530	0.61512356996536	-0.60711294412613	65.000000000000	0.00000000000000
26.159999847412	0.61423200368881	-0.60739094018936	65.000000000000	0.00000000000000
26.170000076294	0.61333841085434	-0.60766750574112	65.000000000000	0.00000000000000
26.180000305176	0.61244291067123	-0.60794281959534	65.000000000000	0.00000000000000
26.190000534058	0.61154532432556	-0.60821688175201	65.000000000000	0.00000000000000
26.200000762939	0.61064583063126	-0.60848969221115	65.000000000000	0.00000000000000
26.209999084473	0.60974425077438	-0.60876113176346	65.000000000000	0.00000000000000
26.219999313354	0.60884058475494	-0.60903126001358	65.000000000000	0.00000000000000
26.229999542236	0.60793501138687	-0.60930007696152	65.000000000000	0.00000000000000
26.239999771118	0.60702759027481	-0.60956764221191	65.000000000000	0.00000000000000
26.250000000000	0.60611802339554	-0.60983377695084	65.000000000000	0.00000000000000
26.260000228882	0.60520642995834	-0.61009860038757	65.000000000000	0.00000000000000
26.270000457764	0.60429280996323	-0.61036211252213	65.000000000000	0.00000000000000
26.280000686646	0.60337734222412	-0.61062413454056	65.000000000000	0.00000000000000
26.290000915527	0.60245972871780	-0.61088490486145	65.000000000000	0.00000000000000
26.299999237061	0.60154020786285	-0.61114424467087	65.000000000000	0.00000000000000
26.309999465942	0.60061860084534	-0.61140227317810	65.000000000000	0.00000000000000
26.319999694824	0.59969508647919	-0.61165881156921	65.000000000000	0.00000000000000
26.329999923706	0.59876954555511	-0.61191403865814	65.000000000000	0.00000000000000
26.340000152588	0.59784191846848	-0.61216777563095	65.000000000000	0.00000000000000
26.350000381470	0.59691220521927	-0.61242014169693	65.000000000000	0.00000000000000
26.360000610352	0.59598070383072	-0.61267101764679	65.000000000000	0.00000000000000
26.370000839233	0.59504705667496	-0.61292052268982	65.000000000000	0.00000000000000
26.379999160767	0.59411150217056	-0.61316853761673	65.000000000000	0.00000000000000
26.389999389648	0.59317392110825	-0.61341506242752	65.000000000000	0.00000000000000
26.399999618530	0.59223431348801	-0.61366015672684	65.000000000000	0.00000000000000
26.409999847412	0.59129267930984	-0.61390376091003	65.000000000000	0.00000000000000
26.420000076294	0.59034913778305	-0.61414599418640	65.000000000000	0.00000000000000
26.430000305176	0.58940351009369	-0.61438661813736	65.000000000000	0.00000000000000
26.440000534058	0.58845591545105	-0.61462581157684	65.000000000000	0.00000000000000
26.450000762939	0.58750635385513	-0.61486345529556	65.000000000000	0.00000000000000
26.459999084473	0.58655470609665	-0.61509960889816	65.000000000000	0.00000000000000
26.469999313354	0.58560109138489	-0.61533421278000	65.000000000000	0.00000000000000
26.479999542236	0.58464556932449	-0.61556726694107	65.000000000000	0.00000000000000
26.489999771118	0.58368790149689	-0.61579883098602	65.000000000000	0.00000000000000
26.500000000000	0.58272820711136	-0.61602878570557	65.000000000000	0.00000000000000
26.510000228882	0.58176660537720	-0.61625719070435	65.000000000000	0.00000000000000
26.520000457764	0.58080303668976	-0.61648404598236	65.000000000000	0.00000000000000
26.530000686646	0.57983738183975	-0.61670935153961	65.000000000000	0.00000000000000
26.540000915527	0.57886976003647	-0.61693304777145	65.000000000000	0.00000000000000
26.549999237061	0.57789999246597	-0.61715513467789	65.000000000000	0.00000000000000
26.559999465942	0.57692831754684	-0.61737567186356	65.000000000000	0.00000000000000
26.569999694824	0.57595473527908	-0.61759448051453	65.000000000000	0.00000000000000
26.579999923706	0.57497918605804	-0.61781173944473	65.000000000000	0.00000000000000
26.590000152588	0.57400155067444	-0.61802738904953	65.000000000000	0.00000000000000
26.600000381470	0.57302176952362	-0.61824142932892	65.000000000000	0.00000000000000
26.610000610352	0.57204014062881	-0.61845368146896	65.000000000000	0.00000000000000
26.620000839233	0.57105654478073	-0.61866438388824	65.000000000000	0.00000000000000
26.629999160767	0.57007086277008	-0.61887335777283	65.000000000000	0.00000000000000
26.639999389648	0.56908315420151	-0.61908072233200	65.000000000000	0.00000000000000
26.649999618530	0.56809353828430	-0.61928641796112	65.000000000000	0.00000000000000
26.659999847412	0.56710183620453	-0.61949032545090	65.000000000000	0.00000000000000
26.670000076294	0.56610816717148	-0.61969256401062	65.000000000000	0.00000000000000
26.680000305176	0.56511247158051	-0.61989307403564	65.000000000000	0.00000000000000
26.690000534058	0.56411486864090	-0.62009191513062	65.000000000000	0.00000000000000
26.700000762939	0.56311511993408	-0.62028896808624	65.000000000000	0.00000000000000
26.709999084473	0.56211334466934	-0.62048429250717	65.000000000000	0.00000000000000
26.719999313354	0.56110972166061	-0.62067788839340	65.000000000000	0.00000000000000
26.729999542236	0.56010407209396	-0.62086975574493	65.000000000000	0.00000000000000
26.739999771118	0.55909633636475	-0.62105977535248	65.000000000000	0.00000000000000
26.750000000000	0.55808669328690	-0.62124800682068	65.000000000000	0.00000000000000
26.760000228882	0.55707496404648	-0.62143456935883	65.000000000000	0.00000000000000
26.770000457764	0.55606120824814	-0.62161922454834	65.000000000000	0.00000000000000
26.780000686646	0.55504566431046	-0.62180203199387	65.000000000000	0.00000000000000
26.790000915527	0.55402803421021	-0.62198311090469	65.000000000000	0.00000000000000
26.799999237061	0.55300819873810	-0.62216240167618	65.000000000000	0.00000000000000
26.809999465942	0.55198663473129	-0.62233972549438	65.000000000000	0.00000000000000
26.819999694824	0.55096292495728	-0.62251532077789	65.000000000000	0.00000000000000
26.829999923706	0.54993718862534	-0.62268900871277	65.000000000000	0.00000000000000
26.840000152588	0.54890948534012	-0.62286078929901	65.000000000000	0.00000000000000
26.850000381470	0.54787987470627	-0.62303072214127	65.000000000000	0.00000000000000
26.860000610352	0.54684817790985	-0.62319880723953	65.000000000000	0.00000000000000
26.870000839233	0.54581445455551	-0.62336486577988	65.000000000000	0.00000000000000
26.879999160767	0.54477882385254	-0.62352919578552	65.000000000000	0.00000000000000
26.889999389648	0.54374104738235	-0.62369149923325	65.000000000000	0.00000000000000
26.899999618530	0.54270142316818	-0.62385195493698	65.000000000000	0.00000000000000
26.909999847412	0.54165977239609	-0.62401038408279	65.000000000000	0.00000000000000
26.920000076294	0.54061621427536	-0.62416690587997	65.000000000000	0.00000000000000
26.930000305176	0.53957051038742	-0.62432146072388	65.000000000000	0.00000000000000
26.940000534058	0.53852277994156	-0.62447404861450	65.000000000000	0.00000000000000
26.950000762939	0.53747320175171	-0.62462466955185	65.000000000000	0.00000000000000
26.959999084473	0.53642159700394	-0.62477332353592	65.000000000000	0.00000000000000
26.969999313354	0.53536808490753	-0.62491995096207	65.000000000000	0.00000000000000
26.979999542236	0.53431236743927	-0.62506449222565	65.000000000000	0.00000000000000
26.989999771118	0.53325486183167	-0.62520712614059	65.000000000000	0.00000000000000
27.000000000000	0.53219521045685	-0.62534767389297	65.000000000000	0.00000000000000
27.010000228882	0.53113353252411	-0.62548619508743	65.000000000000	0.00000000000000
27.020000457764	0.53007006645203	-0.62562268972397	65.000000000000	0.00000000000000
27.030000686646	0.52900451421738	-0.62575709819794	65.000000000000	0.00000000000000
27.040000915527	0.52793693542480	-0.62588942050934	65.000000000000	0.00000000000000
27.049999237061	0.52686744928360	-0.62601965665817	65.000000000000	0.00000000000000
27.059999465942	0.52579587697983	-0.62614780664444	65.000000000000	0.00000000000000
27.069999694824	0.52472245693207	-0.62627387046814	65.000000000000	0.00000000000000
27.079999923706	0.52364695072174	-0.62639772891998	65.000000000000	0.00000000000000
27.090000152588	0.52256947755814	-0.62651956081390	65.000000000000	0.00000000000000
27.100000381470	0.52149015665054	-0.62663924694061	65.000000000000	0.00000000000000
27.110000610352	0.52040868997574	-0.62675672769547	65.000000000000	0.00000000000000
27.120000839233	0.51932519674301	-0.62687212228775	65.000000000000	0.00000000000000
27.129999160767	0.51823997497559	-0.62698525190353	65.000000000000	0.00000000000000
27.139999389648	0.51715254783630	-0.62709629535675	65.000000000000	0.00000000000000
27.149999618530	0.51606333255768	-0.62720501422882	65.000000000000	0.00000000000000
27.159999847412	0.51497197151184	-0.62731158733368	65.000000000000	0.00000000000000
27.170000076294	0.51387864351273	-0.62741595506668	65.000000000000	0.00000000000000
27.180000305176	0.51278352737427	-0.62751811742783	65.000000000000	0.00000000000000
27.190000534058	0.51168632507324	-0.62761795520782	65.000000000000	0.00000000000000
27.200000762939	0.51058715581894	-0.62771564722061	65.000000000000	0.00000000000000
27.209999084473	0.50948607921600	-0.62781101465225	65.000000000000	0.00000000000000
27.219999313354	0.50838303565979	-0.62790411710739	65.000000000000	0.00000000000000
27.229999542236	0.50727784633636	-0.62799489498138	65.000000000000	0.00000000000000
27.239999771118	0.50617098808289	-0.62808346748352	65.000000000000	0.00000000000000
27.250000000000	0.50506198406219	-0.62816965579987	65.000000000000	0.00000000000000
27.260000228882	0.50395113229752	-0.62825351953506	65.000000000000	0.00000000000000
27.270000457764	0.50283819437027	-0.62833505868912	65.000000000000	0.00000000000000
27.280000686646	0.50172334909439	-0.62841421365738	65.000000000000	0.00000000000000
27.290000915527	0.50060653686523	-0.62849104404449	65.000000000000	0.00000000000000
27.299999237061	0.49948781728745	-0.62856554985046	65.000000000000	0.00000000000000
27.309999465942	0.49836724996567	-0.62863761186600	65.000000000000	0.00000000000000
27.319999694824	0.49724459648132	-0.62870728969574	65.000000000000	0.00000000000000
27.329999923706	0.49612009525299	-0.62877452373505	65.000000000000	0.00000000000000
27.340000152588	0.49499356746674	-0.62883943319321	65.000000000000	0.00000000000000
27.350000381470	0.49386501312256	-0.62890183925629	65.000000000000	0.00000000000000
27.360000610352	0.49273484945297	-0.62896174192429	65.000000000000	0.00000000000000
27.370000839233	0.49160245060921	-0.62901937961578	65.000000000000	0.00000000000000
27.379999160767	0.49046817421913	-0.62907439470291	65.000000000000	0.00000000000000
27.389999389648	0.48933216929436	-0.62912696599960	65.000000000000	0.00000000000000
27.399999618530	0.48819398880005	-0.62917697429657	65.000000000000	0.00000000000000
27.409999847412	0.48705399036407	-0.62922459840775	65.000000000000	0.00000000000000
27.420000076294	0.48591217398643	-0.62926965951920	65.000000000000	0.00000000000000
27.430000305176	0.48476821184158	-0.62931215763092	65.000000000000	0.00000000000000
27.440000534058	0.48362255096436	-0.62935209274292	65.000000000000	0.00000000000000
27.450000762939	0.48247483372688	-0.62938952445984	65.000000000000	0.00000000000000
27.459999084473	0.48132532835007	-0.62942433357239	65.000000000000	0.00000000000000
27.469999313354	0.48017382621765	-0.62945663928986	65.000000000000	0.00000000000000
27.479999542236	0.47902038693428	-0.62948620319366	65.000000000000	0.00000000000000
27.489999771118	0.47786509990692	-0.62951332330704	65.000000000000	0.00000000000000
27.500000000000	0.47670790553093	-0.62953770160675	65.000000000000	0.00000000000000
27.510000228882	0.47554886341095	-0.62955945730209	65.000000000000	0.00000000000000
27.520000457764	0.47438797354698	-0.62957859039307	65.000000000000	0.00000000000000
27.530000686646	0.47322520613670	-0.62959510087967	65.000000000000	0.00000000000000
27.540000915527	0.47206044197083	-0.62960892915726	65.000000000000	0.00000000000000
27.549999237061	0.47089380025864	-0.62961995601654	65.000000000000	0.00000000000000
27.559999465942	0.46972537040710	-0.62962841987610	65.000000000000	0.00000000000000
27.569999694824	0.46855506300926	-0.62963408231735	65.000000000000	0.00000000000000
27.579999923706	0.46738290786743	-0.62963700294495	65.000000000000	0.00000000000000
27.590000152588	0.46620887517929	-0.62963724136353	65.000000000000	0.00000000000000
27.600000381470	0.46503290534019	-0.62963473796844	65.000000000000	0.00000000000000
27.610000610352	0.46385517716408	-0.62962937355042	65.000000000000	0.00000000000000
27.620000839233	0.46267563104630	-0.62962132692337	65.000000000000	0.00000000000000
27.629999160767	0.46149411797523	-0.62961041927338	65.000000000000	0.00000000000000
27.639999389648	0.46031078696251	-0.62959671020508	65.000000000000	0.00000000000000
27.649999618530	0.45912569761276	-0.62958019971848	65.000000000000	0.00000000000000
27.659999847412	0.45793870091438	-0.62956088781357	65.000000000000	0.00000000000000
27.670000076294	0.45675000548363	-0.62953859567642	65.000000000000	0.00000000000000
27.680000305176	0.45555925369263	-0.62951356172562	65.000000000000	0.00000000000000
27.690000534058	0.45436689257622	-0.62948560714722	65.000000000000	0.00000000000000
27.700000762939	0.45317265391350	-0.62945479154587	65.000000000000	0.00000000000000
27.709999084473	0.45197668671608	-0.62942099571228	65.000000000000	0.00000000000000
27.719999313354	0.45077875256538	-0.62938427925110	65.000000000000	0.00000000000000
27.729999542236	0.44957906007767	-0.62934470176697	65.000000000000	0.00000000000000
27.739999771118	0.44837772846222	-0.62930220365524	65.000000000000	0.00000000000000
27.750000000000	0.44717442989349	-0.62925666570663	65.000000000000	0.00000000000000
27.760000228882	0.44596946239471	-0.62920820713043	65.000000000000	0.00000000000000
27.770000457764	0.44476258754730	-0.62915670871735	65.000000000000	0.00000000000000
27.780000686646	0.44355419278145	-0.62910217046738	65.000000000000	0.00000000000000
27.790000915527	0.44234380125999	-0.62904471158981	65.000000000000	0.00000000000000
27.799999237061	0.44113186001778	-0.62898415327072	65.000000000000	0.00000000000000
27.809999465942	0.43991795182228	-0.62892055511475	65.000000000000	0.00000000000000
27.819999694824	0.43870234489441	-0.62885391712189	65.000000000000	0.00000000000000
27.829999923706	0.43748503923416	-0.62878417968750	65.000000000000	0.00000000000000
27.840000152588	0.43626609444618	-0.62871134281158	65.000000000000	0.00000000000000
27.850000381470	0.43504536151886	-0.62863546609879	65.000000000000	0.00000000000000
27.860000610352	0.43382284045219	-0.62855643033981	65.000000000000	0.00000000000000
27.870000839233	0.43259868025780	-0.62847429513931	65.000000000000	0.00000000000000
27.879999160767	0.43137267231941	-0.62838888168335	65.000000000000	0.00000000000000
27.889999389648	0.43014514446259	-0.62830042839050	65.000000000000	0.00000000000000
27.899999618530	0.42891591787338	-0.62820875644684	65.000000000000	0.00000000000000
27.909999847412	0.42768496274948	-0.62811392545700	65.000000000000	0.00000000000000
27.920000076294	0.42645221948624	-0.62801587581635	65.000000000000	0.00000000000000
27.930000305176	0.42521795630455	-0.62791460752487	65.000000000000	0.00000000000000
27.940000534058	0.42398187518120	-0.62781006097794	65.000000000000	0.00000000000000
27.950000762939	0.42274427413940	-0.62770235538483	65.000000000000	0.00000000000000
27.959999084473	0.42150479555130	-0.62759131193161	65.000000000000	0.00000000000000
27.969999313354	0.42026394605637	-0.62747699022293	65.000000000000	0.00000000000000
27.979999542236	0.41902148723602	-0.62735939025879	65.000000000000	0.00000000000000
27.989999771118	0.41777721047401	-0.62723851203918	65.000000000000	0.00000000000000
28.000000000000	0.41653144359589	-0.62711429595947	65.000000000000	0.00000000000000
28.010000228882	0.41528394818306	-0.62698674201965	65.000000000000	0.00000000000000
28.020000457764	0.41403493285179	-0.62685585021973	65.000000000000	0.00000000000000
28.030000686646	0.41278430819511	-0.62672156095505	65.000000000000	0.00000000000000
28.040000915527	0.41153213381767	-0.62658387422562	65.000000000000	0.00000000000000
28.049999237061	0.41027820110321	-0.62644284963608	65.000000000000	0.00000000000000
28.059999465942	0.40902295708656	-0.62629842758179	65.000000000000	0.00000000000000
28.069999694824	0.40776589512825	-0.62615048885345	65.000000000000	0.00000000000000
28.079999923706	0.40650746226311	-0.62599915266037	65.000000000000	0.00000000000000
28.090000152588	0.40524747967720	-0.62584441900253	65.000000000000	0.00000000000000
28.100000381470	0.40398600697517	-0.62568610906601	65.000000000000	0.00000000000000
28.110000610352	0.40272289514542	-0.62552440166473	65.000000000000	0.00000000000000
28.120000839233	0.40145838260651	-0.62535917758942	65.000000000000	0.00000000000000
28.129999160767	0.40019211173058	-0.62519043684006	65.000000000000	0.00000000000000
28.139999389648	0.39892446994781	-0.62501817941666	65.000000000000	0.00000000000000
28.149999618530	0.39765551686287	-0.62484252452850	65.000000000000	0.00000000000000
28.159999847412	0.39638507366180	-0.62466305494308	65.000000000000	0.00000000000000
28.170000076294	0.39511328935623	-0.62447988986969	65.000000000000	0.00000000000000
28.180000305176	0.39383956789970	-0.62429356575012	65.000000000000	0.00000000000000
28.190000534058	0.39256477355957	-0.62410330772400	65.000000000000	0.00000000000000
28.200000762939	0.39128810167313	-0.62390983104706	65.000000000000	0.00000000000000
28.209999084473	0.39001035690308	-0.62371242046356	65.000000000000	0.00000000000000
28.219999313354	0.38873133063316	-0.62351131439209	65.000000000000	0.00000000000000
28.229999542236	0.38745066523552	-0.62330669164658	65.000000000000	0.00000000000000
28.239999771118	0.38616868853569	-0.62309825420380	65.000000000000	0.00000000000000
28.250000000000	0.38488516211510	-0.62288630008698	65.000000000000	0.00000000000000
28.260000228882	0.38360065221786	-0.62267041206360	65.000000000000	0.00000000000000
28.270000457764	0.38231429457664	-0.62245106697083	65.000000000000	0.00000000000000
28.280000686646	0.38102695345879	-0.62222778797150	65.000000000000	0.00000000000000
28.290000915527	0.37973809242249	-0.62200087308884	65.000000000000	0.00000000000000
28.299999237061	0.37844803929329	-0.62177014350891	65.000000000000	0.00000000000000
28.309999465942	0.37715676426888	-0.62153559923172	65.000000000000	0.00000000000000
28.319999694824	0.37586399912834	-0.62129735946655	65.000000000000	0.00000000000000
28.329999923706	0.37456968426704	-0.62105542421341	65.000000000000	0.00000000000000
28.340000152588	0.37327420711517	-0.62080961465836	65.000000000000	0.00000000000000
28.350000381470	0.37197789549828	-0.62055969238281	65.000000000000	0.00000000000000
28.360000610352	0.37067982554436	-0.62030619382858	65.000000000000	0.00000000000000
28.370000839233	0.36938089132309	-0.62004864215851	65.000000000000	0.00000000000000
28.379999160767	0.36808055639267	-0.61978733539581	65.000000000000	0.00000000000000
28.389999389648	0.36677908897400	-0.61952203512192	65.000000000000	0.00000000000000
28.399999618530	0.36547651886940	-0.61925286054611	65.000000000000	0.00000000000000
28.409999847412	0.36417254805565	-0.61897981166840	65.000000000000	0.00000000000000
28.420000076294	0.36286720633507	-0.61870294809341	65.000000000000	0.00000000000000
28.430000305176	0.36156108975410	-0.61842185258865	65.000000000000	0.00000000000000
28.440000534058	0.36025366187096	-0.61813700199127	65.000000000000	0.00000000000000
28.450000762939	0.35894510149956	-0.61784809827805	65.000000000000	0.00000000000000
28.459999084473	0.35763561725616	-0.61755508184433	65.000000000000	0.00000000000000
28.469999313354	0.35632476210594	-0.61725825071335	65.000000000000	0.00000000000000
28.479999542236	0.35501292347908	-0.61695730686188	65.000000000000	0.00000000000000
28.489999771118	0.35369980335236	-0.61665236949921	65.000000000000	0.00000000000000
28.500000000000	0.35238569974899	-0.61634343862534	65.000000000000	0.00000000000000
28.510000228882	0.35107034444809	-0.61603045463562	65.000000000000	0.00000000000000
28.520000457764	0.34975433349609	-0.61571317911148	65.000000000000	0.00000000000000
28.530000686646	0.34843739867210	-0.61539185047150	65.000000000000	0.00000000000000
28.540000915527	0.34711894392967	-0.61506664752960	65.000000000000	0.00000000000000
28.549999237061	0.34579959511757	-0.61473727226257	65.000000000000	0.00000000000000
28.559999465942	0.34447935223579	-0.61440366506577	65.000000000000	0.00000000000000
28.569999694824	0.34315824508667	-0.61406588554382	65.000000000000	0.00000000000000
28.579999923706	0.34183627367020	-0.61372393369675	65.000000000000	0.00000000000000
28.590000152588	0.34051313996315	-0.61337786912918	65.000000000000	0.00000000000000
28.600000381470	0.33918920159340	-0.61302751302719	65.000000000000	0.00000000000000
28.610000610352	0.33786442875862	-0.61267298460007	65.000000000000	0.00000000000000
28.620000839233	0.33653855323792	-0.61231434345245	65.000000000000	0.00000000000000
28.629999160767	0.33521190285683	-0.61195135116577	65.000000000000	0.00000000000000
28.639999389648	0.33388444781303	-0.61158418655396	65.000000000000	0.00000000000000
28.649999618530	0.33255594968796	-0.61121273040771	65.000000000000	0.00000000000000
28.659999847412	0.33122673630714	-0.61083716154099	65.000000000000	0.00000000000000
28.670000076294	0.32989677786827	-0.61045712232590	65.000000000000	0.00000000000000
28.680000305176	0.32856610417366	-0.61007285118103	65.000000000000	0.00000000000000
28.690000534058	0.32723447680473	-0.60968428850174	65.000000000000	0.00000000000000
28.700000762939	0.32590210437775	-0.60929131507874	65.000000000000	0.00000000000000
28.709999084473	0.32456910610199	-0.60889410972595	65.000000000000	0.00000000000000
28.719999313354	0.32323518395424	-0.60849255323410	65.000000000000	0.00000000000000
28.729999542236	0.32190060615540	-0.60808652639389	65.000000000000	0.00000000000000
28.739999771118	0.32056540250778	-0.60767626762390	65.000000000000	0.00000000000000
28.750000000000	0.31922960281372	-0.60726153850555	65.000000000000	0.00000000000000
28.760000228882	0.31789293885231	-0.60684245824814	65.000000000000	0.00000000000000
28.770000457764	0.31655570864677	-0.60641884803772	65.000000000000	0.00000000000000
28.780000686646	0.31521788239479	-0.60599088668823	65.000000000000	0.00000000000000
28.790000915527	0.31387940049171	-0.60555857419968	65.000000000000	0.00000000000000
28.799999237061	0.31254041194916	-0.60512173175812	65.000000000000	0.00000000000000
28.809999465942	0.31120076775551	-0.60468035936356	65.000000000000	0.00000000000000
28.819999694824	0.30986061692238	-0.60423463582993	65.000000000000	0.00000000000000
28.829999923706	0.30851975083351	-0.60378438234329	65.000000000000	0.00000000000000
28.840000152588	0.30717870593071	-0.60332965850830	65.000000000000	0.00000000000000
28.850000381470	0.30583694577217	-0.60287034511566	65.000000000000	0.00000000000000
28.860000610352	0.30449476838112	-0.60240656137466	65.000000000000	0.00000000000000
28.870000839233	0.30315202474594	-0.60193824768066	65.000000000000	0.00000000000000
28.879999160767	0.30180889368057	-0.60146534442902	65.000000000000	0.00000000000000
28.889999389648	0.30046525597572	-0.60098791122437	65.000000000000	0.00000000000000
28.899999618530	0.29912129044533	-0.60050594806671	65.000000000000	0.00000000000000
28.909999847412	0.29777699708939	-0.60001933574677	65.000000000000	0.00000000000000
28.920000076294	0.29643234610558	-0.59952813386917	65.000000000000	0.00000000000000
28.930000305176	0.29508727788925	-0.59903240203857	65.000000000000	0.00000000000000
28.940000534058	0.29374197125435	-0.59853196144104	65.000000000000	0.00000000000000
28.950000762939	0.29239624738693	-0.59802693128586	65.000000000000	0.00000000000000
28.959999084473	0.29105022549629	-0.59751725196838	65.000000000000	0.00000000000000
28.969999313354	0.28970390558243	-0.59700292348862	65.000000000000	0.00000000000000
28.979999542236	0.28835737705231	-0.59648400545120	65.000000000000	0.00000000000000
28.989999771118	0.28701081871986	-0.59596037864685	65.000000000000	0.00000000000000
29.000000000000	0.28566378355026	-0.59543204307556	65.000000000000	0.00000000000000
29.010000228882	0.28431659936905	-0.59489899873734	65.000000000000	0.00000000000000
29.020000457764	0.28296929597855	-0.59436130523682	65.000000000000	0.00000000000000
29.030000686646	0.28162187337875	-0.59381884336472	65.000000000000	0.00000000000000
29.040000915527	0.28027436137199	-0.59327173233032	65.000000000000	0.00000000000000
29.049999237061	0.27892649173737	-0.59271979331970	65.000000000000	0.00000000000000
29.059999465942	0.27757886052132	-0.59216320514679	65.000000000000	0.00000000000000
29.069999694824	0.27623090147972	-0.59160172939301	65.000000000000	0.00000000000000
29.079999923706	0.27488324046135	-0.59103560447693	65.000000000000	0.00000000000000
29.090000152588	0.27353528141975	-0.59046471118927	65.000000000000	0.00000000000000
29.100000381470	0.27218738198280	-0.58988898992538	65.000000000000	0.00000000000000
29.110000610352	0.27083948254585	-0.58930844068527	65.000000000000	0.00000000000000
29.120000839233	0.26949164271355	-0.58872318267822	65.000000000000	0.00000000000000
29.129999160767	0.26814392209053	-0.58813303709030	65.000000000000	0.00000000000000
29.139999389648	0.26679629087448	-0.58753812313080	65.000000000000	0.00000000000000
29.149999618530	0.26544854044914	-0.58693838119507	65.000000000000	0.00000000000000
29.159999847412	0.26410117745399	-0.58633375167847	65.000000000000	0.00000000000000
29.170000076294	0.26275384426117	-0.58572435379028	65.000000000000	0.00000000000000
29.180000305176	0.26140683889389	-0.58511000871658	65.000000000000	0.00000000000000
29.190000534058	0.26005989313126	-0.58449089527130	65.000000000000	0.00000000000000
29.200000762939	0.25871303677559	-0.58386683464050	65.000000000000	0.00000000000000
29.209999084473	0.25736671686172	-0.58323782682419	65.000000000000	0.00000000000000
29.219999313354	0.25602051615715	-0.58260405063629	65.000000000000	0.00000000000000
29.229999542236	0.25467461347580	-0.58196532726288	65.000000000000	0.00000000000000
29.239999771118	0.25332903862000	-0.58132177591324	65.000000000000	0.00000000000000
29.250000000000	0.25198376178741	-0.58067315816879	65.000000000000	0.00000000000000
29.260000228882	0.25063884258270	-0.58001977205276	65.000000000000	0.00000000000000
29.270000457764	0.24929428100586	-0.57936131954193	65.000000000000	0.00000000000000
29.280000686646	0.24795030057430	-0.57869797945023	65.000000000000	0.00000000000000
29.290000915527	0.24660655856133	-0.57802975177765	65.000000000000	0.00000000000000
29.299999237061	0.24526338279247	-0.57735645771027	65.000000000000	0.00000000000000
29.309999465942	0.24392057955265	-0.57667833566666	65.000000000000	0.00000000000000
29.319999694824	0.24257834255695	-0.57599526643753	65.000000000000	0.00000000000000
29.329999923706	0.24123661220074	-0.57530701160431	65.000000000000	0.00000000000000
29.340000152588	0.23989541828632	-0.57461392879486	65.000000000000	0.00000000000000
29.350000381470	0.23855479061604	-0.57391589879990	65.000000000000	0.00000000000000
29.360000610352	0.23721469938755	-0.57321280241013	65.000000000000	0.00000000000000
29.370000839233	0.23587533831596	-0.57250469923019	65.000000000000	0.00000000000000
29.379999160767	0.23453657329082	-0.57179164886475	65.000000000000	0.00000000000000
29.389999389648	0.23319858312607	-0.57107347249985	65.000000000000	0.00000000000000
29.399999618530	0.23186098039150	-0.57035040855408	65.000000000000	0.00000000000000
29.409999847412	0.23052431643009	-0.56962221860886	65.000000000000	0.00000000000000
29.420000076294	0.22918839752674	-0.56888908147812	65.000000000000	0.00000000000000
29.430000305176	0.22785316407681	-0.56815093755722	65.000000000000	0.00000000000000
29.440000534058	0.22651894390583	-0.56740766763687	65.000000000000	0.00000000000000
29.450000762939	0.22518533468246	-0.56665927171707	65.000000000000	0.00000000000000
29.459999084473	0.22385254502296	-0.56590598821640	65.000000000000	0.00000000000000
29.469999313354	0.22252070903778	-0.56514757871628	65.000000000000	0.00000000000000
29.479999542236	0.22118969261646	-0.56438416242599	65.000000000000	0.00000000000000
29.489999771118	0.21985965967178	-0.56361556053162	65.000000000000	0.00000000000000
29.500000000000	0.21853052079678	-0.56284201145172	65.000000000000	0.00000000000000
29.510000228882	0.21720239520073	-0.56206333637238	65.000000000000	0.00000000000000
29.520000457764	0.21587522327900	-0.56127959489822	65.000000000000	0.00000000000000
29.530000686646	0.21454900503159	-0.56049078702927	65.000000000000	0.00000000000000
29.540000915527	0.21322400867939	-0.55969691276550	65.000000000000	0.00000000000000
29.549999237061	0.21189999580383	-0.55889785289764	65.000000000000	0.00000000000000
29.559999465942	0.21057701110840	-0.55809372663498	65.000000000000	0.00000000000000
29.569999694824	0.20925521850586	-0.55728465318680	65.000000000000	0.00000000000000
29.579999923706	0.20793460309505	-0.55647027492523	65.000000000000	0.00000000000000
29.590000152588	0.20661507546902	-0.55565083026886	65.000000000000	0.00000000000000
29.600000381470	0.20529681444168	-0.55482637882233	65.000000000000	0.00000000000000
29.610000610352	0.20397967100143	-0.55399680137634	65.000000000000	0.00000000000000
29.620000839233	0.20266395807266	-0.55316209793091	65.000000000000	0.00000000000000
29.629999160767	0.20134930312634	-0.55232226848602	65.000000000000	0.00000000000000
29.639999389648	0.20003612339497	-0.55147725343704	65.000000000000	0.00000000000000
29.649999618530	0.19872416555882	-0.55062729120255	65.000000000000	0.00000000000000
29.659999847412	0.19741369783878	-0.54977208375931	65.000000000000	0.00000000000000
29.670000076294	0.19610452651978	-0.54891169071198	65.000000000000	0.00000000000000
29.680000305176	0.19479680061340	-0.54804629087448	65.000000000000	0.00000000000000
29.690000534058	0.19349052011967	-0.54717576503754	65.000000000000	0.00000000000000
29.700000762939	0.19218561053276	-0.54630011320114	65.000000000000	0.00000000000000
29.709999084473	0.19088231027126	-0.54541927576065	65.000000000000	0.00000000000000
29.719999313354	0.18958042562008	-0.54453337192535	65.000000000000	0.00000000000000
29.729999542236	0.18828006088734	-0.54364228248596	65.000000000000	0.00000000000000
29.739999771118	0.18698132038116	-0.54274612665176	65.000000000000	0.00000000000000
29.750000000000	0.18568427860737	-0.54184478521347	65.000000000000	0.00000000000000
29.760000228882	0.18438872694969	-0.54093831777573	65.000000000000	0.00000000000000
29.770000457764	0.18309499323368	-0.54002678394318	65.000000000000	0.00000000000000
29.780000686646	0.18180276453495	-0.53911006450653	65.000000000000	0.00000000000000
29.790000915527	0.18051236867905	-0.53818821907043	65.000000000000	0.00000000000000
29.799999237061	0.17922358214855	-0.53726124763489	65.000000000000	0.00000000000000
29.809999465942	0.17793665826321	-0.53632915019989	65.000000000000	0.00000000000000
29.819999694824	0.17665150761604	-0.53539192676544	65.000000000000	0.00000000000000
29.829999923706	0.17536827921867	-0.53444951772690	65.000000000000	0.00000000000000
29.840000152588	0.17408661544323	-0.53350210189819	65.000000000000	0.00000000000000
29.850000381470	0.17280703783035	-0.53254944086075	65.000000000000	0.00000000000000
29.860000610352	0.17152921855450	-0.53159177303314	65.000000000000	0.00000000000000
29.870000839233	0.17025354504585	-0.53062891960144	65.000000000000	0.00000000000000
29.879999160767	0.16897964477539	-0.52966094017029	65.000000000000	0.00000000000000
29.889999389648	0.16770783066750	-0.52868783473969	65.000000000000	0.00000000000000
29.899999618530	0.16643786430359	-0.52770966291428	65.000000000000	0.00000000000000
29.909999847412	0.16516998410225	-0.52672630548477	65.000000000000	0.00000000000000
29.920000076294	0.16390426456928	-0.52573782205582	65.000000000000	0.00000000000000
29.930000305176	0.16264072060585	-0.52474439144135	65.000000000000	0.00000000000000
29.940000534058	0.16137909889221	-0.52374571561813	65.000000000000	0.00000000000000
29.950000762939	0.16011971235275	-0.52274197340012	65.000000000000	0.00000000000000
29.959999084473	0.15886253118515	-0.52173310518265	65.000000000000	0.00000000000000
29.969999313354	0.15760751068592	-0.52071917057037	65.000000000000	0.00000000000000
29.979999542236	0.15635478496552	-0.51970016956329	65.000000000000	0.00000000000000
29.989999771118	0.15510423481464	-0.51867610216141	65.000000000000	0.00000000000000
30.000000000000	0.15385602414608	-0.51764678955078	65.000000000000	0.00000000000000
30.010000228882	0.15261007845402	-0.51661258935928	65.000000000000	0.00000000000000
30.020000457764	0.15136648714542	-0.51557320356369	65.000000000000	0.00000000000000
30.030000686646	0.15012532472610	-0.51452881097794	65.000000000000	0.00000000000000
30.040000915527	0.14888660609722	-0.51347935199738	65.000000000000	0.00000000000000
30.049999237061	0.14765018224716	-0.51242476701736	65.000000000000	0.00000000000000
30.059999465942	0.14641629159451	-0.51136517524719	65.000000000000	0.00000000000000
30.069999694824	0.14518488943577	-0.51030051708221	65.000000000000	0.00000000000000
30.079999923706	0.14395603537560	-0.50923079252243	65.000000000000	0.00000000000000
30.090000152588	0.14272959530354	-0.50815606117249	65.000000000000	0.00000000000000
30.100000381470	0.14150576293468	-0.50707632303238	65.000000000000	0.00000000000000
30.110000610352	0.14028464257717	-0.50599151849747	65.000000000000	0.00000000000000
30.120000839233	0.13906593620777	-0.50490170717239	65.000000000000	0.00000000000000
30.129999160767	0.13785012066364	-0.50380688905716	65.000000000000	0.00000000000000
30.139999389648	0.13663685321808	-0.50270700454712	65.000000000000	0.00000000000000
30.149999618530	0.13542629778385	-0.50160223245621	65.000000000000	0.00000000000000
30.159999847412	0.13421849906445	-0.50049233436584	65.000000000000	0.00000000000000
30.170000076294	0.13301342725754	-0.49937757849693	65.000000000000	0.00000000000000
30.180000305176	0.13181127607822	-0.49825775623322	65.000000000000	0.00000000000000
30.190000534058	0.13061179220676	-0.49713301658630	65.000000000000	0.00000000000000
30.200000762939	0.12941540777683	-0.49600327014923	65.000000000000	0.00000000000000
30.209999084473	0.12822161614895	-0.49486857652664	65.000000000000	0.00000000000000
30.219999313354	0.12703095376492	-0.49372896552086	65.000000000000	0.00000000000000
30.229999542236	0.12584307789803	-0.49258440732956	65.000000000000	0.00000000000000
30.239999771118	0.12465812265873	-0.49143487215042	65.000000000000	0.00000000000000
30.250000000000	0.12347636371851	-0.49028044939041	65.000000000000	0.00000000000000
30.260000228882	0.12229733169079	-0.48912107944489	65.000000000000	0.00000000000000
30.270000457764	0.12112155556679	-0.48795688152313	65.000000000000	0.00000000000000
30.280000686646	0.11994881182909	-0.48678779602051	65.000000000000	0.00000000000000
30.290000915527	0.11877922713757	-0.48561373353004	65.000000000000	0.00000000000000
30.299999237061	0.11761271208525	-0.48443487286568	65.000000000000	0.00000000000000
30.309999465942	0.11644941568375	-0.48325109481812	65.000000000000	0.00000000000000
30.319999694824	0.11528925597668	-0.48206251859665	65.000000000000	0.00000000000000
30.329999923706	0.11413224786520	-0.48086908459663	65.000000000000	0.00000000000000
30.340000152588	0.11297851800919	-0.47967079281807	65.000000000000	0.00000000000000
30.350000381470	0.11182810366154	-0.47846767306328	65.000000000000	0.00000000000000
30.360000610352	0.11068102717400	-0.47725978493690	65.000000000000	0.00000000000000
30.370000839233	0.10953708738089	-0.47604706883430	65.000000000000	0.00000000000000
30.379999160767	0.10839663445950	-0.47482958436012	65.000000000000	0.00000000000000
30.389999389648	0.10725961625576	-0.47360724210739	65.000000000000	0.00000000000000
30.399999618530	0.10612589120865	-0.47238025069237	65.000000000000	0.00000000000000
30.409999847412	0.10499563813210	-0.47114843130112	65.000000000000	0.00000000000000
30.420000076294	0.10386897623539	-0.46991190314293	65.000000000000	0.00000000000000
30.430000305176	0.10274570435286	-0.46867063641548	65.000000000000	0.00000000000000
30.440000534058	0.10162584483624	-0.46742463111877	65.000000000000	0.00000000000000
30.450000762939	0.10050965845585	-0.46617394685745	65.000000000000	0.00000000000000
30.459999084473	0.099397040903568	-0.46491858363152	65.000000000000	0.00000000000000
30.469999313354	0.098288021981716	-0.46365851163864	65.000000000000	0.00000000000000
30.479999542236	0.097182631492615	-0.46239379048347	65.000000000000	0.00000000000000
30.489999771118	0.096080876886845	-0.46112442016602	65.000000000000	0.00000000000000
30.500000000000	0.094982802867889	-0.45985040068626	65.000000000000	0.00000000000000
30.510000228882	0.093888416886330	-0.45857176184654	65.000000000000	0.00000000000000
30.520000457764	0.092797748744488	-0.45728850364685	65.000000000000	0.00000000000000
30.530000686646	0.091710820794106	-0.45600068569183	65.000000000000	0.00000000000000
30.540000915527	0.090627871453762	-0.45470824837685	65.000000000000	0.00000000000000
30.549999237061	0.089548602700233	-0.45341128110886	65.000000000000	0.00000000000000
30.559999465942	0.088473148643970	-0.45210972428322	65.000000000000	0.00000000000000
30.569999694824	0.087401621043682	-0.45080366730690	65.000000000000	0.00000000000000
30.579999923706	0.086333960294724	-0.44949305057526	65.000000000000	0.00000000000000
30.590000152588	0.085270285606384	-0.44817799329758	65.000000000000	0.00000000000000
30.600000381470	0.084210507571697	-0.44685834646225	65.000000000000	0.00000000000000
30.610000610352	0.083154752850533	-0.44553431868553	65.000000000000	0.00000000000000
30.620000839233	0.082102850079536	-0.44420579075813	65.000000000000	0.00000000000000
30.629999160767	0.081055231392384	-0.44287282228470	65.000000000000	0.00000000000000
30.639999389648	0.080011494457722	-0.44153541326523	65.000000000000	0.00000000000000
30.649999618530	0.078971877694130	-0.44019359350204	65.000000000000	0.00000000000000
30.659999847412	0.077936410903931	-0.43884742259979	65.000000000000	0.00000000000000
30.670000076294	0.076904997229576	-0.43749687075615	65.000000000000	0.00000000000000
30.680000305176	0.075877770781517	-0.43614196777344	65.000000000000	0.00000000000000
30.690000534058	0.074854761362076	-0.43478271365166	65.000000000000	0.00000000000000
30.700000762939	0.073835961520672	-0.43341910839081	65.000000000000	0.00000000000000
30.709999084473	0.072821326553822	-0.43205124139786	65.000000000000	0.00000000000000
30.719999313354	0.071810960769653	-0.43067905306816	65.000000000000	0.00000000000000
30.729999542236	0.070805095136166	-0.42930257320404	65.000000000000	0.00000000000000
30.739999771118	0.069803334772587	-0.42792186141014	65.000000000000	0.00000000000000
30.750000000000	0.068805925548077	-0.42653694748878	65.000000000000	0.00000000000000
30.760000228882	0.067812867462635	-0.42514783143997	65.000000000000	0.00000000000000
30.770000457764	0.066824391484261	-0.42375448346138	65.000000000000	0.00000000000000
30.780000686646	0.065840132534504	-0.42235699295998	65.000000000000	0.00000000000000
30.790000915527	0.064860269427299	-0.42095530033112	65.000000000000	0.00000000000000
30.799999237061	0.063885062932968	-0.41954949498177	65.000000000000	0.00000000000000
30.809999465942	0.062914319336414	-0.41813954710960	65.000000000000	0.00000000000000
30.819999694824	0.061947863548994	-0.41672560572624	65.000000000000	0.00000000000000
30.829999923706	0.060986306518316	-0.41530743241310	65.000000000000	0.00000000000000
30.840000152588	0.060029078274965	-0.41388526558876	65.000000000000	0.00000000000000
30.850000381470	0.059076596051455	-0.41245907545090	65.000000000000	0.00000000000000
30.860000610352	0.058128282427788	-0.41102889180183	65.000000000000	0.00000000000000
30.870000839233	0.057185150682926	-0.40959468483925	65.000000000000	0.00000000000000
30.879999160767	0.056246425956488	-0.40815648436546	65.000000000000	0.00000000000000
30.889999389648	0.055312335491180	-0.40671437978745	65.000000000000	0.00000000000000
30.899999618530	0.054383084177971	-0.40526828169823	65.000000000000	0.00000000000000
30.909999847412	0.053458500653505	-0.40381830930710	65.000000000000	0.00000000000000
30.920000076294	0.052538596093655	-0.40236440300941	65.000000000000	0.00000000000000
30.930000305176	0.051623601466417	-0.40090668201447	65.000000000000	0.00000000000000
30.940000534058	0.050713326781988	-0.39944511651993	65.000000000000	0.00000000000000
30.950000762939	0.049807984381914	-0.39797970652580	65.000000000000	0.00000000000000
30.959999084473	0.048907224088907	-0.39651051163673	65.000000000000	0.00000000000000
30.969999313354	0.048011623322964	-0.39503747224808	65.000000000000	0.00000000000000
30.979999542236	0.047120824456215	-0.39356070756912	65.000000000000	0.00000000000000
30.989999771118	0.046234849840403	-0.39208024740219	65.000000000000	0.00000000000000
31.000000000000	0.045353900641203	-0.39059603214264	65.000000000000	0.00000000000000
31.010000228882	0.044478002935648	-0.38910812139511	65.000000000000	0.00000000000000
31.020000457764	0.043606977909803	-0.38761663436890	65.000000000000	0.00000000000000
31.030000686646	0.042740851640701	-0.38612145185471	65.000000000000	0.00000000000000
31.040000915527	0.041879825294018	-0.38462263345718	65.000000000000	0.00000000000000
31.049999237061	0.041023913770914	-0.38312023878098	65.000000000000	0.00000000000000
31.059999465942	0.040172953158617	-0.38161429762840	65.000000000000	0.00000000000000
31.069999694824	0.039327327162027	-0.38010475039482	65.000000000000	0.00000000000000
31.079999923706	0.038486503064632	-0.37859174609184	65.000000000000	0.00000000000000
31.090000152588	0.037651050835848	-0.37707522511482	65.000000000000	0.00000000000000
31.100000381470	0.036820616573095	-0.37555518746376	65.000000000000	0.00000000000000
31.110000610352	0.035995222628117	-0.37403175234795	65.000000000000	0.00000000000000
31.120000839233	0.035175241529942	-0.37250491976738	65.000000000000	0.00000000000000
31.129999160767	0.034360688179731	-0.37097460031509	65.000000000000	0.00000000000000
31.139999389648	0.033551048487425	-0.36944097280502	65.000000000000	0.00000000000000
31.149999618530	0.032746694982052	-0.36790397763252	65.000000000000	0.00000000000000
31.159999847412	0.031947638839483	-0.36636373400688	65.000000000000	0.00000000000000
31.170000076294	0.031153898686171	-0.36482009291649	65.000000000000	0.00000000000000
31.180000305176	0.030365489423275	-0.36327323317528	65.000000000000	0.00000000000000
31.190000534058	0.029582425951958	-0.36172312498093	65.000000000000	0.00000000000000
31.200000762939	0.028804725036025	-0.36016976833344	65.000000000000	0.00000000000000
31.209999084473	0.028032230213284	-0.35861328244209	65.000000000000	0.00000000000000
31.219999313354	0.027265297248960	-0.35705360770226	65.000000000000	0.00000000000000
31.229999542236	0.026503771543503	-0.35549074411392	65.000000000000	0.00000000000000
31.239999771118	0.025747502222657	-0.35392487049103	65.000000000000	0.00000000000000
31.250000000000	0.024997003376484	-0.35235583782196	65.000000000000	0.00000000000000
31.260000228882	0.024251788854599	-0.35078376531601	65.000000000000	0.00000000000000
31.270000457764	0.023512205109000	-0.34920865297318	65.000000000000	0.00000000000000
31.280000686646	0.022777933627367	-0.34763059020042	65.000000000000	0.00000000000000
31.290000915527	0.022049322724342	-0.34604951739311	65.000000000000	0.00000000000000
31.299999237061	0.021326053887606	-0.34446549415588	65.000000000000	0.00000000000000
31.309999465942	0.020608471706510	-0.34287858009338	65.000000000000	0.00000000000000
31.319999694824	0.019896585494280	-0.34128874540329	65.000000000000	0.00000000000000
31.329999923706	0.019190084189177	-0.33969607949257	65.000000000000	0.00000000000000
31.340000152588	0.018489466980100	-0.33810052275658	65.000000000000	0.00000000000000
31.350000381470	0.017794262617826	-0.33650219440460	65.000000000000	0.00000000000000
31.360000610352	0.017104644328356	-0.33490112423897	65.000000000000	0.00000000000000
31.370000839233	0.016420785337687	-0.33329722285271	65.000000000000	0.00000000000000
31.379999160767	0.015742698684335	-0.33169063925743	65.000000000000	0.00000000000000
31.389999389648	0.015070234425366	-0.33008140325546	65.000000000000	0.00000000000000
31.399999618530	0.014403405599296	-0.32846948504448	65.000000000000	0.00000000000000
31.409999847412	0.013742296956480	-0.32685491442680	65.000000000000	0.00000000000000
31.420000076294	0.013087011873722	-0.32523775100708	65.000000000000	0.00000000000000
31.430000305176	0.012437475845218	-0.32361802458763	65.000000000000	0.00000000000000
31.440000534058	0.011793623678386	-0.32199573516846	65.000000000000	0.00000000000000
31.450000762939	0.011155694723129	-0.32037094235420	65.000000000000	0.00000000000000
31.459999084473	0.010523471981287	-0.31874367594719	65.000000000000	0.00000000000000
31.469999313354	0.0098971165716648	-0.31711387634277	65.000000000000	0.00000000000000
31.479999542236	0.0092766387388110	-0.31548172235489	65.000000000000	0.00000000000000
31.489999771118	0.0086618987843394	-0.31384715437889	65.000000000000	0.00000000000000
31.500000000000	0.0080530578270555	-0.31221026182175	65.000000000000	0.00000000000000
31.510000228882	0.0074500483460724	-0.31057098507881	65.000000000000	0.00000000000000
31.520000457764	0.0068529555574059	-0.30892941355705	65.000000000000	0.00000000000000
31.530000686646	0.0062618609517813	-0.30728557705879	65.000000000000	0.00000000000000
31.540000915527	0.0056765540502965	-0.30563953518867	65.000000000000	0.00000000000000
31.549999237061	0.0050972616299987	-0.30399119853973	65.000000000000	0.00000000000000
31.559999465942	0.0045239203609526	-0.30234074592590	65.000000000000	0.00000000000000
31.569999694824	0.0039563942700624	-0.30068811774254	65.000000000000	0.00000000000000
31.579999923706	0.0033949788194150	-0.29903334379196	65.000000000000	0.00000000000000
31.590000152588	0.0028394667897373	-0.29737654328346	65.000000000000	0.00000000000000
31.600000381470	0.0022899380419403	-0.29571762681007	65.000000000000	0.00000000000000
31.610000610352	0.0017464697593823	-0.29405671358109	65.000000000000	0.00000000000000
31.620000839233	0.0012089287629351	-0.29239377379417	65.000000000000	0.00000000000000
31.629999160767	0.00067746231798083	-0.29072889685631	65.000000000000	0.00000000000000
31.639999389648	0.00015207627438940	-0.28906211256981	65.000000000000	0.00000000000000
31.649999618530	-0.00036736065521836	-0.28739339113235	65.000000000000	0.00000000000000
31.659999847412	-0.00088070414494723	-0.28572279214859	65.000000000000	0.00000000000000
31.670000076294	-0.0013879487523809	-0.28405037522316	65.000000000000	0.00000000000000
31.680000305176	-0.0018891566433012	-0.28237617015839	65.000000000000	0.00000000000000
31.690000534058	-0.0023842542432249	-0.28070017695427	65.000000000000	0.00000000000000
31.700000762939	-0.0028732370119542	-0.27902245521545	65.000000000000	0.00000000000000
31.709999084473	-0.0033561654854566	-0.27734297513962	65.000000000000	0.00000000000000
31.719999313354	-0.0038329686503857	-0.27566188573837	65.000000000000	0.00000000000000
31.729999542236	-0.0043035764247179	-0.27397912740707	65.000000000000	0.00000000000000
31.739999771118	-0.0047681806609035	-0.27229475975037	65.000000000000	0.00000000000000
31.750000000000	-0.0052265161648393	-0.27060881257057	65.000000000000	0.00000000000000
31.760000228882	-0.0056787733919919	-0.26892128586769	65.000000000000	0.00000000000000
31.770000457764	-0.0061248205602169	-0.26723229885101	65.000000000000	0.00000000000000
31.780000686646	-0.0065647182054818	-0.26554179191589	65.000000000000	0.00000000000000
31.790000915527	-0.0069984621368349	-0.26384988427162	65.000000000000	0.00000000000000
31.799999237061	-0.0074259880930185	-0.26215654611588	65.000000000000	0.00000000000000
31.809999465942	-0.0078474152833223	-0.26046177744865	65.000000000000	0.00000000000000
31.819999694824	-0.0082624945789576	-0.25876569747925	65.000000000000	0.00000000000000
31.829999923706	-0.0086714727804065	-0.25706830620766	65.000000000000	0.00000000000000
31.840000152588	-0.0090741598978639	-0.25536960363388	65.000000000000	0.00000000000000
31.850000381470	-0.0094707403331995	-0.25366967916489	65.000000000000	0.00000000000000
31.860000610352	-0.0098609691485763	-0.25196853280067	65.000000000000	0.00000000000000
31.870000839233	-0.010245083831251	-0.25026619434357	65.000000000000	0.00000000000000
31.879999160767	-0.010622847825289	-0.24856270849705	65.000000000000	0.00000000000000
31.889999389648	-0.010994496755302	-0.24685810506344	65.000000000000	0.00000000000000
31.899999618530	-0.011359792202711	-0.24515241384506	65.000000000000	0.00000000000000
31.909999847412	-0.011718912050128	-0.24344566464424	65.000000000000	0.00000000000000
31.920000076294	-0.012071795761585	-0.24173791706562	65.000000000000	0.00000000000000
31.930000305176	-0.012418329715729	-0.24002917110920	65.000000000000	0.00000000000000
31.940000534058	-0.012758630327880	-0.23831948637962	65.000000000000	0.00000000000000
31.950000762939	-0.013092638924718	-0.23660889267921	65.000000000000	0.00000000000000
31.959999084473	-0.013420416042209	-0.23489739000797	65.000000000000	0.00000000000000
31.969999313354	-0.013741904869676	-0.23318505287170	65.000000000000	0.00000000000000
31.979999542236	-0.014057051390409	-0.23147189617157	65.000000000000	0.00000000000000
31.989999771118	-0.014366026036441	-0.22975796461105	65.000000000000	0.00000000000000
32.000000000000	-0.014668608084321	-0.22804327309132	65.000000000000	0.00000000000000
32.009998321533	-0.014964966103435	-0.22632786631584	65.000000000000	0.00000000000000
32.020000457764	-0.015255046077073	-0.22461178898811	65.000000000000	0.00000000000000
32.029998779297	-0.015538798645139	-0.22289505600929	65.000000000000	0.00000000000000
32.040000915527	-0.015816226601601	-0.22117771208286	65.000000000000	0.00000000000000
32.049999237061	-0.016087388619781	-0.21945978701115	65.000000000000	0.00000000000000
32.060001373291	-0.016352232545614	-0.21774131059647	65.000000000000	0.00000000000000
32.069999694824	-0.016610767692327	-0.21602232754230	65.000000000000	0.00000000000000
32.080001831055	-0.016862995922565	-0.21430286765099	65.000000000000	0.00000000000000
32.090000152588	-0.017108971253037	-0.21258296072483	65.000000000000	0.00000000000000
32.099998474121	-0.017348648980260	-0.21086263656616	65.000000000000	0.00000000000000
32.110000610352	-0.017581934109330	-0.20914193987846	65.000000000000	0.00000000000000
32.119998931885	-0.017808981239796	-0.20742090046406	65.000000000000	0.00000000000000
32.130001068115	-0.018029751256108	-0.20569954812527	65.000000000000	0.00000000000000
32.139999389648	-0.018244193866849	-0.20397791266441	65.000000000000	0.00000000000000
32.150001525879	-0.018452271819115	-0.20225603878498	65.000000000000	0.00000000000000
32.159999847412	-0.018654089421034	-0.20053397119045	65.000000000000	0.00000000000000
32.169998168945	-0.018849601969123	-0.19881170988083	65.000000000000	0.00000000000000
32.180000305176	-0.019038869068027	-0.19708929955959	65.000000000000	0.00000000000000
32.189998626709	-0.019221752882004	-0.19536679983139	65.000000000000	0.00000000000000
32.200000762939	-0.019398357719183	-0.19364422559738	65.000000000000	0.00000000000000
32.209999084473	-0.019568737596273	-0.19192162156105	65.000000000000	0.00000000000000
32.220001220703	-0.019732762128115	-0.19019897282124	65.000000000000	0.00000000000000
32.229999542236	-0.019890489056706	-0.18847638368607	65.000000000000	0.00000000000000
32.240001678467	-0.020041970536113	-0.18675383925438	65.000000000000	0.00000000000000
32.250000000000	-0.020187128335238	-0.18503139913082	65.000000000000	0.00000000000000
32.259998321533	-0.020326057448983	-0.18330907821655	65.000000000000	0.00000000000000
32.270000457764	-0.020458642393351	-0.18158693611622	65.000000000000	0.00000000000000
32.279998779297	-0.020584978163242	-0.17986497282982	65.000000000000	0.00000000000000
32.290000915527	-0.020705075934529	-0.17814323306084	65.000000000000	0.00000000000000
32.299999237061	-0.020818902179599	-0.17642176151276	65.000000000000	0.00000000000000
32.310001373291	-0.020926430821419	-0.17470058798790	65.000000000000	0.00000000000000
32.319999694824	-0.021027715876698	-0.17297972738743	65.000000000000	0.00000000000000
32.330001831055	-0.021122766658664	-0.17125925421715	65.000000000000	0.00000000000000
32.340000152588	-0.021211555227637	-0.16953915357590	65.000000000000	0.00000000000000
32.349998474121	-0.021294139325619	-0.16781949996948	65.000000000000	0.00000000000000
32.360000610352	-0.021370450034738	-0.16610030829906	65.000000000000	0.00000000000000
32.369998931885	-0.021440574899316	-0.16438159346581	65.000000000000	0.00000000000000
32.380001068115	-0.021504420787096	-0.16266340017319	65.000000000000	0.00000000000000
32.389999389648	-0.021562078967690	-0.16094577312469	65.000000000000	0.00000000000000
32.400001525879	-0.021613521501422	-0.15922874212265	65.000000000000	0.00000000000000
32.409999847412	-0.021658763289452	-0.15751233696938	65.000000000000	0.00000000000000
32.419998168945	-0.021697791293263	-0.15579658746719	65.000000000000	0.00000000000000
32.430000305176	-0.021730650216341	-0.15408153831959	65.000000000000	0.00000000000000
32.439998626709	-0.021757327020168	-0.15236720442772	65.000000000000	0.00000000000000
32.450000762939	-0.021777834743261	-0.15065361559391	65.000000000000	0.00000000000000
32.459999084473	-0.021792192012072	-0.14894083142281	65.000000000000	0.00000000000000
32.470001220703	-0.021800350397825	-0.14722888171673	65.000000000000	0.00000000000000
32.479999542236	-0.021802393719554	-0.14551775157452	65.000000000000	0.00000000000000
32.490001678467	-0.021798275411129	-0.14380753040314	65.000000000000	0.00000000000000
32.500000000000	-0.021788047626615	-0.14209821820259	65.000000000000	0.00000000000000
32.509998321533	-0.021771699190140	-0.14038987457752	65.000000000000	0.00000000000000
32.520000457764	-0.021749213337898	-0.13868246972561	65.000000000000	0.00000000000000
32.529998779297	-0.021720651537180	-0.13697610795498	65.000000000000	0.00000000000000
32.540000915527	-0.021685963496566	-0.13527078926563	65.000000000000	0.00000000000000
32.549999237061	-0.021645212545991	-0.13356655836105	65.000000000000	0.00000000000000
32.560001373291	-0.021598381921649	-0.13186343014240	65.000000000000	0.00000000000000
32.569999694824	-0.021545499563217	-0.13016143441200	65.000000000000	0.00000000000000
32.580001831055	-0.021486528217793	-0.12846063077450	65.000000000000	0.00000000000000
32.590000152588	-0.021421583369374	-0.12676100432873	65.000000000000	0.00000000000000
32.599998474121	-0.021350542083383	-0.12506261467934	65.000000000000	0.00000000000000
32.610000610352	-0.021273545920849	-0.12336549907923	65.000000000000	0.00000000000000
32.619998931885	-0.021190509200096	-0.12166967988014	65.000000000000	0.00000000000000
32.630001068115	-0.021101459860802	-0.11997517943382	65.000000000000	0.00000000000000
32.639999389648	-0.021006453782320	-0.11828204244375	65.000000000000	0.00000000000000
32.650001525879	-0.020905464887619	-0.11659030616283	65.000000000000	0.00000000000000
32.659999847412	-0.020798521116376	-0.11489998549223	65.000000000000	0.00000000000000
32.669998168945	-0.020685633644462	-0.11321110278368	65.000000000000	0.00000000000000
32.680000305176	-0.020566828548908	-0.11152371764183	65.000000000000	0.00000000000000
32.689998626709	-0.020442059263587	-0.10983783751726	65.000000000000	0.00000000000000
32.700000762939	-0.020311443135142	-0.10815347731113	65.000000000000	0.00000000000000
32.709999084473	-0.020174909383059	-0.10647071897984	65.000000000000	0.00000000000000
32.720001220703	-0.020032497122884	-0.10478954762220	65.000000000000	0.00000000000000
32.729999542236	-0.019884189590812	-0.10311000049114	65.000000000000	0.00000000000000
32.740001678467	-0.019730079919100	-0.10143211483955	65.000000000000	0.00000000000000
32.750000000000	-0.019570108503103	-0.099755935370922	65.000000000000	0.00000000000000
32.759998321533	-0.019404318183661	-0.098081454634666	65.000000000000	0.00000000000000
32.770000457764	-0.019232707098126	-0.096408732235432	65.000000000000	0.00000000000000
32.779998779297	-0.019055316224694	-0.094737775623798	65.000000000000	0.00000000000000
32.790000915527	-0.018872153013945	-0.093068644404411	65.000000000000	0.00000000000000
32.799999237061	-0.018683213740587	-0.091401331126690	65.000000000000	0.00000000000000
32.810001373291	-0.018488550558686	-0.089735895395279	65.000000000000	0.00000000000000
32.819999694824	-0.018288129940629	-0.088072337210178	65.000000000000	0.00000000000000
32.830001831055	-0.018082030117512	-0.086410701274872	65.000000000000	0.00000000000000
32.840000152588	-0.017870221287012	-0.084751017391682	65.000000000000	0.00000000000000
32.849998474121	-0.017652718350291	-0.083093315362930	65.000000000000	0.00000000000000
32.860000610352	-0.017429549247026	-0.081437610089779	65.000000000000	0.00000000000000
32.869998931885	-0.017200732603669	-0.079783931374550	65.000000000000	0.00000000000000
32.880001068115	-0.016966283321381	-0.078132323920727	65.000000000000	0.00000000000000
32.889999389648	-0.016726251691580	-0.076482802629471	65.000000000000	0.00000000000000
32.900001525879	-0.016480576246977	-0.074835389852524	65.000000000000	0.00000000000000
32.909999847412	-0.016229342669249	-0.073190122842789	65.000000000000	0.00000000000000
32.919998168945	-0.015972554683685	-0.071547023952007	65.000000000000	0.00000000000000
32.930000305176	-0.015710199251771	-0.069906115531921	65.000000000000	0.00000000000000
32.939998626709	-0.015442331321537	-0.068267434835434	65.000000000000	0.00000000000000
32.950000762939	-0.015168963931501	-0.066630996763706	65.000000000000	0.00000000000000
32.959999084473	-0.014890084974468	-0.064996831119061	65.000000000000	0.00000000000000
32.970001220703	-0.014605757780373	-0.063364967703819	65.000000000000	0.00000000000000
32.979999542236	-0.014315954409540	-0.061735436320305	65.000000000000	0.00000000000000
32.990001678467	-0.014020740985870	-0.060108259320259	65.000000000000	0.00000000000000
33.000000000000	-0.013720098882914	-0.058483455330133	65.000000000000	0.00000000000000
33.009998321533	-0.013414055109024	-0.056861054152250	65.000000000000	0.00000000000000
33.020000457764	-0.013102649711072	-0.055241081863642	65.000000000000	0.00000000000000
33.029998779297	-0.012785879895091	-0.053623557090759	65.000000000000	0.00000000000000
33.040000915527	-0.012463767081499	-0.052008524537086	65.000000000000	0.00000000000000
33.049999237061	-0.012136331759393	-0.050395984202623	65.000000000000	0.00000000000000
33.060001373291	-0.011803607456386	-0.048785973340273	65.000000000000	0.00000000000000
33.069999694824	-0.011465601623058	-0.047178514301777	65.000000000000	0.00000000000000
33.080001831055	-0.011122350580990	-0.045573633164167	65.000000000000	0.00000000000000
33.090000152588	-0.010773852467537	-0.043971352279186	65.000000000000	0.00000000000000
33.099998474121	-0.010420132428408	-0.042371693998575	65.000000000000	0.00000000000000
33.110000610352	-0.010061233304441	-0.040774684399366	65.000000000000	0.00000000000000
33.119998931885	-0.0096971457824111	-0.039180342108011	65.000000000000	0.00000000000000
33.130001068115	-0.0093279071152210	-0.037588696926832	65.000000000000	0.00000000000000
33.139999389648	-0.0089535405859351	-0.035999763756990	65.000000000000	0.00000000000000
33.150001525879	-0.0085740592330694	-0.034413576126099	65.000000000000	0.00000000000000
33.159999847412	-0.0081894872710109	-0.032830145210028	65.000000000000	0.00000000000000
33.169998168945	-0.0077998489141464	-0.031249504536390	65.000000000000	0.00000000000000
33.180000305176	-0.0074051581323147	-0.029671667143703	65.000000000000	0.00000000000000
33.189998626709	-0.0070054517127573	-0.028096659108996	65.000000000000	0.00000000000000
33.200000762939	-0.0066007385030389	-0.026524502784014	65.000000000000	0.00000000000000
33.209999084473	-0.0061910366639495	-0.024955218657851	65.000000000000	0.00000000000000
33.220001220703	-0.0057763857766986	-0.023388827219605	65.000000000000	0.00000000000000
33.229999542236	-0.0053567891009152	-0.021825348958373	65.000000000000	0.00000000000000
33.240001678467	-0.0049322829581797	-0.020264806225896	65.000000000000	0.00000000000000
33.250000000000	-0.0045028822496533	-0.018707223236561	65.000000000000	0.00000000000000
33.259998321533	-0.0040686149150133	-0.017152613028884	65.000000000000	0.00000000000000
33.270000457764	-0.0036295002792031	-0.015601000748575	65.000000000000	0.00000000000000
33.279998779297	-0.0031855646520853	-0.014052407816052	65.000000000000	0.00000000000000
33.290000915527	-0.0027368224691600	-0.012506850063801	65.000000000000	0.00000000000000
33.299999237061	-0.0022833086550236	-0.010964350774884	65.000000000000	0.00000000000000
33.310001373291	-0.0018250365974382	-0.0094249285757542	65.000000000000	0.00000000000000
33.319999694824	-0.0013620327226818	-0.0078886011615396	65.000000000000	0.00000000000000
33.330001831055	-0.00089432293316349	-0.0063553890213370	65.000000000000	0.00000000000000
33.340000152588	-0.00042192847467959	-0.0048253103159368	65.000000000000	0.00000000000000
33.349998474121	5.5127278756117e-05	-0.0032983843702823	65.000000000000	0.00000000000000
33.360000610352	0.00053682026918977	-0.0017746293451637	65.000000000000	0.00000000000000
33.369998931885	0.0010231269989163	-0.00025406334316358	65.000000000000	0.00000000000000
33.380001068115	0.0015140234027058	0.0012632957659662	65.000000000000	0.00000000000000
33.389999389648	0.0020094860810786	0.0027774299960583	65.000000000000	0.00000000000000
33.400001525879	0.0025094905868173	0.0042883218266070	65.000000000000	0.00000000000000
33.409999847412	0.0030140134040266	0.0057959537953138	65.000000000000	0.00000000000000
33.419998168945	0.0035230282228440	0.0073003098368645	65.000000000000	0.00000000000000
33.430000305176	0.0040365140885115	0.0088013717904687	65.000000000000	0.00000000000000
33.439998626709	0.0045544435270131	0.010299122892320	65.000000000000	0.00000000000000
33.450000762939	0.0050767967477441	0.011793546378613	65.000000000000	0.00000000000000
33.459999084473	0.0056035467423499	0.013284628279507	65.000000000000	0.00000000000000
33.470001220703	0.0061346651054919	0.014772349968553	65.000000000000	0.00000000000000
33.479999542236	0.0066701346077025	0.016256697475910	65.000000000000	0.00000000000000
33.490001678467	0.0072099301032722	0.017737654969096	65.000000000000	0.00000000000000
33.500000000000	0.0077540189959109	0.019215205684304	65.000000000000	0.00000000000000
33.509998321533	0.0083023831248283	0.020689336583018	65.000000000000	0.00000000000000
33.520000457764	0.0088549982756376	0.022160029038787	65.000000000000	0.00000000000000
33.529998779297	0.0094118313863873	0.023627275601029	65.000000000000	0.00000000000000
33.540000915527	0.0099728722125292	0.025091053918004	65.000000000000	0.00000000000000
33.549999237061	0.010538085363805	0.026551352813840	65.000000000000	0.00000000000000
33.560001373291	0.011107441969216	0.028008157387376	65.000000000000	0.00000000000000
33.569999694824	0.011680928058922	0.029461454600096	65.000000000000	0.00000000000000
33.580001831055	0.012258518487215	0.030911231413484	65.000000000000	0.00000000000000
33.590000152588	0.012840175069869	0.032357480376959	65.000000000000	0.00000000000000
33.599998474121	0.013425887562335	0.033800177276134	65.000000000000	0.00000000000000
33.610000610352	0.014015628956258	0.035239312797785	65.000000000000	0.00000000000000
33.619998931885	0.014609362930059	0.036674879491329	65.000000000000	0.00000000000000
33.630001068115	0.015207071788609	0.038106858730316	65.000000000000	0.00000000000000
33.639999389648	0.015808731317520	0.039535243064165	65.000000000000	0.00000000000000
33.650001525879	0.016414307057858	0.040960013866425	65.000000000000	0.00000000000000
33.659999847412	0.017023786902428	0.042381167411804	65.000000000000	0.00000000000000
33.669998168945	0.017637144774199	0.043798688799143	65.000000000000	0.00000000000000
33.680000305176	0.018254341557622	0.045212559401989	65.000000000000	0.00000000000000
33.689998626709	0.018875375390053	0.046622782945633	65.000000000000	0.00000000000000
33.700000762939	0.019500197842717	0.048029337078333	65.000000000000	0.00000000000000
33.709999084473	0.020128805190325	0.049432218074799	65.000000000000	0.00000000000000
33.720001220703	0.020761154592037	0.050831403583288	65.000000000000	0.00000000000000
33.729999542236	0.021397214382887	0.052226897329092	65.000000000000	0.00000000000000
33.740001678467	0.022036995738745	0.053618680685759	65.000000000000	0.00000000000000
33.750000000000	0.022680427879095	0.055006749927998	65.000000000000	0.00000000000000
33.759998321533	0.023327516391873	0.056391093879938	65.000000000000	0.00000000000000
33.770000457764	0.023978220298886	0.057771697640419	65.000000000000	0.00000000000000
33.779998779297	0.024632530286908	0.059148553758860	65.000000000000	0.00000000000000
33.790000915527	0.025290407240391	0.060521665960550	65.000000000000	0.00000000000000
33.799999237061	0.025951838120818	0.061891000717878	65.000000000000	0.00000000000000
33.810001373291	0.026616778224707	0.063256576657295	65.000000000000	0.00000000000000
33.819999694824	0.027285220101476	0.064618371427059	65.000000000000	0.00000000000000
33.830001831055	0.027957126498222	0.065976366400719	65.000000000000	0.00000000000000
33.840000152588	0.028632475063205	0.067330576479435	65.000000000000	0.00000000000000
33.849998474121	0.029311265796423	0.068680979311466	65.000000000000	0.00000000000000
33.860000610352	0.029993427917361	0.070027567446232	65.000000000000	0.00000000000000
33.869998931885	0.030678985640407	0.071370348334312	65.000000000000	0.00000000000000
33.880001068115	0.031367875635624	0.072709299623966	65.000000000000	0.00000000000000
33.889999389648	0.032060097903013	0.074044413864613	65.000000000000	0.00000000000000
33.900001525879	0.032755605876446	0.075375691056252	65.000000000000	0.00000000000000
33.909999847412	0.033454388380051	0.076703123748302	65.000000000000	0.00000000000000
33.919998168945	0.034156408160925	0.078026704490185	65.000000000000	0.00000000000000
33.930000305176	0.034861654043198	0.079346425831318	65.000000000000	0.00000000000000
33.939998626709	0.035570137202740	0.080662280321121	65.000000000000	0.00000000000000
33.950000762939	0.036281749606133	0.081974282860756	65.000000000000	0.00000000000000
33.959999084473	0.036996532231569	0.083282396197319	65.000000000000	0.00000000000000
33.970001220703	0.037714429199696	0.084586627781391	65.000000000000	0.00000000000000
33.979999542236	0.038435429334641	0.085886992514133	65.000000000000	0.00000000000000
33.990001678467	0.039159506559372	0.087183453142643	65.000000000000	0.00000000000000
34.000000000000	0.039886642247438	0.088476017117500	65.000000000000	0.00000000000000
34.009998321533	0.040616791695356	0.089764691889286	65.000000000000	0.00000000000000
34.020000457764	0.041349954903126	0.091049455106258	65.000000000000	0.00000000000000
34.029998779297	0.042086083441973	0.092330314218998	65.000000000000	0.00000000000000
34.040000915527	0.042825177311897	0.093607269227505	65.000000000000	0.00000000000000
34.049999237061	0.043567221611738	0.094880297780037	65.000000000000	0.00000000000000
34.060001373291	0.044312134385109	0.096149422228336	65.000000000000	0.00000000000000
34.069999694824	0.045059967786074	0.097414612770081	65.000000000000	0.00000000000000
34.080001831055	0.045810647308826	0.098675884306431	65.000000000000	0.00000000000000
34.090000152588	0.046564165502787	0.099933229386806	65.000000000000	0.00000000000000
34.099998474121	0.047320518642664	0.10118664056063	65.000000000000	0.00000000000000
34.110000610352	0.048079617321491	0.10243611782789	65.000000000000	0.00000000000000
34.119998931885	0.048841528594494	0.10368165373802	65.000000000000	0.00000000000000
34.130001068115	0.049606144428253	0.10492325574160	65.000000000000	0.00000000000000
34.139999389648	0.050373505800962	0.10616090893745	65.000000000000	0.00000000000000
34.150001525879	0.051143553107977	0.10739463567734	65.000000000000	0.00000000000000
34.159999847412	0.051916267722845	0.10862442106009	65.000000000000	0.00000000000000
34.169998168945	0.052691668272018	0.10985024273396	65.000000000000	0.00000000000000
34.180000305176	0.053469665348530	0.11107212305069	65.000000000000	0.00000000000000
34.189998626709	0.054250273853540	0.11229006201029	65.000000000000	0.00000000000000
34.200000762939	0.055033501237631	0.11350402981043	65.000000000000	0.00000000000000
34.209999084473	0.055819261819124	0.11471407860518	65.000000000000	0.00000000000000
34.220001220703	0.056607566773891	0.11592014878988	65.000000000000	0.00000000000000
34.229999542236	0.057398375123739	0.11712229251862	65.000000000000	0.00000000000000
34.240001678467	0.058191757649183	0.11832044273615	65.000000000000	0.00000000000000
34.250000000000	0.058987528085709	0.11951467394829	65.000000000000	0.00000000000000
34.259998321533	0.059785731136799	0.12070495635271	65.000000000000	0.00000000000000
34.270000457764	0.060586407780647	0.12189126014709	65.000000000000	0.00000000000000
34.279998779297	0.061389490962029	0.12307362258434	65.000000000000	0.00000000000000
34.290000915527	0.062194954603910	0.12425201386213	65.000000000000	0.00000000000000
34.299999237061	0.063002802431583	0.12542647123337	65.000000000000	0.00000000000000
34.310001373291	0.063813008368015	0.12659694254398	65.000000000000	0.00000000000000
34.319999694824	0.064625561237335	0.12776346504688	65.000000000000	0.00000000000000
34.330001831055	0.065440312027931	0.12892606854439	65.000000000000	0.00000000000000
34.340000152588	0.066257387399673	0.13008472323418	65.000000000000	0.00000000000000
34.349998474121	0.067076690495014	0.13123942911625	65.000000000000	0.00000000000000
34.360000610352	0.067898347973824	0.13239012658596	65.000000000000	0.00000000000000
34.369998931885	0.068722143769264	0.13353690505028	65.000000000000	0.00000000000000
34.380001068115	0.069548197090626	0.13467971980572	65.000000000000	0.00000000000000
34.389999389648	0.070376366376877	0.13581861555576	65.000000000000	0.00000000000000
34.400001525879	0.071206681430340	0.13695357739925	65.000000000000	0.00000000000000
34.409999847412	0.072039149701595	0.13808457553387	65.000000000000	0.00000000000000
34.419998168945	0.072873808443546	0.13921159505844	65.000000000000	0.00000000000000
34.430000305176	0.073710441589355	0.14033475518227	65.000000000000	0.00000000000000
34.439998626709	0.074549242854118	0.14145393669605	65.000000000000	0.00000000000000
34.450000762939	0.075390055775642	0.14256916940212	65.000000000000	0.00000000000000
34.459999084473	0.076232999563217	0.14368045330048	65.000000000000	0.00000000000000
34.470001220703	0.077077850699425	0.14478784799576	65.000000000000	0.00000000000000
34.479999542236	0.077924802899361	0.14589124917984	65.000000000000	0.00000000000000
34.490001678467	0.078773707151413	0.14699076116085	65.000000000000	0.00000000000000
34.500000000000	0.079624541103840	0.14808635413647	65.000000000000	0.00000000000000
34.509998321533	0.080477364361286	0.14917799830437	65.000000000000	0.00000000000000
34.520000457764	0.081332087516785	0.15026575326920	65.000000000000	0.00000000000000
34.529998779297	0.082188747823238	0.15134955942631	65.000000000000	0.00000000000000
34.540000915527	0.083047293126583	0.15242946147919	65.000000000000	0.00000000000000
34.549999237061	0.083907678723335	0.15350545942783	65.000000000000	0.00000000000000
34.560001373291	0.084769897162914	0.15457755327225	65.000000000000	0.00000000000000
34.569999694824	0.085634008049965	0.15564571321011	65.000000000000	0.00000000000000
34.580001831055	0.086499921977520	0.15670996904373	65.000000000000	0.00000000000000
34.590000152588	0.087367624044418	0.15777033567429	65.000000000000	0.00000000000000
34.599998474121	0.088237084448338	0.15882682800293	65.000000000000	0.00000000000000
34.610000610352	0.089108452200890	0.15987931191921	65.000000000000	0.00000000000000
34.619998931885	0.089981414377689	0.16092802584171	65.000000000000	0.00000000000000
34.630001068115	0.090856164693832	0.16197280585766	65.000000000000	0.00000000000000
34.639999389648	0.091732621192932	0.16301369667053	65.000000000000	0.00000000000000
34.650001525879	0.092610776424408	0.16405071318150	65.000000000000	0.00000000000000
34.659999847412	0.093490600585938	0.16508385539055	65.000000000000	0.00000000000000
34.669998168945	0.094372160732746	0.16611306369305	65.000000000000	0.00000000000000
34.680000305176	0.095255367457867	0.16713842749596	65.000000000000	0.00000000000000
34.689998626709	0.096140116453171	0.16815994679928	65.000000000000	0.00000000000000
34.700000762939	0.097026564180851	0.16917756199837	65.000000000000	0.00000000000000
34.709999084473	0.097914561629295	0.17019133269787	65.000000000000	0.00000000000000
34.720001220703	0.098804175853729	0.17120121419430	65.000000000000	0.00000000000000
34.729999542236	0.099695309996605	0.17220725119114	65.000000000000	0.00000000000000
34.740001678467	0.10058804601431	0.17320945858955	65.000000000000	0.00000000000000
34.750000000000	0.10148232430220	0.17420780658722	65.000000000000	0.00000000000000
34.759998321533	0.10237810760736	0.17520228028297	65.000000000000	0.00000000000000
34.770000457764	0.10327538847923	0.17619293928146	65.000000000000	0.00000000000000
34.779998779297	0.10417417436838	0.17717973887920	65.000000000000	0.00000000000000
34.790000915527	0.10507445782423	0.17816269397736	65.000000000000	0.00000000000000
34.799999237061	0.10597621649504	0.17914183437824	65.000000000000	0.00000000000000
34.810001373291	0.10687936097383	0.18011713027954	65.000000000000	0.00000000000000
34.819999694824	0.10778393596411	0.18108861148357	65.000000000000	0.00000000000000
34.830001831055	0.10869001597166	0.18205624818802	65.000000000000	0.00000000000000
34.840000152588	0.10959739983082	0.18302008509636	65.000000000000	0.00000000000000
34.849998474121	0.11050626635551	0.18398007750511	65.000000000000	0.00000000000000
34.860000610352	0.11141644418240	0.18493627011776	65.000000000000	0.00000000000000
34.869998931885	0.11232797801495	0.18588866293430	65.000000000000	0.00000000000000
34.880001068115	0.11324089765549	0.18683722615242	65.000000000000	0.00000000000000
34.889999389648	0.11415514349937	0.18778201937675	65.000000000000	0.00000000000000
34.900001525879	0.11507069319487	0.18872298300266	65.000000000000	0.00000000000000
34.909999847412	0.11598758399487	0.18966014683247	65.000000000000	0.00000000000000
34.919998168945	0.11690574884415	0.19059352576733	65.000000000000	0.00000000000000
34.930000305176	0.11782518774271	0.19152310490608	65.000000000000	0.00000000000000
34.939998626709	0.11874586343765	0.19244889914989	65.000000000000	0.00000000000000
34.950000762939	0.11966782808304	0.19337089359760	65.000000000000	0.00000000000000
34.959999084473	0.12059101462364	0.19428911805153	65.000000000000	0.00000000000000
34.970001220703	0.12151545286179	0.19520355761051	65.000000000000	0.00000000000000
34.979999542236	0.12244109064341	0.19611422717571	65.000000000000	0.00000000000000
34.990001678467	0.12336794286966	0.19702111184597	65.000000000000	0.00000000000000
35.000000000000	0.12429597228765	0.19792424142361	65.000000000000	0.00000000000000
