#Parameters = {d=0.19560301507538; l2=3.9120603015075; lambda=7.8241206030151; r=0.026359462311558}
#"Frequency / GHz"	"S1,1 (lambda=7.82412) [Re]"	"S1,1 (lambda=7.82412) [Im]"	"Ref.Imp. [Re]"	"Ref.Imp. [Im]"
#-----------------------------------------------------------------------------------------------------------
25.000000000000	0.74710720777512	-0.54363256692886	65.000000000000	0.00000000000000
25.010000228882	0.74655050039291	-0.54400449991226	65.000000000000	0.00000000000000
25.020000457764	0.74599248170853	-0.54437637329102	65.000000000000	0.00000000000000
25.030000686646	0.74543309211731	-0.54474818706512	65.000000000000	0.00000000000000
25.040000915527	0.74487257003784	-0.54511988162994	65.000000000000	0.00000000000000
25.049999237061	0.74431061744690	-0.54549151659012	65.000000000000	0.00000000000000
25.059999465942	0.74374741315842	-0.54586315155029	65.000000000000	0.00000000000000
25.069999694824	0.74318265914917	-0.54623460769653	65.000000000000	0.00000000000000
25.079999923706	0.74261683225632	-0.54660600423813	65.000000000000	0.00000000000000
25.090000152588	0.74204945564270	-0.54697728157043	65.000000000000	0.00000000000000
25.100000381470	0.74148088693619	-0.54734849929810	65.000000000000	0.00000000000000
25.110000610352	0.74091100692749	-0.54771959781647	65.000000000000	0.00000000000000
25.120000839233	0.74033963680267	-0.54809063673019	65.000000000000	0.00000000000000
25.129999160767	0.73976695537567	-0.54846149682999	65.000000000000	0.00000000000000
25.139999389648	0.73919290304184	-0.54883235692978	65.000000000000	0.00000000000000
25.149999618530	0.73861759901047	-0.54920291900635	65.000000000000	0.00000000000000
25.159999847412	0.73804080486298	-0.54957348108292	65.000000000000	0.00000000000000
25.170000076294	0.73746258020401	-0.54994392395020	65.000000000000	0.00000000000000
25.180000305176	0.73688310384750	-0.55031424760818	65.000000000000	0.00000000000000
25.190000534058	0.73630219697952	-0.55068433284760	65.000000000000	0.00000000000000
25.200000762939	0.73571985960007	-0.55105441808701	65.000000000000	0.00000000000000
25.209999084473	0.73513621091843	-0.55142432451248	65.000000000000	0.00000000000000
25.219999313354	0.73455101251602	-0.55179411172867	65.000000000000	0.00000000000000
25.229999542236	0.73396444320679	-0.55216366052628	65.000000000000	0.00000000000000
25.239999771118	0.73337638378143	-0.55253320932388	65.000000000000	0.00000000000000
25.250000000000	0.73278707265854	-0.55290251970291	65.000000000000	0.00000000000000
25.260000228882	0.73219639062881	-0.55327165126801	65.000000000000	0.00000000000000
25.270000457764	0.73160409927368	-0.55364066362381	65.000000000000	0.00000000000000
25.280000686646	0.73101043701172	-0.55400949716568	65.000000000000	0.00000000000000
25.290000915527	0.73041534423828	-0.55437809228897	65.000000000000	0.00000000000000
25.299999237061	0.72981876134872	-0.55474656820297	65.000000000000	0.00000000000000
25.309999465942	0.72922098636627	-0.55511486530304	65.000000000000	0.00000000000000
25.319999694824	0.72862142324448	-0.55548304319382	65.000000000000	0.00000000000000
25.329999923706	0.72802054882050	-0.55585092306137	65.000000000000	0.00000000000000
25.340000152588	0.72741812467575	-0.55621868371964	65.000000000000	0.00000000000000
25.350000381470	0.72681432962418	-0.55658620595932	65.000000000000	0.00000000000000
25.360000610352	0.72620910406113	-0.55695348978043	65.000000000000	0.00000000000000
25.370000839233	0.72560232877731	-0.55732065439224	65.000000000000	0.00000000000000
25.379999160767	0.72499400377274	-0.55768758058548	65.000000000000	0.00000000000000
25.389999389648	0.72438436746597	-0.55805426836014	65.000000000000	0.00000000000000
25.399999618530	0.72377324104309	-0.55842071771622	65.000000000000	0.00000000000000
25.409999847412	0.72316044569016	-0.55878692865372	65.000000000000	0.00000000000000
25.420000076294	0.72254633903503	-0.55915296077728	65.000000000000	0.00000000000000
25.430000305176	0.72193068265915	-0.55951875448227	65.000000000000	0.00000000000000
25.440000534058	0.72131341695786	-0.55988425016403	65.000000000000	0.00000000000000
25.450000762939	0.72069472074509	-0.56024956703186	65.000000000000	0.00000000000000
25.459999084473	0.72007453441620	-0.56061458587646	65.000000000000	0.00000000000000
25.469999313354	0.71945279836655	-0.56097942590714	65.000000000000	0.00000000000000
25.479999542236	0.71882957220078	-0.56134384870529	65.000000000000	0.00000000000000
25.489999771118	0.71820503473282	-0.56170791387558	65.000000000000	0.00000000000000
25.500000000000	0.71757829189301	-0.56207245588303	65.000000000000	0.00000000000000
25.510000228882	0.71695071458817	-0.56243580579758	65.000000000000	0.00000000000000
25.520000457764	0.71632146835327	-0.56279903650284	65.000000000000	0.00000000000000
25.530000686646	0.71569055318832	-0.56316208839417	65.000000000000	0.00000000000000
25.540000915527	0.71505779027939	-0.56352537870407	65.000000000000	0.00000000000000
25.549999237061	0.71442389488220	-0.56388783454895	65.000000000000	0.00000000000000
25.559999465942	0.71378827095032	-0.56425005197525	65.000000000000	0.00000000000000
25.569999694824	0.71315133571625	-0.56461179256439	65.000000000000	0.00000000000000
25.579999923706	0.71251273155212	-0.56497335433960	65.000000000000	0.00000000000000
25.590000152588	0.71187216043472	-0.56533503532410	65.000000000000	0.00000000000000
25.600000381470	0.71123069524765	-0.56569552421570	65.000000000000	0.00000000000000
25.610000610352	0.71058732271194	-0.56605619192123	65.000000000000	0.00000000000000
25.620000839233	0.70994234085083	-0.56641662120819	65.000000000000	0.00000000000000
25.629999160767	0.70929580926895	-0.56677645444870	65.000000000000	0.00000000000000
25.639999389648	0.70864772796631	-0.56713610887527	65.000000000000	0.00000000000000
25.649999618530	0.70799785852432	-0.56749546527863	65.000000000000	0.00000000000000
25.659999847412	0.70734667778015	-0.56785434484482	65.000000000000	0.00000000000000
25.670000076294	0.70669370889664	-0.56821286678314	65.000000000000	0.00000000000000
25.680000305176	0.70603942871094	-0.56857097148895	65.000000000000	0.00000000000000
25.690000534058	0.70538330078125	-0.56892865896225	65.000000000000	0.00000000000000
25.700000762939	0.70472562313080	-0.56928610801697	65.000000000000	0.00000000000000
25.709999084473	0.70406621694565	-0.56964337825775	65.000000000000	0.00000000000000
25.719999313354	0.70340538024902	-0.56999993324280	65.000000000000	0.00000000000000
25.729999542236	0.70274305343628	-0.57035589218140	65.000000000000	0.00000000000000
25.739999771118	0.70207875967026	-0.57071197032928	65.000000000000	0.00000000000000
25.750000000000	0.70141309499741	-0.57106733322144	65.000000000000	0.00000000000000
25.760000228882	0.70074594020844	-0.57142204046249	65.000000000000	0.00000000000000
25.770000457764	0.70007681846619	-0.57177680730820	65.000000000000	0.00000000000000
25.780000686646	0.69940650463104	-0.57213062047958	65.000000000000	0.00000000000000
25.790000915527	0.69873392581940	-0.57248449325562	65.000000000000	0.00000000000000
25.799999237061	0.69806021451950	-0.57283782958984	65.000000000000	0.00000000000000
25.809999465942	0.69738471508026	-0.57319056987762	65.000000000000	0.00000000000000
25.819999694824	0.69670754671097	-0.57354295253754	65.000000000000	0.00000000000000
25.829999923706	0.69602876901627	-0.57389479875565	65.000000000000	0.00000000000000
25.840000152588	0.69534826278687	-0.57424634695053	65.000000000000	0.00000000000000
25.850000381470	0.69466614723206	-0.57459735870361	65.000000000000	0.00000000000000
25.860000610352	0.69398266077042	-0.57494783401489	65.000000000000	0.00000000000000
25.870000839233	0.69329714775085	-0.57529783248901	65.000000000000	0.00000000000000
25.879999160767	0.69261008501053	-0.57564735412598	65.000000000000	0.00000000000000
25.889999389648	0.69192153215408	-0.57599639892578	65.000000000000	0.00000000000000
25.899999618530	0.69123113155365	-0.57634502649307	65.000000000000	0.00000000000000
25.909999847412	0.69053906202316	-0.57669299840927	65.000000000000	0.00000000000000
25.920000076294	0.68984544277191	-0.57704055309296	65.000000000000	0.00000000000000
25.930000305176	0.68915009498596	-0.57738763093948	65.000000000000	0.00000000000000
25.940000534058	0.68845301866531	-0.57773411273956	65.000000000000	0.00000000000000
25.950000762939	0.68775433301926	-0.57808005809784	65.000000000000	0.00000000000000
25.959999084473	0.68705403804779	-0.57842546701431	65.000000000000	0.00000000000000
25.969999313354	0.68635183572769	-0.57877039909363	65.000000000000	0.00000000000000
25.979999542236	0.68564814329147	-0.57911473512650	65.000000000000	0.00000000000000
25.989999771118	0.68494266271591	-0.57945853471756	65.000000000000	0.00000000000000
26.000000000000	0.68423563241959	-0.57980179786682	65.000000000000	0.00000000000000
26.010000228882	0.68352681398392	-0.58014446496964	65.000000000000	0.00000000000000
26.020000457764	0.68281632661819	-0.58048659563065	65.000000000000	0.00000000000000
26.030000686646	0.68210411071777	-0.58082807064056	65.000000000000	0.00000000000000
26.040000915527	0.68139010667801	-0.58116906881332	65.000000000000	0.00000000000000
26.049999237061	0.68067449331284	-0.58150941133499	65.000000000000	0.00000000000000
26.059999465942	0.67995727062225	-0.58184915781021	65.000000000000	0.00000000000000
26.069999694824	0.67923825979233	-0.58218830823898	65.000000000000	0.00000000000000
26.079999923706	0.67851758003235	-0.58252686262131	65.000000000000	0.00000000000000
26.090000152588	0.67779505252838	-0.58286488056183	65.000000000000	0.00000000000000
26.100000381470	0.67707091569901	-0.58320218324661	65.000000000000	0.00000000000000
26.110000610352	0.67634510993958	-0.58353883028030	65.000000000000	0.00000000000000
26.120000839233	0.67561745643616	-0.58387494087219	65.000000000000	0.00000000000000
26.129999160767	0.67488819360733	-0.58421033620834	65.000000000000	0.00000000000000
26.139999389648	0.67415714263916	-0.58454513549805	65.000000000000	0.00000000000000
26.149999618530	0.67342448234558	-0.58487933874130	65.000000000000	0.00000000000000
26.159999847412	0.67268997430801	-0.58521276712418	65.000000000000	0.00000000000000
26.170000076294	0.67195373773575	-0.58554553985596	65.000000000000	0.00000000000000
26.180000305176	0.67121583223343	-0.58587771654129	65.000000000000	0.00000000000000
26.190000534058	0.67047613859177	-0.58620923757553	65.000000000000	0.00000000000000
26.200000762939	0.66973477602005	-0.58653992414474	65.000000000000	0.00000000000000
26.209999084473	0.66899162530899	-0.58687007427216	65.000000000000	0.00000000000000
26.219999313354	0.66824680566788	-0.58719938993454	65.000000000000	0.00000000000000
26.229999542236	0.66750025749207	-0.58752816915512	65.000000000000	0.00000000000000
26.239999771118	0.66675174236298	-0.58785617351532	65.000000000000	0.00000000000000
26.250000000000	0.66600167751312	-0.58818346261978	65.000000000000	0.00000000000000
26.260000228882	0.66524988412857	-0.58851003646851	65.000000000000	0.00000000000000
26.270000457764	0.66449624300003	-0.58883583545685	65.000000000000	0.00000000000000
26.280000686646	0.66374093294144	-0.58916091918945	65.000000000000	0.00000000000000
26.290000915527	0.66298383474350	-0.58948534727097	65.000000000000	0.00000000000000
26.299999237061	0.66222494840622	-0.58980894088745	65.000000000000	0.00000000000000
26.309999465942	0.66146421432495	-0.59013181924820	65.000000000000	0.00000000000000
26.319999694824	0.66070187091827	-0.59045398235321	65.000000000000	0.00000000000000
26.329999923706	0.65993773937225	-0.59077531099319	65.000000000000	0.00000000000000
26.340000152588	0.65917187929153	-0.59109586477280	65.000000000000	0.00000000000000
26.350000381470	0.65840411186218	-0.59141570329666	65.000000000000	0.00000000000000
26.360000610352	0.65763467550278	-0.59173470735550	65.000000000000	0.00000000000000
26.370000839233	0.65686351060867	-0.59205293655396	65.000000000000	0.00000000000000
26.379999160767	0.65609049797058	-0.59237039089203	65.000000000000	0.00000000000000
26.389999389648	0.65531569719315	-0.59268701076508	65.000000000000	0.00000000000000
26.399999618530	0.65453916788101	-0.59300285577774	65.000000000000	0.00000000000000
26.409999847412	0.65376079082489	-0.59331780672073	65.000000000000	0.00000000000000
26.420000076294	0.65298080444336	-0.59363204240799	65.000000000000	0.00000000000000
26.430000305176	0.65219879150391	-0.59394538402557	65.000000000000	0.00000000000000
26.440000534058	0.65141510963440	-0.59425789117813	65.000000000000	0.00000000000000
26.450000762939	0.65062969923019	-0.59456956386566	65.000000000000	0.00000000000000
26.459999084473	0.64984256029129	-0.59488040208817	65.000000000000	0.00000000000000
26.469999313354	0.64905363321304	-0.59519034624100	65.000000000000	0.00000000000000
26.479999542236	0.64826267957687	-0.59549945592880	65.000000000000	0.00000000000000
26.489999771118	0.64747005701065	-0.59580773115158	65.000000000000	0.00000000000000
26.500000000000	0.64667570590973	-0.59611517190933	65.000000000000	0.00000000000000
26.510000228882	0.64587962627411	-0.59642159938812	65.000000000000	0.00000000000000
26.520000457764	0.64508152008057	-0.59672725200653	65.000000000000	0.00000000000000
26.530000686646	0.64428168535233	-0.59703195095062	65.000000000000	0.00000000000000
26.540000915527	0.64348012208939	-0.59733569622040	65.000000000000	0.00000000000000
26.549999237061	0.64267677068710	-0.59763860702515	65.000000000000	0.00000000000000
26.559999465942	0.64187157154083	-0.59794056415558	65.000000000000	0.00000000000000
26.569999694824	0.64106458425522	-0.59824168682098	65.000000000000	0.00000000000000
26.579999923706	0.64025568962097	-0.59854179620743	65.000000000000	0.00000000000000
26.590000152588	0.63944506645203	-0.59884101152420	65.000000000000	0.00000000000000
26.600000381470	0.63863271474838	-0.59913921356201	65.000000000000	0.00000000000000
26.610000610352	0.63781839609146	-0.59943652153015	65.000000000000	0.00000000000000
26.620000839233	0.63700246810913	-0.59973281621933	65.000000000000	0.00000000000000
26.629999160767	0.63618445396423	-0.60002821683884	65.000000000000	0.00000000000000
26.639999389648	0.63536483049393	-0.60032266378403	65.000000000000	0.00000000000000
26.649999618530	0.63454318046570	-0.60061609745026	65.000000000000	0.00000000000000
26.659999847412	0.63371992111206	-0.60090857744217	65.000000000000	0.00000000000000
26.670000076294	0.63289481401443	-0.60120004415512	65.000000000000	0.00000000000000
26.680000305176	0.63206773996353	-0.60149055719376	65.000000000000	0.00000000000000
26.690000534058	0.63123893737793	-0.60177993774414	65.000000000000	0.00000000000000
26.700000762939	0.63040834665298	-0.60206848382950	65.000000000000	0.00000000000000
26.709999084473	0.62957590818405	-0.60235589742661	65.000000000000	0.00000000000000
26.719999313354	0.62874156236649	-0.60264223814011	65.000000000000	0.00000000000000
26.729999542236	0.62790542840958	-0.60292762517929	65.000000000000	0.00000000000000
26.739999771118	0.62706744670868	-0.60321199893951	65.000000000000	0.00000000000000
26.750000000000	0.62622767686844	-0.60349529981613	65.000000000000	0.00000000000000
26.760000228882	0.62538611888885	-0.60377752780914	65.000000000000	0.00000000000000
26.770000457764	0.62454259395599	-0.60405868291855	65.000000000000	0.00000000000000
26.780000686646	0.62369722127914	-0.60433876514435	65.000000000000	0.00000000000000
26.790000915527	0.62285017967224	-0.60461789369583	65.000000000000	0.00000000000000
26.799999237061	0.62200099229813	-0.60489583015442	65.000000000000	0.00000000000000
26.809999465942	0.62115031480789	-0.60517263412476	65.000000000000	0.00000000000000
26.819999694824	0.62029743194580	-0.60544848442078	65.000000000000	0.00000000000000
26.829999923706	0.61944317817688	-0.60572314262390	65.000000000000	0.00000000000000
26.840000152588	0.61858665943146	-0.60599672794342	65.000000000000	0.00000000000000
26.850000381470	0.61772835254669	-0.60626912117004	65.000000000000	0.00000000000000
26.860000610352	0.61686837673187	-0.60654050111771	65.000000000000	0.00000000000000
26.870000839233	0.61600643396378	-0.60681062936783	65.000000000000	0.00000000000000
26.879999160767	0.61514258384705	-0.60707968473434	65.000000000000	0.00000000000000
26.889999389648	0.61427688598633	-0.60734766721725	65.000000000000	0.00000000000000
26.899999618530	0.61340934038162	-0.60761433839798	65.000000000000	0.00000000000000
26.909999847412	0.61254006624222	-0.60787993669510	65.000000000000	0.00000000000000
26.920000076294	0.61166870594025	-0.60814434289932	65.000000000000	0.00000000000000
26.930000305176	0.61079573631287	-0.60840755701065	65.000000000000	0.00000000000000
26.940000534058	0.60992074012756	-0.60866963863373	65.000000000000	0.00000000000000
26.950000762939	0.60904383659363	-0.60893046855927	65.000000000000	0.00000000000000
26.959999084473	0.60816526412964	-0.60919004678726	65.000000000000	0.00000000000000
26.969999313354	0.60728478431702	-0.60944855213165	65.000000000000	0.00000000000000
26.979999542236	0.60640221834183	-0.60970580577850	65.000000000000	0.00000000000000
26.989999771118	0.60551804304123	-0.60996180772781	65.000000000000	0.00000000000000
27.000000000000	0.60463172197342	-0.61021655797958	65.000000000000	0.00000000000000
27.010000228882	0.60374373197556	-0.61047011613846	65.000000000000	0.00000000000000
27.020000457764	0.60285395383835	-0.61072230339050	65.000000000000	0.00000000000000
27.030000686646	0.60196197032928	-0.61097347736359	65.000000000000	0.00000000000000
27.040000915527	0.60106837749481	-0.61122322082520	65.000000000000	0.00000000000000
27.049999237061	0.60017281770706	-0.61147171258926	65.000000000000	0.00000000000000
27.059999465942	0.59927546977997	-0.61171895265579	65.000000000000	0.00000000000000
27.069999694824	0.59837621450424	-0.61196488142014	65.000000000000	0.00000000000000
27.079999923706	0.59747499227524	-0.61220949888229	65.000000000000	0.00000000000000
27.090000152588	0.59657180309296	-0.61245286464691	65.000000000000	0.00000000000000
27.100000381470	0.59566688537598	-0.61269491910934	65.000000000000	0.00000000000000
27.110000610352	0.59476006031036	-0.61293566226959	65.000000000000	0.00000000000000
27.120000839233	0.59385144710541	-0.61317503452301	65.000000000000	0.00000000000000
27.129999160767	0.59294080734253	-0.61341315507889	65.000000000000	0.00000000000000
27.139999389648	0.59202831983566	-0.61364984512329	65.000000000000	0.00000000000000
27.149999618530	0.59111392498016	-0.61388522386551	65.000000000000	0.00000000000000
27.159999847412	0.59019756317139	-0.61411923170090	65.000000000000	0.00000000000000
27.170000076294	0.58927953243256	-0.61435186862946	65.000000000000	0.00000000000000
27.180000305176	0.58835935592651	-0.61458307504654	65.000000000000	0.00000000000000
27.190000534058	0.58743745088577	-0.61481302976608	65.000000000000	0.00000000000000
27.200000762939	0.58651369810104	-0.61504149436951	65.000000000000	0.00000000000000
27.209999084473	0.58558779954910	-0.61526858806610	65.000000000000	0.00000000000000
27.219999313354	0.58466029167175	-0.61549425125122	65.000000000000	0.00000000000000
27.229999542236	0.58373081684113	-0.61571854352951	65.000000000000	0.00000000000000
27.239999771118	0.58279931545258	-0.61594140529633	65.000000000000	0.00000000000000
27.250000000000	0.58186590671539	-0.61616283655167	65.000000000000	0.00000000000000
27.260000228882	0.58093076944351	-0.61638271808624	65.000000000000	0.00000000000000
27.270000457764	0.57999366521835	-0.61660128831863	65.000000000000	0.00000000000000
27.280000686646	0.57905447483063	-0.61681830883026	65.000000000000	0.00000000000000
27.290000915527	0.57811373472214	-0.61703389883041	65.000000000000	0.00000000000000
27.299999237061	0.57717084884644	-0.61724805831909	65.000000000000	0.00000000000000
27.309999465942	0.57622611522675	-0.61746066808701	65.000000000000	0.00000000000000
27.319999694824	0.57527941465378	-0.61767178773880	65.000000000000	0.00000000000000
27.329999923706	0.57433098554611	-0.61788141727448	65.000000000000	0.00000000000000
27.340000152588	0.57338041067123	-0.61808955669403	65.000000000000	0.00000000000000
27.350000381470	0.57242810726166	-0.61829620599747	65.000000000000	0.00000000000000
27.360000610352	0.57147371768951	-0.61850130558014	65.000000000000	0.00000000000000
27.370000839233	0.57051759958267	-0.61870473623276	65.000000000000	0.00000000000000
27.379999160767	0.56955957412720	-0.61890673637390	65.000000000000	0.00000000000000
27.389999389648	0.56859952211380	-0.61910718679428	65.000000000000	0.00000000000000
27.399999618530	0.56763756275177	-0.61930602788925	65.000000000000	0.00000000000000
27.409999847412	0.56667381525040	-0.61950331926346	65.000000000000	0.00000000000000
27.420000076294	0.56570798158646	-0.61969906091690	65.000000000000	0.00000000000000
27.430000305176	0.56474047899246	-0.61989313364029	65.000000000000	0.00000000000000
27.440000534058	0.56377094984055	-0.62008559703827	65.000000000000	0.00000000000000
27.450000762939	0.56279939413071	-0.62027651071548	65.000000000000	0.00000000000000
27.459999084473	0.56182610988617	-0.62046581506729	65.000000000000	0.00000000000000
27.469999313354	0.56085067987442	-0.62065339088440	65.000000000000	0.00000000000000
27.479999542236	0.55987358093262	-0.62083941698074	65.000000000000	0.00000000000000
27.489999771118	0.55889445543289	-0.62102377414703	65.000000000000	0.00000000000000
27.500000000000	0.55791342258453	-0.62120646238327	65.000000000000	0.00000000000000
27.510000228882	0.55693048238754	-0.62138754129410	65.000000000000	0.00000000000000
27.520000457764	0.55594557523727	-0.62156683206558	65.000000000000	0.00000000000000
27.530000686646	0.55495876073837	-0.62174457311630	65.000000000000	0.00000000000000
27.540000915527	0.55397009849548	-0.62192046642303	65.000000000000	0.00000000000000
27.549999237061	0.55297946929932	-0.62209469079971	65.000000000000	0.00000000000000
27.559999465942	0.55198705196381	-0.62226724624634	65.000000000000	0.00000000000000
27.569999694824	0.55099248886108	-0.62243807315826	65.000000000000	0.00000000000000
27.579999923706	0.54999625682831	-0.62260711193085	65.000000000000	0.00000000000000
27.590000152588	0.54899787902832	-0.62277448177338	65.000000000000	0.00000000000000
27.600000381470	0.54799777269363	-0.62294006347656	65.000000000000	0.00000000000000
27.610000610352	0.54699558019638	-0.62310385704041	65.000000000000	0.00000000000000
27.620000839233	0.54599165916443	-0.62326592206955	65.000000000000	0.00000000000000
27.629999160767	0.54498565196991	-0.62342613935471	65.000000000000	0.00000000000000
27.639999389648	0.54397785663605	-0.62358456850052	65.000000000000	0.00000000000000
27.649999618530	0.54296809434891	-0.62374126911163	65.000000000000	0.00000000000000
27.659999847412	0.54195654392242	-0.62389606237411	65.000000000000	0.00000000000000
27.670000076294	0.54094290733337	-0.62404906749725	65.000000000000	0.00000000000000
27.680000305176	0.53992742300034	-0.62420028448105	65.000000000000	0.00000000000000
27.690000534058	0.53890997171402	-0.62434959411621	65.000000000000	0.00000000000000
27.700000762939	0.53789067268372	-0.62449699640274	65.000000000000	0.00000000000000
27.709999084473	0.53686946630478	-0.62464267015457	65.000000000000	0.00000000000000
27.719999313354	0.53584617376328	-0.62478631734848	65.000000000000	0.00000000000000
27.729999542236	0.53482115268707	-0.62492817640305	65.000000000000	0.00000000000000
27.739999771118	0.53379422426224	-0.62506818771362	65.000000000000	0.00000000000000
27.750000000000	0.53276532888412	-0.62520623207092	65.000000000000	0.00000000000000
27.760000228882	0.53173452615738	-0.62534230947495	65.000000000000	0.00000000000000
27.770000457764	0.53070181608200	-0.62547641992569	65.000000000000	0.00000000000000
27.780000686646	0.52966725826263	-0.62560868263245	65.000000000000	0.00000000000000
27.790000915527	0.52863067388535	-0.62573897838593	65.000000000000	0.00000000000000
27.799999237061	0.52759230136871	-0.62586730718613	65.000000000000	0.00000000000000
27.809999465942	0.52655190229416	-0.62599372863770	65.000000000000	0.00000000000000
27.819999694824	0.52550977468491	-0.62611806392670	65.000000000000	0.00000000000000
27.829999923706	0.52446556091309	-0.62624037265778	65.000000000000	0.00000000000000
27.840000152588	0.52341949939728	-0.62636083364487	65.000000000000	0.00000000000000
27.850000381470	0.52237153053284	-0.62647914886475	65.000000000000	0.00000000000000
27.860000610352	0.52132177352905	-0.62659549713135	65.000000000000	0.00000000000000
27.870000839233	0.52026998996735	-0.62670975923538	65.000000000000	0.00000000000000
27.879999160767	0.51921623945236	-0.62682199478149	65.000000000000	0.00000000000000
27.889999389648	0.51816070079803	-0.62693220376968	65.000000000000	0.00000000000000
27.899999618530	0.51710325479507	-0.62704032659531	65.000000000000	0.00000000000000
27.909999847412	0.51604390144348	-0.62714636325836	65.000000000000	0.00000000000000
27.920000076294	0.51498275995255	-0.62725025415421	65.000000000000	0.00000000000000
27.930000305176	0.51391965150833	-0.62735211849213	65.000000000000	0.00000000000000
27.940000534058	0.51285463571548	-0.62745183706284	65.000000000000	0.00000000000000
27.950000762939	0.51178765296936	-0.62754946947098	65.000000000000	0.00000000000000
27.959999084473	0.51071888208389	-0.62764495611191	65.000000000000	0.00000000000000
27.969999313354	0.50964832305908	-0.62773823738098	65.000000000000	0.00000000000000
27.979999542236	0.50857567787170	-0.62782937288284	65.000000000000	0.00000000000000
27.989999771118	0.50750130414963	-0.62791830301285	65.000000000000	0.00000000000000
28.000000000000	0.50642490386963	-0.62800514698029	65.000000000000	0.00000000000000
28.010000228882	0.50534671545029	-0.62808966636658	65.000000000000	0.00000000000000
28.020000457764	0.50426673889160	-0.62817209959030	65.000000000000	0.00000000000000
28.030000686646	0.50318479537964	-0.62825232744217	65.000000000000	0.00000000000000
28.040000915527	0.50210094451904	-0.62833023071289	65.000000000000	0.00000000000000
28.049999237061	0.50101542472839	-0.62840592861176	65.000000000000	0.00000000000000
28.059999465942	0.49992778897285	-0.62847948074341	65.000000000000	0.00000000000000
28.069999694824	0.49883836507797	-0.62855064868927	65.000000000000	0.00000000000000
28.079999923706	0.49774712324142	-0.62861949205399	65.000000000000	0.00000000000000
28.090000152588	0.49665385484695	-0.62868613004684	65.000000000000	0.00000000000000
28.100000381470	0.49555894732475	-0.62875044345856	65.000000000000	0.00000000000000
28.110000610352	0.49446213245392	-0.62881249189377	65.000000000000	0.00000000000000
28.120000839233	0.49336335062981	-0.62887215614319	65.000000000000	0.00000000000000
28.129999160767	0.49226281046867	-0.62892955541611	65.000000000000	0.00000000000000
28.139999389648	0.49116039276123	-0.62898451089859	65.000000000000	0.00000000000000
28.149999618530	0.49005621671677	-0.62903714179993	65.000000000000	0.00000000000000
28.159999847412	0.48895013332367	-0.62908744812012	65.000000000000	0.00000000000000
28.170000076294	0.48784211277962	-0.62913537025452	65.000000000000	0.00000000000000
28.180000305176	0.48673233389854	-0.62918084859848	65.000000000000	0.00000000000000
28.190000534058	0.48562100529671	-0.62922376394272	65.000000000000	0.00000000000000
28.200000762939	0.48450738191605	-0.62926459312439	65.000000000000	0.00000000000000
28.209999084473	0.48339211940765	-0.62930291891098	65.000000000000	0.00000000000000
28.219999313354	0.48227500915527	-0.62933868169785	65.000000000000	0.00000000000000
28.229999542236	0.48115593194962	-0.62937211990356	65.000000000000	0.00000000000000
28.239999771118	0.48003542423248	-0.62940287590027	65.000000000000	0.00000000000000
28.250000000000	0.47891268134117	-0.62943136692047	65.000000000000	0.00000000000000
28.260000228882	0.47778838872910	-0.62945723533630	65.000000000000	0.00000000000000
28.270000457764	0.47666254639626	-0.62948036193848	65.000000000000	0.00000000000000
28.280000686646	0.47553452849388	-0.62950128316879	65.000000000000	0.00000000000000
28.290000915527	0.47440469264984	-0.62951970100403	65.000000000000	0.00000000000000
28.299999237061	0.47327333688736	-0.62953537702560	65.000000000000	0.00000000000000
28.309999465942	0.47213983535767	-0.62954872846603	65.000000000000	0.00000000000000
28.319999694824	0.47100475430489	-0.62955933809280	65.000000000000	0.00000000000000
28.329999923706	0.46986761689186	-0.62956762313843	65.000000000000	0.00000000000000
28.340000152588	0.46872919797897	-0.62957286834717	65.000000000000	0.00000000000000
28.350000381470	0.46758869290352	-0.62957578897476	65.000000000000	0.00000000000000
28.360000610352	0.46644636988640	-0.62957614660263	65.000000000000	0.00000000000000
28.370000839233	0.46530258655548	-0.62957358360291	65.000000000000	0.00000000000000
28.379999160767	0.46415668725967	-0.62956875562668	65.000000000000	0.00000000000000
28.389999389648	0.46300894021988	-0.62956118583679	65.000000000000	0.00000000000000
28.399999618530	0.46186009049416	-0.62955051660538	65.000000000000	0.00000000000000
28.409999847412	0.46070876717567	-0.62953770160675	65.000000000000	0.00000000000000
28.420000076294	0.45955607295036	-0.62952202558517	65.000000000000	0.00000000000000
28.430000305176	0.45840153098106	-0.62950360774994	65.000000000000	0.00000000000000
28.440000534058	0.45724523067474	-0.62948244810104	65.000000000000	0.00000000000000
28.450000762939	0.45608752965927	-0.62945842742920	65.000000000000	0.00000000000000
28.459999084473	0.45492747426033	-0.62943208217621	65.000000000000	0.00000000000000
28.469999313354	0.45376622676849	-0.62940257787704	65.000000000000	0.00000000000000
28.479999542236	0.45260325074196	-0.62937033176422	65.000000000000	0.00000000000000
28.489999771118	0.45143827795982	-0.62933552265167	65.000000000000	0.00000000000000
28.500000000000	0.45027148723602	-0.62929791212082	65.000000000000	0.00000000000000
28.510000228882	0.44910338521004	-0.62925726175308	65.000000000000	0.00000000000000
28.520000457764	0.44793349504471	-0.62921386957169	65.000000000000	0.00000000000000
28.530000686646	0.44676163792610	-0.62916785478592	65.000000000000	0.00000000000000
28.540000915527	0.44558867812157	-0.62911856174469	65.000000000000	0.00000000000000
28.549999237061	0.44441369175911	-0.62906664609909	65.000000000000	0.00000000000000
28.559999465942	0.44323673844337	-0.62901204824448	65.000000000000	0.00000000000000
28.569999694824	0.44205868244171	-0.62895417213440	65.000000000000	0.00000000000000
28.579999923706	0.44087871909142	-0.62889367341995	65.000000000000	0.00000000000000
28.590000152588	0.43969699740410	-0.62883013486862	65.000000000000	0.00000000000000
28.600000381470	0.43851366639137	-0.62876373529434	65.000000000000	0.00000000000000
28.610000610352	0.43732866644859	-0.62869435548782	65.000000000000	0.00000000000000
28.620000839233	0.43614217638969	-0.62862199544907	65.000000000000	0.00000000000000
28.629999160767	0.43495404720306	-0.62854671478271	65.000000000000	0.00000000000000
28.639999389648	0.43376412987709	-0.62846845388412	65.000000000000	0.00000000000000
28.649999618530	0.43257278203964	-0.62838727235794	65.000000000000	0.00000000000000
28.659999847412	0.43137979507446	-0.62830299139023	65.000000000000	0.00000000000000
28.670000076294	0.43018519878387	-0.62821567058563	65.000000000000	0.00000000000000
28.680000305176	0.42898896336555	-0.62812530994415	65.000000000000	0.00000000000000
28.690000534058	0.42779117822647	-0.62803196907043	65.000000000000	0.00000000000000
28.700000762939	0.42659175395966	-0.62793552875519	65.000000000000	0.00000000000000
28.709999084473	0.42539098858833	-0.62783604860306	65.000000000000	0.00000000000000
28.719999313354	0.42418828606606	-0.62773346900940	65.000000000000	0.00000000000000
28.729999542236	0.42298430204391	-0.62762773036957	65.000000000000	0.00000000000000
28.739999771118	0.42177864909172	-0.62751895189285	65.000000000000	0.00000000000000
28.750000000000	0.42057162523270	-0.62740701436996	65.000000000000	0.00000000000000
28.760000228882	0.41936287283897	-0.62729197740555	65.000000000000	0.00000000000000
28.770000457764	0.41815257072449	-0.62717372179031	65.000000000000	0.00000000000000
28.780000686646	0.41694095730782	-0.62705236673355	65.000000000000	0.00000000000000
28.790000915527	0.41572764515877	-0.62692773342133	65.000000000000	0.00000000000000
28.799999237061	0.41451299190521	-0.62680006027222	65.000000000000	0.00000000000000
28.809999465942	0.41329663991928	-0.62666904926300	65.000000000000	0.00000000000000
28.819999694824	0.41207882761955	-0.62653487920761	65.000000000000	0.00000000000000
28.829999923706	0.41085973381996	-0.62639743089676	65.000000000000	0.00000000000000
28.840000152588	0.40963897109032	-0.62625682353973	65.000000000000	0.00000000000000
28.850000381470	0.40841686725616	-0.62611287832260	65.000000000000	0.00000000000000
28.860000610352	0.40719321370125	-0.62596565485001	65.000000000000	0.00000000000000
28.870000839233	0.40596830844879	-0.62581521272659	65.000000000000	0.00000000000000
28.879999160767	0.40474170446396	-0.62566143274307	65.000000000000	0.00000000000000
28.889999389648	0.40351393818855	-0.62550437450409	65.000000000000	0.00000000000000
28.899999618530	0.40228453278542	-0.62534391880035	65.000000000000	0.00000000000000
28.909999847412	0.40105384588242	-0.62518018484116	65.000000000000	0.00000000000000
28.920000076294	0.39982184767723	-0.62501299381256	65.000000000000	0.00000000000000
28.930000305176	0.39858809113503	-0.62484258413315	65.000000000000	0.00000000000000
28.940000534058	0.39735329151154	-0.62466871738434	65.000000000000	0.00000000000000
28.950000762939	0.39611715078354	-0.62449145317078	65.000000000000	0.00000000000000
28.959999084473	0.39487946033478	-0.62431085109711	65.000000000000	0.00000000000000
28.969999313354	0.39364039897919	-0.62412679195404	65.000000000000	0.00000000000000
28.979999542236	0.39240017533302	-0.62393921613693	65.000000000000	0.00000000000000
28.989999771118	0.39115846157074	-0.62374836206436	65.000000000000	0.00000000000000
29.000000000000	0.38991546630859	-0.62355399131775	65.000000000000	0.00000000000000
29.010000228882	0.38867127895355	-0.62335604429245	65.000000000000	0.00000000000000
29.020000457764	0.38742548227310	-0.62315469980240	65.000000000000	0.00000000000000
29.030000686646	0.38617873191833	-0.62294983863831	65.000000000000	0.00000000000000
29.040000915527	0.38493052124977	-0.62274158000946	65.000000000000	0.00000000000000
29.049999237061	0.38368108868599	-0.62252962589264	65.000000000000	0.00000000000000
29.059999465942	0.38243049383163	-0.62231415510178	65.000000000000	0.00000000000000
29.069999694824	0.38117840886116	-0.62209522724152	65.000000000000	0.00000000000000
29.079999923706	0.37992537021637	-0.62187272310257	65.000000000000	0.00000000000000
29.090000152588	0.37867090106010	-0.62164658308029	65.000000000000	0.00000000000000
29.100000381470	0.37741523981094	-0.62141686677933	65.000000000000	0.00000000000000
29.110000610352	0.37615844607353	-0.62118357419968	65.000000000000	0.00000000000000
29.120000839233	0.37490043044090	-0.62094670534134	65.000000000000	0.00000000000000
29.129999160767	0.37364116311073	-0.62070614099503	65.000000000000	0.00000000000000
29.139999389648	0.37238079309464	-0.62046194076538	65.000000000000	0.00000000000000
29.149999618530	0.37111926078796	-0.62021410465240	65.000000000000	0.00000000000000
29.159999847412	0.36985659599304	-0.61996263265610	65.000000000000	0.00000000000000
29.170000076294	0.36859276890755	-0.61970740556717	65.000000000000	0.00000000000000
29.180000305176	0.36732783913612	-0.61944860219955	65.000000000000	0.00000000000000
29.190000534058	0.36606162786484	-0.61918604373932	65.000000000000	0.00000000000000
29.200000762939	0.36479461193085	-0.61891973018646	65.000000000000	0.00000000000000
29.209999084473	0.36352622509003	-0.61864972114563	65.000000000000	0.00000000000000
29.219999313354	0.36225709319115	-0.61837595701218	65.000000000000	0.00000000000000
29.229999542236	0.36098653078079	-0.61809849739075	65.000000000000	0.00000000000000
29.239999771118	0.35971513390541	-0.61781716346741	65.000000000000	0.00000000000000
29.250000000000	0.35844266414642	-0.61753207445145	65.000000000000	0.00000000000000
29.260000228882	0.35716918110847	-0.61724323034286	65.000000000000	0.00000000000000
29.270000457764	0.35589465498924	-0.61695057153702	65.000000000000	0.00000000000000
29.280000686646	0.35461896657944	-0.61665403842926	65.000000000000	0.00000000000000
29.290000915527	0.35334265232086	-0.61635375022888	65.000000000000	0.00000000000000
29.299999237061	0.35206499695778	-0.61604958772659	65.000000000000	0.00000000000000
29.309999465942	0.35078671574593	-0.61574161052704	65.000000000000	0.00000000000000
29.319999694824	0.34950718283653	-0.61542969942093	65.000000000000	0.00000000000000
29.329999923706	0.34822684526443	-0.61511397361755	65.000000000000	0.00000000000000
29.340000152588	0.34694558382034	-0.61479425430298	65.000000000000	0.00000000000000
29.350000381470	0.34566357731819	-0.61447072029114	65.000000000000	0.00000000000000
29.360000610352	0.34438034892082	-0.61414325237274	65.000000000000	0.00000000000000
29.370000839233	0.34309658408165	-0.61381185054779	65.000000000000	0.00000000000000
29.379999160767	0.34181156754494	-0.61347645521164	65.000000000000	0.00000000000000
29.389999389648	0.34052604436874	-0.61313712596893	65.000000000000	0.00000000000000
29.399999618530	0.33923953771591	-0.61279392242432	65.000000000000	0.00000000000000
29.409999847412	0.33795216679573	-0.61244666576385	65.000000000000	0.00000000000000
29.420000076294	0.33666414022446	-0.61209541559219	65.000000000000	0.00000000000000
29.430000305176	0.33537515997887	-0.61174017190933	65.000000000000	0.00000000000000
29.440000534058	0.33408540487289	-0.61138093471527	65.000000000000	0.00000000000000
29.450000762939	0.33279499411583	-0.61101764440536	65.000000000000	0.00000000000000
29.459999084473	0.33150380849838	-0.61065030097961	65.000000000000	0.00000000000000
29.469999313354	0.33021175861359	-0.61027896404266	65.000000000000	0.00000000000000
29.479999542236	0.32891914248466	-0.60990357398987	65.000000000000	0.00000000000000
29.489999771118	0.32762575149536	-0.60952401161194	65.000000000000	0.00000000000000
29.500000000000	0.32633167505264	-0.60914045572281	65.000000000000	0.00000000000000
29.510000228882	0.32503694295883	-0.60875284671783	65.000000000000	0.00000000000000
29.520000457764	0.32374152541161	-0.60836106538773	65.000000000000	0.00000000000000
29.530000686646	0.32244554162025	-0.60796511173248	65.000000000000	0.00000000000000
29.540000915527	0.32114884257317	-0.60756510496140	65.000000000000	0.00000000000000
29.549999237061	0.31985145807266	-0.60716098546982	65.000000000000	0.00000000000000
29.559999465942	0.31855359673500	-0.60675257444382	65.000000000000	0.00000000000000
29.569999694824	0.31725516915321	-0.60634011030197	65.000000000000	0.00000000000000
29.579999923706	0.31595599651337	-0.60592353343964	65.000000000000	0.00000000000000
29.590000152588	0.31465655565262	-0.60550266504288	65.000000000000	0.00000000000000
29.600000381470	0.31335651874542	-0.60507756471634	65.000000000000	0.00000000000000
29.610000610352	0.31205582618713	-0.60464835166931	65.000000000000	0.00000000000000
29.620000839233	0.31075462698936	-0.60421496629715	65.000000000000	0.00000000000000
29.629999160767	0.30945304036140	-0.60377722978592	65.000000000000	0.00000000000000
29.639999389648	0.30815097689629	-0.60333532094955	65.000000000000	0.00000000000000
29.649999618530	0.30684840679169	-0.60288918018341	65.000000000000	0.00000000000000
29.659999847412	0.30554538965225	-0.60243874788284	65.000000000000	0.00000000000000
29.670000076294	0.30424207448959	-0.60198396444321	65.000000000000	0.00000000000000
29.680000305176	0.30293834209442	-0.60152500867844	65.000000000000	0.00000000000000
29.690000534058	0.30163419246674	-0.60106176137924	65.000000000000	0.00000000000000
29.700000762939	0.30032959580421	-0.60059422254562	65.000000000000	0.00000000000000
29.709999084473	0.29902479052544	-0.60012227296829	65.000000000000	0.00000000000000
29.719999313354	0.29771965742111	-0.59964609146118	65.000000000000	0.00000000000000
29.729999542236	0.29641410708427	-0.59916549921036	65.000000000000	0.00000000000000
29.739999771118	0.29510828852654	-0.59868067502975	65.000000000000	0.00000000000000
29.750000000000	0.29380211234093	-0.59819144010544	65.000000000000	0.00000000000000
29.760000228882	0.29249581694603	-0.59769779443741	65.000000000000	0.00000000000000
29.770000457764	0.29118919372559	-0.59719985723495	65.000000000000	0.00000000000000
29.780000686646	0.28988251090050	-0.59669756889343	65.000000000000	0.00000000000000
29.790000915527	0.28857538104057	-0.59619081020355	65.000000000000	0.00000000000000
29.799999237061	0.28726834058762	-0.59567964076996	65.000000000000	0.00000000000000
29.809999465942	0.28596091270447	-0.59516406059265	65.000000000000	0.00000000000000
29.819999694824	0.28465330600739	-0.59464406967163	65.000000000000	0.00000000000000
29.829999923706	0.28334578871727	-0.59411972761154	65.000000000000	0.00000000000000
29.840000152588	0.28203800320625	-0.59359091520309	65.000000000000	0.00000000000000
29.850000381470	0.28073000907898	-0.59305757284164	65.000000000000	0.00000000000000
29.860000610352	0.27942219376564	-0.59251987934113	65.000000000000	0.00000000000000
29.870000839233	0.27811431884766	-0.59197771549225	65.000000000000	0.00000000000000
29.879999160767	0.27680617570877	-0.59143102169037	65.000000000000	0.00000000000000
29.889999389648	0.27549824118614	-0.59087985754013	65.000000000000	0.00000000000000
29.899999618530	0.27419021725655	-0.59032416343689	65.000000000000	0.00000000000000
29.909999847412	0.27288222312927	-0.58976405858994	65.000000000000	0.00000000000000
29.920000076294	0.27157413959503	-0.58919942378998	65.000000000000	0.00000000000000
29.930000305176	0.27026635408401	-0.58863019943237	65.000000000000	0.00000000000000
29.940000534058	0.26895859837532	-0.58805650472641	65.000000000000	0.00000000000000
29.950000762939	0.26765090227127	-0.58747833967209	65.000000000000	0.00000000000000
29.959999084473	0.26634320616722	-0.58689552545547	65.000000000000	0.00000000000000
29.969999313354	0.26503574848175	-0.58630824089050	65.000000000000	0.00000000000000
29.979999542236	0.26372849941254	-0.58571636676788	65.000000000000	0.00000000000000
29.989999771118	0.26242136955261	-0.58511996269226	65.000000000000	0.00000000000000
30.000000000000	0.26111450791359	-0.58451896905899	65.000000000000	0.00000000000000
30.010000228882	0.25980764627457	-0.58391338586807	65.000000000000	0.00000000000000
30.020000457764	0.25850123167038	-0.58330321311951	65.000000000000	0.00000000000000
30.030000686646	0.25719514489174	-0.58268839120865	65.000000000000	0.00000000000000
30.040000915527	0.25588923692703	-0.58206897974014	65.000000000000	0.00000000000000
30.049999237061	0.25458371639252	-0.58144503831863	65.000000000000	0.00000000000000
30.059999465942	0.25327840447426	-0.58081644773483	65.000000000000	0.00000000000000
30.069999694824	0.25197336077690	-0.58018326759338	65.000000000000	0.00000000000000
30.079999923706	0.25066888332367	-0.57954543828964	65.000000000000	0.00000000000000
30.090000152588	0.24936470389366	-0.57890295982361	65.000000000000	0.00000000000000
30.100000381470	0.24806095659733	-0.57825577259064	65.000000000000	0.00000000000000
30.110000610352	0.24675755202770	-0.57760405540466	65.000000000000	0.00000000000000
30.120000839233	0.24545462429523	-0.57694756984711	65.000000000000	0.00000000000000
30.129999160767	0.24415224790573	-0.57628649473190	65.000000000000	0.00000000000000
30.139999389648	0.24285025894642	-0.57562071084976	65.000000000000	0.00000000000000
30.149999618530	0.24154879152775	-0.57495027780533	65.000000000000	0.00000000000000
30.159999847412	0.24024805426598	-0.57427519559860	65.000000000000	0.00000000000000
30.170000076294	0.23894777894020	-0.57359540462494	65.000000000000	0.00000000000000
30.180000305176	0.23764795064926	-0.57291084527969	65.000000000000	0.00000000000000
30.190000534058	0.23634892702103	-0.57222169637680	65.000000000000	0.00000000000000
30.200000762939	0.23505036532879	-0.57152777910233	65.000000000000	0.00000000000000
30.209999084473	0.23375236988068	-0.57082915306091	65.000000000000	0.00000000000000
30.219999313354	0.23245520889759	-0.57012581825256	65.000000000000	0.00000000000000
30.229999542236	0.23115886747837	-0.56941783428192	65.000000000000	0.00000000000000
30.239999771118	0.22986298799515	-0.56870496273041	65.000000000000	0.00000000000000
30.250000000000	0.22856785356998	-0.56798750162125	65.000000000000	0.00000000000000
30.260000228882	0.22727365791798	-0.56726527214050	65.000000000000	0.00000000000000
30.270000457764	0.22598010301590	-0.56653833389282	65.000000000000	0.00000000000000
30.280000686646	0.22468735277653	-0.56580662727356	65.000000000000	0.00000000000000
30.290000915527	0.22339543700218	-0.56507021188736	65.000000000000	0.00000000000000
30.299999237061	0.22210437059402	-0.56432896852493	65.000000000000	0.00000000000000
30.309999465942	0.22081431746483	-0.56358301639557	65.000000000000	0.00000000000000
30.319999694824	0.21952484548092	-0.56283217668533	65.000000000000	0.00000000000000
30.329999923706	0.21823647618294	-0.56207674741745	65.000000000000	0.00000000000000
30.340000152588	0.21694916486740	-0.56131649017334	65.000000000000	0.00000000000000
30.350000381470	0.21566267311573	-0.56055146455765	65.000000000000	0.00000000000000
30.360000610352	0.21437729895115	-0.55978161096573	65.000000000000	0.00000000000000
30.370000839233	0.21309277415276	-0.55900704860687	65.000000000000	0.00000000000000
30.379999160767	0.21180926263332	-0.55822765827179	65.000000000000	0.00000000000000
30.389999389648	0.21052692830563	-0.55744349956512	65.000000000000	0.00000000000000
30.399999618530	0.20924565196037	-0.55665457248688	65.000000000000	0.00000000000000
30.409999847412	0.20796531438828	-0.55586081743240	65.000000000000	0.00000000000000
30.420000076294	0.20668624341488	-0.55506223440170	65.000000000000	0.00000000000000
30.430000305176	0.20540842413902	-0.55425894260406	65.000000000000	0.00000000000000
30.440000534058	0.20413160324097	-0.55345082283020	65.000000000000	0.00000000000000
30.450000762939	0.20285607874393	-0.55263787508011	65.000000000000	0.00000000000000
30.459999084473	0.20158174633980	-0.55182015895844	65.000000000000	0.00000000000000
30.469999313354	0.20030875504017	-0.55099761486053	65.000000000000	0.00000000000000
30.479999542236	0.19903673231602	-0.55017024278641	65.000000000000	0.00000000000000
30.489999771118	0.19776634871960	-0.54933810234070	65.000000000000	0.00000000000000
30.500000000000	0.19649712741375	-0.54850113391876	65.000000000000	0.00000000000000
30.510000228882	0.19522932171822	-0.54765933752060	65.000000000000	0.00000000000000
30.520000457764	0.19396270811558	-0.54681271314621	65.000000000000	0.00000000000000
30.530000686646	0.19269753992558	-0.54596126079559	65.000000000000	0.00000000000000
30.540000915527	0.19143387675285	-0.54510504007339	65.000000000000	0.00000000000000
30.549999237061	0.19017159938812	-0.54424405097961	65.000000000000	0.00000000000000
30.559999465942	0.18891084194183	-0.54337817430496	65.000000000000	0.00000000000000
30.569999694824	0.18765154480934	-0.54250746965408	65.000000000000	0.00000000000000
30.579999923706	0.18639366328716	-0.54163199663162	65.000000000000	0.00000000000000
30.590000152588	0.18513739109039	-0.54075169563293	65.000000000000	0.00000000000000
30.600000381470	0.18388259410858	-0.53986650705338	65.000000000000	0.00000000000000
30.610000610352	0.18262946605682	-0.53897655010223	65.000000000000	0.00000000000000
30.620000839233	0.18137797713280	-0.53808170557022	65.000000000000	0.00000000000000
30.629999160767	0.18012820184231	-0.53718209266663	65.000000000000	0.00000000000000
30.639999389648	0.17887987196445	-0.53627777099609	65.000000000000	0.00000000000000
30.649999618530	0.17763325572014	-0.53536844253540	65.000000000000	0.00000000000000
30.659999847412	0.17638853192329	-0.53445440530777	65.000000000000	0.00000000000000
30.670000076294	0.17514532804489	-0.53353554010391	65.000000000000	0.00000000000000
30.680000305176	0.17390403151512	-0.53261184692383	65.000000000000	0.00000000000000
30.690000534058	0.17266458272934	-0.53168338537216	65.000000000000	0.00000000000000
30.700000762939	0.17142669856548	-0.53075003623962	65.000000000000	0.00000000000000
30.709999084473	0.17019093036652	-0.52981185913086	65.000000000000	0.00000000000000
30.719999313354	0.16895680129528	-0.52886897325516	65.000000000000	0.00000000000000
30.729999542236	0.16772457957268	-0.52792119979858	65.000000000000	0.00000000000000
30.739999771118	0.16649428009987	-0.52696865797043	65.000000000000	0.00000000000000
30.750000000000	0.16526593267918	-0.52601128816605	65.000000000000	0.00000000000000
30.760000228882	0.16403956711292	-0.52504903078079	65.000000000000	0.00000000000000
30.770000457764	0.16281518340111	-0.52408212423325	65.000000000000	0.00000000000000
30.780000686646	0.16159282624722	-0.52311033010483	65.000000000000	0.00000000000000
30.790000915527	0.16037251055241	-0.52213376760483	65.000000000000	0.00000000000000
30.799999237061	0.15915426611900	-0.52115243673325	65.000000000000	0.00000000000000
30.809999465942	0.15793797373772	-0.52016627788544	65.000000000000	0.00000000000000
30.819999694824	0.15672390162945	-0.51917535066605	65.000000000000	0.00000000000000
30.829999923706	0.15551196038723	-0.51817965507507	65.000000000000	0.00000000000000
30.840000152588	0.15430206060410	-0.51717919111252	65.000000000000	0.00000000000000
30.850000381470	0.15309445559978	-0.51617389917374	65.000000000000	0.00000000000000
30.860000610352	0.15188929438591	-0.51516383886337	65.000000000000	0.00000000000000
30.870000839233	0.15068610012531	-0.51414901018143	65.000000000000	0.00000000000000
30.879999160767	0.14948515594006	-0.51312947273254	65.000000000000	0.00000000000000
30.889999389648	0.14828671514988	-0.51210510730743	65.000000000000	0.00000000000000
30.899999618530	0.14709030091763	-0.51107603311539	65.000000000000	0.00000000000000
30.909999847412	0.14589646458626	-0.51004219055176	65.000000000000	0.00000000000000
30.920000076294	0.14470493793488	-0.50900357961655	65.000000000000	0.00000000000000
30.930000305176	0.14351554214954	-0.50796031951904	65.000000000000	0.00000000000000
30.940000534058	0.14232899248600	-0.50691223144531	65.000000000000	0.00000000000000
30.950000762939	0.14114461839199	-0.50585949420929	65.000000000000	0.00000000000000
30.959999084473	0.13996264338493	-0.50480198860168	65.000000000000	0.00000000000000
30.969999313354	0.13878336548805	-0.50373977422714	65.000000000000	0.00000000000000
30.979999542236	0.13760654628277	-0.50267279148102	65.000000000000	0.00000000000000
30.989999771118	0.13643223047256	-0.50160115957260	65.000000000000	0.00000000000000
31.000000000000	0.13526065647602	-0.50052475929260	65.000000000000	0.00000000000000
31.010000228882	0.13409137725830	-0.49944379925728	65.000000000000	0.00000000000000
31.020000457764	0.13292486965656	-0.49835807085037	65.000000000000	0.00000000000000
31.030000686646	0.13176096975803	-0.49726769328117	65.000000000000	0.00000000000000
31.040000915527	0.13059967756271	-0.49617260694504	65.000000000000	0.00000000000000
31.049999237061	0.12944146990776	-0.49507284164429	65.000000000000	0.00000000000000
31.059999465942	0.12828566133976	-0.49396842718124	65.000000000000	0.00000000000000
31.069999694824	0.12713253498077	-0.49285945296288	65.000000000000	0.00000000000000
31.079999923706	0.12598256766796	-0.49174568057060	65.000000000000	0.00000000000000
31.090000152588	0.12483506649733	-0.49062731862068	65.000000000000	0.00000000000000
31.100000381470	0.12369055300951	-0.48950433731079	65.000000000000	0.00000000000000
31.110000610352	0.12254854291677	-0.48837682604790	65.000000000000	0.00000000000000
31.120000839233	0.12140956521034	-0.48724469542503	65.000000000000	0.00000000000000
31.129999160767	0.12027361989021	-0.48610788583755	65.000000000000	0.00000000000000
31.139999389648	0.11914072185755	-0.48496636748314	65.000000000000	0.00000000000000
31.149999618530	0.11801067739725	-0.48382043838501	65.000000000000	0.00000000000000
31.159999847412	0.11688373237848	-0.48266980051994	65.000000000000	0.00000000000000
31.170000076294	0.11575968563557	-0.48151469230652	65.000000000000	0.00000000000000
31.180000305176	0.11463853716850	-0.48035505414009	65.000000000000	0.00000000000000
31.190000534058	0.11352056264877	-0.47919079661369	65.000000000000	0.00000000000000
31.200000762939	0.11240555346012	-0.47802203893661	65.000000000000	0.00000000000000
31.209999084473	0.11129373311996	-0.47684872150421	65.000000000000	0.00000000000000
31.219999313354	0.11018516868353	-0.47567084431648	65.000000000000	0.00000000000000
31.229999542236	0.10907961428165	-0.47448852658272	65.000000000000	0.00000000000000
31.239999771118	0.10797756165266	-0.47330158948898	65.000000000000	0.00000000000000
31.250000000000	0.10687812417746	-0.47211036086082	65.000000000000	0.00000000000000
31.260000228882	0.10578245669603	-0.47091451287270	65.000000000000	0.00000000000000
31.270000457764	0.10468990355730	-0.46971422433853	65.000000000000	0.00000000000000
31.280000686646	0.10360047966242	-0.46850952506065	65.000000000000	0.00000000000000
31.290000915527	0.10251465439796	-0.46730029582977	65.000000000000	0.00000000000000
31.299999237061	0.10143180191517	-0.46608674526215	65.000000000000	0.00000000000000
31.309999465942	0.10035257786512	-0.46486863493919	65.000000000000	0.00000000000000
31.319999694824	0.099276587367058	-0.46364626288414	65.000000000000	0.00000000000000
31.329999923706	0.098204053938389	-0.46241939067841	65.000000000000	0.00000000000000
31.340000152588	0.097135007381439	-0.46118816733360	65.000000000000	0.00000000000000
31.350000381470	0.096069261431694	-0.45995259284973	65.000000000000	0.00000000000000
31.360000610352	0.095007471740246	-0.45871254801750	65.000000000000	0.00000000000000
31.370000839233	0.093948788940907	-0.45746824145317	65.000000000000	0.00000000000000
31.379999160767	0.092893682420254	-0.45621958374977	65.000000000000	0.00000000000000
31.389999389648	0.091842383146286	-0.45496657490730	65.000000000000	0.00000000000000
31.399999618530	0.090794250369072	-0.45370933413506	65.000000000000	0.00000000000000
31.409999847412	0.089749976992607	-0.45244774222374	65.000000000000	0.00000000000000
31.420000076294	0.088709354400635	-0.45118179917336	65.000000000000	0.00000000000000
31.430000305176	0.087672412395477	-0.44991171360016	65.000000000000	0.00000000000000
31.440000534058	0.086639046669006	-0.44863727688789	65.000000000000	0.00000000000000
31.450000762939	0.085609406232834	-0.44735866785049	65.000000000000	0.00000000000000
31.459999084473	0.084583610296249	-0.44607579708099	65.000000000000	0.00000000000000
31.469999313354	0.083561562001705	-0.44478869438171	65.000000000000	0.00000000000000
31.479999542236	0.082543082535267	-0.44349747896194	65.000000000000	0.00000000000000
31.489999771118	0.081528715789318	-0.44220197200775	65.000000000000	0.00000000000000
31.500000000000	0.080517955124378	-0.44090232253075	65.000000000000	0.00000000000000
31.510000228882	0.079511135816574	-0.43959856033325	65.000000000000	0.00000000000000
31.520000457764	0.078508175909519	-0.43829065561295	65.000000000000	0.00000000000000
31.530000686646	0.077509298920631	-0.43697860836983	65.000000000000	0.00000000000000
31.540000915527	0.076514109969139	-0.43566241860390	65.000000000000	0.00000000000000
31.549999237061	0.075523048639297	-0.43434220552444	65.000000000000	0.00000000000000
31.559999465942	0.074535824358463	-0.43301787972450	65.000000000000	0.00000000000000
31.569999694824	0.073552645742893	-0.43168947100639	65.000000000000	0.00000000000000
31.579999923706	0.072573557496071	-0.43035706877708	65.000000000000	0.00000000000000
31.590000152588	0.071598358452320	-0.42902064323425	65.000000000000	0.00000000000000
31.600000381470	0.070627376437187	-0.42768013477325	65.000000000000	0.00000000000000
31.610000610352	0.069660432636738	-0.42633569240570	65.000000000000	0.00000000000000
31.620000839233	0.068697638809681	-0.42498725652695	65.000000000000	0.00000000000000
31.629999160767	0.067738927900791	-0.42363485693932	65.000000000000	0.00000000000000
31.639999389648	0.066784396767616	-0.42227852344513	65.000000000000	0.00000000000000
31.649999618530	0.065834194421768	-0.42091828584671	65.000000000000	0.00000000000000
31.659999847412	0.064888112246990	-0.41955411434174	65.000000000000	0.00000000000000
31.670000076294	0.063946180045605	-0.41818609833717	65.000000000000	0.00000000000000
31.680000305176	0.063008613884449	-0.41681417822838	65.000000000000	0.00000000000000
31.690000534058	0.062075242400169	-0.41543841362000	65.000000000000	0.00000000000000
31.700000762939	0.061146263033152	-0.41405877470970	65.000000000000	0.00000000000000
31.709999084473	0.060221508145332	-0.41267535090446	65.000000000000	0.00000000000000
31.719999313354	0.059301197528839	-0.41128814220428	65.000000000000	0.00000000000000
31.729999542236	0.058385148644447	-0.40989714860916	65.000000000000	0.00000000000000
31.739999771118	0.057473573833704	-0.40850239992142	65.000000000000	0.00000000000000
31.750000000000	0.056566294282675	-0.40710389614105	65.000000000000	0.00000000000000
31.760000228882	0.055663615465164	-0.40570169687271	65.000000000000	0.00000000000000
31.770000457764	0.054765276610851	-0.40429577231407	65.000000000000	0.00000000000000
31.780000686646	0.053871575742960	-0.40288618206978	65.000000000000	0.00000000000000
31.790000915527	0.052982240915298	-0.40147292613983	65.000000000000	0.00000000000000
31.799999237061	0.052097488194704	-0.40005606412888	65.000000000000	0.00000000000000
31.809999465942	0.051217135041952	-0.39863553643227	65.000000000000	0.00000000000000
31.819999694824	0.050341486930847	-0.39721140265465	65.000000000000	0.00000000000000
31.829999923706	0.049470473080873	-0.39578375220299	65.000000000000	0.00000000000000
31.840000152588	0.048603907227516	-0.39435246586800	65.000000000000	0.00000000000000
31.850000381470	0.047742102295160	-0.39291769266129	65.000000000000	0.00000000000000
31.860000610352	0.046884875744581	-0.39147937297821	65.000000000000	0.00000000000000
31.870000839233	0.046032436192036	-0.39003756642342	65.000000000000	0.00000000000000
31.879999160767	0.045184522867203	-0.38859233260155	65.000000000000	0.00000000000000
31.889999389648	0.044341422617435	-0.38714361190796	65.000000000000	0.00000000000000
31.899999618530	0.043503064662218	-0.38569143414497	65.000000000000	0.00000000000000
31.909999847412	0.042669370770454	-0.38423585891724	65.000000000000	0.00000000000000
31.920000076294	0.041840452700853	-0.38277688622475	65.000000000000	0.00000000000000
31.930000305176	0.041016504168510	-0.38131457567215	65.000000000000	0.00000000000000
31.940000534058	0.040197171270847	-0.37984892725945	65.000000000000	0.00000000000000
31.950000762939	0.039382752031088	-0.37837994098663	65.000000000000	0.00000000000000
31.959999084473	0.038573164492846	-0.37690767645836	65.000000000000	0.00000000000000
31.969999313354	0.037768512964249	-0.37543213367462	65.000000000000	0.00000000000000
31.979999542236	0.036968726664782	-0.37395331263542	65.000000000000	0.00000000000000
31.989999771118	0.036173816770315	-0.37247127294540	65.000000000000	0.00000000000000
32.000000000000	0.035383976995945	-0.37098604440689	65.000000000000	0.00000000000000
32.009998321533	0.034598864614964	-0.36949759721756	65.000000000000	0.00000000000000
32.020000457764	0.033818848431110	-0.36800602078438	65.000000000000	0.00000000000000
32.029998779297	0.033043768256903	-0.36651131510735	65.000000000000	0.00000000000000
32.040000915527	0.032273810356855	-0.36501350998878	65.000000000000	0.00000000000000
32.049999237061	0.031508814543486	-0.36351257562637	65.000000000000	0.00000000000000
32.060001373291	0.030748799443245	-0.36200860142708	65.000000000000	0.00000000000000
32.069999694824	0.029993940144777	-0.36050158739090	65.000000000000	0.00000000000000
32.080001831055	0.029244087636471	-0.35899156332016	65.000000000000	0.00000000000000
32.090000152588	0.028499251231551	-0.35747855901718	65.000000000000	0.00000000000000
32.099998474121	0.027759699150920	-0.35596257448196	65.000000000000	0.00000000000000
32.110000610352	0.027025187388062	-0.35444363951683	65.000000000000	0.00000000000000
32.119998931885	0.026295904070139	-0.35292178392410	65.000000000000	0.00000000000000
32.130001068115	0.025571687147021	-0.35139709711075	65.000000000000	0.00000000000000
32.139999389648	0.024852799251676	-0.34986948966980	65.000000000000	0.00000000000000
32.150001525879	0.024139003828168	-0.34833902120590	65.000000000000	0.00000000000000
32.159999847412	0.023430399596691	-0.34680578112602	65.000000000000	0.00000000000000
32.169998168945	0.022727075964212	-0.34526973962784	65.000000000000	0.00000000000000
32.180000305176	0.022028962150216	-0.34373095631599	65.000000000000	0.00000000000000
32.189998626709	0.021336238831282	-0.34218940138817	65.000000000000	0.00000000000000
32.200000762939	0.020648662000895	-0.34064516425133	65.000000000000	0.00000000000000
32.209999084473	0.019966496154666	-0.33909824490547	65.000000000000	0.00000000000000
32.220001220703	0.019289502874017	-0.33754867315292	65.000000000000	0.00000000000000
32.229999542236	0.018618017435074	-0.33599641919136	65.000000000000	0.00000000000000
32.240001678467	0.017951728776097	-0.33444160223007	65.000000000000	0.00000000000000
32.250000000000	0.017290886491537	-0.33288419246674	65.000000000000	0.00000000000000
32.259998321533	0.016635421663523	-0.33132421970367	65.000000000000	0.00000000000000
32.270000457764	0.015985261648893	-0.32976174354553	65.000000000000	0.00000000000000
32.279998779297	0.015340656973422	-0.32819676399231	65.000000000000	0.00000000000000
32.290000915527	0.014701378531754	-0.32662931084633	65.000000000000	0.00000000000000
32.299999237061	0.014067513868213	-0.32505938410759	65.000000000000	0.00000000000000
32.310001373291	0.013439150527120	-0.32348710298538	65.000000000000	0.00000000000000
32.319999694824	0.012816217727959	-0.32191240787506	65.000000000000	0.00000000000000
32.330001831055	0.012198880314827	-0.32033529877663	65.000000000000	0.00000000000000
32.340000152588	0.011586913838983	-0.31875592470169	65.000000000000	0.00000000000000
32.349998474121	0.010980481281877	-0.31717422604561	65.000000000000	0.00000000000000
32.360000610352	0.010379589162767	-0.31559023261070	65.000000000000	0.00000000000000
32.369998931885	0.0097842449322343	-0.31400400400162	65.000000000000	0.00000000000000
32.380001068115	0.0091943806037307	-0.31241557002068	65.000000000000	0.00000000000000
32.389999389648	0.0086100809276104	-0.31082490086555	65.000000000000	0.00000000000000
32.400001525879	0.0080313514918089	-0.30923211574554	65.000000000000	0.00000000000000
32.409999847412	0.0074581969529390	-0.30763712525368	65.000000000000	0.00000000000000
32.419998168945	0.0068907719105482	-0.30604010820389	65.000000000000	0.00000000000000
32.430000305176	0.0063287918455899	-0.30444097518921	65.000000000000	0.00000000000000
32.439998626709	0.0057724784128368	-0.30283975601196	65.000000000000	0.00000000000000
32.450000762939	0.0052218390628695	-0.30123656988144	65.000000000000	0.00000000000000
32.459999084473	0.0046768072061241	-0.29963138699532	65.000000000000	0.00000000000000
32.470001220703	0.0041373879648745	-0.29802420735359	65.000000000000	0.00000000000000
32.479999542236	0.0036037294194102	-0.29641509056091	65.000000000000	0.00000000000000
32.490001678467	0.0030756944324821	-0.29480409622192	65.000000000000	0.00000000000000
32.500000000000	0.0025533579755574	-0.29319122433662	65.000000000000	0.00000000000000
32.509998321533	0.0020366543903947	-0.29157647490501	65.000000000000	0.00000000000000
32.520000457764	0.0015257975319400	-0.28995993733406	65.000000000000	0.00000000000000
32.529998779297	0.0010205821599811	-0.28834161162376	65.000000000000	0.00000000000000
32.540000915527	0.00052108179079369	-0.28672152757645	65.000000000000	0.00000000000000
32.549999237061	2.7368223527446e-05	-0.28509971499443	65.000000000000	0.00000000000000
32.560001373291	-0.00046069131349213	-0.28347620368004	65.000000000000	0.00000000000000
32.569999694824	-0.00094289053231478	-0.28185102343559	65.000000000000	0.00000000000000
32.580001831055	-0.0014194289688021	-0.28022420406342	65.000000000000	0.00000000000000
32.590000152588	-0.0018901027506217	-0.27859574556351	65.000000000000	0.00000000000000
32.599998474121	-0.0023550435435027	-0.27696573734283	65.000000000000	0.00000000000000
32.610000610352	-0.0028142482042313	-0.27533417940140	65.000000000000	0.00000000000000
32.619998931885	-0.0032675836700946	-0.27370107173920	65.000000000000	0.00000000000000
32.630001068115	-0.0037150492426008	-0.27206653356552	65.000000000000	0.00000000000000
32.639999389648	-0.0041567739099264	-0.27043047547340	65.000000000000	0.00000000000000
32.650001525879	-0.0045926915481687	-0.26879301667213	65.000000000000	0.00000000000000
32.659999847412	-0.0050227371975780	-0.26715418696404	65.000000000000	0.00000000000000
32.669998168945	-0.0054469741880894	-0.26551398634911	65.000000000000	0.00000000000000
32.680000305176	-0.0058654025197029	-0.26387244462967	65.000000000000	0.00000000000000
32.689998626709	-0.0062779579311609	-0.26222959160805	65.000000000000	0.00000000000000
32.700000762939	-0.0066845798864961	-0.26058545708656	65.000000000000	0.00000000000000
32.709999084473	-0.0070853927172720	-0.25894007086754	65.000000000000	0.00000000000000
32.720001220703	-0.0074803372845054	-0.25729349255562	65.000000000000	0.00000000000000
32.729999542236	-0.0078694727271795	-0.25564572215080	65.000000000000	0.00000000000000
32.740001678467	-0.0082526197656989	-0.25399681925774	65.000000000000	0.00000000000000
32.750000000000	-0.0086299004033208	-0.25234675407410	65.000000000000	0.00000000000000
32.759998321533	-0.0090013183653355	-0.25069561600685	65.000000000000	0.00000000000000
32.770000457764	-0.0093668159097433	-0.24904346466064	65.000000000000	0.00000000000000
32.779998779297	-0.0097264535725117	-0.24739025533199	65.000000000000	0.00000000000000
32.790000915527	-0.010080174542964	-0.24573604762554	65.000000000000	0.00000000000000
32.799999237061	-0.010427926667035	-0.24408087134361	65.000000000000	0.00000000000000
32.810001373291	-0.010769826360047	-0.24242477118969	65.000000000000	0.00000000000000
32.819999694824	-0.011105764657259	-0.24076776206493	65.000000000000	0.00000000000000
32.830001831055	-0.011435801163316	-0.23910988867283	65.000000000000	0.00000000000000
32.840000152588	-0.011759884655476	-0.23745118081570	65.000000000000	0.00000000000000
32.849998474121	-0.012078075669706	-0.23579165339470	65.000000000000	0.00000000000000
32.860000610352	-0.012390322983265	-0.23413133621216	65.000000000000	0.00000000000000
32.869998931885	-0.012696632184088	-0.23247030377388	65.000000000000	0.00000000000000
32.880001068115	-0.012997063808143	-0.23080854117870	65.000000000000	0.00000000000000
32.889999389648	-0.013291458599269	-0.22914610803127	65.000000000000	0.00000000000000
32.900001525879	-0.013579987920821	-0.22748301923275	65.000000000000	0.00000000000000
32.909999847412	-0.013862602412701	-0.22581927478313	65.000000000000	0.00000000000000
32.919998168945	-0.014139200560749	-0.22415497899055	65.000000000000	0.00000000000000
32.930000305176	-0.014409793540835	-0.22249011695385	65.000000000000	0.00000000000000
32.939998626709	-0.014674546197057	-0.22082474827766	65.000000000000	0.00000000000000
32.950000762939	-0.014933304861188	-0.21915885806084	65.000000000000	0.00000000000000
32.959999084473	-0.015186137519777	-0.21749250590801	65.000000000000	0.00000000000000
32.970001220703	-0.015432994812727	-0.21582573652267	65.000000000000	0.00000000000000
32.979999542236	-0.015673886984587	-0.21415857970715	65.000000000000	0.00000000000000
32.990001678467	-0.015908878296614	-0.21249102056026	65.000000000000	0.00000000000000
33.000000000000	-0.016137871891260	-0.21082314848900	65.000000000000	0.00000000000000
33.009998321533	-0.016360981389880	-0.20915493369102	65.000000000000	0.00000000000000
33.020000457764	-0.016578067094088	-0.20748648047447	65.000000000000	0.00000000000000
33.029998779297	-0.016789237037301	-0.20581778883934	65.000000000000	0.00000000000000
33.040000915527	-0.016994455829263	-0.20414887368679	65.000000000000	0.00000000000000
33.049999237061	-0.017193783074617	-0.20247974991798	65.000000000000	0.00000000000000
33.060001373291	-0.017387036234140	-0.20081052184105	65.000000000000	0.00000000000000
33.069999694824	-0.017574470490217	-0.19914115965366	65.000000000000	0.00000000000000
33.080001831055	-0.017755903303623	-0.19747170805931	65.000000000000	0.00000000000000
33.090000152588	-0.017931448295712	-0.19580221176147	65.000000000000	0.00000000000000
33.099998474121	-0.018101019784808	-0.19413268566132	65.000000000000	0.00000000000000
33.110000610352	-0.018264587968588	-0.19246315956116	65.000000000000	0.00000000000000
33.119998931885	-0.018422352150083	-0.19079366326332	65.000000000000	0.00000000000000
33.130001068115	-0.018574099987745	-0.18912425637245	65.000000000000	0.00000000000000
33.139999389648	-0.018719980493188	-0.18745495378971	65.000000000000	0.00000000000000
33.150001525879	-0.018859874457121	-0.18578577041626	65.000000000000	0.00000000000000
33.159999847412	-0.018993932753801	-0.18411673605442	65.000000000000	0.00000000000000
33.169998168945	-0.019121995195746	-0.18244792521000	65.000000000000	0.00000000000000
33.180000305176	-0.019244210794568	-0.18077932298183	65.000000000000	0.00000000000000
33.189998626709	-0.019360555335879	-0.17911097407341	65.000000000000	0.00000000000000
33.200000762939	-0.019470915198326	-0.17744293808937	65.000000000000	0.00000000000000
33.209999084473	-0.019575394690037	-0.17577520012856	65.000000000000	0.00000000000000
33.220001220703	-0.019674012437463	-0.17410778999329	65.000000000000	0.00000000000000
33.229999542236	-0.019766710698605	-0.17244078218937	65.000000000000	0.00000000000000
33.240001678467	-0.019853586331010	-0.17077417671680	65.000000000000	0.00000000000000
33.250000000000	-0.019934577867389	-0.16910801827908	65.000000000000	0.00000000000000
33.259998321533	-0.020009668543935	-0.16744235157967	65.000000000000	0.00000000000000
33.270000457764	-0.020078921690583	-0.16577714681625	65.000000000000	0.00000000000000
33.279998779297	-0.020142318680882	-0.16411249339581	65.000000000000	0.00000000000000
33.290000915527	-0.020199878141284	-0.16244839131832	65.000000000000	0.00000000000000
33.299999237061	-0.020251553505659	-0.16078488528728	65.000000000000	0.00000000000000
33.310001373291	-0.020297443494201	-0.15912200510502	65.000000000000	0.00000000000000
33.319999694824	-0.020337495952845	-0.15745978057384	65.000000000000	0.00000000000000
33.330001831055	-0.020371735095978	-0.15579824149609	65.000000000000	0.00000000000000
33.340000152588	-0.020400116220117	-0.15413740277290	65.000000000000	0.00000000000000
33.349998474121	-0.020422738045454	-0.15247730910778	65.000000000000	0.00000000000000
33.360000610352	-0.020439557731152	-0.15081799030304	65.000000000000	0.00000000000000
33.369998931885	-0.020450597628951	-0.14915946125984	65.000000000000	0.00000000000000
33.380001068115	-0.020455861464143	-0.14750178158283	65.000000000000	0.00000000000000
33.389999389648	-0.020455334335566	-0.14584495127201	65.000000000000	0.00000000000000
33.400001525879	-0.020449087023735	-0.14418902993202	65.000000000000	0.00000000000000
33.409999847412	-0.020437045022845	-0.14253400266171	65.000000000000	0.00000000000000
33.419998168945	-0.020419310778379	-0.14087994396687	65.000000000000	0.00000000000000
33.430000305176	-0.020395785570145	-0.13922685384750	65.000000000000	0.00000000000000
33.439998626709	-0.020366597920656	-0.13757476210594	65.000000000000	0.00000000000000
33.450000762939	-0.020331688225269	-0.13592371344566	65.000000000000	0.00000000000000
33.459999084473	-0.020291056483984	-0.13427373766899	65.000000000000	0.00000000000000
33.470001220703	-0.020244715735316	-0.13262484967709	65.000000000000	0.00000000000000
33.479999542236	-0.020192697644234	-0.13097709417343	65.000000000000	0.00000000000000
33.490001678467	-0.020135046914220	-0.12933047115803	65.000000000000	0.00000000000000
33.500000000000	-0.020071677863598	-0.12768505513668	65.000000000000	0.00000000000000
33.509998321533	-0.020002752542496	-0.12604081630707	65.000000000000	0.00000000000000
33.520000457764	-0.019928136840463	-0.12439783662558	65.000000000000	0.00000000000000
33.529998779297	-0.019847875460982	-0.12275612354279	65.000000000000	0.00000000000000
33.540000915527	-0.019762068986893	-0.12111568450928	65.000000000000	0.00000000000000
33.549999237061	-0.019670592620969	-0.11947657912970	65.000000000000	0.00000000000000
33.560001373291	-0.019573612138629	-0.11783880740404	65.000000000000	0.00000000000000
33.569999694824	-0.019471002742648	-0.11620242148638	65.000000000000	0.00000000000000
33.580001831055	-0.019362820312381	-0.11456742882729	65.000000000000	0.00000000000000
33.590000152588	-0.019249120727181	-0.11293386667967	65.000000000000	0.00000000000000
33.599998474121	-0.019129900261760	-0.11130175739527	65.000000000000	0.00000000000000
33.610000610352	-0.019005114212632	-0.10967115312815	65.000000000000	0.00000000000000
33.619998931885	-0.018874818459153	-0.10804205387831	65.000000000000	0.00000000000000
33.630001068115	-0.018739080056548	-0.10641447454691	65.000000000000	0.00000000000000
33.639999389648	-0.018597802147269	-0.10478848218918	65.000000000000	0.00000000000000
33.650001525879	-0.018451055511832	-0.10316407680511	65.000000000000	0.00000000000000
33.659999847412	-0.018298860639334	-0.10154128074646	65.000000000000	0.00000000000000
33.669998168945	-0.018141282722354	-0.099920123815536	65.000000000000	0.00000000000000
33.680000305176	-0.017978210002184	-0.098300658166409	65.000000000000	0.00000000000000
33.689998626709	-0.017809763550758	-0.096682876348495	65.000000000000	0.00000000000000
33.700000762939	-0.017635930329561	-0.095066808164120	65.000000000000	0.00000000000000
33.709999084473	-0.017456656321883	-0.093452498316765	65.000000000000	0.00000000000000
33.720001220703	-0.017272030934691	-0.091839961707592	65.000000000000	0.00000000000000
33.729999542236	-0.017082098871469	-0.090229220688343	65.000000000000	0.00000000000000
33.740001678467	-0.016886865720153	-0.088620290160179	65.000000000000	0.00000000000000
33.750000000000	-0.016686219722033	-0.087013229727745	65.000000000000	0.00000000000000
33.759998321533	-0.016480343416333	-0.085408024489880	65.000000000000	0.00000000000000
33.770000457764	-0.016269143670797	-0.083804726600647	65.000000000000	0.00000000000000
33.779998779297	-0.016052652150393	-0.082203343510628	65.000000000000	0.00000000000000
33.790000915527	-0.015830948948860	-0.080603927373886	65.000000000000	0.00000000000000
33.799999237061	-0.015603965148330	-0.079006470739841	65.000000000000	0.00000000000000
33.810001373291	-0.015371792018414	-0.077411003410816	65.000000000000	0.00000000000000
33.819999694824	-0.015134417451918	-0.075817555189133	65.000000000000	0.00000000000000
33.830001831055	-0.014891807921231	-0.074226170778275	65.000000000000	0.00000000000000
33.840000152588	-0.014644080772996	-0.072636835277081	65.000000000000	0.00000000000000
33.849998474121	-0.014391152188182	-0.071049593389034	65.000000000000	0.00000000000000
33.860000610352	-0.014133160933852	-0.069464460015297	65.000000000000	0.00000000000000
33.869998931885	-0.013869985938072	-0.067881464958191	65.000000000000	0.00000000000000
33.880001068115	-0.013601725921035	-0.066300638020039	65.000000000000	0.00000000000000
33.889999389648	-0.013328392989933	-0.064721979200840	65.000000000000	0.00000000000000
33.900001525879	-0.013049989938736	-0.063145533204079	65.000000000000	0.00000000000000
33.909999847412	-0.012766508385539	-0.061571314930916	65.000000000000	0.00000000000000
33.919998168945	-0.012478051707149	-0.059999343007803	65.000000000000	0.00000000000000
33.930000305176	-0.012184510007501	-0.058429650962353	65.000000000000	0.00000000000000
33.939998626709	-0.011886034160852	-0.056862238794565	65.000000000000	0.00000000000000
33.950000762939	-0.011582548730075	-0.055297151207924	65.000000000000	0.00000000000000
33.959999084473	-0.011274125427008	-0.053734399378300	65.000000000000	0.00000000000000
33.970001220703	-0.010960785672069	-0.052173990756273	65.000000000000	0.00000000000000
33.979999542236	-0.010642522946000	-0.050615970045328	65.000000000000	0.00000000000000
33.990001678467	-0.010319322347641	-0.049060355871916	65.000000000000	0.00000000000000
34.000000000000	-0.0099912742152810	-0.047507151961327	65.000000000000	0.00000000000000
34.009998321533	-0.0096583589911461	-0.045956388115883	65.000000000000	0.00000000000000
34.020000457764	-0.0093206027522683	-0.044408082962036	65.000000000000	0.00000000000000
34.029998779297	-0.0089780213311315	-0.042862262576818	65.000000000000	0.00000000000000
34.040000915527	-0.0086306324228644	-0.041318941861391	65.000000000000	0.00000000000000
34.049999237061	-0.0082784509286284	-0.039778146892786	65.000000000000	0.00000000000000
34.060001373291	-0.0079215299338102	-0.038239885121584	65.000000000000	0.00000000000000
34.069999694824	-0.0075598624534905	-0.036704182624817	65.000000000000	0.00000000000000
34.080001831055	-0.0071934410370886	-0.035171069204807	65.000000000000	0.00000000000000
34.090000152588	-0.0068223518319428	-0.033640537410975	65.000000000000	0.00000000000000
34.099998474121	-0.0064465631730855	-0.032112631946802	65.000000000000	0.00000000000000
34.110000610352	-0.0060661146417260	-0.030587358400226	65.000000000000	0.00000000000000
34.119998931885	-0.0056810081005096	-0.029064740985632	65.000000000000	0.00000000000000
34.130001068115	-0.0052912915125489	-0.027544794604182	65.000000000000	0.00000000000000
34.139999389648	-0.0048969788476825	-0.026027532294393	65.000000000000	0.00000000000000
34.150001525879	-0.0044980761595070	-0.024512981995940	65.000000000000	0.00000000000000
34.159999847412	-0.0040946099907160	-0.023001154884696	65.000000000000	0.00000000000000
34.169998168945	-0.0036866101436317	-0.021492069587111	65.000000000000	0.00000000000000
34.180000305176	-0.0032740836031735	-0.019985742866993	65.000000000000	0.00000000000000
34.189998626709	-0.0028570548165590	-0.018482195213437	65.000000000000	0.00000000000000
34.200000762939	-0.0024355540517718	-0.016981437802315	65.000000000000	0.00000000000000
34.209999084473	-0.0020095976069570	-0.015483490191400	65.000000000000	0.00000000000000
34.220001220703	-0.0015791960759088	-0.013988370075822	65.000000000000	0.00000000000000
34.229999542236	-0.0011443904368207	-0.012496090494096	65.000000000000	0.00000000000000
34.240001678467	-0.00070518441498280	-0.011006669141352	65.000000000000	0.00000000000000
34.250000000000	-0.00026160589186475	-0.0095201227813959	65.000000000000	0.00000000000000
34.259998321533	0.00018632563296705	-0.0080364644527435	65.000000000000	0.00000000000000
34.270000457764	0.00063858932117000	-0.0065557113848627	65.000000000000	0.00000000000000
34.279998779297	0.0010951617732644	-0.0050778784789145	65.000000000000	0.00000000000000
34.290000915527	0.0015560223255306	-0.0036029804032296	65.000000000000	0.00000000000000
34.299999237061	0.0020211506634951	-0.0021310318261385	65.000000000000	0.00000000000000
34.310001373291	0.0024905239697546	-0.00066204776521772	65.000000000000	0.00000000000000
34.319999694824	0.0029641219880432	0.00080395775148645	65.000000000000	0.00000000000000
34.330001831055	0.0034419225994498	0.0022669706959277	65.000000000000	0.00000000000000
34.340000152588	0.0039239046163857	0.0037269778549671	65.000000000000	0.00000000000000
34.349998474121	0.0044100452214479	0.0051839640364051	65.000000000000	0.00000000000000
34.360000610352	0.0049003288149834	0.0066379131749272	65.000000000000	0.00000000000000
34.369998931885	0.0053947260603309	0.0080888178199530	65.000000000000	0.00000000000000
34.380001068115	0.0058932141400874	0.0095366640016437	65.000000000000	0.00000000000000
34.389999389648	0.0063957823440433	0.010981433093548	65.000000000000	0.00000000000000
34.400001525879	0.0069024027325213	0.012423115782440	65.000000000000	0.00000000000000
34.409999847412	0.0074130510911345	0.013861699961126	65.000000000000	0.00000000000000
34.419998168945	0.0079277083277702	0.015297174453735	65.000000000000	0.00000000000000
34.430000305176	0.0084463488310575	0.016729528084397	65.000000000000	0.00000000000000
34.439998626709	0.0089689651504159	0.018158739432693	65.000000000000	0.00000000000000
34.450000762939	0.0094955116510391	0.019584812223911	65.000000000000	0.00000000000000
34.459999084473	0.010025996714830	0.021007718518376	65.000000000000	0.00000000000000
34.470001220703	0.010560384951532	0.022427450865507	65.000000000000	0.00000000000000
34.479999542236	0.011098638176918	0.023844012990594	65.000000000000	0.00000000000000
34.490001678467	0.011640753597021	0.025257375091314	65.000000000000	0.00000000000000
34.500000000000	0.012186702340841	0.026667539030313	65.000000000000	0.00000000000000
34.509998321533	0.012736466713250	0.028074489906430	65.000000000000	0.00000000000000
34.520000457764	0.013290023431182	0.029478216543794	65.000000000000	0.00000000000000
34.529998779297	0.013847361318767	0.030878702178597	65.000000000000	0.00000000000000
34.540000915527	0.014408444985747	0.032275944948196	65.000000000000	0.00000000000000
34.549999237061	0.014973249286413	0.033669941127300	65.000000000000	0.00000000000000
34.560001373291	0.015541777014732	0.035060659050941	65.000000000000	0.00000000000000
34.569999694824	0.016113972291350	0.036448113620281	65.000000000000	0.00000000000000
34.580001831055	0.016689855605364	0.037832282483578	65.000000000000	0.00000000000000
34.590000152588	0.017269337549806	0.039213165640831	65.000000000000	0.00000000000000
34.599998474121	0.017852492630482	0.040590733289719	65.000000000000	0.00000000000000
34.610000610352	0.018439205363393	0.041965007781982	65.000000000000	0.00000000000000
34.619998931885	0.019029535353184	0.043335948139429	65.000000000000	0.00000000000000
34.630001068115	0.019623395055532	0.044703572988510	65.000000000000	0.00000000000000
34.639999389648	0.020220803096890	0.046067859977484	65.000000000000	0.00000000000000
34.650001525879	0.020821727812290	0.047428797930479	65.000000000000	0.00000000000000
34.659999847412	0.021426135674119	0.048786398023367	65.000000000000	0.00000000000000
34.669998168945	0.022034037858248	0.050140623003244	65.000000000000	0.00000000000000
34.680000305176	0.022645367309451	0.051491491496563	65.000000000000	0.00000000000000
34.689998626709	0.023260166868567	0.052838973701000	65.000000000000	0.00000000000000
34.700000762939	0.023878354579210	0.054183080792427	65.000000000000	0.00000000000000
34.709999084473	0.024499917402864	0.055523809045553	65.000000000000	0.00000000000000
34.720001220703	0.025124873965979	0.056861132383347	65.000000000000	0.00000000000000
34.729999542236	0.025753166526556	0.058195054531097	65.000000000000	0.00000000000000
34.740001678467	0.026384778320789	0.059525575488806	65.000000000000	0.00000000000000
34.750000000000	0.027019707486033	0.060852672904730	65.000000000000	0.00000000000000
34.759998321533	0.027657931670547	0.062176350504160	65.000000000000	0.00000000000000
34.770000457764	0.028299419209361	0.063496597111225	65.000000000000	0.00000000000000
34.779998779297	0.028944151476026	0.064813420176506	65.000000000000	0.00000000000000
34.790000915527	0.029592113569379	0.066126786172390	65.000000000000	0.00000000000000
34.799999237061	0.030243275687099	0.067436717450619	65.000000000000	0.00000000000000
34.810001373291	0.030897645279765	0.068743199110031	65.000000000000	0.00000000000000
34.819999694824	0.031555160880089	0.070046223700047	65.000000000000	0.00000000000000
34.830001831055	0.032215829938650	0.071345783770084	65.000000000000	0.00000000000000
34.840000152588	0.032879609614611	0.072641879320145	65.000000000000	0.00000000000000
34.849998474121	0.033546525985003	0.073934502899647	65.000000000000	0.00000000000000
34.860000610352	0.034216508269310	0.075223647058010	65.000000000000	0.00000000000000
34.869998931885	0.034889563918114	0.076509311795235	65.000000000000	0.00000000000000
34.880001068115	0.035565663129091	0.077791489660740	65.000000000000	0.00000000000000
34.889999389648	0.036244809627533	0.079070180654526	65.000000000000	0.00000000000000
34.900001525879	0.036926932632923	0.080345362424850	65.000000000000	0.00000000000000
34.909999847412	0.037612084299326	0.081617049872875	65.000000000000	0.00000000000000
34.919998168945	0.038300182670355	0.082885242998600	65.000000000000	0.00000000000000
34.930000305176	0.038991242647171	0.084149919450283	65.000000000000	0.00000000000000
34.939998626709	0.039685241878033	0.085411086678505	65.000000000000	0.00000000000000
34.950000762939	0.040382131934166	0.086668744683266	65.000000000000	0.00000000000000
34.959999084473	0.041081935167313	0.087922871112823	65.000000000000	0.00000000000000
34.970001220703	0.041784610599279	0.089173480868340	65.000000000000	0.00000000000000
34.979999542236	0.042490147054195	0.090420559048653	65.000000000000	0.00000000000000
34.990001678467	0.043198514729738	0.091664113104343	65.000000000000	0.00000000000000
35.000000000000	0.043909728527069	0.092904135584831	65.000000000000	0.00000000000000
