#Parameters = {d=0.275; l2=5.5; lambda=11; r=0.037059}
#"Frequency / GHz"	"S1,1 (lambda=11) [Re]"	"S1,1 (lambda=11) [Im]"	"Ref.Imp. [Re]"	"Ref.Imp. [Im]"
#-------------------------------------------------------------------------------------------------
25.000000000000	0.040244780480862	0.10217534750700	65.000000000000	0.00000000000000
25.010000228882	0.041273619979620	0.10393770784140	65.000000000000	0.00000000000000
25.020000457764	0.042308196425438	0.10569270700216	65.000000000000	0.00000000000000
25.030000686646	0.043348457664251	0.10744033008814	65.000000000000	0.00000000000000
25.040000915527	0.044394370168447	0.10918054729700	65.000000000000	0.00000000000000
25.049999237061	0.045445825904608	0.11091334372759	65.000000000000	0.00000000000000
25.059999465942	0.046502806246281	0.11263870447874	65.000000000000	0.00000000000000
25.069999694824	0.047565225511789	0.11435664445162	65.000000000000	0.00000000000000
25.079999923706	0.048633046448231	0.11606711149216	65.000000000000	0.00000000000000
25.090000152588	0.049706198275089	0.11777009814978	65.000000000000	0.00000000000000
25.100000381470	0.050784591585398	0.11946561932564	65.000000000000	0.00000000000000
25.110000610352	0.051868204027414	0.12115363776684	65.000000000000	0.00000000000000
25.120000839233	0.052956987172365	0.12283416092396	65.000000000000	0.00000000000000
25.129999160767	0.054050829261541	0.12450715899467	65.000000000000	0.00000000000000
25.139999389648	0.055149745196104	0.12617263197899	65.000000000000	0.00000000000000
25.149999618530	0.056253626942635	0.12783057987690	65.000000000000	0.00000000000000
25.159999847412	0.057362414896488	0.12948097288609	65.000000000000	0.00000000000000
25.170000076294	0.058476064354181	0.13112381100655	65.000000000000	0.00000000000000
25.180000305176	0.059594523161650	0.13275907933712	65.000000000000	0.00000000000000
25.190000534058	0.060717683285475	0.13438680768013	65.000000000000	0.00000000000000
25.200000762939	0.061845559626818	0.13600692152977	65.000000000000	0.00000000000000
25.209999084473	0.062978059053421	0.13761945068836	65.000000000000	0.00000000000000
25.219999313354	0.064115151762962	0.13922442495823	65.000000000000	0.00000000000000
25.229999542236	0.065256759524345	0.14082178473473	65.000000000000	0.00000000000000
25.239999771118	0.066402800381184	0.14241153001785	65.000000000000	0.00000000000000
25.250000000000	0.067553192377090	0.14399367570877	65.000000000000	0.00000000000000
25.260000228882	0.068707987666130	0.14556822180748	65.000000000000	0.00000000000000
25.270000457764	0.069867037236691	0.14713513851166	65.000000000000	0.00000000000000
25.280000686646	0.071030341088772	0.14869444072247	65.000000000000	0.00000000000000
25.290000915527	0.072197787463665	0.15024611353874	65.000000000000	0.00000000000000
25.299999237061	0.073369346559048	0.15179017186165	65.000000000000	0.00000000000000
25.309999465942	0.074544988572598	0.15332658588886	65.000000000000	0.00000000000000
25.319999694824	0.075724638998508	0.15485540032387	65.000000000000	0.00000000000000
25.329999923706	0.076908230781555	0.15637655556202	65.000000000000	0.00000000000000
25.340000152588	0.078095681965351	0.15789009630680	65.000000000000	0.00000000000000
25.350000381470	0.079287022352219	0.15939599275589	65.000000000000	0.00000000000000
25.360000610352	0.080482117831707	0.16089427471161	65.000000000000	0.00000000000000
25.370000839233	0.081680923700333	0.16238489747047	65.000000000000	0.00000000000000
25.379999160767	0.082883410155773	0.16386789083481	65.000000000000	0.00000000000000
25.389999389648	0.084089532494545	0.16534326970577	65.000000000000	0.00000000000000
25.399999618530	0.085299231112003	0.16681100428104	65.000000000000	0.00000000000000
25.409999847412	0.086512401700020	0.16827112436295	65.000000000000	0.00000000000000
25.420000076294	0.087729051709175	0.16972361505032	65.000000000000	0.00000000000000
25.430000305176	0.088949084281921	0.17116847634315	65.000000000000	0.00000000000000
25.440000534058	0.090172529220581	0.17260570824146	65.000000000000	0.00000000000000
25.450000762939	0.091399200260639	0.17403534054756	65.000000000000	0.00000000000000
25.459999084473	0.092629134654999	0.17545735836029	65.000000000000	0.00000000000000
25.469999313354	0.093862332403660	0.17687176167965	65.000000000000	0.00000000000000
25.479999542236	0.095098592340946	0.17827856540680	65.000000000000	0.00000000000000
25.489999771118	0.096337974071503	0.17967776954174	65.000000000000	0.00000000000000
25.500000000000	0.097580350935459	0.18106937408447	65.000000000000	0.00000000000000
25.510000228882	0.098825804889202	0.18245337903500	65.000000000000	0.00000000000000
25.520000457764	0.10007411986589	0.18382981419563	65.000000000000	0.00000000000000
25.530000686646	0.10132532566786	0.18519867956638	65.000000000000	0.00000000000000
25.540000915527	0.10257938504219	0.18655996024609	65.000000000000	0.00000000000000
25.549999237061	0.10383620113134	0.18791368603706	65.000000000000	0.00000000000000
25.559999465942	0.10509579628706	0.18925985693932	65.000000000000	0.00000000000000
25.569999694824	0.10635800659657	0.19059848785400	65.000000000000	0.00000000000000
25.579999923706	0.10762291401625	0.19192956387997	65.000000000000	0.00000000000000
25.590000152588	0.10889039188623	0.19325309991837	65.000000000000	0.00000000000000
25.600000381470	0.11016034334898	0.19456912577152	65.000000000000	0.00000000000000
25.610000610352	0.11143280565739	0.19587762653828	65.000000000000	0.00000000000000
25.620000839233	0.11270775645971	0.19717864692211	65.000000000000	0.00000000000000
25.629999160767	0.11398509144783	0.19847215712070	65.000000000000	0.00000000000000
25.639999389648	0.11526468396187	0.19975818693638	65.000000000000	0.00000000000000
25.649999618530	0.11654664576054	0.20103673636913	65.000000000000	0.00000000000000
25.659999847412	0.11783083528280	0.20230780541897	65.000000000000	0.00000000000000
25.670000076294	0.11911717802286	0.20357143878937	65.000000000000	0.00000000000000
25.680000305176	0.12040575593710	0.20482760667801	65.000000000000	0.00000000000000
25.690000534058	0.12169640511274	0.20607635378838	65.000000000000	0.00000000000000
25.700000762939	0.12298910319805	0.20731768012047	65.000000000000	0.00000000000000
25.709999084473	0.12428376823664	0.20855161547661	65.000000000000	0.00000000000000
25.719999313354	0.12558043003082	0.20977814495564	65.000000000000	0.00000000000000
25.729999542236	0.12687903642654	0.21099728345871	65.000000000000	0.00000000000000
25.739999771118	0.12817947566509	0.21220904588699	65.000000000000	0.00000000000000
25.750000000000	0.12948177754879	0.21341346204281	65.000000000000	0.00000000000000
25.760000228882	0.13078585267067	0.21461051702499	65.000000000000	0.00000000000000
25.770000457764	0.13209168612957	0.21580024063587	65.000000000000	0.00000000000000
25.780000686646	0.13339917361736	0.21698266267776	65.000000000000	0.00000000000000
25.790000915527	0.13470830023289	0.21815779805183	65.000000000000	0.00000000000000
25.799999237061	0.13601908087730	0.21932563185692	65.000000000000	0.00000000000000
25.809999465942	0.13733141124249	0.22048614919186	65.000000000000	0.00000000000000
25.819999694824	0.13864527642727	0.22163942456245	65.000000000000	0.00000000000000
25.829999923706	0.13996060192585	0.22278545796871	65.000000000000	0.00000000000000
25.840000152588	0.14127734303474	0.22392427921295	65.000000000000	0.00000000000000
25.850000381470	0.14259555935860	0.22505581378937	65.000000000000	0.00000000000000
25.860000610352	0.14391511678696	0.22618019580841	65.000000000000	0.00000000000000
25.870000839233	0.14523582160473	0.22729746997356	65.000000000000	0.00000000000000
25.879999160767	0.14655795693398	0.22840747237206	65.000000000000	0.00000000000000
25.889999389648	0.14788126945496	0.22951035201550	65.000000000000	0.00000000000000
25.899999618530	0.14920581877232	0.23060606420040	65.000000000000	0.00000000000000
25.909999847412	0.15053132176399	0.23169475793839	65.000000000000	0.00000000000000
25.920000076294	0.15185809135437	0.23277628421783	65.000000000000	0.00000000000000
25.930000305176	0.15318594872952	0.23385067284107	65.000000000000	0.00000000000000
25.940000534058	0.15451474487782	0.23491807281971	65.000000000000	0.00000000000000
25.950000762939	0.15584465861320	0.23597835004330	65.000000000000	0.00000000000000
25.959999084473	0.15717530250549	0.23703172802925	65.000000000000	0.00000000000000
25.969999313354	0.15850695967674	0.23807799816132	65.000000000000	0.00000000000000
25.979999542236	0.15983961522579	0.23911722004414	65.000000000000	0.00000000000000
25.989999771118	0.16117297112942	0.24014952778816	65.000000000000	0.00000000000000
26.000000000000	0.16250699758530	0.24117495119572	65.000000000000	0.00000000000000
26.010000228882	0.16384197771549	0.24219329655170	65.000000000000	0.00000000000000
26.020000457764	0.16517755389214	0.24320481717587	65.000000000000	0.00000000000000
26.030000686646	0.16651400923729	0.24420931935310	65.000000000000	0.00000000000000
26.040000915527	0.16785094141960	0.24520701169968	65.000000000000	0.00000000000000
26.049999237061	0.16918845474720	0.24619786441326	65.000000000000	0.00000000000000
26.059999465942	0.17052660882473	0.24718183279037	65.000000000000	0.00000000000000
26.069999694824	0.17186522483826	0.24815899133682	65.000000000000	0.00000000000000
26.079999923706	0.17320431768894	0.24912936985493	65.000000000000	0.00000000000000
26.090000152588	0.17454393208027	0.25009298324585	65.000000000000	0.00000000000000
26.100000381470	0.17588397860527	0.25104972720146	65.000000000000	0.00000000000000
26.110000610352	0.17722438275814	0.25199982523918	65.000000000000	0.00000000000000
26.120000839233	0.17856518924236	0.25294312834740	65.000000000000	0.00000000000000
26.129999160767	0.17990624904633	0.25387981534004	65.000000000000	0.00000000000000
26.139999389648	0.18124784529209	0.25480958819389	65.000000000000	0.00000000000000
26.149999618530	0.18258936703205	0.25573292374611	65.000000000000	0.00000000000000
26.159999847412	0.18393129110336	0.25664952397346	65.000000000000	0.00000000000000
26.170000076294	0.18527327477932	0.25755959749222	65.000000000000	0.00000000000000
26.180000305176	0.18661569058895	0.25846284627914	65.000000000000	0.00000000000000
26.190000534058	0.18795798718929	0.25935968756676	65.000000000000	0.00000000000000
26.200000762939	0.18930038809776	0.26024997234344	65.000000000000	0.00000000000000
26.209999084473	0.19064284861088	0.26113367080688	65.000000000000	0.00000000000000
26.219999313354	0.19198533892632	0.26201087236404	65.000000000000	0.00000000000000
26.229999542236	0.19332790374756	0.26288160681725	65.000000000000	0.00000000000000
26.239999771118	0.19467039406300	0.26374581456184	65.000000000000	0.00000000000000
26.250000000000	0.19601275026798	0.26460358500481	65.000000000000	0.00000000000000
26.260000228882	0.19735506176949	0.26545491814613	65.000000000000	0.00000000000000
26.270000457764	0.19869723916054	0.26629987359047	65.000000000000	0.00000000000000
26.280000686646	0.20003929734230	0.26713845133781	65.000000000000	0.00000000000000
26.290000915527	0.20138110220432	0.26797062158585	65.000000000000	0.00000000000000
26.299999237061	0.20272275805473	0.26879647374153	65.000000000000	0.00000000000000
26.309999465942	0.20406413078308	0.26961600780487	65.000000000000	0.00000000000000
26.319999694824	0.20540522038937	0.27042922377586	65.000000000000	0.00000000000000
26.329999923706	0.20674599707127	0.27123615145683	65.000000000000	0.00000000000000
26.340000152588	0.20808646082878	0.27203691005707	65.000000000000	0.00000000000000
26.350000381470	0.20942656695843	0.27283138036728	65.000000000000	0.00000000000000
26.360000610352	0.21076619625092	0.27361965179443	65.000000000000	0.00000000000000
26.370000839233	0.21210552752018	0.27440175414085	65.000000000000	0.00000000000000
26.379999160767	0.21344433724880	0.27517768740654	65.000000000000	0.00000000000000
26.389999389648	0.21478271484375	0.27594745159149	65.000000000000	0.00000000000000
26.399999618530	0.21612055599689	0.27671116590500	65.000000000000	0.00000000000000
26.409999847412	0.21745792031288	0.27746874094009	65.000000000000	0.00000000000000
26.420000076294	0.21879464387894	0.27822026610374	65.000000000000	0.00000000000000
26.430000305176	0.22013084590435	0.27896574139595	65.000000000000	0.00000000000000
26.440000534058	0.22146640717983	0.27970519661903	65.000000000000	0.00000000000000
26.450000762939	0.22280143201351	0.28043866157532	65.000000000000	0.00000000000000
26.459999084473	0.22413568198681	0.28116613626480	65.000000000000	0.00000000000000
26.469999313354	0.22546935081482	0.28188768029213	65.000000000000	0.00000000000000
26.479999542236	0.22680222988129	0.28260326385498	65.000000000000	0.00000000000000
26.489999771118	0.22813440859318	0.28331297636032	65.000000000000	0.00000000000000
26.500000000000	0.22946582734585	0.28401678800583	65.000000000000	0.00000000000000
26.510000228882	0.23079645633698	0.28471475839615	65.000000000000	0.00000000000000
26.520000457764	0.23212632536888	0.28540691733360	65.000000000000	0.00000000000000
26.530000686646	0.23345528542995	0.28609320521355	65.000000000000	0.00000000000000
26.540000915527	0.23478350043297	0.28677374124527	65.000000000000	0.00000000000000
26.549999237061	0.23611077666283	0.28744852542877	65.000000000000	0.00000000000000
26.559999465942	0.23743708431721	0.28811752796173	65.000000000000	0.00000000000000
26.569999694824	0.23876258730888	0.28878086805344	65.000000000000	0.00000000000000
26.579999923706	0.24008712172508	0.28943851590157	65.000000000000	0.00000000000000
26.590000152588	0.24141071736813	0.29009047150612	65.000000000000	0.00000000000000
26.600000381470	0.24273322522640	0.29073676466942	65.000000000000	0.00000000000000
26.610000610352	0.24405480921268	0.29137748479843	65.000000000000	0.00000000000000
26.620000839233	0.24537530541420	0.29201260209084	65.000000000000	0.00000000000000
26.629999160767	0.24669478833675	0.29264214634895	65.000000000000	0.00000000000000
26.639999389648	0.24801324307919	0.29326608777046	65.000000000000	0.00000000000000
26.649999618530	0.24933055043221	0.29388457536697	65.000000000000	0.00000000000000
26.659999847412	0.25064677000046	0.29449754953384	65.000000000000	0.00000000000000
26.670000076294	0.25196176767349	0.29510504007339	65.000000000000	0.00000000000000
26.680000305176	0.25327572226524	0.29570710659027	65.000000000000	0.00000000000000
26.690000534058	0.25458848476410	0.29630365967751	65.000000000000	0.00000000000000
26.700000762939	0.25590002536774	0.29689487814903	65.000000000000	0.00000000000000
26.709999084473	0.25721031427383	0.29748073220253	65.000000000000	0.00000000000000
26.719999313354	0.25851944088936	0.29806122183800	65.000000000000	0.00000000000000
26.729999542236	0.25982728600502	0.29863634705544	65.000000000000	0.00000000000000
26.739999771118	0.26113384962082	0.29920616745949	65.000000000000	0.00000000000000
26.750000000000	0.26243913173676	0.29977074265480	65.000000000000	0.00000000000000
26.760000228882	0.26374316215515	0.30033004283905	65.000000000000	0.00000000000000
26.770000457764	0.26504579186440	0.30088409781456	65.000000000000	0.00000000000000
26.780000686646	0.26634711027145	0.30143293738365	65.000000000000	0.00000000000000
26.790000915527	0.26764705777168	0.30197659134865	65.000000000000	0.00000000000000
26.799999237061	0.26894566416740	0.30251508951187	65.000000000000	0.00000000000000
26.809999465942	0.27024281024933	0.30304849147797	65.000000000000	0.00000000000000
26.819999694824	0.27153858542442	0.30357670783997	65.000000000000	0.00000000000000
26.829999923706	0.27283293008804	0.30409988760948	65.000000000000	0.00000000000000
26.840000152588	0.27412584424019	0.30461794137955	65.000000000000	0.00000000000000
26.850000381470	0.27541732788086	0.30513101816177	65.000000000000	0.00000000000000
26.860000610352	0.27670723199844	0.30563902854919	65.000000000000	0.00000000000000
26.870000839233	0.27799570560455	0.30614206194878	65.000000000000	0.00000000000000
26.879999160767	0.27928268909454	0.30664011836052	65.000000000000	0.00000000000000
26.889999389648	0.28056809306145	0.30713322758675	65.000000000000	0.00000000000000
26.899999618530	0.28185197710991	0.30762141942978	65.000000000000	0.00000000000000
26.909999847412	0.28313437104225	0.30810472369194	65.000000000000	0.00000000000000
26.920000076294	0.28441512584686	0.30858314037323	65.000000000000	0.00000000000000
26.930000305176	0.28569427132607	0.30905669927597	65.000000000000	0.00000000000000
26.940000534058	0.28697189688683	0.30952543020248	65.000000000000	0.00000000000000
26.950000762939	0.28824794292450	0.30998933315277	65.000000000000	0.00000000000000
26.959999084473	0.28952223062515	0.31044846773148	65.000000000000	0.00000000000000
26.969999313354	0.29079493880272	0.31090286374092	65.000000000000	0.00000000000000
26.979999542236	0.29206600785255	0.31135252118111	65.000000000000	0.00000000000000
26.989999771118	0.29333540797234	0.31179744005203	65.000000000000	0.00000000000000
27.000000000000	0.29460310935974	0.31223767995834	65.000000000000	0.00000000000000
27.010000228882	0.29586914181709	0.31267330050468	65.000000000000	0.00000000000000
27.020000457764	0.29713347554207	0.31310424208641	65.000000000000	0.00000000000000
27.030000686646	0.29839602112770	0.31353056430817	65.000000000000	0.00000000000000
27.040000915527	0.29965692758560	0.31395226716995	65.000000000000	0.00000000000000
27.049999237061	0.30091598629951	0.31436944007874	65.000000000000	0.00000000000000
27.059999465942	0.30217337608337	0.31478208303452	65.000000000000	0.00000000000000
27.069999694824	0.30342894792557	0.31519019603729	65.000000000000	0.00000000000000
27.079999923706	0.30468282103539	0.31559374928474	65.000000000000	0.00000000000000
27.090000152588	0.30593481659889	0.31599289178848	65.000000000000	0.00000000000000
27.100000381470	0.30718499422073	0.31638750433922	65.000000000000	0.00000000000000
27.110000610352	0.30843338370323	0.31677773594856	65.000000000000	0.00000000000000
27.120000839233	0.30967992544174	0.31716358661652	65.000000000000	0.00000000000000
27.129999160767	0.31092464923859	0.31754502654076	65.000000000000	0.00000000000000
27.139999389648	0.31216755509377	0.31792208552361	65.000000000000	0.00000000000000
27.149999618530	0.31340861320496	0.31829479336739	65.000000000000	0.00000000000000
27.159999847412	0.31464767456055	0.31866323947906	65.000000000000	0.00000000000000
27.170000076294	0.31588494777679	0.31902733445168	65.000000000000	0.00000000000000
27.180000305176	0.31712037324905	0.31938713788986	65.000000000000	0.00000000000000
27.190000534058	0.31835383176804	0.31974279880524	65.000000000000	0.00000000000000
27.200000762939	0.31958541274071	0.32009416818619	65.000000000000	0.00000000000000
27.209999084473	0.32081502676010	0.32044133543968	65.000000000000	0.00000000000000
27.219999313354	0.32204276323318	0.32078430056572	65.000000000000	0.00000000000000
27.229999542236	0.32326856255531	0.32112315297127	65.000000000000	0.00000000000000
27.239999771118	0.32449242472649	0.32145780324936	65.000000000000	0.00000000000000
27.250000000000	0.32571429014206	0.32178840041161	65.000000000000	0.00000000000000
27.260000228882	0.32693421840668	0.32211485505104	65.000000000000	0.00000000000000
27.270000457764	0.32815217971802	0.32243728637695	65.000000000000	0.00000000000000
27.280000686646	0.32936820387840	0.32275563478470	65.000000000000	0.00000000000000
27.290000915527	0.33058211207390	0.32306995987892	65.000000000000	0.00000000000000
27.299999237061	0.33179405331612	0.32338029146194	65.000000000000	0.00000000000000
27.309999465942	0.33300408720970	0.32368662953377	65.000000000000	0.00000000000000
27.319999694824	0.33421206474304	0.32398903369904	65.000000000000	0.00000000000000
27.329999923706	0.33541798591614	0.32428747415543	65.000000000000	0.00000000000000
27.340000152588	0.33662191033363	0.32458201050758	65.000000000000	0.00000000000000
27.350000381470	0.33782377839088	0.32487267255783	65.000000000000	0.00000000000000
27.360000610352	0.33902359008789	0.32515943050385	65.000000000000	0.00000000000000
27.370000839233	0.34022134542465	0.32544231414795	65.000000000000	0.00000000000000
27.379999160767	0.34141707420349	0.32572141289711	65.000000000000	0.00000000000000
27.389999389648	0.34261074662209	0.32599669694901	65.000000000000	0.00000000000000
27.399999618530	0.34380233287811	0.32626816630363	65.000000000000	0.00000000000000
27.409999847412	0.34499180316925	0.32653588056564	65.000000000000	0.00000000000000
27.420000076294	0.34617921710014	0.32679986953735	65.000000000000	0.00000000000000
27.430000305176	0.34736454486847	0.32706007361412	65.000000000000	0.00000000000000
27.440000534058	0.34854781627655	0.32731664180756	65.000000000000	0.00000000000000
27.450000762939	0.34972894191742	0.32756948471069	65.000000000000	0.00000000000000
27.459999084473	0.35090786218643	0.32781869173050	65.000000000000	0.00000000000000
27.469999313354	0.35208481550217	0.32806426286697	65.000000000000	0.00000000000000
27.479999542236	0.35325953364372	0.32830619812012	65.000000000000	0.00000000000000
27.489999771118	0.35443225502968	0.32854455709457	65.000000000000	0.00000000000000
27.500000000000	0.35560274124146	0.32877930998802	65.000000000000	0.00000000000000
27.510000228882	0.35677117109299	0.32901051640511	65.000000000000	0.00000000000000
27.520000457764	0.35793736577034	0.32923817634583	65.000000000000	0.00000000000000
27.530000686646	0.35910150408745	0.32946231961250	65.000000000000	0.00000000000000
27.540000915527	0.36026340723038	0.32968297600746	65.000000000000	0.00000000000000
27.549999237061	0.36142319440842	0.32990014553070	65.000000000000	0.00000000000000
27.559999465942	0.36258077621460	0.33011388778687	65.000000000000	0.00000000000000
27.569999694824	0.36373624205589	0.33032417297363	65.000000000000	0.00000000000000
27.579999923706	0.36488956212997	0.33053100109100	65.000000000000	0.00000000000000
27.590000152588	0.36604064702988	0.33073449134827	65.000000000000	0.00000000000000
27.600000381470	0.36718958616257	0.33093458414078	65.000000000000	0.00000000000000
27.610000610352	0.36833626031876	0.33113133907318	65.000000000000	0.00000000000000
27.620000839233	0.36948087811470	0.33132472634315	65.000000000000	0.00000000000000
27.629999160767	0.37062320113182	0.33151483535767	65.000000000000	0.00000000000000
27.639999389648	0.37176337838173	0.33170160651207	65.000000000000	0.00000000000000
27.649999618530	0.37290135025978	0.33188515901566	65.000000000000	0.00000000000000
27.659999847412	0.37403711676598	0.33206537365913	65.000000000000	0.00000000000000
27.670000076294	0.37517067790031	0.33224242925644	65.000000000000	0.00000000000000
27.680000305176	0.37630209326744	0.33241623640060	65.000000000000	0.00000000000000
27.690000534058	0.37743124365807	0.33258682489395	65.000000000000	0.00000000000000
27.700000762939	0.37855818867683	0.33275422453880	65.000000000000	0.00000000000000
27.709999084473	0.37968283891678	0.33291852474213	65.000000000000	0.00000000000000
27.719999313354	0.38080531358719	0.33307960629463	65.000000000000	0.00000000000000
27.729999542236	0.38192555308342	0.33323758840561	65.000000000000	0.00000000000000
27.739999771118	0.38304367661476	0.33339247107506	65.000000000000	0.00000000000000
27.750000000000	0.38415947556496	0.33354431390762	65.000000000000	0.00000000000000
27.760000228882	0.38527303934097	0.33369299769402	65.000000000000	0.00000000000000
27.770000457764	0.38638436794281	0.33383861184120	65.000000000000	0.00000000000000
27.780000686646	0.38749346137047	0.33398130536079	65.000000000000	0.00000000000000
27.790000915527	0.38860037922859	0.33412092924118	65.000000000000	0.00000000000000
27.799999237061	0.38970494270325	0.33425760269165	65.000000000000	0.00000000000000
27.809999465942	0.39080736041069	0.33439126610756	65.000000000000	0.00000000000000
27.819999694824	0.39190745353699	0.33452197909355	65.000000000000	0.00000000000000
27.829999923706	0.39300543069839	0.33464974164963	65.000000000000	0.00000000000000
27.840000152588	0.39410105347633	0.33477461338043	65.000000000000	0.00000000000000
27.850000381470	0.39519441127777	0.33489653468132	65.000000000000	0.00000000000000
27.860000610352	0.39628559350967	0.33501559495926	65.000000000000	0.00000000000000
27.870000839233	0.39737448096275	0.33513182401657	65.000000000000	0.00000000000000
27.879999160767	0.39846110343933	0.33524513244629	65.000000000000	0.00000000000000
27.889999389648	0.39954546093941	0.33535566926003	65.000000000000	0.00000000000000
27.899999618530	0.40062758326530	0.33546334505081	65.000000000000	0.00000000000000
27.909999847412	0.40170747041702	0.33556827902794	65.000000000000	0.00000000000000
27.920000076294	0.40278509259224	0.33567038178444	65.000000000000	0.00000000000000
27.930000305176	0.40386041998863	0.33576974272728	65.000000000000	0.00000000000000
27.940000534058	0.40493351221085	0.33586633205414	65.000000000000	0.00000000000000
27.950000762939	0.40600433945656	0.33596020936966	65.000000000000	0.00000000000000
27.959999084473	0.40707293152809	0.33605140447617	65.000000000000	0.00000000000000
27.969999313354	0.40813922882080	0.33613985776901	65.000000000000	0.00000000000000
27.979999542236	0.40920323133469	0.33622571825981	65.000000000000	0.00000000000000
27.989999771118	0.41026502847672	0.33630883693695	65.000000000000	0.00000000000000
28.000000000000	0.41132450103760	0.33638933300972	65.000000000000	0.00000000000000
28.010000228882	0.41238179802895	0.33646723628044	65.000000000000	0.00000000000000
28.020000457764	0.41343674063683	0.33654251694679	65.000000000000	0.00000000000000
28.030000686646	0.41448950767517	0.33661517500877	65.000000000000	0.00000000000000
28.040000915527	0.41553983092308	0.33668527007103	65.000000000000	0.00000000000000
28.049999237061	0.41658803820610	0.33675280213356	65.000000000000	0.00000000000000
28.059999465942	0.41763398051262	0.33681783080101	65.000000000000	0.00000000000000
28.069999694824	0.41867762804031	0.33688029646873	65.000000000000	0.00000000000000
28.079999923706	0.41971901059151	0.33694022893906	65.000000000000	0.00000000000000
28.090000152588	0.42075824737549	0.33699768781662	65.000000000000	0.00000000000000
28.100000381470	0.42179498076439	0.33705264329910	65.000000000000	0.00000000000000
28.110000610352	0.42282956838608	0.33710521459579	65.000000000000	0.00000000000000
28.120000839233	0.42386192083359	0.33715525269508	65.000000000000	0.00000000000000
28.129999160767	0.42489200830460	0.33720293641090	65.000000000000	0.00000000000000
28.139999389648	0.42591977119446	0.33724811673164	65.000000000000	0.00000000000000
28.149999618530	0.42694532871246	0.33729094266891	65.000000000000	0.00000000000000
28.159999847412	0.42796862125397	0.33733141422272	65.000000000000	0.00000000000000
28.170000076294	0.42898961901665	0.33736944198608	65.000000000000	0.00000000000000
28.180000305176	0.43000838160515	0.33740517497063	65.000000000000	0.00000000000000
28.190000534058	0.43102487921715	0.33743855357170	65.000000000000	0.00000000000000
28.200000762939	0.43203911185265	0.33746960759163	65.000000000000	0.00000000000000
28.209999084473	0.43305110931396	0.33749836683273	65.000000000000	0.00000000000000
28.219999313354	0.43406081199646	0.33752480149269	65.000000000000	0.00000000000000
28.229999542236	0.43506833910942	0.33754900097847	65.000000000000	0.00000000000000
28.239999771118	0.43607348203659	0.33757090568542	65.000000000000	0.00000000000000
28.250000000000	0.43707641959190	0.33759057521820	65.000000000000	0.00000000000000
28.260000228882	0.43807721138000	0.33760800957680	65.000000000000	0.00000000000000
28.270000457764	0.43907564878464	0.33762320876122	65.000000000000	0.00000000000000
28.280000686646	0.44007185101509	0.33763623237610	65.000000000000	0.00000000000000
28.290000915527	0.44106587767601	0.33764702081680	65.000000000000	0.00000000000000
28.299999237061	0.44205754995346	0.33765569329262	65.000000000000	0.00000000000000
28.309999465942	0.44304701685905	0.33766216039658	65.000000000000	0.00000000000000
28.319999694824	0.44403421878815	0.33766648173332	65.000000000000	0.00000000000000
28.329999923706	0.44501924514771	0.33766871690750	65.000000000000	0.00000000000000
28.340000152588	0.44600194692612	0.33766874670982	65.000000000000	0.00000000000000
28.350000381470	0.44698253273964	0.33766672015190	65.000000000000	0.00000000000000
28.360000610352	0.44796073436737	0.33766263723373	65.000000000000	0.00000000000000
28.370000839233	0.44893684983253	0.33765646815300	65.000000000000	0.00000000000000
28.379999160767	0.44991061091423	0.33764821290970	65.000000000000	0.00000000000000
28.389999389648	0.45088213682175	0.33763787150383	65.000000000000	0.00000000000000
28.399999618530	0.45185151696205	0.33762556314468	65.000000000000	0.00000000000000
28.409999847412	0.45281866192818	0.33761122822762	65.000000000000	0.00000000000000
28.420000076294	0.45378357172012	0.33759483695030	65.000000000000	0.00000000000000
28.430000305176	0.45474621653557	0.33757653832436	65.000000000000	0.00000000000000
28.440000534058	0.45570668578148	0.33755618333817	65.000000000000	0.00000000000000
28.450000762939	0.45666491985321	0.33753389120102	65.000000000000	0.00000000000000
28.459999084473	0.45762100815773	0.33750960230827	65.000000000000	0.00000000000000
28.469999313354	0.45857477188110	0.33748343586922	65.000000000000	0.00000000000000
28.479999542236	0.45952636003494	0.33745533227921	65.000000000000	0.00000000000000
28.489999771118	0.46047577261925	0.33742529153824	65.000000000000	0.00000000000000
28.500000000000	0.46142295002937	0.33739337325096	65.000000000000	0.00000000000000
28.510000228882	0.46236789226532	0.33735954761505	65.000000000000	0.00000000000000
28.520000457764	0.46331065893173	0.33732381463051	65.000000000000	0.00000000000000
28.530000686646	0.46425122022629	0.33728629350662	65.000000000000	0.00000000000000
28.540000915527	0.46518966555595	0.33724686503410	65.000000000000	0.00000000000000
28.549999237061	0.46612581610680	0.33720561861992	65.000000000000	0.00000000000000
28.559999465942	0.46705979108810	0.33716252446175	65.000000000000	0.00000000000000
28.569999694824	0.46799159049988	0.33711767196655	65.000000000000	0.00000000000000
28.579999923706	0.46892124414444	0.33707097172737	65.000000000000	0.00000000000000
28.590000152588	0.46984869241714	0.33702245354652	65.000000000000	0.00000000000000
28.600000381470	0.47077384591103	0.33697235584259	65.000000000000	0.00000000000000
28.610000610352	0.47169712185860	0.33692005276680	65.000000000000	0.00000000000000
28.620000839233	0.47261798381805	0.33686634898186	65.000000000000	0.00000000000000
28.629999160767	0.47353649139404	0.33681121468544	65.000000000000	0.00000000000000
28.639999389648	0.47445324063301	0.33675378561020	65.000000000000	0.00000000000000
28.649999618530	0.47536751627922	0.33669489622116	65.000000000000	0.00000000000000
28.659999847412	0.47627976536751	0.33663421869278	65.000000000000	0.00000000000000
28.670000076294	0.47718977928162	0.33657193183899	65.000000000000	0.00000000000000
28.680000305176	0.47809776663780	0.33650785684586	65.000000000000	0.00000000000000
28.690000534058	0.47900348901749	0.33644223213196	65.000000000000	0.00000000000000
28.700000762939	0.47990712523460	0.33637481927872	65.000000000000	0.00000000000000
28.709999084473	0.48080858588219	0.33630588650703	65.000000000000	0.00000000000000
28.719999313354	0.48170790076256	0.33623516559601	65.000000000000	0.00000000000000
28.729999542236	0.48260504007339	0.33616298437119	65.000000000000	0.00000000000000
28.739999771118	0.48349991440773	0.33608931303024	65.000000000000	0.00000000000000
28.750000000000	0.48439279198647	0.33601394295692	65.000000000000	0.00000000000000
28.760000228882	0.48528370261192	0.33593666553497	65.000000000000	0.00000000000000
28.770000457764	0.48617222905159	0.33585813641548	65.000000000000	0.00000000000000
28.780000686646	0.48705872893333	0.33577796816826	65.000000000000	0.00000000000000
28.790000915527	0.48794317245483	0.33569616079330	65.000000000000	0.00000000000000
28.799999237061	0.48882526159286	0.33561322093010	65.000000000000	0.00000000000000
28.809999465942	0.48970550298691	0.33552813529968	65.000000000000	0.00000000000000
28.819999694824	0.49058347940445	0.33544194698334	65.000000000000	0.00000000000000
28.829999923706	0.49145954847336	0.33535391092300	65.000000000000	0.00000000000000
28.840000152588	0.49233335256577	0.33526453375816	65.000000000000	0.00000000000000
28.850000381470	0.49320498108864	0.33517384529114	65.000000000000	0.00000000000000
28.860000610352	0.49407458305359	0.33508163690567	65.000000000000	0.00000000000000
28.870000839233	0.49494197964668	0.33498781919479	65.000000000000	0.00000000000000
28.879999160767	0.49580737948418	0.33489266037941	65.000000000000	0.00000000000000
28.889999389648	0.49667069315910	0.33479598164558	65.000000000000	0.00000000000000
28.899999618530	0.49753192067146	0.33469790220261	65.000000000000	0.00000000000000
28.909999847412	0.49839109182358	0.33459836244583	65.000000000000	0.00000000000000
28.920000076294	0.49924814701080	0.33449742197990	65.000000000000	0.00000000000000
28.930000305176	0.50010311603546	0.33439505100250	65.000000000000	0.00000000000000
28.940000534058	0.50095605850220	0.33429127931595	65.000000000000	0.00000000000000
28.950000762939	0.50180691480637	0.33418619632721	65.000000000000	0.00000000000000
28.959999084473	0.50265568494797	0.33407968282700	65.000000000000	0.00000000000000
28.969999313354	0.50350248813629	0.33397182822227	65.000000000000	0.00000000000000
28.979999542236	0.50434708595276	0.33386263251305	65.000000000000	0.00000000000000
28.989999771118	0.50518971681595	0.33375203609467	65.000000000000	0.00000000000000
29.000000000000	0.50603032112122	0.33364012837410	65.000000000000	0.00000000000000
29.010000228882	0.50686877965927	0.33352687954903	65.000000000000	0.00000000000000
29.020000457764	0.50770527124405	0.33341234922409	65.000000000000	0.00000000000000
29.030000686646	0.50853967666626	0.33329650759697	65.000000000000	0.00000000000000
29.040000915527	0.50937211513519	0.33317935466766	65.000000000000	0.00000000000000
29.049999237061	0.51020246744156	0.33306086063385	65.000000000000	0.00000000000000
29.059999465942	0.51103073358536	0.33294117450714	65.000000000000	0.00000000000000
29.069999694824	0.51185709238052	0.33282020688057	65.000000000000	0.00000000000000
29.079999923706	0.51268136501312	0.33269798755646	65.000000000000	0.00000000000000
29.090000152588	0.51350367069244	0.33257445693016	65.000000000000	0.00000000000000
29.100000381470	0.51432400941849	0.33244970440865	65.000000000000	0.00000000000000
29.110000610352	0.51514220237732	0.33232372999191	65.000000000000	0.00000000000000
29.120000839233	0.51595842838287	0.33219650387764	65.000000000000	0.00000000000000
29.129999160767	0.51677268743515	0.33206811547279	65.000000000000	0.00000000000000
29.139999389648	0.51758491992950	0.33193853497505	65.000000000000	0.00000000000000
29.149999618530	0.51839518547058	0.33180767297745	65.000000000000	0.00000000000000
29.159999847412	0.51920348405838	0.33167573809624	65.000000000000	0.00000000000000
29.170000076294	0.52000981569290	0.33154255151749	65.000000000000	0.00000000000000
29.180000305176	0.52081400156021	0.33140820264816	65.000000000000	0.00000000000000
29.190000534058	0.52161633968353	0.33127269148827	65.000000000000	0.00000000000000
29.200000762939	0.52241671085358	0.33113601803780	65.000000000000	0.00000000000000
29.209999084473	0.52321511507034	0.33099824190140	65.000000000000	0.00000000000000
29.219999313354	0.52401161193848	0.33085930347443	65.000000000000	0.00000000000000
29.229999542236	0.52480596303940	0.33071923255920	65.000000000000	0.00000000000000
29.239999771118	0.52559846639633	0.33057805895805	65.000000000000	0.00000000000000
29.250000000000	0.52638906240463	0.33043578267097	65.000000000000	0.00000000000000
29.260000228882	0.52717763185501	0.33029237389565	65.000000000000	0.00000000000000
29.270000457764	0.52796429395676	0.33014792203903	65.000000000000	0.00000000000000
29.280000686646	0.52874898910522	0.33000233769417	65.000000000000	0.00000000000000
29.290000915527	0.52953177690506	0.32985568046570	65.000000000000	0.00000000000000
29.299999237061	0.53031259775162	0.32970798015594	65.000000000000	0.00000000000000
29.309999465942	0.53109145164490	0.32955917716026	65.000000000000	0.00000000000000
29.319999694824	0.53186845779419	0.32940936088562	65.000000000000	0.00000000000000
29.329999923706	0.53264349699020	0.32925850152969	65.000000000000	0.00000000000000
29.340000152588	0.53341662883759	0.32910656929016	65.000000000000	0.00000000000000
29.350000381470	0.53418785333633	0.32895362377167	65.000000000000	0.00000000000000
29.360000610352	0.53495717048645	0.32879969477654	65.000000000000	0.00000000000000
29.370000839233	0.53572458028793	0.32864472270012	65.000000000000	0.00000000000000
29.379999160767	0.53649002313614	0.32848873734474	65.000000000000	0.00000000000000
29.389999389648	0.53725361824036	0.32833176851273	65.000000000000	0.00000000000000
29.399999618530	0.53801536560059	0.32817384600639	65.000000000000	0.00000000000000
29.409999847412	0.53877520561218	0.32801488041878	65.000000000000	0.00000000000000
29.420000076294	0.53953313827515	0.32785496115685	65.000000000000	0.00000000000000
29.430000305176	0.54028922319412	0.32769408822060	65.000000000000	0.00000000000000
29.440000534058	0.54104334115982	0.32753226161003	65.000000000000	0.00000000000000
29.450000762939	0.54179567098618	0.32736945152283	65.000000000000	0.00000000000000
29.459999084473	0.54254603385925	0.32720571756363	65.000000000000	0.00000000000000
29.469999313354	0.54329466819763	0.32704105973244	65.000000000000	0.00000000000000
29.479999542236	0.54404127597809	0.32687544822693	65.000000000000	0.00000000000000
29.489999771118	0.54478621482849	0.32670888304710	65.000000000000	0.00000000000000
29.500000000000	0.54552912712097	0.32654145359993	65.000000000000	0.00000000000000
29.510000228882	0.54627031087875	0.32637310028076	65.000000000000	0.00000000000000
29.520000457764	0.54700958728790	0.32620385289192	65.000000000000	0.00000000000000
29.530000686646	0.54774707555771	0.32603371143341	65.000000000000	0.00000000000000
29.540000915527	0.54848271608353	0.32586267590523	65.000000000000	0.00000000000000
29.549999237061	0.54921650886536	0.32569077610970	65.000000000000	0.00000000000000
29.559999465942	0.54994845390320	0.32551798224449	65.000000000000	0.00000000000000
29.569999694824	0.55067855119705	0.32534432411194	65.000000000000	0.00000000000000
29.579999923706	0.55140691995621	0.32516986131668	65.000000000000	0.00000000000000
29.590000152588	0.55213344097137	0.32499444484711	65.000000000000	0.00000000000000
29.600000381470	0.55285805463791	0.32481825351715	65.000000000000	0.00000000000000
29.610000610352	0.55358099937439	0.32464119791985	65.000000000000	0.00000000000000
29.620000839233	0.55430209636688	0.32446330785751	65.000000000000	0.00000000000000
29.629999160767	0.55502134561539	0.32428455352783	65.000000000000	0.00000000000000
29.639999389648	0.55573880672455	0.32410508394241	65.000000000000	0.00000000000000
29.649999618530	0.55645453929901	0.32392472028732	65.000000000000	0.00000000000000
29.659999847412	0.55716848373413	0.32374361157417	65.000000000000	0.00000000000000
29.670000076294	0.55788052082062	0.32356163859367	65.000000000000	0.00000000000000
29.680000305176	0.55859082937241	0.32337892055511	65.000000000000	0.00000000000000
29.690000534058	0.55929946899414	0.32319539785385	65.000000000000	0.00000000000000
29.700000762939	0.56000626087189	0.32301110029221	65.000000000000	0.00000000000000
29.709999084473	0.56071126461029	0.32282602787018	65.000000000000	0.00000000000000
29.719999313354	0.56141459941864	0.32264018058777	65.000000000000	0.00000000000000
29.729999542236	0.56211608648300	0.32245358824730	65.000000000000	0.00000000000000
29.739999771118	0.56281584501266	0.32226625084877	65.000000000000	0.00000000000000
29.750000000000	0.56351381540298	0.32207810878754	65.000000000000	0.00000000000000
29.760000228882	0.56421011686325	0.32188928127289	65.000000000000	0.00000000000000
29.770000457764	0.56490457057953	0.32169967889786	65.000000000000	0.00000000000000
29.780000686646	0.56559741497040	0.32150933146477	65.000000000000	0.00000000000000
29.790000915527	0.56628847122192	0.32131832838058	65.000000000000	0.00000000000000
29.799999237061	0.56697773933411	0.32112661004066	65.000000000000	0.00000000000000
29.809999465942	0.56766539812088	0.32093411684036	65.000000000000	0.00000000000000
29.819999694824	0.56835126876831	0.32074096798897	65.000000000000	0.00000000000000
29.829999923706	0.56903529167175	0.32054707407951	65.000000000000	0.00000000000000
29.840000152588	0.56971782445908	0.32035246491432	65.000000000000	0.00000000000000
29.850000381470	0.57039850950241	0.32015722990036	65.000000000000	0.00000000000000
29.860000610352	0.57107752561569	0.31996124982834	65.000000000000	0.00000000000000
29.870000839233	0.57175487279892	0.31976464390755	65.000000000000	0.00000000000000
29.879999160767	0.57243049144745	0.31956732273102	65.000000000000	0.00000000000000
29.889999389648	0.57310444116592	0.31936940550804	65.000000000000	0.00000000000000
29.899999618530	0.57377660274506	0.31917074322701	65.000000000000	0.00000000000000
29.909999847412	0.57444727420807	0.31897151470184	65.000000000000	0.00000000000000
29.920000076294	0.57511615753174	0.31877157092094	65.000000000000	0.00000000000000
29.930000305176	0.57578337192535	0.31857100129128	65.000000000000	0.00000000000000
29.940000534058	0.57644885778427	0.31836980581284	65.000000000000	0.00000000000000
29.950000762939	0.57711279392242	0.31816798448563	65.000000000000	0.00000000000000
29.959999084473	0.57777488231659	0.31796550750732	65.000000000000	0.00000000000000
29.969999313354	0.57843542098999	0.31776237487793	65.000000000000	0.00000000000000
29.979999542236	0.57909440994263	0.31755873560905	65.000000000000	0.00000000000000
29.989999771118	0.57975161075592	0.31735438108444	65.000000000000	0.00000000000000
30.000000000000	0.58040714263916	0.31714946031570	65.000000000000	0.00000000000000
30.010000228882	0.58106106519699	0.31694394350052	65.000000000000	0.00000000000000
30.020000457764	0.58171337842941	0.31673780083656	65.000000000000	0.00000000000000
30.030000686646	0.58236408233643	0.31653109192848	65.000000000000	0.00000000000000
30.040000915527	0.58301311731339	0.31632378697395	65.000000000000	0.00000000000000
30.049999237061	0.58366054296494	0.31611591577530	65.000000000000	0.00000000000000
30.059999465942	0.58430635929108	0.31590747833252	65.000000000000	0.00000000000000
30.069999694824	0.58495056629181	0.31569847464561	65.000000000000	0.00000000000000
30.079999923706	0.58559298515320	0.31548887491226	65.000000000000	0.00000000000000
30.090000152588	0.58623391389847	0.31527873873711	65.000000000000	0.00000000000000
30.100000381470	0.58687329292297	0.31506800651550	65.000000000000	0.00000000000000
30.110000610352	0.58751100301743	0.31485673785210	65.000000000000	0.00000000000000
30.120000839233	0.58814716339111	0.31464499235153	65.000000000000	0.00000000000000
30.129999160767	0.58878177404404	0.31443262100220	65.000000000000	0.00000000000000
30.139999389648	0.58941465616226	0.31421977281570	65.000000000000	0.00000000000000
30.149999618530	0.59004592895508	0.31400635838509	65.000000000000	0.00000000000000
30.159999847412	0.59067571163177	0.31379240751266	65.000000000000	0.00000000000000
30.170000076294	0.59130400419235	0.31357797980309	65.000000000000	0.00000000000000
30.180000305176	0.59193062782288	0.31336301565170	65.000000000000	0.00000000000000
30.190000534058	0.59255558252335	0.31314754486084	65.000000000000	0.00000000000000
30.200000762939	0.59317910671234	0.31293153762817	65.000000000000	0.00000000000000
30.209999084473	0.59380102157593	0.31271508336067	65.000000000000	0.00000000000000
30.219999313354	0.59442132711411	0.31249806284904	65.000000000000	0.00000000000000
30.229999542236	0.59504014253616	0.31228059530258	65.000000000000	0.00000000000000
30.239999771118	0.59565740823746	0.31206262111664	65.000000000000	0.00000000000000
30.250000000000	0.59627306461334	0.31184417009354	65.000000000000	0.00000000000000
30.260000228882	0.59688717126846	0.31162521243095	65.000000000000	0.00000000000000
30.270000457764	0.59749984741211	0.31140583753586	65.000000000000	0.00000000000000
30.280000686646	0.59811091423035	0.31118595600128	65.000000000000	0.00000000000000
30.290000915527	0.59872043132782	0.31096562743187	65.000000000000	0.00000000000000
30.299999237061	0.59932845830917	0.31074479222298	65.000000000000	0.00000000000000
30.309999465942	0.59993499517441	0.31052353978157	65.000000000000	0.00000000000000
30.319999694824	0.60053998231888	0.31030181050301	65.000000000000	0.00000000000000
30.329999923706	0.60114341974258	0.31007963418961	65.000000000000	0.00000000000000
30.340000152588	0.60174536705017	0.30985704064369	65.000000000000	0.00000000000000
30.350000381470	0.60234570503235	0.30963397026062	65.000000000000	0.00000000000000
30.360000610352	0.60294473171234	0.30941051244736	65.000000000000	0.00000000000000
30.370000839233	0.60354208946228	0.30918657779694	65.000000000000	0.00000000000000
30.379999160767	0.60413801670074	0.30896222591400	65.000000000000	0.00000000000000
30.389999389648	0.60473251342773	0.30873745679855	65.000000000000	0.00000000000000
30.399999618530	0.60532546043396	0.30851227045059	65.000000000000	0.00000000000000
30.409999847412	0.60591691732407	0.30828666687012	65.000000000000	0.00000000000000
30.420000076294	0.60650688409805	0.30806064605713	65.000000000000	0.00000000000000
30.430000305176	0.60709536075592	0.30783420801163	65.000000000000	0.00000000000000
30.440000534058	0.60768240690231	0.30760738253593	65.000000000000	0.00000000000000
30.450000762939	0.60826802253723	0.30738013982773	65.000000000000	0.00000000000000
30.459999084473	0.60885208845139	0.30715247988701	65.000000000000	0.00000000000000
30.469999313354	0.60943466424942	0.30692446231842	65.000000000000	0.00000000000000
30.479999542236	0.61001586914063	0.30669611692429	65.000000000000	0.00000000000000
30.489999771118	0.61059564352036	0.30646729469299	65.000000000000	0.00000000000000
30.500000000000	0.61117386817932	0.30623811483383	65.000000000000	0.00000000000000
30.510000228882	0.61175072193146	0.30600857734680	65.000000000000	0.00000000000000
30.520000457764	0.61232602596283	0.30577865242958	65.000000000000	0.00000000000000
30.530000686646	0.61290001869202	0.30554834008217	65.000000000000	0.00000000000000
30.540000915527	0.61347246170044	0.30531769990921	65.000000000000	0.00000000000000
30.549999237061	0.61404353380203	0.30508670210838	65.000000000000	0.00000000000000
30.559999465942	0.61461317539215	0.30485528707504	65.000000000000	0.00000000000000
30.569999694824	0.61518138647079	0.30462360382080	65.000000000000	0.00000000000000
30.579999923706	0.61574816703796	0.30439147353172	65.000000000000	0.00000000000000
30.590000152588	0.61631357669830	0.30415910482407	65.000000000000	0.00000000000000
30.600000381470	0.61687749624252	0.30392631888390	65.000000000000	0.00000000000000
30.610000610352	0.61744004487991	0.30369320511818	65.000000000000	0.00000000000000
30.620000839233	0.61800122261047	0.30345976352692	65.000000000000	0.00000000000000
30.629999160767	0.61856096982956	0.30322599411011	65.000000000000	0.00000000000000
30.639999389648	0.61911940574646	0.30299186706543	65.000000000000	0.00000000000000
30.649999618530	0.61967629194260	0.30275744199753	65.000000000000	0.00000000000000
30.659999847412	0.62023192644119	0.30252271890640	65.000000000000	0.00000000000000
30.670000076294	0.62078607082367	0.30228763818741	65.000000000000	0.00000000000000
30.680000305176	0.62133878469467	0.30205222964287	65.000000000000	0.00000000000000
30.690000534058	0.62189024686813	0.30181655287743	65.000000000000	0.00000000000000
30.700000762939	0.62244027853012	0.30158054828644	65.000000000000	0.00000000000000
30.709999084473	0.62298887968063	0.30134424567223	65.000000000000	0.00000000000000
30.719999313354	0.62353622913361	0.30110761523247	65.000000000000	0.00000000000000
30.729999542236	0.62408214807510	0.30087071657181	65.000000000000	0.00000000000000
30.739999771118	0.62462675571442	0.30063349008560	65.000000000000	0.00000000000000
30.750000000000	0.62516999244690	0.30039602518082	65.000000000000	0.00000000000000
30.760000228882	0.62571173906326	0.30015823245049	65.000000000000	0.00000000000000
30.770000457764	0.62625229358673	0.29992014169693	65.000000000000	0.00000000000000
30.780000686646	0.62679147720337	0.29968181252480	65.000000000000	0.00000000000000
30.790000915527	0.62732923030853	0.29944318532944	65.000000000000	0.00000000000000
30.799999237061	0.62786573171616	0.29920426011086	65.000000000000	0.00000000000000
30.809999465942	0.62840086221695	0.29896509647369	65.000000000000	0.00000000000000
30.819999694824	0.62893468141556	0.29872566461563	65.000000000000	0.00000000000000
30.829999923706	0.62946712970734	0.29848593473434	65.000000000000	0.00000000000000
30.840000152588	0.62999826669693	0.29824596643448	65.000000000000	0.00000000000000
30.850000381470	0.63052809238434	0.29800572991371	65.000000000000	0.00000000000000
30.860000610352	0.63105660676956	0.29776525497437	65.000000000000	0.00000000000000
30.870000839233	0.63158386945724	0.29752448201180	65.000000000000	0.00000000000000
30.879999160767	0.63210970163345	0.29728350043297	65.000000000000	0.00000000000000
30.889999389648	0.63263428211212	0.29704225063324	65.000000000000	0.00000000000000
30.899999618530	0.63315755128860	0.29680079221725	65.000000000000	0.00000000000000
30.909999847412	0.63367956876755	0.29655903577805	65.000000000000	0.00000000000000
30.920000076294	0.63420015573502	0.29631704092026	65.000000000000	0.00000000000000
30.930000305176	0.63471955060959	0.29607486724854	65.000000000000	0.00000000000000
30.940000534058	0.63523763418198	0.29583242535591	65.000000000000	0.00000000000000
30.950000762939	0.63575446605682	0.29558974504471	65.000000000000	0.00000000000000
30.959999084473	0.63626998662949	0.29534685611725	65.000000000000	0.00000000000000
30.969999313354	0.63678425550461	0.29510369896889	65.000000000000	0.00000000000000
30.979999542236	0.63729721307755	0.29486036300659	65.000000000000	0.00000000000000
30.989999771118	0.63780879974365	0.29461678862572	65.000000000000	0.00000000000000
31.000000000000	0.63831931352615	0.29437300562859	65.000000000000	0.00000000000000
31.010000228882	0.63882845640182	0.29412901401520	65.000000000000	0.00000000000000
31.020000457764	0.63933634757996	0.29388484358788	65.000000000000	0.00000000000000
31.030000686646	0.63984298706055	0.29364043474197	65.000000000000	0.00000000000000
31.040000915527	0.64034837484360	0.29339581727982	65.000000000000	0.00000000000000
31.049999237061	0.64085245132446	0.29315096139908	65.000000000000	0.00000000000000
31.059999465942	0.64135533571243	0.29290598630905	65.000000000000	0.00000000000000
31.069999694824	0.64185690879822	0.29266074299812	65.000000000000	0.00000000000000
31.079999923706	0.64235740900040	0.29241532087326	65.000000000000	0.00000000000000
31.090000152588	0.64285653829575	0.29216974973679	65.000000000000	0.00000000000000
31.100000381470	0.64335447549820	0.29192391037941	65.000000000000	0.00000000000000
31.110000610352	0.64385110139847	0.29167795181274	65.000000000000	0.00000000000000
31.120000839233	0.64434659481049	0.29143178462982	65.000000000000	0.00000000000000
31.129999160767	0.64484077692032	0.29118543863297	65.000000000000	0.00000000000000
31.139999389648	0.64533382654190	0.29093891382217	65.000000000000	0.00000000000000
31.149999618530	0.64582568407059	0.29069221019745	65.000000000000	0.00000000000000
31.159999847412	0.64631617069244	0.29044532775879	65.000000000000	0.00000000000000
31.170000076294	0.64680552482605	0.29019826650620	65.000000000000	0.00000000000000
31.180000305176	0.64729374647141	0.28995105624199	65.000000000000	0.00000000000000
31.190000534058	0.64778065681458	0.28970363736153	65.000000000000	0.00000000000000
31.200000762939	0.64826643466949	0.28945609927177	65.000000000000	0.00000000000000
31.209999084473	0.64875102043152	0.28920841217041	65.000000000000	0.00000000000000
31.219999313354	0.64923429489136	0.28896051645279	65.000000000000	0.00000000000000
31.229999542236	0.64971649646759	0.28871250152588	65.000000000000	0.00000000000000
31.239999771118	0.65019744634628	0.28846430778503	65.000000000000	0.00000000000000
31.250000000000	0.65067726373672	0.28821599483490	65.000000000000	0.00000000000000
31.260000228882	0.65115588903427	0.28796750307083	65.000000000000	0.00000000000000
31.270000457764	0.65163332223892	0.28771886229515	65.000000000000	0.00000000000000
31.280000686646	0.65210956335068	0.28747004270554	65.000000000000	0.00000000000000
31.290000915527	0.65258461236954	0.28722113370895	65.000000000000	0.00000000000000
31.299999237061	0.65305852890015	0.28697204589844	65.000000000000	0.00000000000000
31.309999465942	0.65353137254715	0.28672286868095	65.000000000000	0.00000000000000
31.319999694824	0.65400290489197	0.28647351264954	65.000000000000	0.00000000000000
31.329999923706	0.65447330474854	0.28622406721115	65.000000000000	0.00000000000000
31.340000152588	0.65494263172150	0.28597444295883	65.000000000000	0.00000000000000
31.350000381470	0.65541076660156	0.28572469949722	65.000000000000	0.00000000000000
31.360000610352	0.65587770938873	0.28547483682632	65.000000000000	0.00000000000000
31.370000839233	0.65634357929230	0.28522485494614	65.000000000000	0.00000000000000
31.379999160767	0.65680819749832	0.28497472405434	65.000000000000	0.00000000000000
31.389999389648	0.65727180242538	0.28472447395325	65.000000000000	0.00000000000000
31.399999618530	0.65773421525955	0.28447413444519	65.000000000000	0.00000000000000
31.409999847412	0.65819555521011	0.28422355651855	65.000000000000	0.00000000000000
31.420000076294	0.65865570306778	0.28397294878960	65.000000000000	0.00000000000000
31.430000305176	0.65911459922791	0.28372254967690	65.000000000000	0.00000000000000
31.440000534058	0.65957248210907	0.28347167372704	65.000000000000	0.00000000000000
31.450000762939	0.66002929210663	0.28322064876556	65.000000000000	0.00000000000000
31.459999084473	0.66048502922058	0.28296956419945	65.000000000000	0.00000000000000
31.469999313354	0.66093939542770	0.28271859884262	65.000000000000	0.00000000000000
31.479999542236	0.66139298677444	0.28246727585793	65.000000000000	0.00000000000000
31.489999771118	0.66184514760971	0.28221607208252	65.000000000000	0.00000000000000
31.500000000000	0.66229647397995	0.28196448087692	65.000000000000	0.00000000000000
31.510000228882	0.66274648904800	0.28171306848526	65.000000000000	0.00000000000000
31.520000457764	0.66319561004639	0.28146123886108	65.000000000000	0.00000000000000
31.530000686646	0.66364347934723	0.28120964765549	65.000000000000	0.00000000000000
31.540000915527	0.66409039497375	0.28095760941505	65.000000000000	0.00000000000000
31.549999237061	0.66453605890274	0.28070580959320	65.000000000000	0.00000000000000
31.559999465942	0.66498064994812	0.28045392036438	65.000000000000	0.00000000000000
31.569999694824	0.66542434692383	0.28020161390305	65.000000000000	0.00000000000000
31.579999923706	0.66586679220200	0.27994954586029	65.000000000000	0.00000000000000
31.590000152588	0.66630816459656	0.27969729900360	65.000000000000	0.00000000000000
31.600000381470	0.66674852371216	0.27944496273994	65.000000000000	0.00000000000000
31.610000610352	0.66718775033951	0.27919256687164	65.000000000000	0.00000000000000
31.620000839233	0.66762596368790	0.27894008159637	65.000000000000	0.00000000000000
31.629999160767	0.66806304454803	0.27868753671646	65.000000000000	0.00000000000000
31.639999389648	0.66849911212921	0.27843487262726	65.000000000000	0.00000000000000
31.649999618530	0.66893410682678	0.27818217873573	65.000000000000	0.00000000000000
31.659999847412	0.66936808824539	0.27792939543724	65.000000000000	0.00000000000000
31.670000076294	0.66980099678040	0.27767655253410	65.000000000000	0.00000000000000
31.680000305176	0.67023283243179	0.27742365002632	65.000000000000	0.00000000000000
31.690000534058	0.67066359519958	0.27717065811157	65.000000000000	0.00000000000000
31.700000762939	0.67109334468842	0.27691766619682	65.000000000000	0.00000000000000
31.709999084473	0.67152214050293	0.27666455507278	65.000000000000	0.00000000000000
31.719999313354	0.67194974422455	0.27641138434410	65.000000000000	0.00000000000000
31.729999542236	0.67237639427185	0.27615815401077	65.000000000000	0.00000000000000
31.739999771118	0.67280191183090	0.27590489387512	65.000000000000	0.00000000000000
31.750000000000	0.67322653532028	0.27565157413483	65.000000000000	0.00000000000000
31.760000228882	0.67365002632141	0.27539819478989	65.000000000000	0.00000000000000
31.770000457764	0.67407256364822	0.27514475584030	65.000000000000	0.00000000000000
31.780000686646	0.67449408769608	0.27489125728607	65.000000000000	0.00000000000000
31.790000915527	0.67491459846497	0.27463772892952	65.000000000000	0.00000000000000
31.799999237061	0.67533409595490	0.27438414096832	65.000000000000	0.00000000000000
31.809999465942	0.67575246095657	0.27413052320480	65.000000000000	0.00000000000000
31.819999694824	0.67616993188858	0.27387687563896	65.000000000000	0.00000000000000
31.829999923706	0.67658638954163	0.27362316846848	65.000000000000	0.00000000000000
31.840000152588	0.67700177431107	0.27336940169334	65.000000000000	0.00000000000000
31.850000381470	0.67741626501083	0.27311563491821	65.000000000000	0.00000000000000
31.860000610352	0.67782962322235	0.27286177873611	65.000000000000	0.00000000000000
31.870000839233	0.67824214696884	0.27260792255402	65.000000000000	0.00000000000000
31.879999160767	0.67865347862244	0.27235403656960	65.000000000000	0.00000000000000
31.889999389648	0.67906391620636	0.27210009098053	65.000000000000	0.00000000000000
31.899999618530	0.67947345972061	0.27184614539146	65.000000000000	0.00000000000000
31.909999847412	0.67988193035126	0.27159214019775	65.000000000000	0.00000000000000
31.920000076294	0.68028938770294	0.27133813500404	65.000000000000	0.00000000000000
31.930000305176	0.68069595098495	0.27108407020569	65.000000000000	0.00000000000000
31.940000534058	0.68110144138336	0.27082997560501	65.000000000000	0.00000000000000
31.950000762939	0.68150603771210	0.27057588100433	65.000000000000	0.00000000000000
31.959999084473	0.68190968036652	0.27032175660133	65.000000000000	0.00000000000000
31.969999313354	0.68231219053268	0.27006760239601	65.000000000000	0.00000000000000
31.979999542236	0.68271398544312	0.26981344819069	65.000000000000	0.00000000000000
31.989999771118	0.68311464786530	0.26955926418304	65.000000000000	0.00000000000000
32.000000000000	0.68351441621780	0.26930505037308	65.000000000000	0.00000000000000
32.009998321533	0.68391311168671	0.26905080676079	65.000000000000	0.00000000000000
32.020000457764	0.68431097269058	0.26879659295082	65.000000000000	0.00000000000000
32.029998779297	0.68470782041550	0.26854228973389	65.000000000000	0.00000000000000
32.040000915527	0.68510377407074	0.26828804612160	65.000000000000	0.00000000000000
32.049999237061	0.68549877405167	0.26803380250931	65.000000000000	0.00000000000000
32.060001373291	0.68589276075363	0.26777949929237	65.000000000000	0.00000000000000
32.069999694824	0.68628585338593	0.26752519607544	65.000000000000	0.00000000000000
32.080001831055	0.68667799234390	0.26727086305618	65.000000000000	0.00000000000000
32.090000152588	0.68706923723221	0.26701655983925	65.000000000000	0.00000000000000
32.099998474121	0.68745958805084	0.26676222681999	65.000000000000	0.00000000000000
32.110000610352	0.68784886598587	0.26650792360306	65.000000000000	0.00000000000000
32.119998931885	0.68823730945587	0.26625359058380	65.000000000000	0.00000000000000
32.130001068115	0.68862479925156	0.26599925756454	65.000000000000	0.00000000000000
32.139999389648	0.68901133537292	0.26574492454529	65.000000000000	0.00000000000000
32.150001525879	0.68939703702927	0.26549059152603	65.000000000000	0.00000000000000
32.159999847412	0.68978178501129	0.26523628830910	65.000000000000	0.00000000000000
32.169998168945	0.69016563892365	0.26498198509216	65.000000000000	0.00000000000000
32.180000305176	0.69054853916168	0.26472765207291	65.000000000000	0.00000000000000
32.189998626709	0.69093054533005	0.26447334885597	65.000000000000	0.00000000000000
32.200000762939	0.69131165742874	0.26421901583672	65.000000000000	0.00000000000000
32.209999084473	0.69169193506241	0.26396471261978	65.000000000000	0.00000000000000
32.220001220703	0.69207113981247	0.26371040940285	65.000000000000	0.00000000000000
32.229999542236	0.69244956970215	0.26345610618591	65.000000000000	0.00000000000000
32.240001678467	0.69282704591751	0.26320186257362	65.000000000000	0.00000000000000
32.250000000000	0.69320362806320	0.26294758915901	65.000000000000	0.00000000000000
32.259998321533	0.69357937574387	0.26269334554672	65.000000000000	0.00000000000000
32.270000457764	0.69395416975021	0.26243910193443	65.000000000000	0.00000000000000
32.279998779297	0.69432812929153	0.26218488812447	65.000000000000	0.00000000000000
32.290000915527	0.69470119476318	0.26193067431450	65.000000000000	0.00000000000000
32.299999237061	0.69507330656052	0.26167649030685	65.000000000000	0.00000000000000
32.310001373291	0.69544458389282	0.26142227649689	65.000000000000	0.00000000000000
32.319999694824	0.69581496715546	0.26116815209389	65.000000000000	0.00000000000000
32.330001831055	0.69618457555771	0.26091402769089	65.000000000000	0.00000000000000
32.340000152588	0.69655323028564	0.26065993309021	65.000000000000	0.00000000000000
32.349998474121	0.69692105054855	0.26040583848953	65.000000000000	0.00000000000000
32.360000610352	0.69728797674179	0.26015174388885	65.000000000000	0.00000000000000
32.369998931885	0.69765394926071	0.25989770889282	65.000000000000	0.00000000000000
32.380001068115	0.69801920652390	0.25964370369911	65.000000000000	0.00000000000000
32.389999389648	0.69838356971741	0.25938969850540	65.000000000000	0.00000000000000
32.400001525879	0.69874703884125	0.25913572311401	65.000000000000	0.00000000000000
32.409999847412	0.69910961389542	0.25888177752495	65.000000000000	0.00000000000000
32.419998168945	0.69947135448456	0.25862789154053	65.000000000000	0.00000000000000
32.430000305176	0.69983232021332	0.25837400555611	65.000000000000	0.00000000000000
32.439998626709	0.70019239187241	0.25812017917633	65.000000000000	0.00000000000000
32.450000762939	0.70055162906647	0.25786632299423	65.000000000000	0.00000000000000
32.459999084473	0.70090997219086	0.25761255621910	65.000000000000	0.00000000000000
32.470001220703	0.70126754045486	0.25735875964165	65.000000000000	0.00000000000000
32.479999542236	0.70162421464920	0.25710508227348	65.000000000000	0.00000000000000
32.490001678467	0.70198011398315	0.25685137510300	65.000000000000	0.00000000000000
32.500000000000	0.70233511924744	0.25659772753716	65.000000000000	0.00000000000000
32.509998321533	0.70268929004669	0.25634410977364	65.000000000000	0.00000000000000
32.520000457764	0.70304268598557	0.25609052181244	65.000000000000	0.00000000000000
32.529998779297	0.70339524745941	0.25583699345589	65.000000000000	0.00000000000000
32.540000915527	0.70374697446823	0.25558349490166	65.000000000000	0.00000000000000
32.549999237061	0.70409786701202	0.25533005595207	65.000000000000	0.00000000000000
32.560001373291	0.70444792509079	0.25507661700249	65.000000000000	0.00000000000000
32.569999694824	0.70479726791382	0.25482323765755	65.000000000000	0.00000000000000
32.580001831055	0.70514565706253	0.25456994771957	65.000000000000	0.00000000000000
32.590000152588	0.70549327135086	0.25431659817696	65.000000000000	0.00000000000000
32.599998474121	0.70584011077881	0.25406336784363	65.000000000000	0.00000000000000
32.610000610352	0.70618611574173	0.25381016731262	65.000000000000	0.00000000000000
32.619998931885	0.70653128623962	0.25355702638626	65.000000000000	0.00000000000000
32.630001068115	0.70687574148178	0.25330388545990	65.000000000000	0.00000000000000
32.639999389648	0.70721930265427	0.25305083394051	65.000000000000	0.00000000000000
32.650001525879	0.70756202936172	0.25279781222343	65.000000000000	0.00000000000000
32.659999847412	0.70790404081345	0.25254485011101	65.000000000000	0.00000000000000
32.669998168945	0.70824527740479	0.25229191780090	65.000000000000	0.00000000000000
32.680000305176	0.70858567953110	0.25203907489777	65.000000000000	0.00000000000000
32.689998626709	0.70892530679703	0.25178623199463	65.000000000000	0.00000000000000
32.700000762939	0.70926415920258	0.25153347849846	65.000000000000	0.00000000000000
32.709999084473	0.70960217714310	0.25128072500229	65.000000000000	0.00000000000000
32.720001220703	0.70993936061859	0.25102809071541	65.000000000000	0.00000000000000
32.729999542236	0.71027582883835	0.25077545642853	65.000000000000	0.00000000000000
32.740001678467	0.71061152219772	0.25052294135094	65.000000000000	0.00000000000000
32.750000000000	0.71094650030136	0.25027042627335	65.000000000000	0.00000000000000
32.759998321533	0.71128064393997	0.25001800060272	65.000000000000	0.00000000000000
32.770000457764	0.71161395311356	0.24976558983326	65.000000000000	0.00000000000000
32.779998779297	0.71194648742676	0.24951325356960	65.000000000000	0.00000000000000
32.790000915527	0.71227830648422	0.24926096200943	65.000000000000	0.00000000000000
32.799999237061	0.71260935068130	0.24900877475739	65.000000000000	0.00000000000000
32.810001373291	0.71293962001801	0.24875660240650	65.000000000000	0.00000000000000
32.819999694824	0.71326917409897	0.24850454926491	65.000000000000	0.00000000000000
32.830001831055	0.71359789371490	0.24825246632099	65.000000000000	0.00000000000000
32.840000152588	0.71392589807510	0.24800051748753	65.000000000000	0.00000000000000
32.849998474121	0.71425318717957	0.24774862825871	65.000000000000	0.00000000000000
32.860000610352	0.71457964181900	0.24749675393105	65.000000000000	0.00000000000000
32.869998931885	0.71490532159805	0.24724496901035	65.000000000000	0.00000000000000
32.880001068115	0.71523034572601	0.24699321389198	65.000000000000	0.00000000000000
32.889999389648	0.71555453538895	0.24674159288406	65.000000000000	0.00000000000000
32.900001525879	0.71587800979614	0.24649000167847	65.000000000000	0.00000000000000
32.909999847412	0.71620076894760	0.24623845517635	65.000000000000	0.00000000000000
32.919998168945	0.71652275323868	0.24598699808121	65.000000000000	0.00000000000000
32.930000305176	0.71684396266937	0.24573558568954	65.000000000000	0.00000000000000
32.939998626709	0.71716445684433	0.24548426270485	65.000000000000	0.00000000000000
32.950000762939	0.71748417615891	0.24523298442364	65.000000000000	0.00000000000000
32.959999084473	0.71780323982239	0.24498178064823	65.000000000000	0.00000000000000
32.970001220703	0.71812158823013	0.24473065137863	65.000000000000	0.00000000000000
32.979999542236	0.71843916177750	0.24447959661484	65.000000000000	0.00000000000000
32.990001678467	0.71875596046448	0.24422861635685	65.000000000000	0.00000000000000
33.000000000000	0.71907210350037	0.24397771060467	65.000000000000	0.00000000000000
33.009998321533	0.71938741207123	0.24372687935829	65.000000000000	0.00000000000000
33.020000457764	0.71970206499100	0.24347610771656	65.000000000000	0.00000000000000
33.029998779297	0.72001600265503	0.24322539567947	65.000000000000	0.00000000000000
33.040000915527	0.72032922506332	0.24297477304935	65.000000000000	0.00000000000000
33.049999237061	0.72064167261124	0.24272421002388	65.000000000000	0.00000000000000
33.060001373291	0.72095352411270	0.24247373640537	65.000000000000	0.00000000000000
33.069999694824	0.72126460075378	0.24222333729267	65.000000000000	0.00000000000000
33.080001831055	0.72157490253448	0.24197299778461	65.000000000000	0.00000000000000
33.090000152588	0.72188454866409	0.24172271788120	65.000000000000	0.00000000000000
33.099998474121	0.72219353914261	0.24147255718708	65.000000000000	0.00000000000000
33.110000610352	0.72250163555145	0.24122245609760	65.000000000000	0.00000000000000
33.119998931885	0.72280919551849	0.24097242951393	65.000000000000	0.00000000000000
33.130001068115	0.72311604022980	0.24072247743607	65.000000000000	0.00000000000000
33.139999389648	0.72342211008072	0.24047259986401	65.000000000000	0.00000000000000
33.150001525879	0.72372752428055	0.24022282660007	65.000000000000	0.00000000000000
33.159999847412	0.72403228282928	0.23997311294079	65.000000000000	0.00000000000000
33.169998168945	0.72433626651764	0.23972347378731	65.000000000000	0.00000000000000
33.180000305176	0.72463953495026	0.23947390913963	65.000000000000	0.00000000000000
33.189998626709	0.72494214773178	0.23922444880009	65.000000000000	0.00000000000000
33.200000762939	0.72524416446686	0.23897503316402	65.000000000000	0.00000000000000
33.209999084473	0.72554534673691	0.23872575163841	65.000000000000	0.00000000000000
33.220001220703	0.72584593296051	0.23847651481628	65.000000000000	0.00000000000000
33.229999542236	0.72614580392838	0.23822736740112	65.000000000000	0.00000000000000
33.240001678467	0.72644501924515	0.23797832429409	65.000000000000	0.00000000000000
33.250000000000	0.72674351930618	0.23772932589054	65.000000000000	0.00000000000000
33.259998321533	0.72704130411148	0.23748044669628	65.000000000000	0.00000000000000
33.270000457764	0.72733849287033	0.23723164200783	65.000000000000	0.00000000000000
33.279998779297	0.72763490676880	0.23698292672634	65.000000000000	0.00000000000000
33.290000915527	0.72793078422546	0.23673428595066	65.000000000000	0.00000000000000
33.299999237061	0.72822582721710	0.23648571968079	65.000000000000	0.00000000000000
33.310001373291	0.72852033376694	0.23623727262020	65.000000000000	0.00000000000000
33.319999694824	0.72881406545639	0.23598887026310	65.000000000000	0.00000000000000
33.330001831055	0.72910720109940	0.23574057221413	65.000000000000	0.00000000000000
33.340000152588	0.72939968109131	0.23549237847328	65.000000000000	0.00000000000000
33.349998474121	0.72969144582748	0.23524425923824	65.000000000000	0.00000000000000
33.360000610352	0.72998261451721	0.23499621450901	65.000000000000	0.00000000000000
33.369998931885	0.73027300834656	0.23474828898907	65.000000000000	0.00000000000000
33.380001068115	0.73056280612946	0.23450045287609	65.000000000000	0.00000000000000
33.389999389648	0.73085194826126	0.23425270617008	65.000000000000	0.00000000000000
33.400001525879	0.73114049434662	0.23400503396988	65.000000000000	0.00000000000000
33.409999847412	0.73142826557159	0.23375746607780	65.000000000000	0.00000000000000
33.419998168945	0.73171538114548	0.23350997269154	65.000000000000	0.00000000000000
33.430000305176	0.73200196027756	0.23326253890991	65.000000000000	0.00000000000000
33.439998626709	0.73228782415390	0.23301525413990	65.000000000000	0.00000000000000
33.450000762939	0.73257309198380	0.23276807367802	65.000000000000	0.00000000000000
33.459999084473	0.73285764455795	0.23252093791962	65.000000000000	0.00000000000000
33.470001220703	0.73314160108566	0.23227390646935	65.000000000000	0.00000000000000
33.479999542236	0.73342484235764	0.23202700912952	65.000000000000	0.00000000000000
33.490001678467	0.73370748758316	0.23178014159203	65.000000000000	0.00000000000000
33.500000000000	0.73398953676224	0.23153342306614	65.000000000000	0.00000000000000
33.509998321533	0.73427093029022	0.23128674924374	65.000000000000	0.00000000000000
33.520000457764	0.73455160856247	0.23104020953178	65.000000000000	0.00000000000000
33.529998779297	0.73483175039291	0.23079375922680	65.000000000000	0.00000000000000
33.540000915527	0.73511111736298	0.23054741322994	65.000000000000	0.00000000000000
33.549999237061	0.73539000749588	0.23030114173889	65.000000000000	0.00000000000000
33.560001373291	0.73566812276840	0.23005497455597	65.000000000000	0.00000000000000
33.569999694824	0.73594576120377	0.22980889678001	65.000000000000	0.00000000000000
33.580001831055	0.73622274398804	0.22956295311451	65.000000000000	0.00000000000000
33.590000152588	0.73649901151657	0.22931706905365	65.000000000000	0.00000000000000
33.599998474121	0.73677474260330	0.22907130420208	65.000000000000	0.00000000000000
33.610000610352	0.73704981803894	0.22882561385632	65.000000000000	0.00000000000000
33.619998931885	0.73732423782349	0.22858007252216	65.000000000000	0.00000000000000
33.630001068115	0.73759812116623	0.22833460569382	65.000000000000	0.00000000000000
33.639999389648	0.73787128925323	0.22808925807476	65.000000000000	0.00000000000000
33.650001525879	0.73814386129379	0.22784398496151	65.000000000000	0.00000000000000
33.659999847412	0.73841583728790	0.22759880125523	65.000000000000	0.00000000000000
33.669998168945	0.73868727684021	0.22735378146172	65.000000000000	0.00000000000000
33.680000305176	0.73895806074142	0.22710877656937	65.000000000000	0.00000000000000
33.689998626709	0.73922812938690	0.22686393558979	65.000000000000	0.00000000000000
33.700000762939	0.73949778079987	0.22661919891834	65.000000000000	0.00000000000000
33.709999084473	0.73976665735245	0.22637452185154	65.000000000000	0.00000000000000
33.720001220703	0.74003499746323	0.22612996399403	65.000000000000	0.00000000000000
33.729999542236	0.74030262231827	0.22588552534580	65.000000000000	0.00000000000000
33.740001678467	0.74056982994080	0.22564119100571	65.000000000000	0.00000000000000
33.750000000000	0.74083638191223	0.22539694607258	65.000000000000	0.00000000000000
33.759998321533	0.74110227823257	0.22515280544758	65.000000000000	0.00000000000000
33.770000457764	0.74136757850647	0.22490878403187	65.000000000000	0.00000000000000
33.779998779297	0.74163228273392	0.22466486692429	65.000000000000	0.00000000000000
33.790000915527	0.74189639091492	0.22442106902599	65.000000000000	0.00000000000000
33.799999237061	0.74215996265411	0.22417734563351	65.000000000000	0.00000000000000
33.810001373291	0.74242293834686	0.22393374145031	65.000000000000	0.00000000000000
33.819999694824	0.74268525838852	0.22369025647640	65.000000000000	0.00000000000000
33.830001831055	0.74294698238373	0.22344689071178	65.000000000000	0.00000000000000
33.840000152588	0.74320816993713	0.22320359945297	65.000000000000	0.00000000000000
33.849998474121	0.74346882104874	0.22296045720577	65.000000000000	0.00000000000000
33.860000610352	0.74372875690460	0.22271738946438	65.000000000000	0.00000000000000
33.869998931885	0.74398821592331	0.22247442603111	65.000000000000	0.00000000000000
33.880001068115	0.74424707889557	0.22223161160946	65.000000000000	0.00000000000000
33.889999389648	0.74450528621674	0.22198887169361	65.000000000000	0.00000000000000
33.900001525879	0.74476295709610	0.22174625098705	65.000000000000	0.00000000000000
33.909999847412	0.74502009153366	0.22150374948978	65.000000000000	0.00000000000000
33.919998168945	0.74527662992477	0.22126136720181	65.000000000000	0.00000000000000
33.930000305176	0.74553251266479	0.22101907432079	65.000000000000	0.00000000000000
33.939998626709	0.74578797817230	0.22077691555023	65.000000000000	0.00000000000000
33.950000762939	0.74604278802872	0.22053484618664	65.000000000000	0.00000000000000
33.959999084473	0.74629706144333	0.22029291093349	65.000000000000	0.00000000000000
33.970001220703	0.74655067920685	0.22005106508732	65.000000000000	0.00000000000000
33.979999542236	0.74680382013321	0.21980938315392	65.000000000000	0.00000000000000
33.990001678467	0.74705630540848	0.21956774592400	65.000000000000	0.00000000000000
34.000000000000	0.74730831384659	0.21932625770569	65.000000000000	0.00000000000000
34.009998321533	0.74755978584290	0.21908491849899	65.000000000000	0.00000000000000
34.020000457764	0.74781060218811	0.21884365379810	65.000000000000	0.00000000000000
34.029998779297	0.74806088209152	0.21860250830650	65.000000000000	0.00000000000000
34.040000915527	0.74831056594849	0.21836148202419	65.000000000000	0.00000000000000
34.049999237061	0.74855977296829	0.21812058985233	65.000000000000	0.00000000000000
34.060001373291	0.74880832433701	0.21787977218628	65.000000000000	0.00000000000000
34.069999694824	0.74905639886856	0.21763908863068	65.000000000000	0.00000000000000
34.080001831055	0.74930399656296	0.21739853918552	65.000000000000	0.00000000000000
34.090000152588	0.74955093860626	0.21715809404850	65.000000000000	0.00000000000000
34.099998474121	0.74979728460312	0.21691778302193	65.000000000000	0.00000000000000
34.110000610352	0.75004315376282	0.21667756140232	65.000000000000	0.00000000000000
34.119998931885	0.75028848648071	0.21643748879433	65.000000000000	0.00000000000000
34.130001068115	0.75053322315216	0.21619750559330	65.000000000000	0.00000000000000
34.139999389648	0.75077748298645	0.21595765650272	65.000000000000	0.00000000000000
34.150001525879	0.75102114677429	0.21571792662144	65.000000000000	0.00000000000000
34.159999847412	0.75126427412033	0.21547831594944	65.000000000000	0.00000000000000
34.169998168945	0.75150680541992	0.21523883938789	65.000000000000	0.00000000000000
34.180000305176	0.75174891948700	0.21499943733215	65.000000000000	0.00000000000000
34.189998626709	0.75199043750763	0.21476022899151	65.000000000000	0.00000000000000
34.200000762939	0.75223141908646	0.21452109515667	65.000000000000	0.00000000000000
34.209999084473	0.75247186422348	0.21428209543228	65.000000000000	0.00000000000000
34.220001220703	0.75271183252335	0.21404321491718	65.000000000000	0.00000000000000
34.229999542236	0.75295126438141	0.21380448341370	65.000000000000	0.00000000000000
34.240001678467	0.75319010019302	0.21356573700905	65.000000000000	0.00000000000000
34.250000000000	0.75342833995819	0.21332745254040	65.000000000000	0.00000000000000
34.259998321533	0.75366622209549	0.21308894455433	65.000000000000	0.00000000000000
34.270000457764	0.75390338897705	0.21285088360310	65.000000000000	0.00000000000000
34.279998779297	0.75414025783539	0.21261225640774	65.000000000000	0.00000000000000
34.290000915527	0.75437653064728	0.21237444877625	65.000000000000	0.00000000000000
34.299999237061	0.75461214780807	0.21213674545288	65.000000000000	0.00000000000000
34.310001373291	0.75484734773636	0.21189878880978	65.000000000000	0.00000000000000
34.319999694824	0.75508207082748	0.21166096627712	65.000000000000	0.00000000000000
34.330001831055	0.75531601905823	0.21142394840717	65.000000000000	0.00000000000000
34.340000152588	0.75554978847504	0.21118637919426	65.000000000000	0.00000000000000
34.349998474121	0.75578284263611	0.21094901859760	65.000000000000	0.00000000000000
34.360000610352	0.75601547956467	0.21071189641953	65.000000000000	0.00000000000000
34.369998931885	0.75624752044678	0.21047487854958	65.000000000000	0.00000000000000
34.380001068115	0.75647908449173	0.21023800969124	65.000000000000	0.00000000000000
34.389999389648	0.75671017169952	0.21000124514103	65.000000000000	0.00000000000000
34.400001525879	0.75694072246552	0.20976459980011	65.000000000000	0.00000000000000
34.409999847412	0.75717079639435	0.20952811837196	65.000000000000	0.00000000000000
34.419998168945	0.75740027427673	0.20929174125195	65.000000000000	0.00000000000000
34.430000305176	0.75762939453125	0.20905551314354	65.000000000000	0.00000000000000
34.439998626709	0.75785791873932	0.20881940424442	65.000000000000	0.00000000000000
34.450000762939	0.75808596611023	0.20858341455460	65.000000000000	0.00000000000000
34.459999084473	0.75831347703934	0.20834757387638	65.000000000000	0.00000000000000
34.470001220703	0.75854051113129	0.20811186730862	65.000000000000	0.00000000000000
34.479999542236	0.75876712799072	0.20787625014782	65.000000000000	0.00000000000000
34.490001678467	0.75899308919907	0.20764079689980	65.000000000000	0.00000000000000
34.500000000000	0.75921863317490	0.20740544795990	65.000000000000	0.00000000000000
34.509998321533	0.75944375991821	0.20717024803162	65.000000000000	0.00000000000000
34.520000457764	0.75966829061508	0.20693516731262	65.000000000000	0.00000000000000
34.529998779297	0.75989234447479	0.20670026540756	65.000000000000	0.00000000000000
34.540000915527	0.76011598110199	0.20646543800831	65.000000000000	0.00000000000000
34.549999237061	0.76033914089203	0.20623078942299	65.000000000000	0.00000000000000
34.560001373291	0.76056170463562	0.20599623024464	65.000000000000	0.00000000000000
34.569999694824	0.76078379154205	0.20576180517673	65.000000000000	0.00000000000000
34.580001831055	0.76100552082062	0.20552752912045	65.000000000000	0.00000000000000
34.590000152588	0.76122671365738	0.20529340207577	65.000000000000	0.00000000000000
34.599998474121	0.76144737005234	0.20505939424038	65.000000000000	0.00000000000000
34.610000610352	0.76166760921478	0.20482549071312	65.000000000000	0.00000000000000
34.619998931885	0.76188737154007	0.20459178090096	65.000000000000	0.00000000000000
34.630001068115	0.76210659742355	0.20435816049576	65.000000000000	0.00000000000000
34.639999389648	0.76232546567917	0.20412467420101	65.000000000000	0.00000000000000
34.650001525879	0.76254373788834	0.20389133691788	65.000000000000	0.00000000000000
34.659999847412	0.76276153326035	0.20365813374519	65.000000000000	0.00000000000000
34.669998168945	0.76297897100449	0.20342507958412	65.000000000000	0.00000000000000
34.680000305176	0.76319587230682	0.20319212973118	65.000000000000	0.00000000000000
34.689998626709	0.76341229677200	0.20295931398869	65.000000000000	0.00000000000000
34.700000762939	0.76362824440002	0.20272664725780	65.000000000000	0.00000000000000
34.709999084473	0.76384377479553	0.20249409973621	65.000000000000	0.00000000000000
34.720001220703	0.76405876874924	0.20226171612740	65.000000000000	0.00000000000000
34.729999542236	0.76427340507507	0.20202946662903	65.000000000000	0.00000000000000
34.740001678467	0.76448756456375	0.20179732143879	65.000000000000	0.00000000000000
34.750000000000	0.76470112800598	0.20156535506248	65.000000000000	0.00000000000000
34.759998321533	0.76491439342499	0.20133347809315	65.000000000000	0.00000000000000
34.770000457764	0.76512712240219	0.20110176503658	65.000000000000	0.00000000000000
34.779998779297	0.76533937454224	0.20087017118931	65.000000000000	0.00000000000000
34.790000915527	0.76555126905441	0.20063874125481	65.000000000000	0.00000000000000
34.799999237061	0.76576268672943	0.20040743052959	65.000000000000	0.00000000000000
34.810001373291	0.76597356796265	0.20017623901367	65.000000000000	0.00000000000000
34.819999694824	0.76618409156799	0.19994522631168	65.000000000000	0.00000000000000
34.830001831055	0.76639413833618	0.19971431791782	65.000000000000	0.00000000000000
34.840000152588	0.76660376787186	0.19948355853558	65.000000000000	0.00000000000000
34.849998474121	0.76681292057037	0.19925293326378	65.000000000000	0.00000000000000
34.860000610352	0.76702159643173	0.19902247190475	65.000000000000	0.00000000000000
34.869998931885	0.76722985506058	0.19879209995270	65.000000000000	0.00000000000000
34.880001068115	0.76743775606155	0.19856190681458	65.000000000000	0.00000000000000
34.889999389648	0.76764512062073	0.19833184778690	65.000000000000	0.00000000000000
34.900001525879	0.76785200834274	0.19810189306736	65.000000000000	0.00000000000000
34.909999847412	0.76805859804153	0.19787210226059	65.000000000000	0.00000000000000
34.919998168945	0.76826459169388	0.19764241576195	65.000000000000	0.00000000000000
34.930000305176	0.76847022771835	0.19741289317608	65.000000000000	0.00000000000000
34.939998626709	0.76867550611496	0.19718351960182	65.000000000000	0.00000000000000
34.950000762939	0.76888030767441	0.19695425033569	65.000000000000	0.00000000000000
34.959999084473	0.76908463239670	0.19672515988350	65.000000000000	0.00000000000000
34.970001220703	0.76928859949112	0.19649617373943	65.000000000000	0.00000000000000
34.979999542236	0.76949208974838	0.19626735150814	65.000000000000	0.00000000000000
34.990001678467	0.76969516277313	0.19603864848614	65.000000000000	0.00000000000000
35.000000000000	0.76989787817001	0.19581009447575	65.000000000000	0.00000000000000
