#Parameters = {d=0.2674623115578; l2=5.349246231156; lambda=10.698492462312; r=0.036043221105529}
#"Frequency / GHz"	"S1,1 (lambda=10.6985) [Re]"	"S1,1 (lambda=10.6985) [Im]"	"Ref.Imp. [Re]"	"Ref.Imp. [Im]"
#-----------------------------------------------------------------------------------------------------------
25.000000000000	-0.013376777060330	-0.032890740782022	65.000000000000	0.00000000000000
25.010000228882	-0.012886445038021	-0.030755747109652	65.000000000000	0.00000000000000
25.020000457764	-0.012386962771416	-0.028625406324863	65.000000000000	0.00000000000000
25.030000686646	-0.011878355406225	-0.026499779894948	65.000000000000	0.00000000000000
25.040000915527	-0.011360680684447	-0.024378914386034	65.000000000000	0.00000000000000
25.049999237061	-0.010833987966180	-0.022262865677476	65.000000000000	0.00000000000000
25.059999465942	-0.010298317298293	-0.020151684060693	65.000000000000	0.00000000000000
25.069999694824	-0.0097537189722061	-0.018045417964458	65.000000000000	0.00000000000000
25.079999923706	-0.0092002488672733	-0.015944119542837	65.000000000000	0.00000000000000
25.090000152588	-0.0086379470303655	-0.013847837224603	65.000000000000	0.00000000000000
25.100000381470	-0.0080668702721596	-0.011756615713239	65.000000000000	0.00000000000000
25.110000610352	-0.0074870674870908	-0.0096705053001642	65.000000000000	0.00000000000000
25.120000839233	-0.0068985824473202	-0.0075895567424595	65.000000000000	0.00000000000000
25.129999160767	-0.0063014742918313	-0.0055138124153018	65.000000000000	0.00000000000000
25.139999389648	-0.0056957835331559	-0.0034433219116181	65.000000000000	0.00000000000000
25.149999618530	-0.0050815683789551	-0.0013781265588477	65.000000000000	0.00000000000000
25.159999847412	-0.0044588781893253	0.00068172562168911	65.000000000000	0.00000000000000
25.170000076294	-0.0038277637213469	0.0027361896354705	65.000000000000	0.00000000000000
25.180000305176	-0.0031882761977613	0.0047852229326963	65.000000000000	0.00000000000000
25.190000534058	-0.0025404670741409	0.0068287812173367	65.000000000000	0.00000000000000
25.200000762939	-0.0018843883881345	0.0088668232783675	65.000000000000	0.00000000000000
25.209999084473	-0.0012200928758830	0.010899303480983	65.000000000000	0.00000000000000
25.219999313354	-0.00054763577645645	0.012926181778312	65.000000000000	0.00000000000000
25.229999542236	0.00013293691154104	0.014947419986129	65.000000000000	0.00000000000000
25.239999771118	0.00082156975986436	0.016962971538305	65.000000000000	0.00000000000000
25.250000000000	0.0015182084171101	0.018972801044583	65.000000000000	0.00000000000000
25.260000228882	0.0022228017915040	0.020976869389415	65.000000000000	0.00000000000000
25.270000457764	0.0029352901037782	0.022975133731961	65.000000000000	0.00000000000000
25.280000686646	0.0036556269042194	0.024967558681965	65.000000000000	0.00000000000000
25.290000915527	0.0043837632983923	0.026954105123878	65.000000000000	0.00000000000000
25.299999237061	0.0051196343265474	0.028934735804796	65.000000000000	0.00000000000000
25.309999465942	0.0058631841093302	0.030909417197108	65.000000000000	0.00000000000000
25.319999694824	0.0066143749281764	0.032878108322620	65.000000000000	0.00000000000000
25.329999923706	0.0073731415905058	0.034840773791075	65.000000000000	0.00000000000000
25.340000152588	0.0081394268199801	0.036797381937504	65.000000000000	0.00000000000000
25.350000381470	0.0089131854474545	0.038747899234295	65.000000000000	0.00000000000000
25.360000610352	0.0096943564713001	0.040692288428545	65.000000000000	0.00000000000000
25.370000839233	0.010482889600098	0.042630515992641	65.000000000000	0.00000000000000
25.379999160767	0.011278726160526	0.044562552124262	65.000000000000	0.00000000000000
25.389999389648	0.012081811204553	0.046488363295794	65.000000000000	0.00000000000000
25.399999618530	0.012892077676952	0.048407915979624	65.000000000000	0.00000000000000
25.409999847412	0.013709505088627	0.050321180373430	65.000000000000	0.00000000000000
25.420000076294	0.014534013345838	0.052228126674891	65.000000000000	0.00000000000000
25.430000305176	0.015365553088486	0.054128717631102	65.000000000000	0.00000000000000
25.440000534058	0.016204049810767	0.056022938340902	65.000000000000	0.00000000000000
25.450000762939	0.017049480229616	0.057910751551390	65.000000000000	0.00000000000000
25.459999084473	0.017901767045259	0.059792123734951	65.000000000000	0.00000000000000
25.469999313354	0.018760869279504	0.061667032539845	65.000000000000	0.00000000000000
25.479999542236	0.019626727327704	0.063535459339619	65.000000000000	0.00000000000000
25.489999771118	0.020499253645539	0.065397359430790	65.000000000000	0.00000000000000
25.500000000000	0.021378457546234	0.067252717912197	65.000000000000	0.00000000000000
25.510000228882	0.022264240309596	0.069101504981518	65.000000000000	0.00000000000000
25.520000457764	0.023156542330980	0.070943705737591	65.000000000000	0.00000000000000
25.530000686646	0.024055311456323	0.072779275476933	65.000000000000	0.00000000000000
25.540000915527	0.024960525333881	0.074608206748962	65.000000000000	0.00000000000000
25.549999237061	0.025872074067593	0.076430462300777	65.000000000000	0.00000000000000
25.559999465942	0.026789963245392	0.078246034681797	65.000000000000	0.00000000000000
25.569999694824	0.027714062482119	0.080054894089699	65.000000000000	0.00000000000000
25.579999923706	0.028644394129515	0.081857018172741	65.000000000000	0.00000000000000
25.590000152588	0.029580861330032	0.083652377128601	65.000000000000	0.00000000000000
25.600000381470	0.030523402616382	0.085440963506699	65.000000000000	0.00000000000000
25.610000610352	0.031471963971853	0.087222754955292	65.000000000000	0.00000000000000
25.620000839233	0.032426513731480	0.088997729122639	65.000000000000	0.00000000000000
25.629999160767	0.033386964350939	0.090765856206417	65.000000000000	0.00000000000000
25.639999389648	0.034353304654360	0.092527128756046	65.000000000000	0.00000000000000
25.649999618530	0.035325460135937	0.094281524419785	65.000000000000	0.00000000000000
25.659999847412	0.036303333938122	0.096029028296471	65.000000000000	0.00000000000000
25.670000076294	0.037286907434464	0.097769618034363	65.000000000000	0.00000000000000
25.680000305176	0.038276154547930	0.099503278732300	65.000000000000	0.00000000000000
25.690000534058	0.039270944893360	0.10122999548912	65.000000000000	0.00000000000000
25.700000762939	0.040271293371916	0.10294976085424	65.000000000000	0.00000000000000
25.709999084473	0.041277129203081	0.10466253757477	65.000000000000	0.00000000000000
25.719999313354	0.042288351804018	0.10636832565069	65.000000000000	0.00000000000000
25.729999542236	0.043304935097694	0.10806710273027	65.000000000000	0.00000000000000
25.739999771118	0.044326871633530	0.10975886136293	65.000000000000	0.00000000000000
25.750000000000	0.045354012399912	0.11144358664751	65.000000000000	0.00000000000000
25.760000228882	0.046386353671551	0.11312126368284	65.000000000000	0.00000000000000
25.770000457764	0.047423906624317	0.11479187756777	65.000000000000	0.00000000000000
25.780000686646	0.048466492444277	0.11645542830229	65.000000000000	0.00000000000000
25.790000915527	0.049514185637236	0.11811187118292	65.000000000000	0.00000000000000
25.799999237061	0.050566714257002	0.11976126581430	65.000000000000	0.00000000000000
25.809999465942	0.051624275743961	0.12140351533890	65.000000000000	0.00000000000000
25.819999694824	0.052686676383018	0.12303867191076	65.000000000000	0.00000000000000
25.829999923706	0.053753942251205	0.12466666847467	65.000000000000	0.00000000000000
25.840000152588	0.054826002568007	0.12628750503063	65.000000000000	0.00000000000000
25.850000381470	0.055902667343616	0.12790125608444	65.000000000000	0.00000000000000
25.860000610352	0.056984059512615	0.12950783967972	65.000000000000	0.00000000000000
25.870000839233	0.058069985359907	0.13110725581646	65.000000000000	0.00000000000000
25.879999160767	0.059160571545362	0.13269945979118	65.000000000000	0.00000000000000
25.889999389648	0.060255527496338	0.13428454101086	65.000000000000	0.00000000000000
25.899999618530	0.061355046927929	0.13586241006851	65.000000000000	0.00000000000000
25.909999847412	0.062458880245686	0.13743309676647	65.000000000000	0.00000000000000
25.920000076294	0.063567064702511	0.13899658620358	65.000000000000	0.00000000000000
25.930000305176	0.064679548144341	0.14055284857750	65.000000000000	0.00000000000000
25.940000534058	0.065796248614788	0.14210194349289	65.000000000000	0.00000000000000
25.950000762939	0.066917099058628	0.14364381134510	65.000000000000	0.00000000000000
25.959999084473	0.068042166531086	0.14517842233181	65.000000000000	0.00000000000000
25.969999313354	0.069171331822872	0.14670580625534	65.000000000000	0.00000000000000
25.979999542236	0.070304363965988	0.14822602272034	65.000000000000	0.00000000000000
25.989999771118	0.071441464126110	0.14973898231983	65.000000000000	0.00000000000000
26.000000000000	0.072582460939884	0.15124471485615	65.000000000000	0.00000000000000
26.010000228882	0.073727324604988	0.15274320542812	65.000000000000	0.00000000000000
26.020000457764	0.074875980615616	0.15423448383808	65.000000000000	0.00000000000000
26.030000686646	0.076028488576412	0.15571847558022	65.000000000000	0.00000000000000
26.040000915527	0.077184602618217	0.15719525516033	65.000000000000	0.00000000000000
26.049999237061	0.078344479203224	0.15866479277611	65.000000000000	0.00000000000000
26.059999465942	0.079507865011692	0.16012710332870	65.000000000000	0.00000000000000
26.069999694824	0.080674842000008	0.16158215701580	65.000000000000	0.00000000000000
26.079999923706	0.081845410168171	0.16302993893623	65.000000000000	0.00000000000000
26.090000152588	0.083019413053989	0.16447049379349	65.000000000000	0.00000000000000
26.100000381470	0.084196843206882	0.16590382158756	65.000000000000	0.00000000000000
26.110000610352	0.085377544164658	0.16732992231846	65.000000000000	0.00000000000000
26.120000839233	0.086561612784863	0.16874878108501	65.000000000000	0.00000000000000
26.129999160767	0.087748877704144	0.17016041278839	65.000000000000	0.00000000000000
26.139999389648	0.088939435780048	0.17156480252743	65.000000000000	0.00000000000000
26.149999618530	0.090133130550385	0.17296193540096	65.000000000000	0.00000000000000
26.159999847412	0.091329976916313	0.17435185611248	65.000000000000	0.00000000000000
26.170000076294	0.092529810965061	0.17573457956314	65.000000000000	0.00000000000000
26.180000305176	0.093732662498951	0.17711010575294	65.000000000000	0.00000000000000
26.190000534058	0.094938613474369	0.17847831547260	65.000000000000	0.00000000000000
26.200000762939	0.096147350966930	0.17983940243721	65.000000000000	0.00000000000000
26.209999084473	0.097359068691730	0.18119323253632	65.000000000000	0.00000000000000
26.219999313354	0.098573602735996	0.18253985047340	65.000000000000	0.00000000000000
26.229999542236	0.099790811538696	0.18387933075428	65.000000000000	0.00000000000000
26.239999771118	0.10101088136435	0.18521155416965	65.000000000000	0.00000000000000
26.250000000000	0.10223349928856	0.18653666973114	65.000000000000	0.00000000000000
26.260000228882	0.10345885157585	0.18785452842712	65.000000000000	0.00000000000000
26.270000457764	0.10468678921461	0.18916523456573	65.000000000000	0.00000000000000
26.280000686646	0.10591726005077	0.19046880304813	65.000000000000	0.00000000000000
26.290000915527	0.10715023428202	0.19176518917084	65.000000000000	0.00000000000000
26.299999237061	0.10838566720486	0.19305443763733	65.000000000000	0.00000000000000
26.309999465942	0.10962348431349	0.19433653354645	65.000000000000	0.00000000000000
26.319999694824	0.11086373031139	0.19561149179935	65.000000000000	0.00000000000000
26.329999923706	0.11210624128580	0.19687931239605	65.000000000000	0.00000000000000
26.340000152588	0.11335102468729	0.19814004004002	65.000000000000	0.00000000000000
26.350000381470	0.11459805071354	0.19939365983009	65.000000000000	0.00000000000000
26.360000610352	0.11584731936455	0.20064015686512	65.000000000000	0.00000000000000
26.370000839233	0.11709866672754	0.20187957584858	65.000000000000	0.00000000000000
26.379999160767	0.11835215985775	0.20311190187931	65.000000000000	0.00000000000000
26.389999389648	0.11960761249065	0.20433717966080	65.000000000000	0.00000000000000
26.399999618530	0.12086514383554	0.20555536448956	65.000000000000	0.00000000000000
26.409999847412	0.12212464213371	0.20676650106907	65.000000000000	0.00000000000000
26.420000076294	0.12338604778051	0.20797061920166	65.000000000000	0.00000000000000
26.430000305176	0.12464935332537	0.20916768908501	65.000000000000	0.00000000000000
26.440000534058	0.12591451406479	0.21035774052143	65.000000000000	0.00000000000000
26.450000762939	0.12718142569065	0.21154078841209	65.000000000000	0.00000000000000
26.459999084473	0.12845014035702	0.21271684765816	65.000000000000	0.00000000000000
26.469999313354	0.12972050905228	0.21388593316078	65.000000000000	0.00000000000000
26.479999542236	0.13099256157875	0.21504801511765	65.000000000000	0.00000000000000
26.489999771118	0.13226628303528	0.21620318293571	65.000000000000	0.00000000000000
26.500000000000	0.13354159891605	0.21735139191151	65.000000000000	0.00000000000000
26.510000228882	0.13481840491295	0.21849265694618	65.000000000000	0.00000000000000
26.520000457764	0.13609682023525	0.21962697803974	65.000000000000	0.00000000000000
26.530000686646	0.13737662136555	0.22075439989567	65.000000000000	0.00000000000000
26.540000915527	0.13865783810616	0.22187495231628	65.000000000000	0.00000000000000
26.549999237061	0.13994051516056	0.22298863530159	65.000000000000	0.00000000000000
26.559999465942	0.14122450351715	0.22409541904926	65.000000000000	0.00000000000000
26.569999694824	0.14250980317593	0.22519539296627	65.000000000000	0.00000000000000
26.579999923706	0.14379642903805	0.22628849744797	65.000000000000	0.00000000000000
26.590000152588	0.14508421719074	0.22737476229668	65.000000000000	0.00000000000000
26.600000381470	0.14637324213982	0.22845424711704	65.000000000000	0.00000000000000
26.610000610352	0.14766339957714	0.22952695190907	65.000000000000	0.00000000000000
26.620000839233	0.14895467460155	0.23059284687042	65.000000000000	0.00000000000000
26.629999160767	0.15024700760841	0.23165199160576	65.000000000000	0.00000000000000
26.639999389648	0.15154039859772	0.23270440101624	65.000000000000	0.00000000000000
26.649999618530	0.15283478796482	0.23375007510185	65.000000000000	0.00000000000000
26.659999847412	0.15413020551205	0.23478904366493	65.000000000000	0.00000000000000
26.670000076294	0.15542653203011	0.23582129180431	65.000000000000	0.00000000000000
26.680000305176	0.15672369301319	0.23684684932232	65.000000000000	0.00000000000000
26.690000534058	0.15802180767059	0.23786576092243	65.000000000000	0.00000000000000
26.700000762939	0.15932069718838	0.23887799680233	65.000000000000	0.00000000000000
26.709999084473	0.16062036156654	0.23988361656666	65.000000000000	0.00000000000000
26.719999313354	0.16192080080509	0.24088265001774	65.000000000000	0.00000000000000
26.729999542236	0.16322194039822	0.24187503755093	65.000000000000	0.00000000000000
26.739999771118	0.16452378034592	0.24286086857319	65.000000000000	0.00000000000000
26.750000000000	0.16582627594471	0.24384014308453	65.000000000000	0.00000000000000
26.760000228882	0.16712938249111	0.24481286108494	65.000000000000	0.00000000000000
26.770000457764	0.16843304038048	0.24577903747559	65.000000000000	0.00000000000000
26.780000686646	0.16973723471165	0.24673870205879	65.000000000000	0.00000000000000
26.790000915527	0.17104198038578	0.24769189953804	65.000000000000	0.00000000000000
26.799999237061	0.17234726250172	0.24863858520985	65.000000000000	0.00000000000000
26.809999465942	0.17365288734436	0.24957887828350	65.000000000000	0.00000000000000
26.819999694824	0.17495892941952	0.25051265954971	65.000000000000	0.00000000000000
26.829999923706	0.17626543343067	0.25144004821777	65.000000000000	0.00000000000000
26.840000152588	0.17757217586040	0.25236102938652	65.000000000000	0.00000000000000
26.850000381470	0.17887930572033	0.25327563285828	65.000000000000	0.00000000000000
26.860000610352	0.18018674850464	0.25418388843536	65.000000000000	0.00000000000000
26.870000839233	0.18149437010288	0.25508579611778	65.000000000000	0.00000000000000
26.879999160767	0.18280233442783	0.25598135590553	65.000000000000	0.00000000000000
26.889999389648	0.18411034345627	0.25687062740326	65.000000000000	0.00000000000000
26.899999618530	0.18541862070560	0.25775358080864	65.000000000000	0.00000000000000
26.909999847412	0.18672695755959	0.25863030552864	65.000000000000	0.00000000000000
26.920000076294	0.18803542852402	0.25950077176094	65.000000000000	0.00000000000000
26.930000305176	0.18934394419193	0.26036500930786	65.000000000000	0.00000000000000
26.940000534058	0.19065251946449	0.26122304797173	65.000000000000	0.00000000000000
26.950000762939	0.19196107983589	0.26207488775253	65.000000000000	0.00000000000000
26.959999084473	0.19326965510845	0.26292055845261	65.000000000000	0.00000000000000
26.969999313354	0.19457817077637	0.26376008987427	65.000000000000	0.00000000000000
26.979999542236	0.19588659703732	0.26459348201752	65.000000000000	0.00000000000000
26.989999771118	0.19719496369362	0.26542073488235	65.000000000000	0.00000000000000
27.000000000000	0.19850315153599	0.26624196767807	65.000000000000	0.00000000000000
27.010000228882	0.19981117546558	0.26705712080002	65.000000000000	0.00000000000000
27.020000457764	0.20111900568008	0.26786619424820	65.000000000000	0.00000000000000
27.030000686646	0.20242661237717	0.26866924762726	65.000000000000	0.00000000000000
27.040000915527	0.20373396575451	0.26946631073952	65.000000000000	0.00000000000000
27.049999237061	0.20504111051559	0.27025741338730	65.000000000000	0.00000000000000
27.059999465942	0.20634795725346	0.27104249596596	65.000000000000	0.00000000000000
27.069999694824	0.20765437185764	0.27182167768478	65.000000000000	0.00000000000000
27.079999923706	0.20896054804325	0.27259489893913	65.000000000000	0.00000000000000
27.090000152588	0.21026624739170	0.27336227893829	65.000000000000	0.00000000000000
27.100000381470	0.21157163381577	0.27412372827530	65.000000000000	0.00000000000000
27.110000610352	0.21287651360035	0.27487936615944	65.000000000000	0.00000000000000
27.120000839233	0.21418102085590	0.27562913298607	65.000000000000	0.00000000000000
27.129999160767	0.21548502147198	0.27637308835983	65.000000000000	0.00000000000000
27.139999389648	0.21678845584393	0.27711126208305	65.000000000000	0.00000000000000
27.149999618530	0.21809145808220	0.27784368395805	65.000000000000	0.00000000000000
27.159999847412	0.21939380466938	0.27857035398483	65.000000000000	0.00000000000000
27.170000076294	0.22069567441940	0.27929124236107	65.000000000000	0.00000000000000
27.180000305176	0.22199682891369	0.28000643849373	65.000000000000	0.00000000000000
27.190000534058	0.22329746186733	0.28071600198746	65.000000000000	0.00000000000000
27.200000762939	0.22459742426872	0.28141987323761	65.000000000000	0.00000000000000
27.209999084473	0.22589664161205	0.28211808204651	65.000000000000	0.00000000000000
27.219999313354	0.22719524800777	0.28281068801880	65.000000000000	0.00000000000000
27.229999542236	0.22849309444427	0.28349769115448	65.000000000000	0.00000000000000
27.239999771118	0.22979021072388	0.28417909145355	65.000000000000	0.00000000000000
27.250000000000	0.23108655214310	0.28485497832298	65.000000000000	0.00000000000000
27.260000228882	0.23238208889961	0.28552535176277	65.000000000000	0.00000000000000
27.270000457764	0.23367685079575	0.28619015216827	65.000000000000	0.00000000000000
27.280000686646	0.23497077822685	0.28684952855110	65.000000000000	0.00000000000000
27.290000915527	0.23626384139061	0.28750345110893	65.000000000000	0.00000000000000
27.299999237061	0.23755604028702	0.28815186023712	65.000000000000	0.00000000000000
27.309999465942	0.23884740471840	0.28879487514496	65.000000000000	0.00000000000000
27.319999694824	0.24013780057430	0.28943249583244	65.000000000000	0.00000000000000
27.329999923706	0.24142722785473	0.29006472229958	65.000000000000	0.00000000000000
27.340000152588	0.24271574616432	0.29069161415100	65.000000000000	0.00000000000000
27.350000381470	0.24400331079960	0.29131317138672	65.000000000000	0.00000000000000
27.360000610352	0.24528980255127	0.29192939400673	65.000000000000	0.00000000000000
27.370000839233	0.24657534062862	0.29254037141800	65.000000000000	0.00000000000000
27.379999160767	0.24785985052586	0.29314604401588	65.000000000000	0.00000000000000
27.389999389648	0.24914328753948	0.29374650120735	65.000000000000	0.00000000000000
27.399999618530	0.25042563676834	0.29434174299240	65.000000000000	0.00000000000000
27.409999847412	0.25170695781708	0.29493173956871	65.000000000000	0.00000000000000
27.420000076294	0.25298708677292	0.29551663994789	65.000000000000	0.00000000000000
27.430000305176	0.25426611304283	0.29609629511833	65.000000000000	0.00000000000000
27.440000534058	0.25554403662682	0.29667088389397	65.000000000000	0.00000000000000
27.450000762939	0.25682073831558	0.29724034667015	65.000000000000	0.00000000000000
27.459999084473	0.25809633731842	0.29780471324921	65.000000000000	0.00000000000000
27.469999313354	0.25937062501907	0.29836401343346	65.000000000000	0.00000000000000
27.479999542236	0.26064378023148	0.29891827702522	65.000000000000	0.00000000000000
27.489999771118	0.26191568374634	0.29946753382683	65.000000000000	0.00000000000000
27.500000000000	0.26318636536598	0.30001178383827	65.000000000000	0.00000000000000
27.510000228882	0.26445570588112	0.30055105686188	65.000000000000	0.00000000000000
27.520000457764	0.26572379469872	0.30108538269997	65.000000000000	0.00000000000000
27.530000686646	0.26699063181877	0.30161473155022	65.000000000000	0.00000000000000
27.540000915527	0.26825606822968	0.30213928222656	65.000000000000	0.00000000000000
27.549999237061	0.26952028274536	0.30265882611275	65.000000000000	0.00000000000000
27.559999465942	0.27078300714493	0.30317360162735	65.000000000000	0.00000000000000
27.569999694824	0.27204442024231	0.30368345975876	65.000000000000	0.00000000000000
27.579999923706	0.27330449223518	0.30418854951859	65.000000000000	0.00000000000000
27.590000152588	0.27456322312355	0.30468881130219	65.000000000000	0.00000000000000
27.600000381470	0.27582046389580	0.30518430471420	65.000000000000	0.00000000000000
27.610000610352	0.27707624435425	0.30567505955696	65.000000000000	0.00000000000000
27.620000839233	0.27833065390587	0.30616107583046	65.000000000000	0.00000000000000
27.629999160767	0.27958360314369	0.30664241313934	65.000000000000	0.00000000000000
27.639999389648	0.28083506226540	0.30711901187897	65.000000000000	0.00000000000000
27.649999618530	0.28208509087563	0.30759099125862	65.000000000000	0.00000000000000
27.659999847412	0.28333351016045	0.30805832147598	65.000000000000	0.00000000000000
27.670000076294	0.28458052873611	0.30852103233337	65.000000000000	0.00000000000000
27.680000305176	0.28582593798637	0.30897915363312	65.000000000000	0.00000000000000
27.690000534058	0.28706991672516	0.30943265557289	65.000000000000	0.00000000000000
27.700000762939	0.28831228613853	0.30988165736198	65.000000000000	0.00000000000000
27.709999084473	0.28955310583115	0.31032609939575	65.000000000000	0.00000000000000
27.719999313354	0.29079228639603	0.31076604127884	65.000000000000	0.00000000000000
27.729999542236	0.29202997684479	0.31120151281357	65.000000000000	0.00000000000000
27.739999771118	0.29326605796814	0.31163248419762	65.000000000000	0.00000000000000
27.750000000000	0.29450047016144	0.31205904483795	65.000000000000	0.00000000000000
27.760000228882	0.29573327302933	0.31248116493225	65.000000000000	0.00000000000000
27.770000457764	0.29696440696716	0.31289890408516	65.000000000000	0.00000000000000
27.780000686646	0.29819396138191	0.31331226229668	65.000000000000	0.00000000000000
27.790000915527	0.29942184686661	0.31372123956680	65.000000000000	0.00000000000000
27.799999237061	0.30064809322357	0.31412592530251	65.000000000000	0.00000000000000
27.809999465942	0.30187258124352	0.31452625989914	65.000000000000	0.00000000000000
27.819999694824	0.30309543013573	0.31492230296135	65.000000000000	0.00000000000000
27.829999923706	0.30431646108627	0.31531408429146	65.000000000000	0.00000000000000
27.840000152588	0.30553591251373	0.31570163369179	65.000000000000	0.00000000000000
27.850000381470	0.30675363540649	0.31608498096466	65.000000000000	0.00000000000000
27.860000610352	0.30796954035759	0.31646406650543	65.000000000000	0.00000000000000
27.870000839233	0.30918374657631	0.31683897972107	65.000000000000	0.00000000000000
27.879999160767	0.31039613485336	0.31720975041389	65.000000000000	0.00000000000000
27.889999389648	0.31160688400269	0.31757637858391	65.000000000000	0.00000000000000
27.899999618530	0.31281578540802	0.31793886423111	65.000000000000	0.00000000000000
27.909999847412	0.31402286887169	0.31829729676247	65.000000000000	0.00000000000000
27.920000076294	0.31522822380066	0.31865161657333	65.000000000000	0.00000000000000
27.930000305176	0.31643170118332	0.31900188326836	65.000000000000	0.00000000000000
27.940000534058	0.31763339042664	0.31934812664986	65.000000000000	0.00000000000000
27.950000762939	0.31883329153061	0.31969034671783	65.000000000000	0.00000000000000
27.959999084473	0.32003131508827	0.32002857327461	65.000000000000	0.00000000000000
27.969999313354	0.32122758030891	0.32036286592484	65.000000000000	0.00000000000000
27.979999542236	0.32242193818092	0.32069313526154	65.000000000000	0.00000000000000
27.989999771118	0.32361444830894	0.32101953029633	65.000000000000	0.00000000000000
28.000000000000	0.32480502128601	0.32134199142456	65.000000000000	0.00000000000000
28.010000228882	0.32599380612373	0.32166057825089	65.000000000000	0.00000000000000
28.020000457764	0.32718068361282	0.32197529077530	65.000000000000	0.00000000000000
28.030000686646	0.32836565375328	0.32228615880013	65.000000000000	0.00000000000000
28.040000915527	0.32954880595207	0.32259318232536	65.000000000000	0.00000000000000
28.049999237061	0.33072996139526	0.32289642095566	65.000000000000	0.00000000000000
28.059999465942	0.33190926909447	0.32319587469101	65.000000000000	0.00000000000000
28.069999694824	0.33308660984039	0.32349151372910	65.000000000000	0.00000000000000
28.079999923706	0.33426210284233	0.32378348708153	65.000000000000	0.00000000000000
28.090000152588	0.33543556928635	0.32407170534134	65.000000000000	0.00000000000000
28.100000381470	0.33660709857941	0.32435619831085	65.000000000000	0.00000000000000
28.110000610352	0.33777678012848	0.32463699579239	65.000000000000	0.00000000000000
28.120000839233	0.33894443511963	0.32491415739059	65.000000000000	0.00000000000000
28.129999160767	0.34011012315750	0.32518771290779	65.000000000000	0.00000000000000
28.139999389648	0.34127387404442	0.32545757293701	65.000000000000	0.00000000000000
28.149999618530	0.34243556857109	0.32572385668755	65.000000000000	0.00000000000000
28.159999847412	0.34359538555145	0.32598656415939	65.000000000000	0.00000000000000
28.170000076294	0.34475320577621	0.32624569535255	65.000000000000	0.00000000000000
28.180000305176	0.34590899944305	0.32650125026703	65.000000000000	0.00000000000000
28.190000534058	0.34706282615662	0.32675334811211	65.000000000000	0.00000000000000
28.200000762939	0.34821468591690	0.32700189948082	65.000000000000	0.00000000000000
28.209999084473	0.34936442971230	0.32724696397781	65.000000000000	0.00000000000000
28.219999313354	0.35051220655441	0.32748857140541	65.000000000000	0.00000000000000
28.229999542236	0.35165801644325	0.32772669196129	65.000000000000	0.00000000000000
28.239999771118	0.35280176997185	0.32796144485474	65.000000000000	0.00000000000000
28.250000000000	0.35394346714020	0.32819274067879	65.000000000000	0.00000000000000
28.260000228882	0.35508313775063	0.32842066884041	65.000000000000	0.00000000000000
28.270000457764	0.35622081160545	0.32864522933960	65.000000000000	0.00000000000000
28.280000686646	0.35735639929771	0.32886642217636	65.000000000000	0.00000000000000
28.290000915527	0.35849002003670	0.32908430695534	65.000000000000	0.00000000000000
28.299999237061	0.35962149500847	0.32929888367653	65.000000000000	0.00000000000000
28.309999465942	0.36075091362000	0.32951015233994	65.000000000000	0.00000000000000
28.319999694824	0.36187836527824	0.32971811294556	65.000000000000	0.00000000000000
28.329999923706	0.36300364136696	0.32992285490036	65.000000000000	0.00000000000000
28.340000152588	0.36412692070007	0.33012434840202	65.000000000000	0.00000000000000
28.350000381470	0.36524802446365	0.33032259345055	65.000000000000	0.00000000000000
28.360000610352	0.36636725068092	0.33051764965057	65.000000000000	0.00000000000000
28.370000839233	0.36748424172401	0.33070957660675	65.000000000000	0.00000000000000
28.379999160767	0.36859914660454	0.33089825510979	65.000000000000	0.00000000000000
28.389999389648	0.36971199512482	0.33108380436897	65.000000000000	0.00000000000000
28.399999618530	0.37082278728485	0.33126625418663	65.000000000000	0.00000000000000
28.409999847412	0.37193149328232	0.33144560456276	65.000000000000	0.00000000000000
28.420000076294	0.37303808331490	0.33162185549736	65.000000000000	0.00000000000000
28.430000305176	0.37414255738258	0.33179500699043	65.000000000000	0.00000000000000
28.440000534058	0.37524491548538	0.33196508884430	65.000000000000	0.00000000000000
28.450000762939	0.37634524703026	0.33213216066360	65.000000000000	0.00000000000000
28.459999084473	0.37744340300560	0.33229625225067	65.000000000000	0.00000000000000
28.469999313354	0.37853947281837	0.33245730400085	65.000000000000	0.00000000000000
28.479999542236	0.37963336706161	0.33261534571648	65.000000000000	0.00000000000000
28.489999771118	0.38072523474693	0.33277049660683	65.000000000000	0.00000000000000
28.500000000000	0.38181489706039	0.33292260766029	65.000000000000	0.00000000000000
28.510000228882	0.38290250301361	0.33307179808617	65.000000000000	0.00000000000000
28.520000457764	0.38398802280426	0.33321809768677	65.000000000000	0.00000000000000
28.530000686646	0.38507130742073	0.33336147665977	65.000000000000	0.00000000000000
28.540000915527	0.38615250587463	0.33350199460983	65.000000000000	0.00000000000000
28.549999237061	0.38723161816597	0.33363968133926	65.000000000000	0.00000000000000
28.559999465942	0.38830849528313	0.33377444744110	65.000000000000	0.00000000000000
28.569999694824	0.38938334584236	0.33390641212463	65.000000000000	0.00000000000000
28.579999923706	0.39045599102974	0.33403563499451	65.000000000000	0.00000000000000
28.590000152588	0.39152652025223	0.33416196703911	65.000000000000	0.00000000000000
28.600000381470	0.39259490370750	0.33428564667702	65.000000000000	0.00000000000000
28.610000610352	0.39366117119789	0.33440652489662	65.000000000000	0.00000000000000
28.620000839233	0.39472553133965	0.33452436327934	65.000000000000	0.00000000000000
28.629999160767	0.39578732848167	0.33463987708092	65.000000000000	0.00000000000000
28.639999389648	0.39684721827507	0.33475247025490	65.000000000000	0.00000000000000
28.649999618530	0.39790487289429	0.33486244082451	65.000000000000	0.00000000000000
28.659999847412	0.39896050095558	0.33496969938278	65.000000000000	0.00000000000000
28.670000076294	0.40001383423805	0.33507436513901	65.000000000000	0.00000000000000
28.680000305176	0.40106511116028	0.33517628908157	65.000000000000	0.00000000000000
28.690000534058	0.40211427211761	0.33527550101280	65.000000000000	0.00000000000000
28.700000762939	0.40316107869148	0.33537244796753	65.000000000000	0.00000000000000
28.709999084473	0.40420606732368	0.33546629548073	65.000000000000	0.00000000000000
28.719999313354	0.40524864196777	0.33555790781975	65.000000000000	0.00000000000000
28.729999542236	0.40628919005394	0.33564692735672	65.000000000000	0.00000000000000
28.739999771118	0.40732753276825	0.33573326468468	65.000000000000	0.00000000000000
28.750000000000	0.40836384892464	0.33581703901291	65.000000000000	0.00000000000000
28.760000228882	0.40939772129059	0.33589860796928	65.000000000000	0.00000000000000
28.770000457764	0.41042962670326	0.33597743511200	65.000000000000	0.00000000000000
28.780000686646	0.41145941615105	0.33605375885963	65.000000000000	0.00000000000000
28.790000915527	0.41248697042465	0.33612769842148	65.000000000000	0.00000000000000
28.799999237061	0.41351234912872	0.33619913458824	65.000000000000	0.00000000000000
28.809999465942	0.41453579068184	0.33626788854599	65.000000000000	0.00000000000000
28.819999694824	0.41555681824684	0.33633461594582	65.000000000000	0.00000000000000
28.829999923706	0.41657570004463	0.33639886975288	65.000000000000	0.00000000000000
28.840000152588	0.41759282350540	0.33646029233932	65.000000000000	0.00000000000000
28.850000381470	0.41860729455948	0.33651989698410	65.000000000000	0.00000000000000
28.860000610352	0.41961979866028	0.33657690882683	65.000000000000	0.00000000000000
28.870000839233	0.42063018679619	0.33663150668144	65.000000000000	0.00000000000000
28.879999160767	0.42163839936256	0.33668377995491	65.000000000000	0.00000000000000
28.889999389648	0.42264440655708	0.33673390746117	65.000000000000	0.00000000000000
28.899999618530	0.42364838719368	0.33678141236305	65.000000000000	0.00000000000000
28.909999847412	0.42465019226074	0.33682674169540	65.000000000000	0.00000000000000
28.920000076294	0.42564973235130	0.33686986565590	65.000000000000	0.00000000000000
28.930000305176	0.42664730548859	0.33691069483757	65.000000000000	0.00000000000000
28.940000534058	0.42764252424240	0.33694925904274	65.000000000000	0.00000000000000
28.950000762939	0.42863574624062	0.33698561787605	65.000000000000	0.00000000000000
28.959999084473	0.42962679266930	0.33701974153519	65.000000000000	0.00000000000000
28.969999313354	0.43061557412148	0.33705163002014	65.000000000000	0.00000000000000
28.979999542236	0.43160241842270	0.33708134293556	65.000000000000	0.00000000000000
28.989999771118	0.43258693814278	0.33710885047913	65.000000000000	0.00000000000000
29.000000000000	0.43356943130493	0.33713421225548	65.000000000000	0.00000000000000
29.010000228882	0.43454965949059	0.33715745806694	65.000000000000	0.00000000000000
29.020000457764	0.43552789092064	0.33717855811119	65.000000000000	0.00000000000000
29.030000686646	0.43650385737419	0.33719751238823	65.000000000000	0.00000000000000
29.040000915527	0.43747785687447	0.33721435070038	65.000000000000	0.00000000000000
29.049999237061	0.43844959139824	0.33722910284996	65.000000000000	0.00000000000000
29.059999465942	0.43941923975945	0.33724170923233	65.000000000000	0.00000000000000
29.069999694824	0.44038668274879	0.33725228905678	65.000000000000	0.00000000000000
29.079999923706	0.44135206937790	0.33726084232330	65.000000000000	0.00000000000000
29.090000152588	0.44231522083282	0.33726727962494	65.000000000000	0.00000000000000
29.100000381470	0.44327640533447	0.33727174997330	65.000000000000	0.00000000000000
29.110000610352	0.44423535466194	0.33727422356606	65.000000000000	0.00000000000000
29.120000839233	0.44519218802452	0.33727461099625	65.000000000000	0.00000000000000
29.129999160767	0.44614690542221	0.33727306127548	65.000000000000	0.00000000000000
29.139999389648	0.44709953665733	0.33726951479912	65.000000000000	0.00000000000000
29.149999618530	0.44804993271828	0.33726400136948	65.000000000000	0.00000000000000
29.159999847412	0.44899830222130	0.33725652098656	65.000000000000	0.00000000000000
29.170000076294	0.44994455575943	0.33724713325500	65.000000000000	0.00000000000000
29.180000305176	0.45088872313499	0.33723577857018	65.000000000000	0.00000000000000
29.190000534058	0.45183065533638	0.33722251653671	65.000000000000	0.00000000000000
29.200000762939	0.45277056097984	0.33720737695694	65.000000000000	0.00000000000000
29.209999084473	0.45370844006538	0.33719035983086	65.000000000000	0.00000000000000
29.219999313354	0.45464408397675	0.33717143535614	65.000000000000	0.00000000000000
29.229999542236	0.45557767152786	0.33715060353279	65.000000000000	0.00000000000000
29.239999771118	0.45650914311409	0.33712795376778	65.000000000000	0.00000000000000
29.250000000000	0.45743843913078	0.33710351586342	65.000000000000	0.00000000000000
29.260000228882	0.45836576819420	0.33707717061043	65.000000000000	0.00000000000000
29.270000457764	0.45929092168808	0.33704900741577	65.000000000000	0.00000000000000
29.280000686646	0.46021410822868	0.33701911568642	65.000000000000	0.00000000000000
29.290000915527	0.46113505959511	0.33698734641075	65.000000000000	0.00000000000000
29.299999237061	0.46205395460129	0.33695381879807	65.000000000000	0.00000000000000
29.309999465942	0.46297070384026	0.33691856265068	65.000000000000	0.00000000000000
29.319999694824	0.46388551592827	0.33688151836395	65.000000000000	0.00000000000000
29.329999923706	0.46479809284210	0.33684271574020	65.000000000000	0.00000000000000
29.340000152588	0.46570867300034	0.33680218458176	65.000000000000	0.00000000000000
29.350000381470	0.46661716699600	0.33675992488861	65.000000000000	0.00000000000000
29.360000610352	0.46752360463142	0.33671602606773	65.000000000000	0.00000000000000
29.370000839233	0.46842801570892	0.33667033910751	65.000000000000	0.00000000000000
29.379999160767	0.46933025121689	0.33662295341492	65.000000000000	0.00000000000000
29.389999389648	0.47023040056229	0.33657398819923	65.000000000000	0.00000000000000
29.399999618530	0.47112846374512	0.33652326464653	65.000000000000	0.00000000000000
29.409999847412	0.47202467918396	0.33647093176842	65.000000000000	0.00000000000000
29.420000076294	0.47291865944862	0.33641692996025	65.000000000000	0.00000000000000
29.430000305176	0.47381064295769	0.33636131882668	65.000000000000	0.00000000000000
29.440000534058	0.47470045089722	0.33630403876305	65.000000000000	0.00000000000000
29.450000762939	0.47558835148811	0.33624520897865	65.000000000000	0.00000000000000
29.459999084473	0.47647410631180	0.33618474006653	65.000000000000	0.00000000000000
29.469999313354	0.47735792398453	0.33612272143364	65.000000000000	0.00000000000000
29.479999542236	0.47823962569237	0.33605906367302	65.000000000000	0.00000000000000
29.489999771118	0.47911921143532	0.33599385619164	65.000000000000	0.00000000000000
29.500000000000	0.47999688982964	0.33592709898949	65.000000000000	0.00000000000000
29.510000228882	0.48087248206139	0.33585885167122	65.000000000000	0.00000000000000
29.520000457764	0.48174607753754	0.33578896522522	65.000000000000	0.00000000000000
29.530000686646	0.48261758685112	0.33571761846542	65.000000000000	0.00000000000000
29.540000915527	0.48348703980446	0.33564475178719	65.000000000000	0.00000000000000
29.549999237061	0.48435461521149	0.33557036519051	65.000000000000	0.00000000000000
29.559999465942	0.48522007465363	0.33549448847771	65.000000000000	0.00000000000000
29.569999694824	0.48608347773552	0.33541715145111	65.000000000000	0.00000000000000
29.579999923706	0.48694491386414	0.33533829450607	65.000000000000	0.00000000000000
29.590000152588	0.48780438303947	0.33525803685188	65.000000000000	0.00000000000000
29.600000381470	0.48866173624992	0.33517622947693	65.000000000000	0.00000000000000
29.610000610352	0.48951715230942	0.33509305119514	65.000000000000	0.00000000000000
29.620000839233	0.49037054181099	0.33500841259956	65.000000000000	0.00000000000000
29.629999160767	0.49122205376625	0.33492240309715	65.000000000000	0.00000000000000
29.639999389648	0.49207141995430	0.33483490347862	65.000000000000	0.00000000000000
29.649999618530	0.49291878938675	0.33474603295326	65.000000000000	0.00000000000000
29.659999847412	0.49376428127289	0.33465579152107	65.000000000000	0.00000000000000
29.670000076294	0.49460771679878	0.33456411957741	65.000000000000	0.00000000000000
29.680000305176	0.49544912576675	0.33447107672691	65.000000000000	0.00000000000000
29.690000534058	0.49628859758377	0.33437669277191	65.000000000000	0.00000000000000
29.700000762939	0.49712622165680	0.33428090810776	65.000000000000	0.00000000000000
29.709999084473	0.49796167016029	0.33418381214142	65.000000000000	0.00000000000000
29.719999313354	0.49879524111748	0.33408537507057	65.000000000000	0.00000000000000
29.729999542236	0.49962678551674	0.33398559689522	65.000000000000	0.00000000000000
29.739999771118	0.50045651197433	0.33388450741768	65.000000000000	0.00000000000000
29.750000000000	0.50128412246704	0.33378213644028	65.000000000000	0.00000000000000
29.760000228882	0.50210994482040	0.33367839455605	65.000000000000	0.00000000000000
29.770000457764	0.50293368101120	0.33357343077660	65.000000000000	0.00000000000000
29.780000686646	0.50375545024872	0.33346712589264	65.000000000000	0.00000000000000
29.790000915527	0.50457525253296	0.33335959911346	65.000000000000	0.00000000000000
29.799999237061	0.50539320707321	0.33325076103210	65.000000000000	0.00000000000000
29.809999465942	0.50620919466019	0.33314073085785	65.000000000000	0.00000000000000
29.819999694824	0.50702321529388	0.33302938938141	65.000000000000	0.00000000000000
29.829999923706	0.50783538818359	0.33291682600975	65.000000000000	0.00000000000000
29.840000152588	0.50864553451538	0.33280307054520	65.000000000000	0.00000000000000
29.850000381470	0.50945383310318	0.33268806338310	65.000000000000	0.00000000000000
29.860000610352	0.51026016473770	0.33257183432579	65.000000000000	0.00000000000000
29.870000839233	0.51106452941895	0.33245441317558	65.000000000000	0.00000000000000
29.879999160767	0.51186698675156	0.33233579993248	65.000000000000	0.00000000000000
29.889999389648	0.51266771554947	0.33221599459648	65.000000000000	0.00000000000000
29.899999618530	0.51346629858017	0.33209499716759	65.000000000000	0.00000000000000
29.909999847412	0.51426315307617	0.33197283744812	65.000000000000	0.00000000000000
29.920000076294	0.51505798101425	0.33184957504272	65.000000000000	0.00000000000000
29.930000305176	0.51585096120834	0.33172506093979	65.000000000000	0.00000000000000
29.940000534058	0.51664203405380	0.33159947395325	65.000000000000	0.00000000000000
29.950000762939	0.51743125915527	0.33147272467613	65.000000000000	0.00000000000000
29.959999084473	0.51821851730347	0.33134487271309	65.000000000000	0.00000000000000
29.969999313354	0.51900392770767	0.33121585845947	65.000000000000	0.00000000000000
29.979999542236	0.51978743076324	0.33108580112457	65.000000000000	0.00000000000000
29.989999771118	0.52056914567947	0.33095455169678	65.000000000000	0.00000000000000
30.000000000000	0.52134895324707	0.33082225918770	65.000000000000	0.00000000000000
30.010000228882	0.52212679386139	0.33068883419037	65.000000000000	0.00000000000000
30.020000457764	0.52290290594101	0.33055436611176	65.000000000000	0.00000000000000
30.030000686646	0.52367711067200	0.33041885495186	65.000000000000	0.00000000000000
30.040000915527	0.52444940805435	0.33028224110603	65.000000000000	0.00000000000000
30.049999237061	0.52521985769272	0.33014455437660	65.000000000000	0.00000000000000
30.059999465942	0.52598851919174	0.33000582456589	65.000000000000	0.00000000000000
30.069999694824	0.52675533294678	0.32986605167389	65.000000000000	0.00000000000000
30.079999923706	0.52752023935318	0.32972529530525	65.000000000000	0.00000000000000
30.090000152588	0.52828335762024	0.32958346605301	65.000000000000	0.00000000000000
30.100000381470	0.52904450893402	0.32944068312645	65.000000000000	0.00000000000000
30.110000610352	0.52980399131775	0.32929676771164	65.000000000000	0.00000000000000
30.120000839233	0.53056156635284	0.32915192842484	65.000000000000	0.00000000000000
30.129999160767	0.53131729364395	0.32900610566139	65.000000000000	0.00000000000000
30.139999389648	0.53207129240036	0.32885923981667	65.000000000000	0.00000000000000
30.149999618530	0.53282338380814	0.32871145009995	65.000000000000	0.00000000000000
30.159999847412	0.53357368707657	0.32856267690659	65.000000000000	0.00000000000000
30.170000076294	0.53432214260101	0.32841289043427	65.000000000000	0.00000000000000
30.180000305176	0.53506892919540	0.32826215028763	65.000000000000	0.00000000000000
30.190000534058	0.53581374883652	0.32811048626900	65.000000000000	0.00000000000000
30.200000762939	0.53655689954758	0.32795789837837	65.000000000000	0.00000000000000
30.209999084473	0.53729820251465	0.32780432701111	65.000000000000	0.00000000000000
30.219999313354	0.53803765773773	0.32764989137650	65.000000000000	0.00000000000000
30.229999542236	0.53877538442612	0.32749444246292	65.000000000000	0.00000000000000
30.239999771118	0.53951138257980	0.32733809947968	65.000000000000	0.00000000000000
30.250000000000	0.54024541378021	0.32718083262444	65.000000000000	0.00000000000000
30.260000228882	0.54097783565521	0.32702273130417	65.000000000000	0.00000000000000
30.270000457764	0.54170840978622	0.32686367630959	65.000000000000	0.00000000000000
30.280000686646	0.54243719577789	0.32670372724533	65.000000000000	0.00000000000000
30.290000915527	0.54316425323486	0.32654291391373	65.000000000000	0.00000000000000
30.299999237061	0.54388964176178	0.32638120651245	65.000000000000	0.00000000000000
30.309999465942	0.54461306333542	0.32621863484383	65.000000000000	0.00000000000000
30.319999694824	0.54533487558365	0.32605522871017	65.000000000000	0.00000000000000
30.329999923706	0.54605489969254	0.32589095830917	65.000000000000	0.00000000000000
30.340000152588	0.54677325487137	0.32572582364082	65.000000000000	0.00000000000000
30.350000381470	0.54748970270157	0.32555988430977	65.000000000000	0.00000000000000
30.360000610352	0.54820448160172	0.32539302110672	65.000000000000	0.00000000000000
30.370000839233	0.54891759157181	0.32522535324097	65.000000000000	0.00000000000000
30.379999160767	0.54962885379791	0.32505694031715	65.000000000000	0.00000000000000
30.389999389648	0.55033844709396	0.32488763332367	65.000000000000	0.00000000000000
30.399999618530	0.55104643106461	0.32471752166748	65.000000000000	0.00000000000000
30.409999847412	0.55175256729126	0.32454663515091	65.000000000000	0.00000000000000
30.420000076294	0.55245697498322	0.32437491416931	65.000000000000	0.00000000000000
30.430000305176	0.55315971374512	0.32420238852501	65.000000000000	0.00000000000000
30.440000534058	0.55386072397232	0.32402911782265	65.000000000000	0.00000000000000
30.450000762939	0.55455994606018	0.32385504245758	65.000000000000	0.00000000000000
30.459999084473	0.55525755882263	0.32368022203445	65.000000000000	0.00000000000000
30.469999313354	0.55595338344574	0.32350462675095	65.000000000000	0.00000000000000
30.479999542236	0.55664771795273	0.32332822680473	65.000000000000	0.00000000000000
30.489999771118	0.55734014511108	0.32315114140511	65.000000000000	0.00000000000000
30.500000000000	0.55803102254868	0.32297325134277	65.000000000000	0.00000000000000
30.510000228882	0.55872011184692	0.32279458642006	65.000000000000	0.00000000000000
30.520000457764	0.55940759181976	0.32261523604393	65.000000000000	0.00000000000000
30.530000686646	0.56009340286255	0.32243514060974	65.000000000000	0.00000000000000
30.540000915527	0.56077742576599	0.32225435972214	65.000000000000	0.00000000000000
30.549999237061	0.56145995855331	0.32207280397415	65.000000000000	0.00000000000000
30.559999465942	0.56214064359665	0.32189056277275	65.000000000000	0.00000000000000
30.569999694824	0.56281977891922	0.32170754671097	65.000000000000	0.00000000000000
30.579999923706	0.56349730491638	0.32152393460274	65.000000000000	0.00000000000000
30.590000152588	0.56417310237885	0.32133951783180	65.000000000000	0.00000000000000
30.600000381470	0.56484723091125	0.32115447521210	65.000000000000	0.00000000000000
30.610000610352	0.56551969051361	0.32096871733665	65.000000000000	0.00000000000000
30.620000839233	0.56619054079056	0.32078227400780	65.000000000000	0.00000000000000
30.629999160767	0.56685978174210	0.32059517502785	65.000000000000	0.00000000000000
30.639999389648	0.56752729415894	0.32040736079216	65.000000000000	0.00000000000000
30.649999618530	0.56819331645966	0.32021895051003	65.000000000000	0.00000000000000
30.659999847412	0.56885766983032	0.32002982497215	65.000000000000	0.00000000000000
30.670000076294	0.56952029466629	0.31984007358551	65.000000000000	0.00000000000000
30.680000305176	0.57018142938614	0.31964966654778	65.000000000000	0.00000000000000
30.690000534058	0.57084089517593	0.31945863366127	65.000000000000	0.00000000000000
30.700000762939	0.57149875164032	0.31926694512367	65.000000000000	0.00000000000000
30.709999084473	0.57215499877930	0.31907460093498	65.000000000000	0.00000000000000
30.719999313354	0.57280963659286	0.31888166069984	65.000000000000	0.00000000000000
30.729999542236	0.57346266508102	0.31868809461594	65.000000000000	0.00000000000000
30.739999771118	0.57411408424377	0.31849387288094	65.000000000000	0.00000000000000
30.750000000000	0.57476395368576	0.31829908490181	65.000000000000	0.00000000000000
30.760000228882	0.57541221380234	0.31810367107391	65.000000000000	0.00000000000000
30.770000457764	0.57605886459351	0.31790769100189	65.000000000000	0.00000000000000
30.780000686646	0.57670396566391	0.31771108508110	65.000000000000	0.00000000000000
30.790000915527	0.57734745740891	0.31751385331154	65.000000000000	0.00000000000000
30.799999237061	0.57798945903778	0.31731605529785	65.000000000000	0.00000000000000
30.809999465942	0.57862979173660	0.31711769104004	65.000000000000	0.00000000000000
30.819999694824	0.57926851511002	0.31691879034042	65.000000000000	0.00000000000000
30.829999923706	0.57990580797195	0.31671923398972	65.000000000000	0.00000000000000
30.840000152588	0.58054143190384	0.31651917099953	65.000000000000	0.00000000000000
30.850000381470	0.58117556571960	0.31631854176521	65.000000000000	0.00000000000000
30.860000610352	0.58180814981461	0.31611734628677	65.000000000000	0.00000000000000
30.870000839233	0.58243912458420	0.31591558456421	65.000000000000	0.00000000000000
30.879999160767	0.58306854963303	0.31571328639984	65.000000000000	0.00000000000000
30.889999389648	0.58369654417038	0.31551045179367	65.000000000000	0.00000000000000
30.899999618530	0.58432292938232	0.31530705094337	65.000000000000	0.00000000000000
30.909999847412	0.58494776487350	0.31510311365128	65.000000000000	0.00000000000000
30.920000076294	0.58557105064392	0.31489866971970	65.000000000000	0.00000000000000
30.930000305176	0.58619284629822	0.31469368934631	65.000000000000	0.00000000000000
30.940000534058	0.58681303262711	0.31448820233345	65.000000000000	0.00000000000000
30.950000762939	0.58743190765381	0.31428220868111	65.000000000000	0.00000000000000
30.959999084473	0.58804905414581	0.31407567858696	65.000000000000	0.00000000000000
30.969999313354	0.58866477012634	0.31386864185333	65.000000000000	0.00000000000000
30.979999542236	0.58927893638611	0.31366112828255	65.000000000000	0.00000000000000
30.989999771118	0.58989173173904	0.31345310807228	65.000000000000	0.00000000000000
31.000000000000	0.59050285816193	0.31324458122253	65.000000000000	0.00000000000000
31.010000228882	0.59111255407333	0.31303557753563	65.000000000000	0.00000000000000
31.020000457764	0.59172081947327	0.31282612681389	65.000000000000	0.00000000000000
31.030000686646	0.59232747554779	0.31261613965034	65.000000000000	0.00000000000000
31.040000915527	0.59293276071548	0.31240567564964	65.000000000000	0.00000000000000
31.049999237061	0.59353649616241	0.31219479441643	65.000000000000	0.00000000000000
31.059999465942	0.59413880109787	0.31198343634605	65.000000000000	0.00000000000000
31.069999694824	0.59473955631256	0.31177157163620	65.000000000000	0.00000000000000
31.079999923706	0.59533888101578	0.31155928969383	65.000000000000	0.00000000000000
31.090000152588	0.59593677520752	0.31134650111198	65.000000000000	0.00000000000000
31.100000381470	0.59653311967850	0.31113332509995	65.000000000000	0.00000000000000
31.110000610352	0.59712809324265	0.31091967225075	65.000000000000	0.00000000000000
31.120000839233	0.59772151708603	0.31070560216904	65.000000000000	0.00000000000000
31.129999160767	0.59831351041794	0.31049105525017	65.000000000000	0.00000000000000
31.139999389648	0.59890407323837	0.31027609109879	65.000000000000	0.00000000000000
31.149999618530	0.59949320554733	0.31006073951721	65.000000000000	0.00000000000000
31.159999847412	0.60008096694946	0.30984491109848	65.000000000000	0.00000000000000
31.170000076294	0.60066717863083	0.30962863564491	65.000000000000	0.00000000000000
31.180000305176	0.60125195980072	0.30941200256348	65.000000000000	0.00000000000000
31.190000534058	0.60183531045914	0.30919495224953	65.000000000000	0.00000000000000
31.200000762939	0.60241723060608	0.30897745490074	65.000000000000	0.00000000000000
31.209999084473	0.60299772024155	0.30875959992409	65.000000000000	0.00000000000000
31.219999313354	0.60357689857483	0.30854132771492	65.000000000000	0.00000000000000
31.229999542236	0.60415452718735	0.30832263827324	65.000000000000	0.00000000000000
31.239999771118	0.60473078489304	0.30810356140137	65.000000000000	0.00000000000000
31.250000000000	0.60530567169189	0.30788409709930	65.000000000000	0.00000000000000
31.260000228882	0.60587906837463	0.30766427516937	65.000000000000	0.00000000000000
31.270000457764	0.60645109415054	0.30744406580925	65.000000000000	0.00000000000000
31.280000686646	0.60702180862427	0.30722346901894	65.000000000000	0.00000000000000
31.290000915527	0.60759097337723	0.30700245499611	65.000000000000	0.00000000000000
31.299999237061	0.60815882682800	0.30678111314774	65.000000000000	0.00000000000000
31.309999465942	0.60872524976730	0.30655938386917	65.000000000000	0.00000000000000
31.319999694824	0.60929036140442	0.30633729696274	65.000000000000	0.00000000000000
31.329999923706	0.60985410213470	0.30611488223076	65.000000000000	0.00000000000000
31.340000152588	0.61041641235352	0.30589208006859	65.000000000000	0.00000000000000
31.350000381470	0.61097735166550	0.30566895008087	65.000000000000	0.00000000000000
31.360000610352	0.61153692007065	0.30544543266296	65.000000000000	0.00000000000000
31.370000839233	0.61209511756897	0.30522161722183	65.000000000000	0.00000000000000
31.379999160767	0.61265188455582	0.30499738454819	65.000000000000	0.00000000000000
31.389999389648	0.61320745944977	0.30477288365364	65.000000000000	0.00000000000000
31.399999618530	0.61376148462296	0.30454802513123	65.000000000000	0.00000000000000
31.409999847412	0.61431431770325	0.30432283878326	65.000000000000	0.00000000000000
31.420000076294	0.61486572027206	0.30409735441208	65.000000000000	0.00000000000000
31.430000305176	0.61541581153870	0.30387142300606	65.000000000000	0.00000000000000
31.440000534058	0.61596435308456	0.30364561080933	65.000000000000	0.00000000000000
31.450000762939	0.61651194095612	0.30341872572899	65.000000000000	0.00000000000000
31.459999084473	0.61705797910690	0.30319198966026	65.000000000000	0.00000000000000
31.469999313354	0.61760276556015	0.30296480655670	65.000000000000	0.00000000000000
31.479999542236	0.61814594268799	0.30273774266243	65.000000000000	0.00000000000000
31.489999771118	0.61868816614151	0.30250966548920	65.000000000000	0.00000000000000
31.500000000000	0.61922878026962	0.30228170752525	65.000000000000	0.00000000000000
31.510000228882	0.61976808309555	0.30205366015434	65.000000000000	0.00000000000000
31.520000457764	0.62030631303787	0.30182486772537	65.000000000000	0.00000000000000
31.530000686646	0.62084311246872	0.30159598588943	65.000000000000	0.00000000000000
31.540000915527	0.62137866020203	0.30136665701866	65.000000000000	0.00000000000000
31.549999237061	0.62191277742386	0.30113720893860	65.000000000000	0.00000000000000
31.559999465942	0.62244558334351	0.30090764164925	65.000000000000	0.00000000000000
31.569999694824	0.62297725677490	0.30067741870880	65.000000000000	0.00000000000000
31.579999923706	0.62350749969482	0.30044707655907	65.000000000000	0.00000000000000
31.590000152588	0.62403649091721	0.30021664500237	65.000000000000	0.00000000000000
31.600000381470	0.62456411123276	0.29998579621315	65.000000000000	0.00000000000000
31.610000610352	0.62509059906006	0.29975453019142	65.000000000000	0.00000000000000
31.620000839233	0.62561571598053	0.29952317476273	65.000000000000	0.00000000000000
31.629999160767	0.62613952159882	0.29929149150848	65.000000000000	0.00000000000000
31.639999389648	0.62666213512421	0.29905956983566	65.000000000000	0.00000000000000
31.649999618530	0.62718337774277	0.29882737994194	65.000000000000	0.00000000000000
31.659999847412	0.62770348787308	0.29859498143196	65.000000000000	0.00000000000000
31.670000076294	0.62822228670120	0.29836234450340	65.000000000000	0.00000000000000
31.680000305176	0.62873977422714	0.29812943935394	65.000000000000	0.00000000000000
31.690000534058	0.62925606966019	0.29789629578590	65.000000000000	0.00000000000000
31.700000762939	0.62977105379105	0.29766288399696	65.000000000000	0.00000000000000
31.709999084473	0.63028484582901	0.29742923378944	65.000000000000	0.00000000000000
31.719999313354	0.63079732656479	0.29719540476799	65.000000000000	0.00000000000000
31.729999542236	0.63130861520767	0.29696130752563	65.000000000000	0.00000000000000
31.739999771118	0.63181859254837	0.29672694206238	65.000000000000	0.00000000000000
31.750000000000	0.63232737779617	0.29649239778519	65.000000000000	0.00000000000000
31.760000228882	0.63283497095108	0.29625761508942	65.000000000000	0.00000000000000
31.770000457764	0.63334125280380	0.29602262377739	65.000000000000	0.00000000000000
31.780000686646	0.63384634256363	0.29578742384911	65.000000000000	0.00000000000000
31.790000915527	0.63435029983521	0.29555201530457	65.000000000000	0.00000000000000
31.799999237061	0.63485294580460	0.29531630873680	65.000000000000	0.00000000000000
31.809999465942	0.63535434007645	0.29508048295975	65.000000000000	0.00000000000000
31.819999694824	0.63585454225540	0.29484444856644	65.000000000000	0.00000000000000
31.829999923706	0.63635361194611	0.29460814595222	65.000000000000	0.00000000000000
31.840000152588	0.63685137033463	0.29437169432640	65.000000000000	0.00000000000000
31.850000381470	0.63734799623489	0.29413503408432	65.000000000000	0.00000000000000
31.860000610352	0.63784343004227	0.29389819502831	65.000000000000	0.00000000000000
31.870000839233	0.63833761215210	0.29366108775139	65.000000000000	0.00000000000000
31.879999160767	0.63883066177368	0.29342389106750	65.000000000000	0.00000000000000
31.889999389648	0.63932240009308	0.29318639636040	65.000000000000	0.00000000000000
31.899999618530	0.63981306552887	0.29294878244400	65.000000000000	0.00000000000000
31.909999847412	0.64030247926712	0.29271098971367	65.000000000000	0.00000000000000
31.920000076294	0.64079076051712	0.29247298836708	65.000000000000	0.00000000000000
31.930000305176	0.64127779006958	0.29223480820656	65.000000000000	0.00000000000000
31.940000534058	0.64176374673843	0.29199644923210	65.000000000000	0.00000000000000
31.950000762939	0.64224851131439	0.29175797104836	65.000000000000	0.00000000000000
31.959999084473	0.64273208379745	0.29151925444603	65.000000000000	0.00000000000000
31.969999313354	0.64321446418762	0.29128038883209	65.000000000000	0.00000000000000
31.979999542236	0.64369571208954	0.29104131460190	65.000000000000	0.00000000000000
31.989999771118	0.64417582750320	0.29080212116241	65.000000000000	0.00000000000000
32.000000000000	0.64465475082397	0.29056277871132	65.000000000000	0.00000000000000
32.009998321533	0.64513254165649	0.29032325744629	65.000000000000	0.00000000000000
32.020000457764	0.64560914039612	0.29008358716965	65.000000000000	0.00000000000000
32.029998779297	0.64608460664749	0.28984373807907	65.000000000000	0.00000000000000
32.040000915527	0.64655900001526	0.28960373997688	65.000000000000	0.00000000000000
32.049999237061	0.64703220129013	0.28936359286308	65.000000000000	0.00000000000000
32.060001373291	0.64750427007675	0.28912329673767	65.000000000000	0.00000000000000
32.069999694824	0.64797520637512	0.28888285160065	65.000000000000	0.00000000000000
32.080001831055	0.64844501018524	0.28864228725433	65.000000000000	0.00000000000000
32.090000152588	0.64891368150711	0.28840157389641	65.000000000000	0.00000000000000
32.099998474121	0.64938122034073	0.28816065192223	65.000000000000	0.00000000000000
32.110000610352	0.64984768629074	0.28791967034340	65.000000000000	0.00000000000000
32.119998931885	0.65031301975250	0.28767853975296	65.000000000000	0.00000000000000
32.130001068115	0.65077716112137	0.28743723034859	65.000000000000	0.00000000000000
32.139999389648	0.65124028921127	0.28719583153725	65.000000000000	0.00000000000000
32.150001525879	0.65170228481293	0.28695431351662	65.000000000000	0.00000000000000
32.159999847412	0.65216320753098	0.28671258687973	65.000000000000	0.00000000000000
32.169998168945	0.65262293815613	0.28647080063820	65.000000000000	0.00000000000000
32.180000305176	0.65308165550232	0.28622889518738	65.000000000000	0.00000000000000
32.189998626709	0.65353924036026	0.28598684072495	65.000000000000	0.00000000000000
32.200000762939	0.65399575233459	0.28574466705322	65.000000000000	0.00000000000000
32.209999084473	0.65445113182068	0.28550240397453	65.000000000000	0.00000000000000
32.220001220703	0.65490543842316	0.28526002168655	65.000000000000	0.00000000000000
32.229999542236	0.65535867214203	0.28501746058464	65.000000000000	0.00000000000000
32.240001678467	0.65581083297729	0.28477486968040	65.000000000000	0.00000000000000
32.250000000000	0.65626192092896	0.28453209996223	65.000000000000	0.00000000000000
32.259998321533	0.65671193599701	0.28428930044174	65.000000000000	0.00000000000000
32.270000457764	0.65716087818146	0.28404632210732	65.000000000000	0.00000000000000
32.279998779297	0.65760874748230	0.28380325436592	65.000000000000	0.00000000000000
32.290000915527	0.65805548429489	0.28356009721756	65.000000000000	0.00000000000000
32.299999237061	0.65850132703781	0.28331685066223	65.000000000000	0.00000000000000
32.310001373291	0.65894591808319	0.28307348489761	65.000000000000	0.00000000000000
32.319999694824	0.65938955545425	0.28282999992371	65.000000000000	0.00000000000000
32.330001831055	0.65983211994171	0.28258648514748	65.000000000000	0.00000000000000
32.340000152588	0.66027361154556	0.28234282135963	65.000000000000	0.00000000000000
32.349998474121	0.66071408987045	0.28209903836250	65.000000000000	0.00000000000000
32.360000610352	0.66115349531174	0.28185522556305	65.000000000000	0.00000000000000
32.369998931885	0.66159194707870	0.28161129355431	65.000000000000	0.00000000000000
32.380001068115	0.66202920675278	0.28136727213860	65.000000000000	0.00000000000000
32.389999389648	0.66246557235718	0.28112316131592	65.000000000000	0.00000000000000
32.400001525879	0.66290080547333	0.28087899088860	65.000000000000	0.00000000000000
32.409999847412	0.66333502531052	0.28063473105431	65.000000000000	0.00000000000000
32.419998168945	0.66376823186874	0.28039038181305	65.000000000000	0.00000000000000
32.430000305176	0.66420042514801	0.28014597296715	65.000000000000	0.00000000000000
32.439998626709	0.66463166475296	0.27990144491196	65.000000000000	0.00000000000000
32.450000762939	0.66506177186966	0.27965688705444	65.000000000000	0.00000000000000
32.459999084473	0.66549098491669	0.27941223978996	65.000000000000	0.00000000000000
32.470001220703	0.66591912508011	0.27916750311852	65.000000000000	0.00000000000000
32.479999542236	0.66634619235992	0.27892273664474	65.000000000000	0.00000000000000
32.490001678467	0.66677236557007	0.27867785096169	65.000000000000	0.00000000000000
32.500000000000	0.66719740629196	0.27843290567398	65.000000000000	0.00000000000000
32.509998321533	0.66762149333954	0.27818790078163	65.000000000000	0.00000000000000
32.520000457764	0.66804462671280	0.27794283628464	65.000000000000	0.00000000000000
32.529998779297	0.66846674680710	0.27769771218300	65.000000000000	0.00000000000000
32.540000915527	0.66888791322708	0.27745252847672	65.000000000000	0.00000000000000
32.549999237061	0.66930800676346	0.27720728516579	65.000000000000	0.00000000000000
32.560001373291	0.66972720623016	0.27696198225021	65.000000000000	0.00000000000000
32.569999694824	0.67014527320862	0.27671658992767	65.000000000000	0.00000000000000
32.580001831055	0.67056250572205	0.27647119760513	65.000000000000	0.00000000000000
32.590000152588	0.67097866535187	0.27622568607330	65.000000000000	0.00000000000000
32.599998474121	0.67139387130737	0.27598014473915	65.000000000000	0.00000000000000
32.610000610352	0.67180812358856	0.27573454380035	65.000000000000	0.00000000000000
32.619998931885	0.67222142219543	0.27548894286156	65.000000000000	0.00000000000000
32.630001068115	0.67263376712799	0.27524322271347	65.000000000000	0.00000000000000
32.639999389648	0.67304503917694	0.27499747276306	65.000000000000	0.00000000000000
32.650001525879	0.67345541715622	0.27475172281265	65.000000000000	0.00000000000000
32.659999847412	0.67386484146118	0.27450591325760	65.000000000000	0.00000000000000
32.669998168945	0.67427331209183	0.27426004409790	65.000000000000	0.00000000000000
32.680000305176	0.67468082904816	0.27401411533356	65.000000000000	0.00000000000000
32.689998626709	0.67508733272552	0.27376812696457	65.000000000000	0.00000000000000
32.700000762939	0.67549300193787	0.27352216839790	65.000000000000	0.00000000000000
32.709999084473	0.67589759826660	0.27327612042427	65.000000000000	0.00000000000000
32.720001220703	0.67630136013031	0.27303004264832	65.000000000000	0.00000000000000
32.729999542236	0.67670410871506	0.27278396487236	65.000000000000	0.00000000000000
32.740001678467	0.67710596323013	0.27253779768944	65.000000000000	0.00000000000000
32.750000000000	0.67750686407089	0.27229163050652	65.000000000000	0.00000000000000
32.759998321533	0.67790681123734	0.27204543352127	65.000000000000	0.00000000000000
32.770000457764	0.67830586433411	0.27179917693138	65.000000000000	0.00000000000000
32.779998779297	0.67870396375656	0.27155292034149	65.000000000000	0.00000000000000
32.790000915527	0.67910116910934	0.27130660414696	65.000000000000	0.00000000000000
32.799999237061	0.67949736118317	0.27106028795242	65.000000000000	0.00000000000000
32.810001373291	0.67989271879196	0.27081394195557	65.000000000000	0.00000000000000
32.819999694824	0.68028712272644	0.27056750655174	65.000000000000	0.00000000000000
32.830001831055	0.68068069219589	0.27032113075256	65.000000000000	0.00000000000000
32.840000152588	0.68107324838638	0.27007472515106	65.000000000000	0.00000000000000
32.849998474121	0.68146497011185	0.26982825994492	65.000000000000	0.00000000000000
32.860000610352	0.68185573816299	0.26958176493645	65.000000000000	0.00000000000000
32.869998931885	0.68224555253983	0.26933526992798	65.000000000000	0.00000000000000
32.880001068115	0.68263453245163	0.26908877491951	65.000000000000	0.00000000000000
32.889999389648	0.68302261829376	0.26884225010872	65.000000000000	0.00000000000000
32.900001525879	0.68340969085693	0.26859566569328	65.000000000000	0.00000000000000
32.909999847412	0.68379592895508	0.26834911108017	65.000000000000	0.00000000000000
32.919998168945	0.68418139219284	0.26810252666473	65.000000000000	0.00000000000000
32.930000305176	0.68456584215164	0.26785597205162	65.000000000000	0.00000000000000
32.939998626709	0.68494945764542	0.26760932803154	65.000000000000	0.00000000000000
32.950000762939	0.68533217906952	0.26736271381378	65.000000000000	0.00000000000000
32.959999084473	0.68571394681931	0.26711609959602	65.000000000000	0.00000000000000
32.970001220703	0.68609493970871	0.26686945557594	65.000000000000	0.00000000000000
32.979999542236	0.68647497892380	0.26662281155586	65.000000000000	0.00000000000000
32.990001678467	0.68685418367386	0.26637616753578	65.000000000000	0.00000000000000
33.000000000000	0.68723249435425	0.26612949371338	65.000000000000	0.00000000000000
33.009998321533	0.68760997056961	0.26588287949562	65.000000000000	0.00000000000000
33.020000457764	0.68798649311066	0.26563617587090	65.000000000000	0.00000000000000
33.029998779297	0.68836212158203	0.26538953185081	65.000000000000	0.00000000000000
33.040000915527	0.68873703479767	0.26514282822609	65.000000000000	0.00000000000000
33.049999237061	0.68911099433899	0.26489615440369	65.000000000000	0.00000000000000
33.060001373291	0.68948411941528	0.26464945077896	65.000000000000	0.00000000000000
33.069999694824	0.68985635042191	0.26440277695656	65.000000000000	0.00000000000000
33.080001831055	0.69022780656815	0.26415610313416	65.000000000000	0.00000000000000
33.090000152588	0.69059830904007	0.26390942931175	65.000000000000	0.00000000000000
33.099998474121	0.69096797704697	0.26366275548935	65.000000000000	0.00000000000000
33.110000610352	0.69133687019348	0.26341605186462	65.000000000000	0.00000000000000
33.119998931885	0.69170480966568	0.26316940784454	65.000000000000	0.00000000000000
33.130001068115	0.69207203388214	0.26292273402214	65.000000000000	0.00000000000000
33.139999389648	0.69243830442429	0.26267609000206	65.000000000000	0.00000000000000
33.150001525879	0.69280380010605	0.26242944598198	65.000000000000	0.00000000000000
33.159999847412	0.69316840171814	0.26218277215958	65.000000000000	0.00000000000000
33.169998168945	0.69353222846985	0.26193618774414	65.000000000000	0.00000000000000
33.180000305176	0.69389516115189	0.26168954372406	65.000000000000	0.00000000000000
33.189998626709	0.69425731897354	0.26144292950630	65.000000000000	0.00000000000000
33.200000762939	0.69461864233017	0.26119631528854	65.000000000000	0.00000000000000
33.209999084473	0.69497913122177	0.26094976067543	65.000000000000	0.00000000000000
33.220001220703	0.69533872604370	0.26070317625999	65.000000000000	0.00000000000000
33.229999542236	0.69569754600525	0.26045659184456	65.000000000000	0.00000000000000
33.240001678467	0.69605553150177	0.26021003723145	65.000000000000	0.00000000000000
33.250000000000	0.69641274213791	0.25996351242065	65.000000000000	0.00000000000000
33.259998321533	0.69676911830902	0.25971698760986	65.000000000000	0.00000000000000
33.270000457764	0.69712466001511	0.25947049260139	65.000000000000	0.00000000000000
33.279998779297	0.69747942686081	0.25922399759293	65.000000000000	0.00000000000000
33.290000915527	0.69783341884613	0.25897756218910	65.000000000000	0.00000000000000
33.299999237061	0.69818651676178	0.25873112678528	65.000000000000	0.00000000000000
33.310001373291	0.69853878021240	0.25848469138145	65.000000000000	0.00000000000000
33.319999694824	0.69889032840729	0.25823828577995	65.000000000000	0.00000000000000
33.330001831055	0.69924104213715	0.25799190998077	65.000000000000	0.00000000000000
33.340000152588	0.69959092140198	0.25774553418159	65.000000000000	0.00000000000000
33.349998474121	0.69994002580643	0.25749921798706	65.000000000000	0.00000000000000
33.360000610352	0.70028841495514	0.25725287199020	65.000000000000	0.00000000000000
33.369998931885	0.70063596963882	0.25700658559799	65.000000000000	0.00000000000000
33.380001068115	0.70098263025284	0.25676032900810	65.000000000000	0.00000000000000
33.389999389648	0.70132857561111	0.25651410222054	65.000000000000	0.00000000000000
33.400001525879	0.70167374610901	0.25626787543297	65.000000000000	0.00000000000000
33.409999847412	0.70201808214188	0.25602170825005	65.000000000000	0.00000000000000
33.419998168945	0.70236170291901	0.25577557086945	65.000000000000	0.00000000000000
33.430000305176	0.70270442962646	0.25552943348885	65.000000000000	0.00000000000000
33.439998626709	0.70304650068283	0.25528332591057	65.000000000000	0.00000000000000
33.450000762939	0.70338773727417	0.25503727793694	65.000000000000	0.00000000000000
33.459999084473	0.70372813940048	0.25479125976563	65.000000000000	0.00000000000000
33.470001220703	0.70406788587570	0.25454524159431	65.000000000000	0.00000000000000
33.479999542236	0.70440685749054	0.25429928302765	65.000000000000	0.00000000000000
33.490001678467	0.70474493503571	0.25405332446098	65.000000000000	0.00000000000000
33.500000000000	0.70508235692978	0.25380742549896	65.000000000000	0.00000000000000
33.509998321533	0.70541894435883	0.25356158614159	65.000000000000	0.00000000000000
33.520000457764	0.70575475692749	0.25331574678421	65.000000000000	0.00000000000000
33.529998779297	0.70608985424042	0.25306993722916	65.000000000000	0.00000000000000
33.540000915527	0.70642417669296	0.25282418727875	65.000000000000	0.00000000000000
33.549999237061	0.70675772428513	0.25257846713066	65.000000000000	0.00000000000000
33.560001373291	0.70709055662155	0.25233277678490	65.000000000000	0.00000000000000
33.569999694824	0.70742255449295	0.25208714604378	65.000000000000	0.00000000000000
33.580001831055	0.70775383710861	0.25184151530266	65.000000000000	0.00000000000000
33.590000152588	0.70808434486389	0.25159597396851	65.000000000000	0.00000000000000
33.599998474121	0.70841413736343	0.25135043263435	65.000000000000	0.00000000000000
33.610000610352	0.70874315500259	0.25110495090485	65.000000000000	0.00000000000000
33.619998931885	0.70907145738602	0.25085949897766	65.000000000000	0.00000000000000
33.630001068115	0.70939904451370	0.25061413645744	65.000000000000	0.00000000000000
33.639999389648	0.70972573757172	0.25036877393723	65.000000000000	0.00000000000000
33.650001525879	0.71005183458328	0.25012347102165	65.000000000000	0.00000000000000
33.659999847412	0.71037715673447	0.24987819790840	65.000000000000	0.00000000000000
33.669998168945	0.71070170402527	0.24963296949863	65.000000000000	0.00000000000000
33.680000305176	0.71102559566498	0.24938780069351	65.000000000000	0.00000000000000
33.689998626709	0.71134865283966	0.24914270639420	65.000000000000	0.00000000000000
33.700000762939	0.71167099475861	0.24889762699604	65.000000000000	0.00000000000000
33.709999084473	0.71199268102646	0.24865260720253	65.000000000000	0.00000000000000
33.720001220703	0.71231359243393	0.24840760231018	65.000000000000	0.00000000000000
33.729999542236	0.71263372898102	0.24816268682480	65.000000000000	0.00000000000000
33.740001678467	0.71295320987701	0.24791781604290	65.000000000000	0.00000000000000
33.750000000000	0.71327191591263	0.24767297506332	65.000000000000	0.00000000000000
33.759998321533	0.71359002590179	0.24742819368839	65.000000000000	0.00000000000000
33.770000457764	0.71390724182129	0.24718347191811	65.000000000000	0.00000000000000
33.779998779297	0.71422380208969	0.24693880975246	65.000000000000	0.00000000000000
33.790000915527	0.71453964710236	0.24669419229031	65.000000000000	0.00000000000000
33.799999237061	0.71485471725464	0.24644963443279	65.000000000000	0.00000000000000
33.810001373291	0.71516913175583	0.24620513617992	65.000000000000	0.00000000000000
33.819999694824	0.71548283100128	0.24596071243286	65.000000000000	0.00000000000000
33.830001831055	0.71579581499100	0.24571630358696	65.000000000000	0.00000000000000
33.840000152588	0.71610808372498	0.24547199904919	65.000000000000	0.00000000000000
33.849998474121	0.71641975641251	0.24522770941257	65.000000000000	0.00000000000000
33.860000610352	0.71673053503036	0.24498349428177	65.000000000000	0.00000000000000
33.869998931885	0.71704059839249	0.24473932385445	65.000000000000	0.00000000000000
33.880001068115	0.71735012531281	0.24449522793293	65.000000000000	0.00000000000000
33.889999389648	0.71765887737274	0.24425119161606	65.000000000000	0.00000000000000
33.900001525879	0.71796691417694	0.24400720000267	65.000000000000	0.00000000000000
33.909999847412	0.71827423572540	0.24376331269741	65.000000000000	0.00000000000000
33.919998168945	0.71858090162277	0.24351947009563	65.000000000000	0.00000000000000
33.930000305176	0.71888685226440	0.24327565729618	65.000000000000	0.00000000000000
33.939998626709	0.71919214725494	0.24303196370602	65.000000000000	0.00000000000000
33.950000762939	0.71949666738510	0.24278829991817	65.000000000000	0.00000000000000
33.959999084473	0.71980059146881	0.24254471063614	65.000000000000	0.00000000000000
33.970001220703	0.72010380029678	0.24230116605759	65.000000000000	0.00000000000000
33.979999542236	0.72040629386902	0.24205774068832	65.000000000000	0.00000000000000
33.990001678467	0.72070807218552	0.24181436002254	65.000000000000	0.00000000000000
34.000000000000	0.72100913524628	0.24157103896141	65.000000000000	0.00000000000000
34.009998321533	0.72130966186523	0.24132777750492	65.000000000000	0.00000000000000
34.020000457764	0.72160935401917	0.24108460545540	65.000000000000	0.00000000000000
34.029998779297	0.72190845012665	0.24084149301052	65.000000000000	0.00000000000000
34.040000915527	0.72220689058304	0.24059846997261	65.000000000000	0.00000000000000
34.049999237061	0.72250455617905	0.24035549163818	65.000000000000	0.00000000000000
34.060001373291	0.72280162572861	0.24011260271072	65.000000000000	0.00000000000000
34.069999694824	0.72309803962708	0.23986978828907	65.000000000000	0.00000000000000
34.080001831055	0.72339373826981	0.23962706327438	65.000000000000	0.00000000000000
34.090000152588	0.72368872165680	0.23938438296318	65.000000000000	0.00000000000000
34.099998474121	0.72398310899734	0.23914180696011	65.000000000000	0.00000000000000
34.110000610352	0.72427678108215	0.23889927566051	65.000000000000	0.00000000000000
34.119998931885	0.72456979751587	0.23865683376789	65.000000000000	0.00000000000000
34.130001068115	0.72486215829849	0.23841446638107	65.000000000000	0.00000000000000
34.139999389648	0.72515386343002	0.23817218840122	65.000000000000	0.00000000000000
34.150001525879	0.72544491291046	0.23792997002602	65.000000000000	0.00000000000000
34.159999847412	0.72573524713516	0.23768787086010	65.000000000000	0.00000000000000
34.169998168945	0.72602504491806	0.23744583129883	65.000000000000	0.00000000000000
34.180000305176	0.72631406784058	0.23720388114452	65.000000000000	0.00000000000000
34.189998626709	0.72660243511200	0.23696200549603	65.000000000000	0.00000000000000
34.200000762939	0.72689014673233	0.23672020435333	65.000000000000	0.00000000000000
34.209999084473	0.72717726230621	0.23647849261761	65.000000000000	0.00000000000000
34.220001220703	0.72746372222900	0.23623688519001	65.000000000000	0.00000000000000
34.229999542236	0.72774964570999	0.23599523305893	65.000000000000	0.00000000000000
34.240001678467	0.72803467512131	0.23575392365456	65.000000000000	0.00000000000000
34.250000000000	0.72831922769547	0.23551267385483	65.000000000000	0.00000000000000
34.259998321533	0.72860300540924	0.23527140915394	65.000000000000	0.00000000000000
34.270000457764	0.72888624668121	0.23503014445305	65.000000000000	0.00000000000000
34.279998779297	0.72916871309280	0.23478925228119	65.000000000000	0.00000000000000
34.290000915527	0.72945076227188	0.23454803228378	65.000000000000	0.00000000000000
34.299999237061	0.72973203659058	0.23430718481541	65.000000000000	0.00000000000000
34.310001373291	0.73001283407211	0.23406599462032	65.000000000000	0.00000000000000
34.319999694824	0.73029273748398	0.23382551968098	65.000000000000	0.00000000000000
34.330001831055	0.73057216405869	0.23358473181725	65.000000000000	0.00000000000000
34.340000152588	0.73085087537766	0.23334431648254	65.000000000000	0.00000000000000
34.349998474121	0.73112899065018	0.23310391604900	65.000000000000	0.00000000000000
34.360000610352	0.73140639066696	0.23286350071430	65.000000000000	0.00000000000000
34.369998931885	0.73168331384659	0.23262324929237	65.000000000000	0.00000000000000
34.380001068115	0.73195958137512	0.23238310217857	65.000000000000	0.00000000000000
34.389999389648	0.73223519325256	0.23214304447174	65.000000000000	0.00000000000000
34.400001525879	0.73251014947891	0.23190309107304	65.000000000000	0.00000000000000
34.409999847412	0.73278450965881	0.23166321218014	65.000000000000	0.00000000000000
34.419998168945	0.73305821418762	0.23142345249653	65.000000000000	0.00000000000000
34.430000305176	0.73333132266998	0.23118379712105	65.000000000000	0.00000000000000
34.439998626709	0.73360389471054	0.23094423115253	65.000000000000	0.00000000000000
34.450000762939	0.73387575149536	0.23070475459099	65.000000000000	0.00000000000000
34.459999084473	0.73414701223373	0.23046542704105	65.000000000000	0.00000000000000
34.470001220703	0.73441767692566	0.23022615909576	65.000000000000	0.00000000000000
34.479999542236	0.73468780517578	0.22998701035976	65.000000000000	0.00000000000000
34.490001678467	0.73495715856552	0.22974798083305	65.000000000000	0.00000000000000
34.500000000000	0.73522603511810	0.22950904071331	65.000000000000	0.00000000000000
34.509998321533	0.73549425601959	0.22927020490170	65.000000000000	0.00000000000000
34.520000457764	0.73576188087463	0.22903148829937	65.000000000000	0.00000000000000
34.529998779297	0.73602896928787	0.22879287600517	65.000000000000	0.00000000000000
34.540000915527	0.73629534244537	0.22855438292027	65.000000000000	0.00000000000000
34.549999237061	0.73656111955643	0.22831599414349	65.000000000000	0.00000000000000
34.560001373291	0.73682641983032	0.22807772457600	65.000000000000	0.00000000000000
34.569999694824	0.73709094524384	0.22783952951431	65.000000000000	0.00000000000000
34.580001831055	0.73735505342484	0.22760149836540	65.000000000000	0.00000000000000
34.590000152588	0.73761844635010	0.22736355662346	65.000000000000	0.00000000000000
34.599998474121	0.73788136243820	0.22712576389313	65.000000000000	0.00000000000000
34.610000610352	0.73814356327057	0.22688801586628	65.000000000000	0.00000000000000
34.619998931885	0.73840522766113	0.22665041685104	65.000000000000	0.00000000000000
34.630001068115	0.73866641521454	0.22641295194626	65.000000000000	0.00000000000000
34.639999389648	0.73892682790756	0.22617557644844	65.000000000000	0.00000000000000
34.650001525879	0.73918676376343	0.22593836486340	65.000000000000	0.00000000000000
34.659999847412	0.73944616317749	0.22570122778416	65.000000000000	0.00000000000000
34.669998168945	0.73970484733582	0.22546420991421	65.000000000000	0.00000000000000
34.680000305176	0.73996305465698	0.22522734105587	65.000000000000	0.00000000000000
34.689998626709	0.74022066593170	0.22499057650566	65.000000000000	0.00000000000000
34.700000762939	0.74047768115997	0.22475393116474	65.000000000000	0.00000000000000
34.709999084473	0.74073421955109	0.22451740503311	65.000000000000	0.00000000000000
34.720001220703	0.74099004268646	0.22428098320961	65.000000000000	0.00000000000000
34.729999542236	0.74124538898468	0.22404471039772	65.000000000000	0.00000000000000
34.740001678467	0.74150007963181	0.22380858659744	65.000000000000	0.00000000000000
34.750000000000	0.74175429344177	0.22357256710529	65.000000000000	0.00000000000000
34.759998321533	0.74200797080994	0.22333668172359	65.000000000000	0.00000000000000
34.770000457764	0.74226099252701	0.22310088574886	65.000000000000	0.00000000000000
34.779998779297	0.74251347780228	0.22286523878574	65.000000000000	0.00000000000000
34.790000915527	0.74276542663574	0.22262974083424	65.000000000000	0.00000000000000
34.799999237061	0.74301683902740	0.22239436209202	65.000000000000	0.00000000000000
34.810001373291	0.74326759576797	0.22215908765793	65.000000000000	0.00000000000000
34.819999694824	0.74351793527603	0.22192396223545	65.000000000000	0.00000000000000
34.830001831055	0.74376767873764	0.22168895602226	65.000000000000	0.00000000000000
34.840000152588	0.74401688575745	0.22145411372185	65.000000000000	0.00000000000000
34.849998474121	0.74426549673080	0.22121934592724	65.000000000000	0.00000000000000
34.860000610352	0.74451357126236	0.22098475694656	65.000000000000	0.00000000000000
34.869998931885	0.74476104974747	0.22075030207634	65.000000000000	0.00000000000000
34.880001068115	0.74500805139542	0.22051593661308	65.000000000000	0.00000000000000
34.889999389648	0.74525457620621	0.22028176486492	65.000000000000	0.00000000000000
34.900001525879	0.74550050497055	0.22004765272141	65.000000000000	0.00000000000000
34.909999847412	0.74574589729309	0.21981373429298	65.000000000000	0.00000000000000
34.919998168945	0.74599075317383	0.21957993507385	65.000000000000	0.00000000000000
34.930000305176	0.74623507261276	0.21934626996517	65.000000000000	0.00000000000000
34.939998626709	0.74647891521454	0.21911276876926	65.000000000000	0.00000000000000
34.950000762939	0.74672216176987	0.21887938678265	65.000000000000	0.00000000000000
34.959999084473	0.74696487188339	0.21864615380764	65.000000000000	0.00000000000000
34.970001220703	0.74720710515976	0.21841301023960	65.000000000000	0.00000000000000
34.979999542236	0.74744880199432	0.21818004548550	65.000000000000	0.00000000000000
34.990001678467	0.74768996238708	0.21794721484184	65.000000000000	0.00000000000000
35.000000000000	0.74793058633804	0.21771453320980	65.000000000000	0.00000000000000
