#Parameters = {d=0.2036432160804; l2=4.072864321608; lambda=8.1457286432161; r=0.027442959798995}
#"Frequency / GHz"	"S1,1 (lambda=8.14573) [Re]"	"S1,1 (lambda=8.14573) [Im]"	"Ref.Imp. [Re]"	"Ref.Imp. [Im]"
#-----------------------------------------------------------------------------------------------------------
25.000000000000	0.68289721012115	-0.57992213964462	65.000000000000	0.00000000000000
25.010000228882	0.68216556310654	-0.58027940988541	65.000000000000	0.00000000000000
25.020000457764	0.68143177032471	-0.58063626289368	65.000000000000	0.00000000000000
25.030000686646	0.68069618940353	-0.58099257946014	65.000000000000	0.00000000000000
25.040000915527	0.67995846271515	-0.58134853839874	65.000000000000	0.00000000000000
25.049999237061	0.67921888828278	-0.58170390129089	65.000000000000	0.00000000000000
25.059999465942	0.67847728729248	-0.58205872774124	65.000000000000	0.00000000000000
25.069999694824	0.67773377895355	-0.58241313695908	65.000000000000	0.00000000000000
25.079999923706	0.67698830366135	-0.58276700973511	65.000000000000	0.00000000000000
25.090000152588	0.67624080181122	-0.58312034606934	65.000000000000	0.00000000000000
25.100000381470	0.67549139261246	-0.58347314596176	65.000000000000	0.00000000000000
25.110000610352	0.67473995685577	-0.58382546901703	65.000000000000	0.00000000000000
25.120000839233	0.67398655414581	-0.58417713642120	65.000000000000	0.00000000000000
25.129999160767	0.67323106527328	-0.58452826738358	65.000000000000	0.00000000000000
25.139999389648	0.67247354984283	-0.58487886190414	65.000000000000	0.00000000000000
25.149999618530	0.67171418666840	-0.58522874116898	65.000000000000	0.00000000000000
25.159999847412	0.67095267772675	-0.58557814359665	65.000000000000	0.00000000000000
25.170000076294	0.67018920183182	-0.58592689037323	65.000000000000	0.00000000000000
25.180000305176	0.66942369937897	-0.58627498149872	65.000000000000	0.00000000000000
25.190000534058	0.66865622997284	-0.58662241697311	65.000000000000	0.00000000000000
25.200000762939	0.66788667440414	-0.58696931600571	65.000000000000	0.00000000000000
25.209999084473	0.66711497306824	-0.58731538057327	65.000000000000	0.00000000000000
25.219999313354	0.66634142398834	-0.58766090869904	65.000000000000	0.00000000000000
25.229999542236	0.66556572914124	-0.58800572156906	65.000000000000	0.00000000000000
25.239999771118	0.66478812694550	-0.58834987878799	65.000000000000	0.00000000000000
25.250000000000	0.66400837898254	-0.58869332075119	65.000000000000	0.00000000000000
25.260000228882	0.66322672367096	-0.58903598785400	65.000000000000	0.00000000000000
25.270000457764	0.66244286298752	-0.58937793970108	65.000000000000	0.00000000000000
25.280000686646	0.66165703535080	-0.58971911668777	65.000000000000	0.00000000000000
25.290000915527	0.66086924076080	-0.59005969762802	65.000000000000	0.00000000000000
25.299999237061	0.66007924079895	-0.59039938449860	65.000000000000	0.00000000000000
25.309999465942	0.65928709506989	-0.59073835611343	65.000000000000	0.00000000000000
25.319999694824	0.65849316120148	-0.59107667207718	65.000000000000	0.00000000000000
25.329999923706	0.65769690275192	-0.59141397476196	65.000000000000	0.00000000000000
25.340000152588	0.65689879655838	-0.59175062179565	65.000000000000	0.00000000000000
25.350000381470	0.65609848499298	-0.59208637475967	65.000000000000	0.00000000000000
25.360000610352	0.65529614686966	-0.59242141246796	65.000000000000	0.00000000000000
25.370000839233	0.65449178218842	-0.59275555610657	65.000000000000	0.00000000000000
25.379999160767	0.65368539094925	-0.59308886528015	65.000000000000	0.00000000000000
25.389999389648	0.65287679433823	-0.59342133998871	65.000000000000	0.00000000000000
25.399999618530	0.65206623077393	-0.59375286102295	65.000000000000	0.00000000000000
25.409999847412	0.65125358104706	-0.59408360719681	65.000000000000	0.00000000000000
25.420000076294	0.65043884515762	-0.59441345930099	65.000000000000	0.00000000000000
25.430000305176	0.64962202310562	-0.59474229812622	65.000000000000	0.00000000000000
25.440000534058	0.64880305528641	-0.59507036209106	65.000000000000	0.00000000000000
25.450000762939	0.64798206090927	-0.59539765119553	65.000000000000	0.00000000000000
25.459999084473	0.64715909957886	-0.59572368860245	65.000000000000	0.00000000000000
25.469999313354	0.64633387327194	-0.59604901075363	65.000000000000	0.00000000000000
25.479999542236	0.64550668001175	-0.59637326002121	65.000000000000	0.00000000000000
25.489999771118	0.64467751979828	-0.59669643640518	65.000000000000	0.00000000000000
25.500000000000	0.64384609460831	-0.59701883792877	65.000000000000	0.00000000000000
25.510000228882	0.64301264286041	-0.59734016656876	65.000000000000	0.00000000000000
25.520000457764	0.64217692613602	-0.59766060113907	65.000000000000	0.00000000000000
25.530000686646	0.64133936166763	-0.59798008203506	65.000000000000	0.00000000000000
25.540000915527	0.64049941301346	-0.59829860925674	65.000000000000	0.00000000000000
25.549999237061	0.63965785503387	-0.59861570596695	65.000000000000	0.00000000000000
25.559999465942	0.63881361484528	-0.59893226623535	65.000000000000	0.00000000000000
25.569999694824	0.63796776533127	-0.59924739599228	65.000000000000	0.00000000000000
25.579999923706	0.63711959123611	-0.59956169128418	65.000000000000	0.00000000000000
25.590000152588	0.63626950979233	-0.59987473487854	65.000000000000	0.00000000000000
25.600000381470	0.63541716337204	-0.60018694400787	65.000000000000	0.00000000000000
25.610000610352	0.63456279039383	-0.60049796104431	65.000000000000	0.00000000000000
25.620000839233	0.63370639085770	-0.60080778598785	65.000000000000	0.00000000000000
25.629999160767	0.63284778594971	-0.60111665725708	65.000000000000	0.00000000000000
25.639999389648	0.63198715448380	-0.60142433643341	65.000000000000	0.00000000000000
25.649999618530	0.63112455606461	-0.60173082351685	65.000000000000	0.00000000000000
25.659999847412	0.63025969266891	-0.60203623771667	65.000000000000	0.00000000000000
25.670000076294	0.62939244508743	-0.60234075784683	65.000000000000	0.00000000000000
25.680000305176	0.62852334976196	-0.60264408588409	65.000000000000	0.00000000000000
25.690000534058	0.62765252590179	-0.60294580459595	65.000000000000	0.00000000000000
25.700000762939	0.62677943706512	-0.60324651002884	65.000000000000	0.00000000000000
25.709999084473	0.62590402364731	-0.60354626178741	65.000000000000	0.00000000000000
25.719999313354	0.62502634525299	-0.60384500026703	65.000000000000	0.00000000000000
25.729999542236	0.62414699792862	-0.60414212942123	65.000000000000	0.00000000000000
25.739999771118	0.62326538562775	-0.60443818569183	65.000000000000	0.00000000000000
25.750000000000	0.62238204479218	-0.60473269224167	65.000000000000	0.00000000000000
25.760000228882	0.62149620056152	-0.60502642393112	65.000000000000	0.00000000000000
25.770000457764	0.62060827016830	-0.60531878471375	65.000000000000	0.00000000000000
25.780000686646	0.61971843242645	-0.60560977458954	65.000000000000	0.00000000000000
25.790000915527	0.61882615089417	-0.60589975118637	65.000000000000	0.00000000000000
25.799999237061	0.61793202161789	-0.60618835687637	65.000000000000	0.00000000000000
25.809999465942	0.61703580617905	-0.60647565126419	65.000000000000	0.00000000000000
25.819999694824	0.61613744497299	-0.60676175355911	65.000000000000	0.00000000000000
25.829999923706	0.61523705720901	-0.60704642534256	65.000000000000	0.00000000000000
25.840000152588	0.61433458328247	-0.60732984542847	65.000000000000	0.00000000000000
25.850000381470	0.61343002319336	-0.60761195421219	65.000000000000	0.00000000000000
25.860000610352	0.61252331733704	-0.60789269208908	65.000000000000	0.00000000000000
25.870000839233	0.61161458492279	-0.60817211866379	65.000000000000	0.00000000000000
25.879999160767	0.61070382595062	-0.60845023393631	65.000000000000	0.00000000000000
25.889999389648	0.60979086160660	-0.60872697830200	65.000000000000	0.00000000000000
25.899999618530	0.60887581110001	-0.60900235176086	65.000000000000	0.00000000000000
25.909999847412	0.60795879364014	-0.60927635431290	65.000000000000	0.00000000000000
25.920000076294	0.60703951120377	-0.60954898595810	65.000000000000	0.00000000000000
25.930000305176	0.60611820220947	-0.60982012748718	65.000000000000	0.00000000000000
25.940000534058	0.60519498586655	-0.61009001731873	65.000000000000	0.00000000000000
25.950000762939	0.60426950454712	-0.61035853624344	65.000000000000	0.00000000000000
25.959999084473	0.60334205627441	-0.61062544584274	65.000000000000	0.00000000000000
25.969999313354	0.60241240262985	-0.61089104413986	65.000000000000	0.00000000000000
25.979999542236	0.60148066282272	-0.61115515232086	65.000000000000	0.00000000000000
25.989999771118	0.60054689645767	-0.61141788959503	65.000000000000	0.00000000000000
26.000000000000	0.59961116313934	-0.61167913675308	65.000000000000	0.00000000000000
26.010000228882	0.59867316484451	-0.61193889379501	65.000000000000	0.00000000000000
26.020000457764	0.59773319959641	-0.61219716072083	65.000000000000	0.00000000000000
26.030000686646	0.59679120779037	-0.61245399713516	65.000000000000	0.00000000000000
26.040000915527	0.59584701061249	-0.61270934343338	65.000000000000	0.00000000000000
26.049999237061	0.59490072727203	-0.61296314001083	65.000000000000	0.00000000000000
26.059999465942	0.59395241737366	-0.61321550607681	65.000000000000	0.00000000000000
26.069999694824	0.59300196170807	-0.61346626281738	65.000000000000	0.00000000000000
26.079999923706	0.59204959869385	-0.61371546983719	65.000000000000	0.00000000000000
26.090000152588	0.59109503030777	-0.61396324634552	65.000000000000	0.00000000000000
26.100000381470	0.59013837575912	-0.61420947313309	65.000000000000	0.00000000000000
26.110000610352	0.58917981386185	-0.61445403099060	65.000000000000	0.00000000000000
26.120000839233	0.58821904659271	-0.61469709873199	65.000000000000	0.00000000000000
26.129999160767	0.58725607395172	-0.61493861675262	65.000000000000	0.00000000000000
26.139999389648	0.58629131317139	-0.61517846584320	65.000000000000	0.00000000000000
26.149999618530	0.58532428741455	-0.61541676521301	65.000000000000	0.00000000000000
26.159999847412	0.58435517549515	-0.61565345525742	65.000000000000	0.00000000000000
26.170000076294	0.58338421583176	-0.61588853597641	65.000000000000	0.00000000000000
26.180000305176	0.58241099119186	-0.61612200737000	65.000000000000	0.00000000000000
26.190000534058	0.58143579959869	-0.61635380983353	65.000000000000	0.00000000000000
26.200000762939	0.58045840263367	-0.61658400297165	65.000000000000	0.00000000000000
26.209999084473	0.57947909832001	-0.61681252717972	65.000000000000	0.00000000000000
26.219999313354	0.57849758863449	-0.61703950166702	65.000000000000	0.00000000000000
26.229999542236	0.57751411199570	-0.61726462841034	65.000000000000	0.00000000000000
26.239999771118	0.57652848958969	-0.61748820543289	65.000000000000	0.00000000000000
26.250000000000	0.57554090023041	-0.61771011352539	65.000000000000	0.00000000000000
26.260000228882	0.57455116510391	-0.61793023347855	65.000000000000	0.00000000000000
26.270000457764	0.57355952262878	-0.61814874410629	65.000000000000	0.00000000000000
26.280000686646	0.57256573438644	-0.61836540699005	65.000000000000	0.00000000000000
26.290000915527	0.57156985998154	-0.61858046054840	65.000000000000	0.00000000000000
26.299999237061	0.57057183980942	-0.61879378557205	65.000000000000	0.00000000000000
26.309999465942	0.56957197189331	-0.61900526285172	65.000000000000	0.00000000000000
26.319999694824	0.56856983900070	-0.61921507120132	65.000000000000	0.00000000000000
26.329999923706	0.56756573915482	-0.61942309141159	65.000000000000	0.00000000000000
26.340000152588	0.56655961275101	-0.61962938308716	65.000000000000	0.00000000000000
26.350000381470	0.56555145978928	-0.61983388662338	65.000000000000	0.00000000000000
26.360000610352	0.56454104185104	-0.62003654241562	65.000000000000	0.00000000000000
26.370000839233	0.56352877616882	-0.62023746967316	65.000000000000	0.00000000000000
26.379999160767	0.56251430511475	-0.62043654918671	65.000000000000	0.00000000000000
26.389999389648	0.56149804592133	-0.62063378095627	65.000000000000	0.00000000000000
26.399999618530	0.56047952175140	-0.62082922458649	65.000000000000	0.00000000000000
26.409999847412	0.55945903062820	-0.62102282047272	65.000000000000	0.00000000000000
26.420000076294	0.55843633413315	-0.62121462821960	65.000000000000	0.00000000000000
26.430000305176	0.55741178989410	-0.62140452861786	65.000000000000	0.00000000000000
26.440000534058	0.55638504028320	-0.62159252166748	65.000000000000	0.00000000000000
26.450000762939	0.55535638332367	-0.62177872657776	65.000000000000	0.00000000000000
26.459999084473	0.55432558059692	-0.62196296453476	65.000000000000	0.00000000000000
26.469999313354	0.55329269170761	-0.62214541435242	65.000000000000	0.00000000000000
26.479999542236	0.55225777626038	-0.62232583761215	65.000000000000	0.00000000000000
26.489999771118	0.55122095346451	-0.62250435352325	65.000000000000	0.00000000000000
26.500000000000	0.55018198490143	-0.62268102169037	65.000000000000	0.00000000000000
26.510000228882	0.54914098978043	-0.62285578250885	65.000000000000	0.00000000000000
26.520000457764	0.54809796810150	-0.62302845716476	65.000000000000	0.00000000000000
26.530000686646	0.54705297946930	-0.62319928407669	65.000000000000	0.00000000000000
26.540000915527	0.54600578546524	-0.62336808443069	65.000000000000	0.00000000000000
26.549999237061	0.54495656490326	-0.62353497743607	65.000000000000	0.00000000000000
26.559999465942	0.54390537738800	-0.62369990348816	65.000000000000	0.00000000000000
26.569999694824	0.54285222291946	-0.62386280298233	65.000000000000	0.00000000000000
26.579999923706	0.54179692268372	-0.62402361631393	65.000000000000	0.00000000000000
26.590000152588	0.54073965549469	-0.62418252229691	65.000000000000	0.00000000000000
26.600000381470	0.53968030214310	-0.62433934211731	65.000000000000	0.00000000000000
26.610000610352	0.53861892223358	-0.62449407577515	65.000000000000	0.00000000000000
26.620000839233	0.53755551576614	-0.62464690208435	65.000000000000	0.00000000000000
26.629999160767	0.53649008274078	-0.62479758262634	65.000000000000	0.00000000000000
26.639999389648	0.53542262315750	-0.62494617700577	65.000000000000	0.00000000000000
26.649999618530	0.53435307741165	-0.62509274482727	65.000000000000	0.00000000000000
26.659999847412	0.53328156471252	-0.62523722648621	65.000000000000	0.00000000000000
26.670000076294	0.53220796585083	-0.62537956237793	65.000000000000	0.00000000000000
26.680000305176	0.53113245964050	-0.62551981210709	65.000000000000	0.00000000000000
26.690000534058	0.53005486726761	-0.62565791606903	65.000000000000	0.00000000000000
26.700000762939	0.52897530794144	-0.62579387426376	65.000000000000	0.00000000000000
26.709999084473	0.52789372205734	-0.62592780590057	65.000000000000	0.00000000000000
26.719999313354	0.52680999040604	-0.62605953216553	65.000000000000	0.00000000000000
26.729999542236	0.52572441101074	-0.62618905305862	65.000000000000	0.00000000000000
26.739999771118	0.52463668584824	-0.62631642818451	65.000000000000	0.00000000000000
26.750000000000	0.52354687452316	-0.62644159793854	65.000000000000	0.00000000000000
26.760000228882	0.52245521545410	-0.62656462192535	65.000000000000	0.00000000000000
26.770000457764	0.52136152982712	-0.62668538093567	65.000000000000	0.00000000000000
26.780000686646	0.52026563882828	-0.62680393457413	65.000000000000	0.00000000000000
26.790000915527	0.51916801929474	-0.62692028284073	65.000000000000	0.00000000000000
26.799999237061	0.51806807518005	-0.62703436613083	65.000000000000	0.00000000000000
26.809999465942	0.51696628332138	-0.62714624404907	65.000000000000	0.00000000000000
26.819999694824	0.51586246490479	-0.62725585699081	65.000000000000	0.00000000000000
26.829999923706	0.51475673913956	-0.62736314535141	65.000000000000	0.00000000000000
26.840000152588	0.51364898681641	-0.62746816873550	65.000000000000	0.00000000000000
26.850000381470	0.51253920793533	-0.62757086753845	65.000000000000	0.00000000000000
26.860000610352	0.51142734289169	-0.62767130136490	65.000000000000	0.00000000000000
26.870000839233	0.51031357049942	-0.62776935100555	65.000000000000	0.00000000000000
26.879999160767	0.50919771194458	-0.62786513566971	65.000000000000	0.00000000000000
26.889999389648	0.50808000564575	-0.62795853614807	65.000000000000	0.00000000000000
26.899999618530	0.50696009397507	-0.62804955244064	65.000000000000	0.00000000000000
26.909999847412	0.50583833456039	-0.62813830375671	65.000000000000	0.00000000000000
26.920000076294	0.50471448898315	-0.62822467088699	65.000000000000	0.00000000000000
26.930000305176	0.50358891487122	-0.62830853462219	65.000000000000	0.00000000000000
26.940000534058	0.50246107578278	-0.62839001417160	65.000000000000	0.00000000000000
26.950000762939	0.50133138895035	-0.62846916913986	65.000000000000	0.00000000000000
26.959999084473	0.50019961595535	-0.62854582071304	65.000000000000	0.00000000000000
26.969999313354	0.49906599521637	-0.62862008810043	65.000000000000	0.00000000000000
26.979999542236	0.49793034791946	-0.62869185209274	65.000000000000	0.00000000000000
26.989999771118	0.49679273366928	-0.62876123189926	65.000000000000	0.00000000000000
27.000000000000	0.49565315246582	-0.62882810831070	65.000000000000	0.00000000000000
27.010000228882	0.49451148509979	-0.62889242172241	65.000000000000	0.00000000000000
27.020000457764	0.49336796998978	-0.62895429134369	65.000000000000	0.00000000000000
27.030000686646	0.49222251772881	-0.62901365756989	65.000000000000	0.00000000000000
27.040000915527	0.49107494950294	-0.62907046079636	65.000000000000	0.00000000000000
27.049999237061	0.48992547392845	-0.62912476062775	65.000000000000	0.00000000000000
27.059999465942	0.48877418041229	-0.62917649745941	65.000000000000	0.00000000000000
27.069999694824	0.48762083053589	-0.62922567129135	65.000000000000	0.00000000000000
27.079999923706	0.48646551370621	-0.62927228212357	65.000000000000	0.00000000000000
27.090000152588	0.48530817031860	-0.62931632995605	65.000000000000	0.00000000000000
27.100000381470	0.48414906859398	-0.62935769557953	65.000000000000	0.00000000000000
27.110000610352	0.48298785090446	-0.62939655780792	65.000000000000	0.00000000000000
27.120000839233	0.48182490468025	-0.62943267822266	65.000000000000	0.00000000000000
27.129999160767	0.48065990209579	-0.62946623563766	65.000000000000	0.00000000000000
27.139999389648	0.47949284315109	-0.62949705123901	65.000000000000	0.00000000000000
27.149999618530	0.47832387685776	-0.62952536344528	65.000000000000	0.00000000000000
27.159999847412	0.47715324163437	-0.62955081462860	65.000000000000	0.00000000000000
27.170000076294	0.47598034143448	-0.62957376241684	65.000000000000	0.00000000000000
27.180000305176	0.47480577230453	-0.62959384918213	65.000000000000	0.00000000000000
27.190000534058	0.47362932562828	-0.62961125373840	65.000000000000	0.00000000000000
27.200000762939	0.47245070338249	-0.62962597608566	65.000000000000	0.00000000000000
27.209999084473	0.47127038240433	-0.62963789701462	65.000000000000	0.00000000000000
27.219999313354	0.47008803486824	-0.62964713573456	65.000000000000	0.00000000000000
27.229999542236	0.46890383958817	-0.62965351343155	65.000000000000	0.00000000000000
27.239999771118	0.46771764755249	-0.62965714931488	65.000000000000	0.00000000000000
27.250000000000	0.46652981638908	-0.62965798377991	65.000000000000	0.00000000000000
27.260000228882	0.46533983945847	-0.62965601682663	65.000000000000	0.00000000000000
27.270000457764	0.46414804458618	-0.62965118885040	65.000000000000	0.00000000000000
27.280000686646	0.46295443177223	-0.62964355945587	65.000000000000	0.00000000000000
27.290000915527	0.46175885200500	-0.62963306903839	65.000000000000	0.00000000000000
27.299999237061	0.46056142449379	-0.62961965799332	65.000000000000	0.00000000000000
27.309999465942	0.45936223864555	-0.62960338592529	65.000000000000	0.00000000000000
27.319999694824	0.45816090703011	-0.62958425283432	65.000000000000	0.00000000000000
27.329999923706	0.45695802569389	-0.62956219911575	65.000000000000	0.00000000000000
27.340000152588	0.45575314760208	-0.62953722476959	65.000000000000	0.00000000000000
27.350000381470	0.45454651117325	-0.62950927019119	65.000000000000	0.00000000000000
27.360000610352	0.45333784818649	-0.62947845458984	65.000000000000	0.00000000000000
27.370000839233	0.45212736725807	-0.62944453954697	65.000000000000	0.00000000000000
27.379999160767	0.45091521739960	-0.62940776348114	65.000000000000	0.00000000000000
27.389999389648	0.44970121979713	-0.62936788797379	65.000000000000	0.00000000000000
27.399999618530	0.44848522543907	-0.62932509183884	65.000000000000	0.00000000000000
27.409999847412	0.44726747274399	-0.62927925586700	65.000000000000	0.00000000000000
27.420000076294	0.44604790210724	-0.62923043966293	65.000000000000	0.00000000000000
27.430000305176	0.44482660293579	-0.62917846441269	65.000000000000	0.00000000000000
27.440000534058	0.44360354542732	-0.62912344932556	65.000000000000	0.00000000000000
27.450000762939	0.44237855076790	-0.62906539440155	65.000000000000	0.00000000000000
27.459999084473	0.44115179777145	-0.62900424003601	65.000000000000	0.00000000000000
27.469999313354	0.43992322683334	-0.62893998622894	65.000000000000	0.00000000000000
27.479999542236	0.43869298696518	-0.62887251377106	65.000000000000	0.00000000000000
27.489999771118	0.43746092915535	-0.62880200147629	65.000000000000	0.00000000000000
27.500000000000	0.43622705340385	-0.62872833013535	65.000000000000	0.00000000000000
27.510000228882	0.43499130010605	-0.62865144014359	65.000000000000	0.00000000000000
27.520000457764	0.43375396728516	-0.62857139110565	65.000000000000	0.00000000000000
27.530000686646	0.43251484632492	-0.62848818302155	65.000000000000	0.00000000000000
27.540000915527	0.43127393722534	-0.62840169668198	65.000000000000	0.00000000000000
27.549999237061	0.43003135919571	-0.62831199169159	65.000000000000	0.00000000000000
27.559999465942	0.42878705263138	-0.62821906805038	65.000000000000	0.00000000000000
27.569999694824	0.42754098773003	-0.62812292575836	65.000000000000	0.00000000000000
27.579999923706	0.42629313468933	-0.62802338600159	65.000000000000	0.00000000000000
27.590000152588	0.42504370212555	-0.62792062759399	65.000000000000	0.00000000000000
27.600000381470	0.42379257082939	-0.62781465053558	65.000000000000	0.00000000000000
27.610000610352	0.42253965139389	-0.62770527601242	65.000000000000	0.00000000000000
27.620000839233	0.42128506302834	-0.62759256362915	65.000000000000	0.00000000000000
27.629999160767	0.42002892494202	-0.62747651338577	65.000000000000	0.00000000000000
27.639999389648	0.41877087950706	-0.62735712528229	65.000000000000	0.00000000000000
27.649999618530	0.41751134395599	-0.62723433971405	65.000000000000	0.00000000000000
27.659999847412	0.41625010967255	-0.62710815668106	65.000000000000	0.00000000000000
27.670000076294	0.41498717665672	-0.62697863578796	65.000000000000	0.00000000000000
27.680000305176	0.41372263431549	-0.62684565782547	65.000000000000	0.00000000000000
27.690000534058	0.41245657205582	-0.62670922279358	65.000000000000	0.00000000000000
27.700000762939	0.41118869185448	-0.62656933069229	65.000000000000	0.00000000000000
27.709999084473	0.40991932153702	-0.62642592191696	65.000000000000	0.00000000000000
27.719999313354	0.40864834189415	-0.62627905607224	65.000000000000	0.00000000000000
27.729999542236	0.40737575292587	-0.62612873315811	65.000000000000	0.00000000000000
27.739999771118	0.40610152482986	-0.62597483396530	65.000000000000	0.00000000000000
27.750000000000	0.40482571721077	-0.62581747770309	65.000000000000	0.00000000000000
27.760000228882	0.40354850888252	-0.62565654516220	65.000000000000	0.00000000000000
27.770000457764	0.40226957201958	-0.62549203634262	65.000000000000	0.00000000000000
27.780000686646	0.40098920464516	-0.62532407045364	65.000000000000	0.00000000000000
27.790000915527	0.39970707893372	-0.62515234947205	65.000000000000	0.00000000000000
27.799999237061	0.39842361211777	-0.62497711181641	65.000000000000	0.00000000000000
27.809999465942	0.39713859558105	-0.62479823827744	65.000000000000	0.00000000000000
27.819999694824	0.39585188031197	-0.62461566925049	65.000000000000	0.00000000000000
27.829999923706	0.39456385374069	-0.62442964315414	65.000000000000	0.00000000000000
27.840000152588	0.39327430725098	-0.62423974275589	65.000000000000	0.00000000000000
27.850000381470	0.39198338985443	-0.62404620647430	65.000000000000	0.00000000000000
27.860000610352	0.39069068431854	-0.62384897470474	65.000000000000	0.00000000000000
27.870000839233	0.38939669728279	-0.62364810705185	65.000000000000	0.00000000000000
27.879999160767	0.38810139894485	-0.62344348430634	65.000000000000	0.00000000000000
27.889999389648	0.38680449128151	-0.62323504686356	65.000000000000	0.00000000000000
27.899999618530	0.38550627231598	-0.62302285432816	65.000000000000	0.00000000000000
27.909999847412	0.38420653343201	-0.62280690670013	65.000000000000	0.00000000000000
27.920000076294	0.38290545344353	-0.62258720397949	65.000000000000	0.00000000000000
27.930000305176	0.38160288333893	-0.62236374616623	65.000000000000	0.00000000000000
27.940000534058	0.38029894232750	-0.62213635444641	65.000000000000	0.00000000000000
27.950000762939	0.37899371981621	-0.62190514802933	65.000000000000	0.00000000000000
27.959999084473	0.37768715620041	-0.62167006731033	65.000000000000	0.00000000000000
27.969999313354	0.37637907266617	-0.62143129110336	65.000000000000	0.00000000000000
27.979999542236	0.37506982684135	-0.62118852138519	65.000000000000	0.00000000000000
27.989999771118	0.37375909090042	-0.62094181776047	65.000000000000	0.00000000000000
28.000000000000	0.37244716286659	-0.62069118022919	65.000000000000	0.00000000000000
28.010000228882	0.37113377451897	-0.62043666839600	65.000000000000	0.00000000000000
28.020000457764	0.36981925368309	-0.62017828226089	65.000000000000	0.00000000000000
28.030000686646	0.36850348114967	-0.61991584300995	65.000000000000	0.00000000000000
28.040000915527	0.36718642711639	-0.61964946985245	65.000000000000	0.00000000000000
28.049999237061	0.36586809158325	-0.61937904357910	65.000000000000	0.00000000000000
28.059999465942	0.36454856395721	-0.61910474300385	65.000000000000	0.00000000000000
28.069999694824	0.36322760581970	-0.61882632970810	65.000000000000	0.00000000000000
28.079999923706	0.36190563440323	-0.61854386329651	65.000000000000	0.00000000000000
28.090000152588	0.36058241128922	-0.61825740337372	65.000000000000	0.00000000000000
28.100000381470	0.35925802588463	-0.61796689033508	65.000000000000	0.00000000000000
28.110000610352	0.35793244838715	-0.61767226457596	65.000000000000	0.00000000000000
28.120000839233	0.35660573840141	-0.61737352609634	65.000000000000	0.00000000000000
28.129999160767	0.35527801513672	-0.61707073450089	65.000000000000	0.00000000000000
28.139999389648	0.35394901037216	-0.61676383018494	65.000000000000	0.00000000000000
28.149999618530	0.35261905193329	-0.61645269393921	65.000000000000	0.00000000000000
28.159999847412	0.35128751397133	-0.61613762378693	65.000000000000	0.00000000000000
28.170000076294	0.34995535016060	-0.61581814289093	65.000000000000	0.00000000000000
28.180000305176	0.34862196445465	-0.61549460887909	65.000000000000	0.00000000000000
28.190000534058	0.34728765487671	-0.61516678333282	65.000000000000	0.00000000000000
28.200000762939	0.34595212340355	-0.61483484506607	65.000000000000	0.00000000000000
28.209999084473	0.34461575746536	-0.61449855566025	65.000000000000	0.00000000000000
28.219999313354	0.34327822923660	-0.61415815353394	65.000000000000	0.00000000000000
28.229999542236	0.34193977713585	-0.61381334066391	65.000000000000	0.00000000000000
28.239999771118	0.34060025215149	-0.61346447467804	65.000000000000	0.00000000000000
28.250000000000	0.33925959467888	-0.61311131715775	65.000000000000	0.00000000000000
28.260000228882	0.33791840076447	-0.61275368928909	65.000000000000	0.00000000000000
28.270000457764	0.33657583594322	-0.61239194869995	65.000000000000	0.00000000000000
28.280000686646	0.33523279428482	-0.61202561855316	65.000000000000	0.00000000000000
28.290000915527	0.33388867974281	-0.61165511608124	65.000000000000	0.00000000000000
28.299999237061	0.33254382014275	-0.61128014326096	65.000000000000	0.00000000000000
28.309999465942	0.33119764924049	-0.61090105772018	65.000000000000	0.00000000000000
28.319999694824	0.32985132932663	-0.61051714420319	65.000000000000	0.00000000000000
28.329999923706	0.32850342988968	-0.61012935638428	65.000000000000	0.00000000000000
28.340000152588	0.32715514302254	-0.60973680019379	65.000000000000	0.00000000000000
28.350000381470	0.32580593228340	-0.60933995246887	65.000000000000	0.00000000000000
28.360000610352	0.32445603609085	-0.60893863439560	65.000000000000	0.00000000000000
28.370000839233	0.32310548424721	-0.60853278636932	65.000000000000	0.00000000000000
28.379999160767	0.32175374031067	-0.60812264680862	65.000000000000	0.00000000000000
28.389999389648	0.32040166854858	-0.60770791769028	65.000000000000	0.00000000000000
28.399999618530	0.31904876232147	-0.60728865861893	65.000000000000	0.00000000000000
28.409999847412	0.31769496202469	-0.60686504840851	65.000000000000	0.00000000000000
28.420000076294	0.31634089350700	-0.60643666982651	65.000000000000	0.00000000000000
28.430000305176	0.31498599052429	-0.60600388050079	65.000000000000	0.00000000000000
28.440000534058	0.31363034248352	-0.60556668043137	65.000000000000	0.00000000000000
28.450000762939	0.31227412819862	-0.60512477159500	65.000000000000	0.00000000000000
28.459999084473	0.31091740727425	-0.60467827320099	65.000000000000	0.00000000000000
28.469999313354	0.30955997109413	-0.60422724485397	65.000000000000	0.00000000000000
28.479999542236	0.30820208787918	-0.60377156734467	65.000000000000	0.00000000000000
28.489999771118	0.30684348940849	-0.60331141948700	65.000000000000	0.00000000000000
28.500000000000	0.30548414587975	-0.60284668207169	65.000000000000	0.00000000000000
28.510000228882	0.30412501096725	-0.60237693786621	65.000000000000	0.00000000000000
28.520000457764	0.30276492238045	-0.60190284252167	65.000000000000	0.00000000000000
28.530000686646	0.30140447616577	-0.60142403841019	65.000000000000	0.00000000000000
28.540000915527	0.30004334449768	-0.60094058513641	65.000000000000	0.00000000000000
28.549999237061	0.29868197441101	-0.60045248270035	65.000000000000	0.00000000000000
28.559999465942	0.29732024669647	-0.59995955228806	65.000000000000	0.00000000000000
28.569999694824	0.29595825076103	-0.59946185350418	65.000000000000	0.00000000000000
28.579999923706	0.29459568858147	-0.59895956516266	65.000000000000	0.00000000000000
28.590000152588	0.29323285818100	-0.59845244884491	65.000000000000	0.00000000000000
28.600000381470	0.29186925292015	-0.59794080257416	65.000000000000	0.00000000000000
28.610000610352	0.29050582647324	-0.59742414951324	65.000000000000	0.00000000000000
28.620000839233	0.28914195299149	-0.59690284729004	65.000000000000	0.00000000000000
28.629999160767	0.28777787089348	-0.59637671709061	65.000000000000	0.00000000000000
28.639999389648	0.28641366958618	-0.59584581851959	65.000000000000	0.00000000000000
28.649999618530	0.28504905104637	-0.59531015157700	65.000000000000	0.00000000000000
28.659999847412	0.28368428349495	-0.59476959705353	65.000000000000	0.00000000000000
28.670000076294	0.28231930732727	-0.59422427415848	65.000000000000	0.00000000000000
28.680000305176	0.28095424175262	-0.59367406368256	65.000000000000	0.00000000000000
28.690000534058	0.27958911657333	-0.59311902523041	65.000000000000	0.00000000000000
28.700000762939	0.27822366356850	-0.59255915880203	65.000000000000	0.00000000000000
28.709999084473	0.27685821056366	-0.59199434518814	65.000000000000	0.00000000000000
28.719999313354	0.27549275755882	-0.59142470359802	65.000000000000	0.00000000000000
28.729999542236	0.27412715554237	-0.59085011482239	65.000000000000	0.00000000000000
28.739999771118	0.27276149392128	-0.59027069807053	65.000000000000	0.00000000000000
28.750000000000	0.27139601111412	-0.58968627452850	65.000000000000	0.00000000000000
28.760000228882	0.27003031969070	-0.58909702301025	65.000000000000	0.00000000000000
28.770000457764	0.26866477727890	-0.58850282430649	65.000000000000	0.00000000000000
28.780000686646	0.26729917526245	-0.58790361881256	65.000000000000	0.00000000000000
28.790000915527	0.26593387126923	-0.58729952573776	65.000000000000	0.00000000000000
28.799999237061	0.26456847786903	-0.58669048547745	65.000000000000	0.00000000000000
28.809999465942	0.26320338249207	-0.58607643842697	65.000000000000	0.00000000000000
28.819999694824	0.26183834671974	-0.58545732498169	65.000000000000	0.00000000000000
28.829999923706	0.26047354936600	-0.58483332395554	65.000000000000	0.00000000000000
28.840000152588	0.25910887122154	-0.58420431613922	65.000000000000	0.00000000000000
28.850000381470	0.25774446129799	-0.58357024192810	65.000000000000	0.00000000000000
28.860000610352	0.25638023018837	-0.58293128013611	65.000000000000	0.00000000000000
28.870000839233	0.25501629710197	-0.58228713274002	65.000000000000	0.00000000000000
28.879999160767	0.25365284085274	-0.58163803815842	65.000000000000	0.00000000000000
28.889999389648	0.25228947401047	-0.58098387718201	65.000000000000	0.00000000000000
28.899999618530	0.25092646479607	-0.58032464981079	65.000000000000	0.00000000000000
28.909999847412	0.24956399202347	-0.57966035604477	65.000000000000	0.00000000000000
28.920000076294	0.24820181727409	-0.57899099588394	65.000000000000	0.00000000000000
28.930000305176	0.24683997035027	-0.57831656932831	65.000000000000	0.00000000000000
28.940000534058	0.24547870457172	-0.57763713598251	65.000000000000	0.00000000000000
28.950000762939	0.24411779642105	-0.57695257663727	65.000000000000	0.00000000000000
28.959999084473	0.24275740981102	-0.57626289129257	65.000000000000	0.00000000000000
28.969999313354	0.24139767885208	-0.57556807994843	65.000000000000	0.00000000000000
28.979999542236	0.24003824591637	-0.57486814260483	65.000000000000	0.00000000000000
28.989999771118	0.23867952823639	-0.57416307926178	65.000000000000	0.00000000000000
29.000000000000	0.23732140660286	-0.57345288991928	65.000000000000	0.00000000000000
29.010000228882	0.23596377670765	-0.57273757457733	65.000000000000	0.00000000000000
29.020000457764	0.23460680246353	-0.57201719284058	65.000000000000	0.00000000000000
29.030000686646	0.23325064778328	-0.57129162549973	65.000000000000	0.00000000000000
29.040000915527	0.23189516365528	-0.57056087255478	65.000000000000	0.00000000000000
29.049999237061	0.23054027557373	-0.56982493400574	65.000000000000	0.00000000000000
29.059999465942	0.22918611764908	-0.56908386945724	65.000000000000	0.00000000000000
29.069999694824	0.22783286869526	-0.56833755970001	65.000000000000	0.00000000000000
29.079999923706	0.22648039460182	-0.56758612394333	65.000000000000	0.00000000000000
29.090000152588	0.22512860596180	-0.56682956218719	65.000000000000	0.00000000000000
29.100000381470	0.22377780079842	-0.56606775522232	65.000000000000	0.00000000000000
29.110000610352	0.22242785990238	-0.56530076265335	65.000000000000	0.00000000000000
29.120000839233	0.22107876837254	-0.56452858448029	65.000000000000	0.00000000000000
29.129999160767	0.21973058581352	-0.56375116109848	65.000000000000	0.00000000000000
29.139999389648	0.21838335692883	-0.56296861171722	65.000000000000	0.00000000000000
29.149999618530	0.21703721582890	-0.56218069791794	65.000000000000	0.00000000000000
29.159999847412	0.21569189429283	-0.56138765811920	65.000000000000	0.00000000000000
29.170000076294	0.21434770524502	-0.56058943271637	65.000000000000	0.00000000000000
29.180000305176	0.21300457417965	-0.55978590250015	65.000000000000	0.00000000000000
29.190000534058	0.21166262030602	-0.55897718667984	65.000000000000	0.00000000000000
29.200000762939	0.21032172441483	-0.55816316604614	65.000000000000	0.00000000000000
29.209999084473	0.20898178219795	-0.55734401941299	65.000000000000	0.00000000000000
29.219999313354	0.20764325559139	-0.55651956796646	65.000000000000	0.00000000000000
29.229999542236	0.20630586147308	-0.55568987131119	65.000000000000	0.00000000000000
29.239999771118	0.20496962964535	-0.55485492944717	65.000000000000	0.00000000000000
29.250000000000	0.20363475382328	-0.55401468276978	65.000000000000	0.00000000000000
29.260000228882	0.20230109989643	-0.55316931009293	65.000000000000	0.00000000000000
29.270000457764	0.20096866786480	-0.55231857299805	65.000000000000	0.00000000000000
29.280000686646	0.19963777065277	-0.55146253108978	65.000000000000	0.00000000000000
29.290000915527	0.19830805063248	-0.55060136318207	65.000000000000	0.00000000000000
29.299999237061	0.19697962701321	-0.54973489046097	65.000000000000	0.00000000000000
29.309999465942	0.19565284252167	-0.54886311292648	65.000000000000	0.00000000000000
29.319999694824	0.19432741403580	-0.54798603057861	65.000000000000	0.00000000000000
29.329999923706	0.19300350546837	-0.54710376262665	65.000000000000	0.00000000000000
29.340000152588	0.19168102741241	-0.54621613025665	65.000000000000	0.00000000000000
29.350000381470	0.19036011397839	-0.54532337188721	65.000000000000	0.00000000000000
29.360000610352	0.18904069066048	-0.54442524909973	65.000000000000	0.00000000000000
29.370000839233	0.18772299587727	-0.54352182149887	65.000000000000	0.00000000000000
29.379999160767	0.18640685081482	-0.54261314868927	65.000000000000	0.00000000000000
29.389999389648	0.18509221076965	-0.54169923067093	65.000000000000	0.00000000000000
29.399999618530	0.18377944827080	-0.54078000783920	65.000000000000	0.00000000000000
29.409999847412	0.18246825039387	-0.53985553979874	65.000000000000	0.00000000000000
29.420000076294	0.18115881085396	-0.53892576694489	65.000000000000	0.00000000000000
29.430000305176	0.17985114455223	-0.53799068927765	65.000000000000	0.00000000000000
29.440000534058	0.17854529619217	-0.53705036640167	65.000000000000	0.00000000000000
29.450000762939	0.17724125087261	-0.53610473871231	65.000000000000	0.00000000000000
29.459999084473	0.17593894898891	-0.53515392541885	65.000000000000	0.00000000000000
29.469999313354	0.17463850975037	-0.53419774770737	65.000000000000	0.00000000000000
29.479999542236	0.17334012687206	-0.53323638439178	65.000000000000	0.00000000000000
29.489999771118	0.17204354703426	-0.53226977586746	65.000000000000	0.00000000000000
29.500000000000	0.17074900865555	-0.53129774332047	65.000000000000	0.00000000000000
29.510000228882	0.16945622861385	-0.53032052516937	65.000000000000	0.00000000000000
29.520000457764	0.16816569864750	-0.52933812141418	65.000000000000	0.00000000000000
29.530000686646	0.16687722504139	-0.52835035324097	65.000000000000	0.00000000000000
29.540000915527	0.16559076309204	-0.52735733985901	65.000000000000	0.00000000000000
29.549999237061	0.16430641710758	-0.52635908126831	65.000000000000	0.00000000000000
29.559999465942	0.16302402317524	-0.52535557746887	65.000000000000	0.00000000000000
29.569999694824	0.16174393892288	-0.52434682846069	65.000000000000	0.00000000000000
29.579999923706	0.16046610474586	-0.52333277463913	65.000000000000	0.00000000000000
29.590000152588	0.15919031202793	-0.52231353521347	65.000000000000	0.00000000000000
29.600000381470	0.15791690349579	-0.52128905057907	65.000000000000	0.00000000000000
29.610000610352	0.15664583444595	-0.52025932073593	65.000000000000	0.00000000000000
29.620000839233	0.15537691116333	-0.51922428607941	65.000000000000	0.00000000000000
29.629999160767	0.15411038696766	-0.51818412542343	65.000000000000	0.00000000000000
29.639999389648	0.15284620225430	-0.51713865995407	65.000000000000	0.00000000000000
29.649999618530	0.15158446133137	-0.51608806848526	65.000000000000	0.00000000000000
29.659999847412	0.15032511949539	-0.51503223180771	65.000000000000	0.00000000000000
29.670000076294	0.14906825125217	-0.51397109031677	65.000000000000	0.00000000000000
29.680000305176	0.14781370759010	-0.51290482282639	65.000000000000	0.00000000000000
29.690000534058	0.14656183123589	-0.51183336973190	65.000000000000	0.00000000000000
29.700000762939	0.14531256258488	-0.51075667142868	65.000000000000	0.00000000000000
29.709999084473	0.14406579732895	-0.50967484712601	65.000000000000	0.00000000000000
29.719999313354	0.14282143115997	-0.50858777761459	65.000000000000	0.00000000000000
29.729999542236	0.14157997071743	-0.50749552249908	65.000000000000	0.00000000000000
29.739999771118	0.14034096896648	-0.50639814138412	65.000000000000	0.00000000000000
29.750000000000	0.13910469412804	-0.50529557466507	65.000000000000	0.00000000000000
29.760000228882	0.13787114620209	-0.50418788194656	65.000000000000	0.00000000000000
29.770000457764	0.13664041459560	-0.50307500362396	65.000000000000	0.00000000000000
29.780000686646	0.13541243970394	-0.50195699930191	65.000000000000	0.00000000000000
29.790000915527	0.13418732583523	-0.50083386898041	65.000000000000	0.00000000000000
29.799999237061	0.13296480476856	-0.49970561265945	65.000000000000	0.00000000000000
29.809999465942	0.13174539804459	-0.49857217073441	65.000000000000	0.00000000000000
29.819999694824	0.13052877783775	-0.49743366241455	65.000000000000	0.00000000000000
29.829999923706	0.12931509315968	-0.49629008769989	65.000000000000	0.00000000000000
29.840000152588	0.12810434401035	-0.49514135718346	65.000000000000	0.00000000000000
29.850000381470	0.12689658999443	-0.49398759007454	65.000000000000	0.00000000000000
29.860000610352	0.12569184601307	-0.49282869696617	65.000000000000	0.00000000000000
29.870000839233	0.12449012696743	-0.49166473746300	65.000000000000	0.00000000000000
29.879999160767	0.12329147011042	-0.49049574136734	65.000000000000	0.00000000000000
29.889999389648	0.12209588289261	-0.48932167887688	65.000000000000	0.00000000000000
29.899999618530	0.12090351432562	-0.48814252018929	65.000000000000	0.00000000000000
29.909999847412	0.11971428990364	-0.48695844411850	65.000000000000	0.00000000000000
29.920000076294	0.11852812767029	-0.48576933145523	65.000000000000	0.00000000000000
29.930000305176	0.11734524369240	-0.48457518219948	65.000000000000	0.00000000000000
29.940000534058	0.11616557091475	-0.48337599635124	65.000000000000	0.00000000000000
29.950000762939	0.11498925089836	-0.48217180371284	65.000000000000	0.00000000000000
29.959999084473	0.11381619423628	-0.48096266388893	65.000000000000	0.00000000000000
29.969999313354	0.11264643073082	-0.47974860668182	65.000000000000	0.00000000000000
29.979999542236	0.11148008704185	-0.47852954268456	65.000000000000	0.00000000000000
29.989999771118	0.11031707376242	-0.47730553150177	65.000000000000	0.00000000000000
30.000000000000	0.10915755480528	-0.47607657313347	65.000000000000	0.00000000000000
30.010000228882	0.10800141096115	-0.47484275698662	65.000000000000	0.00000000000000
30.020000457764	0.10684879869223	-0.47360396385193	65.000000000000	0.00000000000000
30.030000686646	0.10569961369038	-0.47236028313637	65.000000000000	0.00000000000000
30.040000915527	0.10455402731895	-0.47111174464226	65.000000000000	0.00000000000000
30.049999237061	0.10341191291809	-0.46985834836960	65.000000000000	0.00000000000000
30.059999465942	0.10227343440056	-0.46860003471375	65.000000000000	0.00000000000000
30.069999694824	0.10113871097565	-0.46733692288399	65.000000000000	0.00000000000000
30.079999923706	0.10000744462013	-0.46606895327568	65.000000000000	0.00000000000000
30.090000152588	0.098879985511303	-0.46479618549347	65.000000000000	0.00000000000000
30.100000381470	0.097756043076515	-0.46351864933968	65.000000000000	0.00000000000000
30.110000610352	0.096635945141315	-0.46223622560501	65.000000000000	0.00000000000000
30.120000839233	0.095519736409187	-0.46094909310341	65.000000000000	0.00000000000000
30.129999160767	0.094407215714455	-0.45965719223022	65.000000000000	0.00000000000000
30.139999389648	0.093298412859440	-0.45836052298546	65.000000000000	0.00000000000000
30.149999618530	0.092193566262722	-0.45705911517143	65.000000000000	0.00000000000000
30.159999847412	0.091092474758625	-0.45575299859047	65.000000000000	0.00000000000000
30.170000076294	0.089995399117470	-0.45444217324257	65.000000000000	0.00000000000000
30.180000305176	0.088902346789837	-0.45312672853470	65.000000000000	0.00000000000000
30.190000534058	0.087813019752502	-0.45180654525757	65.000000000000	0.00000000000000
30.200000762939	0.086727775633335	-0.45048171281815	65.000000000000	0.00000000000000
30.209999084473	0.085646517574787	-0.44915223121643	65.000000000000	0.00000000000000
30.219999313354	0.084569387137890	-0.44781816005707	65.000000000000	0.00000000000000
30.229999542236	0.083496399223804	-0.44647946953773	65.000000000000	0.00000000000000
30.239999771118	0.082427270710468	-0.44513615965843	65.000000000000	0.00000000000000
30.250000000000	0.081362329423428	-0.44378831982613	65.000000000000	0.00000000000000
30.260000228882	0.080301702022552	-0.44243583083153	65.000000000000	0.00000000000000
30.270000457764	0.079245120286942	-0.44107890129089	65.000000000000	0.00000000000000
30.280000686646	0.078192688524723	-0.43971744179726	65.000000000000	0.00000000000000
30.290000915527	0.077144533395767	-0.43835145235062	65.000000000000	0.00000000000000
30.299999237061	0.076100707054138	-0.43698099255562	65.000000000000	0.00000000000000
30.309999465942	0.075061097741127	-0.43560603260994	65.000000000000	0.00000000000000
30.319999694824	0.074025742709637	-0.43422666192055	65.000000000000	0.00000000000000
30.329999923706	0.072994872927666	-0.43284285068512	65.000000000000	0.00000000000000
30.340000152588	0.071968294680119	-0.43145462870598	65.000000000000	0.00000000000000
30.350000381470	0.070946134626865	-0.43006199598312	65.000000000000	0.00000000000000
30.360000610352	0.069928333163261	-0.42866498231888	65.000000000000	0.00000000000000
30.370000839233	0.068914987146854	-0.42726364731789	65.000000000000	0.00000000000000
30.379999160767	0.067906141281128	-0.42585796117783	65.000000000000	0.00000000000000
30.389999389648	0.066901803016663	-0.42444792389870	65.000000000000	0.00000000000000
30.399999618530	0.065901994705200	-0.42303359508514	65.000000000000	0.00000000000000
30.409999847412	0.064906649291515	-0.42161503434181	65.000000000000	0.00000000000000
30.420000076294	0.063915878534317	-0.42019218206406	65.000000000000	0.00000000000000
30.430000305176	0.062929816544056	-0.41876506805420	65.000000000000	0.00000000000000
30.440000534058	0.061948373913765	-0.41733384132385	65.000000000000	0.00000000000000
30.450000762939	0.060971572995186	-0.41589832305908	65.000000000000	0.00000000000000
30.459999084473	0.059999439865351	-0.41445866227150	65.000000000000	0.00000000000000
30.469999313354	0.059031795710325	-0.41301488876343	65.000000000000	0.00000000000000
30.479999542236	0.058069150894880	-0.41156688332558	65.000000000000	0.00000000000000
30.489999771118	0.057111144065857	-0.41011488437653	65.000000000000	0.00000000000000
30.500000000000	0.056157983839512	-0.40865874290466	65.000000000000	0.00000000000000
30.510000228882	0.055209591984749	-0.40719851851463	65.000000000000	0.00000000000000
30.520000457764	0.054265994578600	-0.40573427081108	65.000000000000	0.00000000000000
30.530000686646	0.053327307105064	-0.40426599979401	65.000000000000	0.00000000000000
30.540000915527	0.052393458783627	-0.40279376506805	65.000000000000	0.00000000000000
30.549999237061	0.051464460790157	-0.40131750702858	65.000000000000	0.00000000000000
30.559999465942	0.050540428608656	-0.39983731508255	65.000000000000	0.00000000000000
30.569999694824	0.049621302634478	-0.39835318922997	65.000000000000	0.00000000000000
30.579999923706	0.048707179725170	-0.39686512947083	65.000000000000	0.00000000000000
30.590000152588	0.047798089683056	-0.39537322521210	65.000000000000	0.00000000000000
30.600000381470	0.046893950551748	-0.39387741684914	65.000000000000	0.00000000000000
30.610000610352	0.045994888991117	-0.39237782359123	65.000000000000	0.00000000000000
30.620000839233	0.045101001858711	-0.39087438583374	65.000000000000	0.00000000000000
30.629999160767	0.044212047010660	-0.38936716318130	65.000000000000	0.00000000000000
30.639999389648	0.043328303843737	-0.38785618543625	65.000000000000	0.00000000000000
30.649999618530	0.042449615895748	-0.38634145259857	65.000000000000	0.00000000000000
30.659999847412	0.041576087474823	-0.38482299447060	65.000000000000	0.00000000000000
30.670000076294	0.040707752108574	-0.38330093026161	65.000000000000	0.00000000000000
30.680000305176	0.039844609797001	-0.38177511096001	65.000000000000	0.00000000000000
30.690000534058	0.038986779749393	-0.38024565577507	65.000000000000	0.00000000000000
30.700000762939	0.038134105503559	-0.37871262431145	65.000000000000	0.00000000000000
30.709999084473	0.037286683917046	-0.37717601656914	65.000000000000	0.00000000000000
30.719999313354	0.036444626748562	-0.37563577294350	65.000000000000	0.00000000000000
30.729999542236	0.035607773810625	-0.37409204244614	65.000000000000	0.00000000000000
30.739999771118	0.034776318818331	-0.37254479527473	65.000000000000	0.00000000000000
30.750000000000	0.033950377255678	-0.37099409103394	65.000000000000	0.00000000000000
30.760000228882	0.033129684627056	-0.36943987011909	65.000000000000	0.00000000000000
30.770000457764	0.032314270734787	-0.36788228154182	65.000000000000	0.00000000000000
30.780000686646	0.031504321843386	-0.36632126569748	65.000000000000	0.00000000000000
30.790000915527	0.030699858441949	-0.36475682258606	65.000000000000	0.00000000000000
30.799999237061	0.029900722205639	-0.36318907141685	65.000000000000	0.00000000000000
30.809999465942	0.029107274487615	-0.36161798238754	65.000000000000	0.00000000000000
30.819999694824	0.028319362550974	-0.36004358530045	65.000000000000	0.00000000000000
30.829999923706	0.027536822482944	-0.35846590995789	65.000000000000	0.00000000000000
30.840000152588	0.026759680360556	-0.35688501596451	65.000000000000	0.00000000000000
30.850000381470	0.025988291949034	-0.35530090332031	65.000000000000	0.00000000000000
30.860000610352	0.025222329422832	-0.35371363162994	65.000000000000	0.00000000000000
30.870000839233	0.024462148547173	-0.35212317109108	65.000000000000	0.00000000000000
30.879999160767	0.023707425221801	-0.35052955150604	65.000000000000	0.00000000000000
30.889999389648	0.022958343848586	-0.34893289208412	65.000000000000	0.00000000000000
30.899999618530	0.022215252742171	-0.34733307361603	65.000000000000	0.00000000000000
30.909999847412	0.021477505564690	-0.34573027491570	65.000000000000	0.00000000000000
30.920000076294	0.020745441317558	-0.34412446618080	65.000000000000	0.00000000000000
30.930000305176	0.020019078627229	-0.34251564741135	65.000000000000	0.00000000000000
30.940000534058	0.019298596307635	-0.34090387821198	65.000000000000	0.00000000000000
30.950000762939	0.018583839759231	-0.33928912878036	65.000000000000	0.00000000000000
30.959999084473	0.017874665558338	-0.33767151832581	65.000000000000	0.00000000000000
30.969999313354	0.017171252518892	-0.33605107665062	65.000000000000	0.00000000000000
30.979999542236	0.016473926603794	-0.33442777395248	65.000000000000	0.00000000000000
30.989999771118	0.015782225877047	-0.33280164003372	65.000000000000	0.00000000000000
31.000000000000	0.015096322633326	-0.33117273449898	65.000000000000	0.00000000000000
31.010000228882	0.014416387304664	-0.32954102754593	65.000000000000	0.00000000000000
31.020000457764	0.013742275536060	-0.32790663838387	65.000000000000	0.00000000000000
31.030000686646	0.013073998503387	-0.32626956701279	65.000000000000	0.00000000000000
31.040000915527	0.012411571107805	-0.32462987303734	65.000000000000	0.00000000000000
31.049999237061	0.011755159124732	-0.32298746705055	65.000000000000	0.00000000000000
31.059999465942	0.011104773730040	-0.32134252786636	65.000000000000	0.00000000000000
31.069999694824	0.010459966026247	-0.31969499588013	65.000000000000	0.00000000000000
31.079999923706	0.0098215127363801	-0.31804490089417	65.000000000000	0.00000000000000
31.090000152588	0.0091886650770903	-0.31639233231544	65.000000000000	0.00000000000000
31.100000381470	0.0085621895268559	-0.31473726034164	65.000000000000	0.00000000000000
31.110000610352	0.0079413447529078	-0.31307977437973	65.000000000000	0.00000000000000
31.120000839233	0.0073267407715321	-0.31141987442970	65.000000000000	0.00000000000000
31.129999160767	0.0067180907353759	-0.30975753068924	65.000000000000	0.00000000000000
31.139999389648	0.0061155506409705	-0.30809292197227	65.000000000000	0.00000000000000
31.149999618530	0.0055189859122038	-0.30642595887184	65.000000000000	0.00000000000000
31.159999847412	0.0049285516142845	-0.30475670099258	65.000000000000	0.00000000000000
31.170000076294	0.0043441122397780	-0.30308517813683	65.000000000000	0.00000000000000
31.180000305176	0.0037659662775695	-0.30141144990921	65.000000000000	0.00000000000000
31.190000534058	0.0031938336323947	-0.29973554611206	65.000000000000	0.00000000000000
31.200000762939	0.0026277250144631	-0.29805746674538	65.000000000000	0.00000000000000
31.209999084473	0.0020677924621850	-0.29637727141380	65.000000000000	0.00000000000000
31.219999313354	0.0015139031456783	-0.29469498991966	65.000000000000	0.00000000000000
31.229999542236	0.00096634682267904	-0.29301062226295	65.000000000000	0.00000000000000
31.239999771118	0.00042498981929384	-0.29132422804832	65.000000000000	0.00000000000000
31.250000000000	-0.00011029854795197	-0.28963580727577	65.000000000000	0.00000000000000
31.260000228882	-0.00063937128288671	-0.28794547915459	65.000000000000	0.00000000000000
31.270000457764	-0.0011622210731730	-0.28625321388245	65.000000000000	0.00000000000000
31.280000686646	-0.0016788413049653	-0.28455904126167	65.000000000000	0.00000000000000
31.290000915527	-0.0021892245858908	-0.28286296129227	65.000000000000	0.00000000000000
31.299999237061	-0.0026934987399727	-0.28116509318352	65.000000000000	0.00000000000000
31.309999465942	-0.0031913884449750	-0.27946540713310	65.000000000000	0.00000000000000
31.319999694824	-0.0036830215249211	-0.27776399254799	65.000000000000	0.00000000000000
31.329999923706	-0.0041683926247060	-0.27606081962585	65.000000000000	0.00000000000000
31.340000152588	-0.0046474952250719	-0.27435594797134	65.000000000000	0.00000000000000
31.350000381470	-0.0051203235052526	-0.27264943718910	65.000000000000	0.00000000000000
31.360000610352	-0.0055867424234748	-0.27094128727913	65.000000000000	0.00000000000000
31.370000839233	-0.0060471347533166	-0.26923152804375	65.000000000000	0.00000000000000
31.379999160767	-0.0065009789541364	-0.26752018928528	65.000000000000	0.00000000000000
31.389999389648	-0.0069486554712057	-0.26580733060837	65.000000000000	0.00000000000000
31.399999618530	-0.0073899039998651	-0.26409298181534	65.000000000000	0.00000000000000
31.409999847412	-0.0078248558565974	-0.26237717270851	65.000000000000	0.00000000000000
31.420000076294	-0.0082534281536937	-0.26065993309021	65.000000000000	0.00000000000000
31.430000305176	-0.0086756888777018	-0.25894129276276	65.000000000000	0.00000000000000
31.440000534058	-0.0090915700420737	-0.25722125172615	65.000000000000	0.00000000000000
31.450000762939	-0.0095010092481971	-0.25549992918968	65.000000000000	0.00000000000000
31.459999084473	-0.0099042467772961	-0.25377735495567	65.000000000000	0.00000000000000
31.469999313354	-0.010300914756954	-0.25205346941948	65.000000000000	0.00000000000000
31.479999542236	-0.010691370815039	-0.25032836198807	65.000000000000	0.00000000000000
31.489999771118	-0.011075316928327	-0.24860207736492	65.000000000000	0.00000000000000
31.500000000000	-0.011452866718173	-0.24687463045120	65.000000000000	0.00000000000000
31.510000228882	-0.011824080720544	-0.24514606595039	65.000000000000	0.00000000000000
31.520000457764	-0.012188836000860	-0.24341641366482	65.000000000000	0.00000000000000
31.530000686646	-0.012547193095088	-0.24168571829796	65.000000000000	0.00000000000000
31.540000915527	-0.012899148277938	-0.23995399475098	65.000000000000	0.00000000000000
31.549999237061	-0.013244643807411	-0.23822130262852	65.000000000000	0.00000000000000
31.559999465942	-0.013583736494184	-0.23648765683174	65.000000000000	0.00000000000000
31.569999694824	-0.013916368596256	-0.23475310206413	65.000000000000	0.00000000000000
31.579999923706	-0.014242596924305	-0.23301765322685	65.000000000000	0.00000000000000
31.590000152588	-0.014562420547009	-0.23128136992455	65.000000000000	0.00000000000000
31.600000381470	-0.014875783585012	-0.22954426705837	65.000000000000	0.00000000000000
31.610000610352	-0.015182635746896	-0.22780641913414	65.000000000000	0.00000000000000
31.620000839233	-0.015483135357499	-0.22606779634953	65.000000000000	0.00000000000000
31.629999160767	-0.015777124091983	-0.22432848811150	65.000000000000	0.00000000000000
31.639999389648	-0.016064658761024	-0.22258850932121	65.000000000000	0.00000000000000
31.649999618530	-0.016345791518688	-0.22084788978100	65.000000000000	0.00000000000000
31.659999847412	-0.016620418056846	-0.21910665929317	65.000000000000	0.00000000000000
31.670000076294	-0.016888596117496	-0.21736489236355	65.000000000000	0.00000000000000
31.680000305176	-0.017150273546576	-0.21562257409096	65.000000000000	0.00000000000000
31.690000534058	-0.017405558377504	-0.21387977898121	65.000000000000	0.00000000000000
31.700000762939	-0.017654348164797	-0.21213647723198	65.000000000000	0.00000000000000
31.709999084473	-0.017896695062518	-0.21039278805256	65.000000000000	0.00000000000000
31.719999313354	-0.018132558092475	-0.20864869654179	65.000000000000	0.00000000000000
31.729999542236	-0.018361939117312	-0.20690426230431	65.000000000000	0.00000000000000
31.739999771118	-0.018584888428450	-0.20515948534012	65.000000000000	0.00000000000000
31.750000000000	-0.018801411613822	-0.20341442525387	65.000000000000	0.00000000000000
31.760000228882	-0.019011415541172	-0.20166911184788	65.000000000000	0.00000000000000
31.770000457764	-0.019215004518628	-0.19992360472679	65.000000000000	0.00000000000000
31.780000686646	-0.019412079825997	-0.19817788898945	65.000000000000	0.00000000000000
31.790000915527	-0.019602749496698	-0.19643202424049	65.000000000000	0.00000000000000
31.799999237061	-0.019786920398474	-0.19468607008457	65.000000000000	0.00000000000000
31.809999465942	-0.019964648410678	-0.19294002652168	65.000000000000	0.00000000000000
31.819999694824	-0.020135892555118	-0.19119393825531	65.000000000000	0.00000000000000
31.829999923706	-0.020300745964050	-0.18944783508778	65.000000000000	0.00000000000000
31.840000152588	-0.020459130406380	-0.18770177662373	65.000000000000	0.00000000000000
31.850000381470	-0.020611051470041	-0.18595576286316	65.000000000000	0.00000000000000
31.860000610352	-0.020756512880325	-0.18420985341072	65.000000000000	0.00000000000000
31.870000839233	-0.020895570516586	-0.18246406316757	65.000000000000	0.00000000000000
31.879999160767	-0.021028228104115	-0.18071845173836	65.000000000000	0.00000000000000
31.889999389648	-0.021154364570975	-0.17897301912308	65.000000000000	0.00000000000000
31.899999618530	-0.021274119615555	-0.17722782492638	65.000000000000	0.00000000000000
31.909999847412	-0.021387455984950	-0.17548289895058	65.000000000000	0.00000000000000
31.920000076294	-0.021494382992387	-0.17373828589916	65.000000000000	0.00000000000000
31.930000305176	-0.021594908088446	-0.17199400067329	65.000000000000	0.00000000000000
31.940000534058	-0.021688964217901	-0.17025010287762	65.000000000000	0.00000000000000
31.950000762939	-0.021776638925076	-0.16850660741329	65.000000000000	0.00000000000000
31.959999084473	-0.021857937797904	-0.16676352918148	65.000000000000	0.00000000000000
31.969999313354	-0.021932879462838	-0.16502094268799	65.000000000000	0.00000000000000
31.979999542236	-0.022001383826137	-0.16327886283398	65.000000000000	0.00000000000000
31.989999771118	-0.022063475102186	-0.16153731942177	65.000000000000	0.00000000000000
32.000000000000	-0.022119233384728	-0.15979637205601	65.000000000000	0.00000000000000
32.009998321533	-0.022168671712279	-0.15805599093437	65.000000000000	0.00000000000000
32.020000457764	-0.022211687639356	-0.15631629526615	65.000000000000	0.00000000000000
32.029998779297	-0.022248370572925	-0.15457727015018	65.000000000000	0.00000000000000
32.040000915527	-0.022278692573309	-0.15283893048763	65.000000000000	0.00000000000000
32.049999237061	-0.022302703931928	-0.15110136568546	65.000000000000	0.00000000000000
32.060001373291	-0.022320348769426	-0.14936456084251	65.000000000000	0.00000000000000
32.069999694824	-0.022331669926643	-0.14762856066227	65.000000000000	0.00000000000000
32.080001831055	-0.022336721420288	-0.14589343965054	65.000000000000	0.00000000000000
32.090000152588	-0.022335441783071	-0.14415915310383	65.000000000000	0.00000000000000
32.099998474121	-0.022327853366733	-0.14242582023144	65.000000000000	0.00000000000000
32.110000610352	-0.022314032539725	-0.14069341123104	65.000000000000	0.00000000000000
32.119998931885	-0.022293895483017	-0.13896198570728	65.000000000000	0.00000000000000
32.130001068115	-0.022267486900091	-0.13723157346249	65.000000000000	0.00000000000000
32.139999389648	-0.022234829142690	-0.13550220429897	65.000000000000	0.00000000000000
32.150001525879	-0.022195933386683	-0.13377389311790	65.000000000000	0.00000000000000
32.159999847412	-0.022150786593556	-0.13204672932625	65.000000000000	0.00000000000000
32.169998168945	-0.022099401801825	-0.13032068312168	65.000000000000	0.00000000000000
32.180000305176	-0.022041831165552	-0.12859582901001	65.000000000000	0.00000000000000
32.189998626709	-0.021978057920933	-0.12687215209007	65.000000000000	0.00000000000000
32.200000762939	-0.021908044815063	-0.12514974176884	65.000000000000	0.00000000000000
32.209999084473	-0.021831866353750	-0.12342859804630	65.000000000000	0.00000000000000
32.220001220703	-0.021749539300799	-0.12170875817537	65.000000000000	0.00000000000000
32.229999542236	-0.021661056205630	-0.11999025940895	65.000000000000	0.00000000000000
32.240001678467	-0.021566405892372	-0.11827311664820	65.000000000000	0.00000000000000
32.250000000000	-0.021465612575412	-0.11655739694834	65.000000000000	0.00000000000000
32.259998321533	-0.021358693018556	-0.11484308540821	65.000000000000	0.00000000000000
32.270000457764	-0.021245699375868	-0.11313024163246	65.000000000000	0.00000000000000
32.279998779297	-0.021126592531800	-0.11141890287399	65.000000000000	0.00000000000000
32.290000915527	-0.021001376211643	-0.10970909148455	65.000000000000	0.00000000000000
32.299999237061	-0.020870145410299	-0.10800082236528	65.000000000000	0.00000000000000
32.310001373291	-0.020732820034027	-0.10629415512085	65.000000000000	0.00000000000000
32.319999694824	-0.020589452236891	-0.10458911210299	65.000000000000	0.00000000000000
32.330001831055	-0.020440088585019	-0.10288570076227	65.000000000000	0.00000000000000
32.340000152588	-0.020284680649638	-0.10118398815393	65.000000000000	0.00000000000000
32.349998474121	-0.020123278722167	-0.099483989179134	65.000000000000	0.00000000000000
32.360000610352	-0.019955886527896	-0.097785726189613	65.000000000000	0.00000000000000
32.369998931885	-0.019782550632954	-0.096089221537113	65.000000000000	0.00000000000000
32.380001068115	-0.019603231921792	-0.094394549727440	65.000000000000	0.00000000000000
32.389999389648	-0.019417978823185	-0.092701680958271	65.000000000000	0.00000000000000
32.400001525879	-0.019226804375648	-0.091010697185993	65.000000000000	0.00000000000000
32.409999847412	-0.019029710441828	-0.089321605861187	65.000000000000	0.00000000000000
32.419998168945	-0.018826749175787	-0.087634421885014	65.000000000000	0.00000000000000
32.430000305176	-0.018617894500494	-0.085949197411537	65.000000000000	0.00000000000000
32.439998626709	-0.018403176218271	-0.084265962243080	65.000000000000	0.00000000000000
32.450000762939	-0.018182625994086	-0.082584723830223	65.000000000000	0.00000000000000
32.459999084473	-0.017956243827939	-0.080905534327030	65.000000000000	0.00000000000000
32.470001220703	-0.017724063247442	-0.079228408634663	65.000000000000	0.00000000000000
32.479999542236	-0.017486080527306	-0.077553384006023	65.000000000000	0.00000000000000
32.490001678467	-0.017242340371013	-0.075880490243435	65.000000000000	0.00000000000000
32.500000000000	-0.016992805525661	-0.074209742248058	65.000000000000	0.00000000000000
32.509998321533	-0.016737539321184	-0.072541177272797	65.000000000000	0.00000000000000
32.520000457764	-0.016476586461067	-0.070874817669392	65.000000000000	0.00000000000000
32.529998779297	-0.016209900379181	-0.069210700690746	65.000000000000	0.00000000000000
32.540000915527	-0.015937549993396	-0.067548856139183	65.000000000000	0.00000000000000
32.549999237061	-0.015659503638744	-0.065889306366444	65.000000000000	0.00000000000000
32.560001373291	-0.015375828370452	-0.064232066273689	65.000000000000	0.00000000000000
32.569999694824	-0.015086517669261	-0.062577180564404	65.000000000000	0.00000000000000
32.580001831055	-0.014791598543525	-0.060924671590328	65.000000000000	0.00000000000000
32.590000152588	-0.014491073787212	-0.059274565428495	65.000000000000	0.00000000000000
32.599998474121	-0.014184993691742	-0.057626888155937	65.000000000000	0.00000000000000
32.610000610352	-0.013873355463147	-0.055981662124395	65.000000000000	0.00000000000000
32.619998931885	-0.013556191697717	-0.054338928312063	65.000000000000	0.00000000000000
32.630001068115	-0.013233513571322	-0.052698697894812	65.000000000000	0.00000000000000
32.639999389648	-0.012905324809253	-0.051060996949673	65.000000000000	0.00000000000000
32.650001525879	-0.012571670114994	-0.049425862729549	65.000000000000	0.00000000000000
32.659999847412	-0.012232569046319	-0.047793310135603	65.000000000000	0.00000000000000
32.669998168945	-0.011888033710420	-0.046163372695446	65.000000000000	0.00000000000000
32.680000305176	-0.011538083665073	-0.044536069035530	65.000000000000	0.00000000000000
32.689998626709	-0.011182756163180	-0.042911428958178	65.000000000000	0.00000000000000
32.700000762939	-0.010822039097548	-0.041289478540421	65.000000000000	0.00000000000000
32.709999084473	-0.010455995798111	-0.039670232683420	65.000000000000	0.00000000000000
32.720001220703	-0.010084605775774	-0.038053728640079	65.000000000000	0.00000000000000
32.729999542236	-0.0097079090774059	-0.036439981311560	65.000000000000	0.00000000000000
32.740001678467	-0.0093259382992983	-0.034829016774893	65.000000000000	0.00000000000000
32.750000000000	-0.0089387055486441	-0.033220864832401	65.000000000000	0.00000000000000
32.759998321533	-0.0085462238639593	-0.031615544110537	65.000000000000	0.00000000000000
32.770000457764	-0.0081485351547599	-0.030013078823686	65.000000000000	0.00000000000000
32.779998779297	-0.0077456356957555	-0.028413493186235	65.000000000000	0.00000000000000
32.790000915527	-0.0073375673964620	-0.026816809549928	65.000000000000	0.00000000000000
32.799999237061	-0.0069243526086211	-0.025223046541214	65.000000000000	0.00000000000000
32.810001373291	-0.0065060043707490	-0.023632235825062	65.000000000000	0.00000000000000
32.819999694824	-0.0060825529508293	-0.022044396027923	65.000000000000	0.00000000000000
32.830001831055	-0.0056540141813457	-0.020459545776248	65.000000000000	0.00000000000000
32.840000152588	-0.0052204146049917	-0.018877713009715	65.000000000000	0.00000000000000
32.849998474121	-0.0047817784361541	-0.017298916354775	65.000000000000	0.00000000000000
32.860000610352	-0.0043381256982684	-0.015723174437881	65.000000000000	0.00000000000000
32.869998931885	-0.0038894831668586	-0.014150517061353	65.000000000000	0.00000000000000
32.880001068115	-0.0034358741249889	-0.012580959126353	65.000000000000	0.00000000000000
32.889999389648	-0.0029773190617561	-0.011014523915946	65.000000000000	0.00000000000000
32.900001525879	-0.0025138459168375	-0.0094512319192290	65.000000000000	0.00000000000000
32.909999847412	-0.0020454742480069	-0.0078911036252975	65.000000000000	0.00000000000000
32.919998168945	-0.0015722295502201	-0.0063341585919261	65.000000000000	0.00000000000000
32.930000305176	-0.0010941379005089	-0.0047804187051952	65.000000000000	0.00000000000000
32.939998626709	-0.00061122013721615	-0.0032299025915563	65.000000000000	0.00000000000000
32.950000762939	-0.00012350131873973	-0.0016826310893521	65.000000000000	0.00000000000000
32.959999084473	0.00036899265251122	-0.00013862314517610	65.000000000000	0.00000000000000
32.970001220703	0.00086623866809532	0.0014021017123014	65.000000000000	0.00000000000000
32.979999542236	0.0013682119315490	0.0029395245946944	65.000000000000	0.00000000000000
32.990001678467	0.0018748864531517	0.0044736261479557	65.000000000000	0.00000000000000
33.000000000000	0.0023862409871072	0.0060043879784644	65.000000000000	0.00000000000000
33.009998321533	0.0029022472444922	0.0075317919254303	65.000000000000	0.00000000000000
33.020000457764	0.0034228819422424	0.0090558193624020	65.000000000000	0.00000000000000
33.029998779297	0.0039481208659708	0.010576452128589	65.000000000000	0.00000000000000
33.040000915527	0.0044779358431697	0.012093672528863	65.000000000000	0.00000000000000
33.049999237061	0.0050123087130487	0.013607461936772	65.000000000000	0.00000000000000
33.060001373291	0.0055512045510113	0.015117806382477	65.000000000000	0.00000000000000
33.069999694824	0.0060946042649448	0.016624685376883	65.000000000000	0.00000000000000
33.080001831055	0.0066424841061234	0.018128084018826	65.000000000000	0.00000000000000
33.090000152588	0.0071948161348701	0.019627984613180	65.000000000000	0.00000000000000
33.099998474121	0.0077515696175396	0.021124370396137	65.000000000000	0.00000000000000
33.110000610352	0.0083127254620194	0.022617226466537	65.000000000000	0.00000000000000
33.119998931885	0.0088782580569386	0.024106534197927	65.000000000000	0.00000000000000
33.130001068115	0.0094481408596039	0.025592282414436	65.000000000000	0.00000000000000
33.139999389648	0.010022343136370	0.027074450626969	65.000000000000	0.00000000000000
33.150001525879	0.010600851848722	0.028553025797009	65.000000000000	0.00000000000000
33.159999847412	0.011183626018465	0.030027996748686	65.000000000000	0.00000000000000
33.169998168945	0.011770650744438	0.031499341130257	65.000000000000	0.00000000000000
33.180000305176	0.012361885048449	0.032967045903206	65.000000000000	0.00000000000000
33.189998626709	0.012957324273884	0.034431099891663	65.000000000000	0.00000000000000
33.200000762939	0.013556936755776	0.035891488194466	65.000000000000	0.00000000000000
33.209999084473	0.014160680584610	0.037348199635744	65.000000000000	0.00000000000000
33.220001220703	0.014768538065255	0.038801215589046	65.000000000000	0.00000000000000
33.229999542236	0.015380499884486	0.040250524878502	65.000000000000	0.00000000000000
33.240001678467	0.015996512025595	0.041696108877659	65.000000000000	0.00000000000000
33.250000000000	0.016616581007838	0.043137960135937	65.000000000000	0.00000000000000
33.259998321533	0.017240649089217	0.044576067477465	65.000000000000	0.00000000000000
33.270000457764	0.017868695780635	0.046010419726372	65.000000000000	0.00000000000000
33.279998779297	0.018500700592995	0.047440998256207	65.000000000000	0.00000000000000
33.290000915527	0.019136644899845	0.048867784440517	65.000000000000	0.00000000000000
33.299999237061	0.019776498898864	0.050290789455175	65.000000000000	0.00000000000000
33.310001373291	0.020420229062438	0.051709979772568	65.000000000000	0.00000000000000
33.319999694824	0.021067805588245	0.053125347942114	65.000000000000	0.00000000000000
33.330001831055	0.021719222888350	0.054536897689104	65.000000000000	0.00000000000000
33.340000152588	0.022374438121915	0.055944595485926	65.000000000000	0.00000000000000
33.349998474121	0.023033412173390	0.057348448783159	65.000000000000	0.00000000000000
33.360000610352	0.023696158081293	0.058748446404934	65.000000000000	0.00000000000000
33.369998931885	0.024362612515688	0.060144558548927	65.000000000000	0.00000000000000
33.380001068115	0.025032754987478	0.061536796391010	65.000000000000	0.00000000000000
33.389999389648	0.025706589221954	0.062925137579441	65.000000000000	0.00000000000000
33.400001525879	0.026384044438601	0.064309582114220	65.000000000000	0.00000000000000
33.409999847412	0.027065133675933	0.065690107643604	65.000000000000	0.00000000000000
33.419998168945	0.027749795466661	0.067066721618176	65.000000000000	0.00000000000000
33.430000305176	0.028438024222851	0.068439401686192	65.000000000000	0.00000000000000
33.439998626709	0.029129799455404	0.069808147847652	65.000000000000	0.00000000000000
33.450000762939	0.029825067147613	0.071172937750816	65.000000000000	0.00000000000000
33.459999084473	0.030523834750056	0.072533786296844	65.000000000000	0.00000000000000
33.470001220703	0.031226065009832	0.073890671133995	65.000000000000	0.00000000000000
33.479999542236	0.031931702047586	0.075243577361107	65.000000000000	0.00000000000000
33.490001678467	0.032640784978867	0.076592504978180	65.000000000000	0.00000000000000
33.500000000000	0.033353220671415	0.077937446534634	65.000000000000	0.00000000000000
33.509998321533	0.034069016575813	0.079278402030468	65.000000000000	0.00000000000000
33.520000457764	0.034788127988577	0.080615356564522	65.000000000000	0.00000000000000
33.529998779297	0.035510558634996	0.081948302686214	65.000000000000	0.00000000000000
33.540000915527	0.036236252635717	0.083277240395546	65.000000000000	0.00000000000000
33.549999237061	0.036965195089579	0.084602147340775	65.000000000000	0.00000000000000
33.560001373291	0.037697371095419	0.085923030972481	65.000000000000	0.00000000000000
33.569999694824	0.038432750850916	0.087239883840084	65.000000000000	0.00000000000000
33.580001831055	0.039171289652586	0.088552713394165	65.000000000000	0.00000000000000
33.590000152588	0.039912953972816	0.089861482381821	65.000000000000	0.00000000000000
33.599998474121	0.040657773613930	0.091166205704212	65.000000000000	0.00000000000000
33.610000610352	0.041405677795410	0.092466883361340	65.000000000000	0.00000000000000
33.619998931885	0.042156636714935	0.093763493001461	65.000000000000	0.00000000000000
33.630001068115	0.042910650372505	0.095056042075157	65.000000000000	0.00000000000000
33.639999389648	0.043667677789927	0.096344523131847	65.000000000000	0.00000000000000
33.650001525879	0.044427700340748	0.097628943622112	65.000000000000	0.00000000000000
33.659999847412	0.045190677046776	0.098909273743629	65.000000000000	0.00000000000000
33.669998168945	0.045956619083881	0.10018553584814	65.000000000000	0.00000000000000
33.680000305176	0.046725470572710	0.10145770758390	65.000000000000	0.00000000000000
33.689998626709	0.047497224062681	0.10272579640150	65.000000000000	0.00000000000000
33.700000762939	0.048271797597408	0.10398978739977	65.000000000000	0.00000000000000
33.709999084473	0.049049235880375	0.10524968802929	65.000000000000	0.00000000000000
33.720001220703	0.049829516559839	0.10650549829006	65.000000000000	0.00000000000000
33.729999542236	0.050612561404705	0.10775719583035	65.000000000000	0.00000000000000
33.740001678467	0.051398377865553	0.10900479555130	65.000000000000	0.00000000000000
33.750000000000	0.052186924964190	0.11024830490351	65.000000000000	0.00000000000000
33.759998321533	0.052978210151196	0.11148769408464	65.000000000000	0.00000000000000
33.770000457764	0.053772173821926	0.11272298544645	65.000000000000	0.00000000000000
33.779998779297	0.054568804800510	0.11395414918661	65.000000000000	0.00000000000000
33.790000915527	0.055368091911077	0.11518121510744	65.000000000000	0.00000000000000
33.799999237061	0.056169997900724	0.11640416830778	65.000000000000	0.00000000000000
33.810001373291	0.056974455714226	0.11762300133705	65.000000000000	0.00000000000000
33.819999694824	0.057781551033258	0.11883772164583	65.000000000000	0.00000000000000
33.830001831055	0.058591153472662	0.12004831433296	65.000000000000	0.00000000000000
33.840000152588	0.059403304010630	0.12125478684902	65.000000000000	0.00000000000000
33.849998474121	0.060217924416065	0.12245716154575	65.000000000000	0.00000000000000
33.860000610352	0.061035037040710	0.12365540862083	65.000000000000	0.00000000000000
33.869998931885	0.061854578554630	0.12484953552485	65.000000000000	0.00000000000000
33.880001068115	0.062676578760147	0.12603953480721	65.000000000000	0.00000000000000
33.889999389648	0.063500992953777	0.12722541391850	65.000000000000	0.00000000000000
33.900001525879	0.064327768981457	0.12840719521046	65.000000000000	0.00000000000000
33.909999847412	0.065156914293766	0.12958483397961	65.000000000000	0.00000000000000
33.919998168945	0.065988376736641	0.13075836002827	65.000000000000	0.00000000000000
33.930000305176	0.066822201013565	0.13192775845528	65.000000000000	0.00000000000000
33.939998626709	0.067658238112926	0.13309307396412	65.000000000000	0.00000000000000
33.950000762939	0.068496592342854	0.13425423204899	65.000000000000	0.00000000000000
33.959999084473	0.069337181746960	0.13541130721569	65.000000000000	0.00000000000000
33.970001220703	0.070179991424084	0.13656423985958	65.000000000000	0.00000000000000
33.979999542236	0.071025028824806	0.13771308958530	65.000000000000	0.00000000000000
33.990001678467	0.071872234344482	0.13885779678822	65.000000000000	0.00000000000000
34.000000000000	0.072721555829048	0.13999842107296	65.000000000000	0.00000000000000
34.009998321533	0.073573082685471	0.14113491773605	65.000000000000	0.00000000000000
34.020000457764	0.074426651000977	0.14226731657982	65.000000000000	0.00000000000000
34.029998779297	0.075282350182533	0.14339561760426	65.000000000000	0.00000000000000
34.040000915527	0.076140113174915	0.14451980590820	65.000000000000	0.00000000000000
34.049999237061	0.076999895274639	0.14563991129398	65.000000000000	0.00000000000000
34.060001373291	0.077861748635769	0.14675588905811	65.000000000000	0.00000000000000
34.069999694824	0.078725606203079	0.14786778390408	65.000000000000	0.00000000000000
34.080001831055	0.079591423273087	0.14897559583187	65.000000000000	0.00000000000000
34.090000152588	0.080459207296371	0.15007930994034	65.000000000000	0.00000000000000
34.099998474121	0.081328935921192	0.15117892622948	65.000000000000	0.00000000000000
34.110000610352	0.082200609147549	0.15227448940277	65.000000000000	0.00000000000000
34.119998931885	0.083074145019054	0.15336593985558	65.000000000000	0.00000000000000
34.130001068115	0.083949588239193	0.15445332229137	65.000000000000	0.00000000000000
34.139999389648	0.084826886653900	0.15553662180901	65.000000000000	0.00000000000000
34.150001525879	0.085706055164337	0.15661586821079	65.000000000000	0.00000000000000
34.159999847412	0.086587004363537	0.15769104659557	65.000000000000	0.00000000000000
34.169998168945	0.087469771504402	0.15876214206219	65.000000000000	0.00000000000000
34.180000305176	0.088354341685772	0.15982916951180	65.000000000000	0.00000000000000
34.189998626709	0.089240603148937	0.16089215874672	65.000000000000	0.00000000000000
34.200000762939	0.090128652751446	0.16195109486580	65.000000000000	0.00000000000000
34.209999084473	0.091018445789814	0.16300597786903	65.000000000000	0.00000000000000
34.220001220703	0.091909915208817	0.16405680775642	65.000000000000	0.00000000000000
34.229999542236	0.092803090810776	0.16510361433029	65.000000000000	0.00000000000000
34.240001678467	0.093697935342789	0.16614635288715	65.000000000000	0.00000000000000
34.250000000000	0.094594456255436	0.16718506813049	65.000000000000	0.00000000000000
34.259998321533	0.095492519438267	0.16821974515915	65.000000000000	0.00000000000000
34.270000457764	0.096392229199409	0.16925042867661	65.000000000000	0.00000000000000
34.279998779297	0.097293622791767	0.17027702927589	65.000000000000	0.00000000000000
34.290000915527	0.098196431994438	0.17129971086979	65.000000000000	0.00000000000000
34.299999237061	0.099100895226002	0.17231830954552	65.000000000000	0.00000000000000
34.310001373291	0.10000683367252	0.17333294451237	65.000000000000	0.00000000000000
34.319999694824	0.10091438144445	0.17434351146221	65.000000000000	0.00000000000000
34.330001831055	0.10182335972786	0.17535011470318	65.000000000000	0.00000000000000
34.340000152588	0.10273392498493	0.17635269463062	65.000000000000	0.00000000000000
34.349998474121	0.10364587605000	0.17735129594803	65.000000000000	0.00000000000000
34.360000610352	0.10455922037363	0.17834600806236	65.000000000000	0.00000000000000
34.369998931885	0.10547416657209	0.17933659255505	65.000000000000	0.00000000000000
34.380001068115	0.10639028251171	0.18032336235046	65.000000000000	0.00000000000000
34.389999389648	0.10730805993080	0.18130598962307	65.000000000000	0.00000000000000
34.400001525879	0.10822706669569	0.18228475749493	65.000000000000	0.00000000000000
34.409999847412	0.10914751887321	0.18325950205326	65.000000000000	0.00000000000000
34.419998168945	0.11006925255060	0.18423035740852	65.000000000000	0.00000000000000
34.430000305176	0.11099232733250	0.18519724905491	65.000000000000	0.00000000000000
34.439998626709	0.11191681027412	0.18616013228893	65.000000000000	0.00000000000000
34.450000762939	0.11284250020981	0.18711914122105	65.000000000000	0.00000000000000
34.459999084473	0.11376950144768	0.18807421624660	65.000000000000	0.00000000000000
34.470001220703	0.11469784379005	0.18902528285980	65.000000000000	0.00000000000000
34.479999542236	0.11562736332417	0.18997250497341	65.000000000000	0.00000000000000
34.490001678467	0.11655811220407	0.19091579318047	65.000000000000	0.00000000000000
34.500000000000	0.11749016493559	0.19185510277748	65.000000000000	0.00000000000000
34.509998321533	0.11842335015535	0.19279058277607	65.000000000000	0.00000000000000
34.520000457764	0.11935780197382	0.19372209906578	65.000000000000	0.00000000000000
34.529998779297	0.12029342353344	0.19464971125126	65.000000000000	0.00000000000000
34.540000915527	0.12123011797667	0.19557350873947	65.000000000000	0.00000000000000
34.549999237061	0.12216803431511	0.19649334251881	65.000000000000	0.00000000000000
34.560001373291	0.12310708314180	0.19740930199623	65.000000000000	0.00000000000000
34.569999694824	0.12404724210501	0.19832140207291	65.000000000000	0.00000000000000
34.580001831055	0.12498847395182	0.19922964274883	65.000000000000	0.00000000000000
34.590000152588	0.12593089044094	0.20013393461704	65.000000000000	0.00000000000000
34.599998474121	0.12687426805496	0.20103447139263	65.000000000000	0.00000000000000
34.610000610352	0.12781888246536	0.20193098485470	65.000000000000	0.00000000000000
34.619998931885	0.12876442074776	0.20282377302647	65.000000000000	0.00000000000000
34.630001068115	0.12971097230911	0.20371271669865	65.000000000000	0.00000000000000
34.639999389648	0.13065852224827	0.20459781587124	65.000000000000	0.00000000000000
34.650001525879	0.13160723447800	0.20547896623611	65.000000000000	0.00000000000000
34.659999847412	0.13255691528320	0.20635628700256	65.000000000000	0.00000000000000
34.669998168945	0.13350741565228	0.20722991228104	65.000000000000	0.00000000000000
34.680000305176	0.13445898890495	0.20809963345528	65.000000000000	0.00000000000000
34.689998626709	0.13541153073311	0.20896553993225	65.000000000000	0.00000000000000
34.700000762939	0.13636498153210	0.20982763171196	65.000000000000	0.00000000000000
34.709999084473	0.13731940090656	0.21068589389324	65.000000000000	0.00000000000000
34.720001220703	0.13827469944954	0.21154035627842	65.000000000000	0.00000000000000
34.729999542236	0.13923096656799	0.21239101886749	65.000000000000	0.00000000000000
34.740001678467	0.14018800854683	0.21323788166046	65.000000000000	0.00000000000000
34.750000000000	0.14114604890347	0.21408095955849	65.000000000000	0.00000000000000
34.759998321533	0.14210490882397	0.21492025256157	65.000000000000	0.00000000000000
34.770000457764	0.14306458830833	0.21575573086739	65.000000000000	0.00000000000000
34.779998779297	0.14402516186237	0.21658743917942	65.000000000000	0.00000000000000
34.790000915527	0.14498649537563	0.21741537749767	65.000000000000	0.00000000000000
34.799999237061	0.14594872295856	0.21823953092098	65.000000000000	0.00000000000000
34.810001373291	0.14691175520420	0.21905992925167	65.000000000000	0.00000000000000
34.819999694824	0.14787553250790	0.21987655758858	65.000000000000	0.00000000000000
34.830001831055	0.14884009957314	0.22068941593170	65.000000000000	0.00000000000000
34.840000152588	0.14980542659760	0.22149853408337	65.000000000000	0.00000000000000
34.849998474121	0.15077154338360	0.22230388224125	65.000000000000	0.00000000000000
34.860000610352	0.15173837542534	0.22310549020767	65.000000000000	0.00000000000000
34.869998931885	0.15270595252514	0.22390335798264	65.000000000000	0.00000000000000
34.880001068115	0.15367422997952	0.22469748556614	65.000000000000	0.00000000000000
34.889999389648	0.15464323759079	0.22548787295818	65.000000000000	0.00000000000000
34.900001525879	0.15561293065548	0.22627450525761	65.000000000000	0.00000000000000
34.909999847412	0.15658330917358	0.22705744206905	65.000000000000	0.00000000000000
34.919998168945	0.15755434334278	0.22783662378788	65.000000000000	0.00000000000000
34.930000305176	0.15852606296539	0.22861208021641	65.000000000000	0.00000000000000
34.939998626709	0.15949843823910	0.22938384115696	65.000000000000	0.00000000000000
34.950000762939	0.16047140955925	0.23015186190605	65.000000000000	0.00000000000000
34.959999084473	0.16144505143166	0.23091618716717	65.000000000000	0.00000000000000
34.970001220703	0.16241930425167	0.23167677223682	65.000000000000	0.00000000000000
34.979999542236	0.16339412331581	0.23243367671967	65.000000000000	0.00000000000000
34.990001678467	0.16436950862408	0.23318688571453	65.000000000000	0.00000000000000
35.000000000000	0.16534554958344	0.23393636941910	65.000000000000	0.00000000000000
