#Parameters = {d=0.27198492462313; l2=5.4396984924625; lambda=10.879396984925; r=0.036652688442212}
#"Frequency / GHz"	"S1,1 (lambda=10.8794) [Re]"	"S1,1 (lambda=10.8794) [Im]"	"Ref.Imp. [Re]"	"Ref.Imp. [Im]"
#-----------------------------------------------------------------------------------------------------------
25.000000000000	0.014590675011277	0.051739294081926	65.000000000000	0.00000000000000
25.010000228882	0.015432788059115	0.053672421723604	65.000000000000	0.00000000000000
25.020000457764	0.016282131895423	0.055598970502615	65.000000000000	0.00000000000000
25.030000686646	0.017138637602329	0.057518899440765	65.000000000000	0.00000000000000
25.040000915527	0.018002258613706	0.059432197362185	65.000000000000	0.00000000000000
25.049999237061	0.018872914835811	0.061338827013969	65.000000000000	0.00000000000000
25.059999465942	0.019750552251935	0.063238762319088	65.000000000000	0.00000000000000
25.069999694824	0.020635146647692	0.065131954848766	65.000000000000	0.00000000000000
25.079999923706	0.021526597440243	0.067018404603004	65.000000000000	0.00000000000000
25.090000152588	0.022424852475524	0.068898074328899	65.000000000000	0.00000000000000
25.100000381470	0.023329868912697	0.070770926773548	65.000000000000	0.00000000000000
25.110000610352	0.024241589009762	0.072636954486370	65.000000000000	0.00000000000000
25.120000839233	0.025159934535623	0.074496120214462	65.000000000000	0.00000000000000
25.129999160767	0.026084866374731	0.076348401606083	65.000000000000	0.00000000000000
25.139999389648	0.027016328647733	0.078193776309490	65.000000000000	0.00000000000000
25.149999618530	0.027954233810306	0.080032221972942	65.000000000000	0.00000000000000
25.159999847412	0.028898566961288	0.081863708794117	65.000000000000	0.00000000000000
25.170000076294	0.029849236831069	0.083688221871853	65.000000000000	0.00000000000000
25.180000305176	0.030806185677648	0.085505723953247	65.000000000000	0.00000000000000
25.190000534058	0.031769338995218	0.087316222488880	65.000000000000	0.00000000000000
25.200000762939	0.032738700509071	0.089119665324688	65.000000000000	0.00000000000000
25.209999084473	0.033714156597853	0.090916045010090	65.000000000000	0.00000000000000
25.219999313354	0.034695677459240	0.092705346643925	65.000000000000	0.00000000000000
25.229999542236	0.035683155059814	0.094487547874451	65.000000000000	0.00000000000000
25.239999771118	0.036676630377769	0.096262618899345	65.000000000000	0.00000000000000
25.250000000000	0.037675920873880	0.098030567169189	65.000000000000	0.00000000000000
25.260000228882	0.038681060075760	0.099791340529919	65.000000000000	0.00000000000000
25.270000457764	0.039691958576441	0.10154495388269	65.000000000000	0.00000000000000
25.280000686646	0.040708541870117	0.10329136997461	65.000000000000	0.00000000000000
25.290000915527	0.041730791330338	0.10503057390451	65.000000000000	0.00000000000000
25.299999237061	0.042758628726006	0.10676255822182	65.000000000000	0.00000000000000
25.309999465942	0.043791994452477	0.10848731547594	65.000000000000	0.00000000000000
25.319999694824	0.044830791652203	0.11020481586456	65.000000000000	0.00000000000000
25.329999923706	0.045875027775764	0.11191504448652	65.000000000000	0.00000000000000
25.340000152588	0.046924639493227	0.11361800134182	65.000000000000	0.00000000000000
25.350000381470	0.047979533672333	0.11531365662813	65.000000000000	0.00000000000000
25.360000610352	0.049039665609598	0.11700200289488	65.000000000000	0.00000000000000
25.370000839233	0.050104986876249	0.11868303269148	65.000000000000	0.00000000000000
25.379999160767	0.051175426691771	0.12035672366619	65.000000000000	0.00000000000000
25.389999389648	0.052250929176807	0.12202309072018	65.000000000000	0.00000000000000
25.399999618530	0.053331449627876	0.12368210405111	65.000000000000	0.00000000000000
25.409999847412	0.054416947066784	0.12533374130726	65.000000000000	0.00000000000000
25.420000076294	0.055507332086563	0.12697802484035	65.000000000000	0.00000000000000
25.430000305176	0.056602526456118	0.12861491739750	65.000000000000	0.00000000000000
25.440000534058	0.057702533900738	0.13024441897869	65.000000000000	0.00000000000000
25.450000762939	0.058807253837585	0.13186652958393	65.000000000000	0.00000000000000
25.459999084473	0.059916663914919	0.13348121941090	65.000000000000	0.00000000000000
25.469999313354	0.061030685901642	0.13508851826191	65.000000000000	0.00000000000000
25.479999542236	0.062149289995432	0.13668838143349	65.000000000000	0.00000000000000
25.489999771118	0.063272342085838	0.13828080892563	65.000000000000	0.00000000000000
25.500000000000	0.064399927854538	0.13986581563950	65.000000000000	0.00000000000000
25.510000228882	0.065531864762306	0.14144337177277	65.000000000000	0.00000000000000
25.520000457764	0.066668123006821	0.14301350712776	65.000000000000	0.00000000000000
25.530000686646	0.067808672785759	0.14457617700100	65.000000000000	0.00000000000000
25.540000915527	0.068953469395638	0.14613136649132	65.000000000000	0.00000000000000
25.549999237061	0.070102401077747	0.14767915010452	65.000000000000	0.00000000000000
25.559999465942	0.071255452930927	0.14921945333481	65.000000000000	0.00000000000000
25.569999694824	0.072412617504597	0.15075227618217	65.000000000000	0.00000000000000
25.579999923706	0.073573797941208	0.15227766335011	65.000000000000	0.00000000000000
25.590000152588	0.074738897383213	0.15379554033279	65.000000000000	0.00000000000000
25.600000381470	0.075907908380032	0.15530598163605	65.000000000000	0.00000000000000
25.610000610352	0.077080771327019	0.15680894255638	65.000000000000	0.00000000000000
25.620000839233	0.078257448971272	0.15830442309380	65.000000000000	0.00000000000000
25.629999160767	0.079437844455242	0.15979245305061	65.000000000000	0.00000000000000
25.639999389648	0.080621913075447	0.16127298772335	65.000000000000	0.00000000000000
25.649999618530	0.081809647381306	0.16274604201317	65.000000000000	0.00000000000000
25.659999847412	0.083000987768173	0.16421163082123	65.000000000000	0.00000000000000
25.670000076294	0.084195815026760	0.16566976904869	65.000000000000	0.00000000000000
25.680000305176	0.085394129157066	0.16712041199207	65.000000000000	0.00000000000000
25.690000534058	0.086595907807350	0.16856358945370	65.000000000000	0.00000000000000
25.700000762939	0.087801001966000	0.16999931633472	65.000000000000	0.00000000000000
25.709999084473	0.089009493589401	0.17142754793167	65.000000000000	0.00000000000000
25.719999313354	0.090221188962460	0.17284837365150	65.000000000000	0.00000000000000
25.729999542236	0.091436140239239	0.17426168918610	65.000000000000	0.00000000000000
25.739999771118	0.092654220759869	0.17566756904125	65.000000000000	0.00000000000000
25.750000000000	0.093875512480736	0.17706599831581	65.000000000000	0.00000000000000
25.760000228882	0.095099829137325	0.17845697700977	65.000000000000	0.00000000000000
25.770000457764	0.096327111124992	0.17984053492546	65.000000000000	0.00000000000000
25.780000686646	0.097557462751865	0.18121661245823	65.000000000000	0.00000000000000
25.790000915527	0.098790645599365	0.18258531391621	65.000000000000	0.00000000000000
25.799999237061	0.10002676397562	0.18394654989243	65.000000000000	0.00000000000000
25.809999465942	0.10126566141844	0.18530039489269	65.000000000000	0.00000000000000
25.819999694824	0.10250736027956	0.18664678931236	65.000000000000	0.00000000000000
25.829999923706	0.10375179350376	0.18798577785492	65.000000000000	0.00000000000000
25.840000152588	0.10499880462885	0.18931742012501	65.000000000000	0.00000000000000
25.850000381470	0.10624852776527	0.19064162671566	65.000000000000	0.00000000000000
25.860000610352	0.10750088095665	0.19195842742920	65.000000000000	0.00000000000000
25.870000839233	0.10875561833382	0.19326789677143	65.000000000000	0.00000000000000
25.879999160767	0.11001296341419	0.19456996023655	65.000000000000	0.00000000000000
25.889999389648	0.11127258092165	0.19586473703384	65.000000000000	0.00000000000000
25.899999618530	0.11253477632999	0.19715207815170	65.000000000000	0.00000000000000
25.909999847412	0.11379919946194	0.19843213260174	65.000000000000	0.00000000000000
25.920000076294	0.11506589502096	0.19970485568047	65.000000000000	0.00000000000000
25.930000305176	0.11633500456810	0.20097017288208	65.000000000000	0.00000000000000
25.940000534058	0.11760616302490	0.20222826302052	65.000000000000	0.00000000000000
25.950000762939	0.11887950450182	0.20347900688648	65.000000000000	0.00000000000000
25.959999084473	0.12015498429537	0.20472246408463	65.000000000000	0.00000000000000
25.969999313354	0.12143246084452	0.20595867931843	65.000000000000	0.00000000000000
25.979999542236	0.12271205335855	0.20718759298325	65.000000000000	0.00000000000000
25.989999771118	0.12399350106716	0.20840927958488	65.000000000000	0.00000000000000
26.000000000000	0.12527707219124	0.20962361991405	65.000000000000	0.00000000000000
26.010000228882	0.12656229734421	0.21083086729050	65.000000000000	0.00000000000000
26.020000457764	0.12784963846207	0.21203072369099	65.000000000000	0.00000000000000
26.030000686646	0.12913839519024	0.21322359144688	65.000000000000	0.00000000000000
26.040000915527	0.13042919337749	0.21440911293030	65.000000000000	0.00000000000000
26.049999237061	0.13172170519829	0.21558740735054	65.000000000000	0.00000000000000
26.059999465942	0.13301572203636	0.21675865352154	65.000000000000	0.00000000000000
26.069999694824	0.13431157171726	0.21792259812355	65.000000000000	0.00000000000000
26.079999923706	0.13560882210732	0.21907950937748	65.000000000000	0.00000000000000
26.090000152588	0.13690772652626	0.22022923827171	65.000000000000	0.00000000000000
26.100000381470	0.13820810616016	0.22137187421322	65.000000000000	0.00000000000000
26.110000610352	0.13950984179974	0.22250746190548	65.000000000000	0.00000000000000
26.120000839233	0.14081317186356	0.22363585233688	65.000000000000	0.00000000000000
26.129999160767	0.14211770892143	0.22475723922253	65.000000000000	0.00000000000000
26.139999389648	0.14342358708382	0.22587160766125	65.000000000000	0.00000000000000
26.149999618530	0.14473089575768	0.22697882354259	65.000000000000	0.00000000000000
26.159999847412	0.14603942632675	0.22807905077934	65.000000000000	0.00000000000000
26.170000076294	0.14734910428524	0.22917228937149	65.000000000000	0.00000000000000
26.180000305176	0.14865997433662	0.23025850951672	65.000000000000	0.00000000000000
26.190000534058	0.14997202157974	0.23133772611618	65.000000000000	0.00000000000000
26.200000762939	0.15128497779369	0.23241010308266	65.000000000000	0.00000000000000
26.209999084473	0.15259923040867	0.23347537219524	65.000000000000	0.00000000000000
26.219999313354	0.15391439199448	0.23453380167484	65.000000000000	0.00000000000000
26.229999542236	0.15523043274879	0.23558531701565	65.000000000000	0.00000000000000
26.239999771118	0.15654754638672	0.23662993311882	65.000000000000	0.00000000000000
26.250000000000	0.15786552429199	0.23766764998436	65.000000000000	0.00000000000000
26.260000228882	0.15918438136578	0.23869849741459	65.000000000000	0.00000000000000
26.270000457764	0.16050405800343	0.23972250521183	65.000000000000	0.00000000000000
26.280000686646	0.16182452440262	0.24073970317841	65.000000000000	0.00000000000000
26.290000915527	0.16314575076103	0.24175006151199	65.000000000000	0.00000000000000
26.299999237061	0.16446772217751	0.24275366961956	65.000000000000	0.00000000000000
26.309999465942	0.16579028964043	0.24375046789646	65.000000000000	0.00000000000000
26.319999694824	0.16711361706257	0.24474051594734	65.000000000000	0.00000000000000
26.329999923706	0.16843749582767	0.24572387337685	65.000000000000	0.00000000000000
26.340000152588	0.16976188123226	0.24670045077801	65.000000000000	0.00000000000000
26.350000381470	0.17108687758446	0.24767036736012	65.000000000000	0.00000000000000
26.360000610352	0.17241244018078	0.24863359332085	65.000000000000	0.00000000000000
26.370000839233	0.17373837530613	0.24959015846252	65.000000000000	0.00000000000000
26.379999160767	0.17506471276283	0.25054007768631	65.000000000000	0.00000000000000
26.389999389648	0.17639152705669	0.25148338079453	65.000000000000	0.00000000000000
26.399999618530	0.17771866917610	0.25242006778717	65.000000000000	0.00000000000000
26.409999847412	0.17904615402222	0.25335016846657	65.000000000000	0.00000000000000
26.420000076294	0.18037398159504	0.25427371263504	65.000000000000	0.00000000000000
26.430000305176	0.18170204758644	0.25519073009491	65.000000000000	0.00000000000000
26.440000534058	0.18303033709526	0.25610125064850	65.000000000000	0.00000000000000
26.450000762939	0.18435877561569	0.25700521469116	65.000000000000	0.00000000000000
26.459999084473	0.18568746745586	0.25790271162987	65.000000000000	0.00000000000000
26.469999313354	0.18701630830765	0.25879374146461	65.000000000000	0.00000000000000
26.479999542236	0.18834517896175	0.25967836380005	65.000000000000	0.00000000000000
26.489999771118	0.18967416882515	0.26055651903152	65.000000000000	0.00000000000000
26.500000000000	0.19100321829319	0.26142832636833	65.000000000000	0.00000000000000
26.510000228882	0.19233225286007	0.26229369640350	65.000000000000	0.00000000000000
26.520000457764	0.19366122782230	0.26315274834633	65.000000000000	0.00000000000000
26.530000686646	0.19499023258686	0.26400545239449	65.000000000000	0.00000000000000
26.540000915527	0.19631910324097	0.26485183835030	65.000000000000	0.00000000000000
26.549999237061	0.19764785468578	0.26569190621376	65.000000000000	0.00000000000000
26.559999465942	0.19897656142712	0.26652577519417	65.000000000000	0.00000000000000
26.569999694824	0.20030502974987	0.26735329627991	65.000000000000	0.00000000000000
26.579999923706	0.20163328945637	0.26817464828491	65.000000000000	0.00000000000000
26.590000152588	0.20296134054661	0.26898977160454	65.000000000000	0.00000000000000
26.600000381470	0.20428913831711	0.26979869604111	65.000000000000	0.00000000000000
26.610000610352	0.20561668276787	0.27060151100159	65.000000000000	0.00000000000000
26.620000839233	0.20694389939308	0.27139812707901	65.000000000000	0.00000000000000
26.629999160767	0.20827072858810	0.27218863368034	65.000000000000	0.00000000000000
26.639999389648	0.20959724485874	0.27297303080559	65.000000000000	0.00000000000000
26.649999618530	0.21092331409454	0.27375137805939	65.000000000000	0.00000000000000
26.659999847412	0.21224901080132	0.27452361583710	65.000000000000	0.00000000000000
26.670000076294	0.21357433497906	0.27528989315033	65.000000000000	0.00000000000000
26.680000305176	0.21489909291267	0.27605012059212	65.000000000000	0.00000000000000
26.690000534058	0.21622332930565	0.27680438756943	65.000000000000	0.00000000000000
26.700000762939	0.21754708886147	0.27755266427994	65.000000000000	0.00000000000000
26.709999084473	0.21887028217316	0.27829501032829	65.000000000000	0.00000000000000
26.719999313354	0.22019290924072	0.27903139591217	65.000000000000	0.00000000000000
26.729999542236	0.22151501476765	0.27976191043854	65.000000000000	0.00000000000000
26.739999771118	0.22283636033535	0.28048658370972	65.000000000000	0.00000000000000
26.750000000000	0.22415716946125	0.28120535612106	65.000000000000	0.00000000000000
26.760000228882	0.22547723352909	0.28191831707954	65.000000000000	0.00000000000000
26.770000457764	0.22679655253887	0.28262546658516	65.000000000000	0.00000000000000
26.780000686646	0.22811524569988	0.28332683444023	65.000000000000	0.00000000000000
26.790000915527	0.22943314909935	0.28402245044708	65.000000000000	0.00000000000000
26.799999237061	0.23075027763844	0.28471228480339	65.000000000000	0.00000000000000
26.809999465942	0.23206663131714	0.28539645671844	65.000000000000	0.00000000000000
26.819999694824	0.23338216543198	0.28607490658760	65.000000000000	0.00000000000000
26.829999923706	0.23469687998295	0.28674769401550	65.000000000000	0.00000000000000
26.840000152588	0.23601070046425	0.28741484880447	65.000000000000	0.00000000000000
26.850000381470	0.23732361197472	0.28807637095451	65.000000000000	0.00000000000000
26.860000610352	0.23863570392132	0.28873229026794	65.000000000000	0.00000000000000
26.870000839233	0.23994681239128	0.28938266634941	65.000000000000	0.00000000000000
26.879999160767	0.24125695228577	0.29002743959427	65.000000000000	0.00000000000000
26.889999389648	0.24256615340710	0.29066669940948	65.000000000000	0.00000000000000
26.899999618530	0.24387438595295	0.29130044579506	65.000000000000	0.00000000000000
26.909999847412	0.24518153071404	0.29192873835564	65.000000000000	0.00000000000000
26.920000076294	0.24648764729500	0.29255154728889	65.000000000000	0.00000000000000
26.930000305176	0.24779276549816	0.29316890239716	65.000000000000	0.00000000000000
26.940000534058	0.24909679591656	0.29378086328506	65.000000000000	0.00000000000000
26.950000762939	0.25039976835251	0.29438742995262	65.000000000000	0.00000000000000
26.959999084473	0.25170153379440	0.29498863220215	65.000000000000	0.00000000000000
26.969999313354	0.25300219655037	0.29558447003365	65.000000000000	0.00000000000000
26.979999542236	0.25430175662041	0.29617500305176	65.000000000000	0.00000000000000
26.989999771118	0.25560009479523	0.29676023125648	65.000000000000	0.00000000000000
27.000000000000	0.25689733028412	0.29734018445015	65.000000000000	0.00000000000000
27.010000228882	0.25819328427315	0.29791489243507	65.000000000000	0.00000000000000
27.020000457764	0.25948795676231	0.29848438501358	65.000000000000	0.00000000000000
27.030000686646	0.26078152656555	0.29904866218567	65.000000000000	0.00000000000000
27.040000915527	0.26207369565964	0.29960775375366	65.000000000000	0.00000000000000
27.049999237061	0.26336461305618	0.30016168951988	65.000000000000	0.00000000000000
27.059999465942	0.26465421915054	0.30071049928665	65.000000000000	0.00000000000000
27.069999694824	0.26594263315201	0.30125415325165	65.000000000000	0.00000000000000
27.079999923706	0.26722958683968	0.30179277062416	65.000000000000	0.00000000000000
27.090000152588	0.26851522922516	0.30232632160187	65.000000000000	0.00000000000000
27.100000381470	0.26979956030846	0.30285480618477	65.000000000000	0.00000000000000
27.110000610352	0.27108240127563	0.30337831377983	65.000000000000	0.00000000000000
27.120000839233	0.27236390113831	0.30389678478241	65.000000000000	0.00000000000000
27.129999160767	0.27364400029182	0.30441030859947	65.000000000000	0.00000000000000
27.139999389648	0.27492260932922	0.30491888523102	65.000000000000	0.00000000000000
27.149999618530	0.27619975805283	0.30542251467705	65.000000000000	0.00000000000000
27.159999847412	0.27747550606728	0.30592125654221	65.000000000000	0.00000000000000
27.170000076294	0.27874979376793	0.30641514062881	65.000000000000	0.00000000000000
27.180000305176	0.28002250194550	0.30690413713455	65.000000000000	0.00000000000000
27.190000534058	0.28129377961159	0.30738833546638	65.000000000000	0.00000000000000
27.200000762939	0.28256350755692	0.30786770582199	65.000000000000	0.00000000000000
27.209999084473	0.28383177518845	0.30834224820137	65.000000000000	0.00000000000000
27.219999313354	0.28509834408760	0.30881211161613	65.000000000000	0.00000000000000
27.229999542236	0.28636339306831	0.30927717685699	65.000000000000	0.00000000000000
27.239999771118	0.28762689232826	0.30973753333092	65.000000000000	0.00000000000000
27.250000000000	0.28888878226280	0.31019318103790	65.000000000000	0.00000000000000
27.260000228882	0.29014909267426	0.31064420938492	65.000000000000	0.00000000000000
27.270000457764	0.29140782356262	0.31109055876732	65.000000000000	0.00000000000000
27.280000686646	0.29266482591629	0.31153228878975	65.000000000000	0.00000000000000
27.290000915527	0.29392015933990	0.31196939945221	65.000000000000	0.00000000000000
27.299999237061	0.29517391324043	0.31240195035934	65.000000000000	0.00000000000000
27.309999465942	0.29642602801323	0.31282994151115	65.000000000000	0.00000000000000
27.319999694824	0.29767635464668	0.31325337290764	65.000000000000	0.00000000000000
27.329999923706	0.29892501235008	0.31367233395576	65.000000000000	0.00000000000000
27.340000152588	0.30017194151878	0.31408682465553	65.000000000000	0.00000000000000
27.350000381470	0.30141723155975	0.31449678540230	65.000000000000	0.00000000000000
27.360000610352	0.30266079306602	0.31490230560303	65.000000000000	0.00000000000000
27.370000839233	0.30390250682831	0.31530347466469	65.000000000000	0.00000000000000
27.379999160767	0.30514255166054	0.31570017337799	65.000000000000	0.00000000000000
27.389999389648	0.30638077855110	0.31609252095222	65.000000000000	0.00000000000000
27.399999618530	0.30761721730232	0.31648054718971	65.000000000000	0.00000000000000
27.409999847412	0.30885192751884	0.31686422228813	65.000000000000	0.00000000000000
27.420000076294	0.31008476018906	0.31724354624748	65.000000000000	0.00000000000000
27.430000305176	0.31131589412689	0.31761866807938	65.000000000000	0.00000000000000
27.440000534058	0.31254509091377	0.31798946857452	65.000000000000	0.00000000000000
27.450000762939	0.31377252936363	0.31835603713989	65.000000000000	0.00000000000000
27.459999084473	0.31499809026718	0.31871840357780	65.000000000000	0.00000000000000
27.469999313354	0.31622183322906	0.31907653808594	65.000000000000	0.00000000000000
27.479999542236	0.31744369864464	0.31943050026894	65.000000000000	0.00000000000000
27.489999771118	0.31866368651390	0.31978034973145	65.000000000000	0.00000000000000
27.500000000000	0.31988185644150	0.32012602686882	65.000000000000	0.00000000000000
27.510000228882	0.32109802961349	0.32046762108803	65.000000000000	0.00000000000000
27.520000457764	0.32231238484383	0.32080516219139	65.000000000000	0.00000000000000
27.530000686646	0.32352477312088	0.32113853096962	65.000000000000	0.00000000000000
27.540000915527	0.32473528385162	0.32146790623665	65.000000000000	0.00000000000000
27.549999237061	0.32594388723373	0.32179328799248	65.000000000000	0.00000000000000
27.559999465942	0.32715058326721	0.32211464643478	65.000000000000	0.00000000000000
27.569999694824	0.32835525274277	0.32243201136589	65.000000000000	0.00000000000000
27.579999923706	0.32955801486969	0.32274544239044	65.000000000000	0.00000000000000
27.590000152588	0.33075883984566	0.32305493950844	65.000000000000	0.00000000000000
27.600000381470	0.33195766806602	0.32336053252220	65.000000000000	0.00000000000000
27.610000610352	0.33315455913544	0.32366219162941	65.000000000000	0.00000000000000
27.620000839233	0.33434936404228	0.32396000623703	65.000000000000	0.00000000000000
27.629999160767	0.33554226160049	0.32425394654274	65.000000000000	0.00000000000000
27.639999389648	0.33673325181007	0.32454407215118	65.000000000000	0.00000000000000
27.649999618530	0.33792209625244	0.32483044266701	65.000000000000	0.00000000000000
27.659999847412	0.33910897374153	0.32511293888092	65.000000000000	0.00000000000000
27.670000076294	0.34029391407967	0.32539170980453	65.000000000000	0.00000000000000
27.680000305176	0.34147673845291	0.32566672563553	65.000000000000	0.00000000000000
27.690000534058	0.34265756607056	0.32593801617622	65.000000000000	0.00000000000000
27.700000762939	0.34383636713028	0.32620558142662	65.000000000000	0.00000000000000
27.709999084473	0.34501311182976	0.32646951079369	65.000000000000	0.00000000000000
27.719999313354	0.34618774056435	0.32672974467278	65.000000000000	0.00000000000000
27.729999542236	0.34736043214798	0.32698628306389	65.000000000000	0.00000000000000
27.739999771118	0.34853106737137	0.32723927497864	65.000000000000	0.00000000000000
27.750000000000	0.34969952702522	0.32748866081238	65.000000000000	0.00000000000000
27.760000228882	0.35086604952812	0.32773441076279	65.000000000000	0.00000000000000
27.770000457764	0.35203039646149	0.32797664403915	65.000000000000	0.00000000000000
27.780000686646	0.35319271683693	0.32821530103683	65.000000000000	0.00000000000000
27.790000915527	0.35435286164284	0.32845050096512	65.000000000000	0.00000000000000
27.799999237061	0.35551095008850	0.32868215441704	65.000000000000	0.00000000000000
27.809999465942	0.35666698217392	0.32891032099724	65.000000000000	0.00000000000000
27.819999694824	0.35782092809677	0.32913506031036	65.000000000000	0.00000000000000
27.829999923706	0.35897272825241	0.32935631275177	65.000000000000	0.00000000000000
27.840000152588	0.36012238264084	0.32957416772842	65.000000000000	0.00000000000000
27.850000381470	0.36126989126205	0.32978859543800	65.000000000000	0.00000000000000
27.860000610352	0.36241531372070	0.32999968528748	65.000000000000	0.00000000000000
27.870000839233	0.36355867981911	0.33020737767220	65.000000000000	0.00000000000000
27.879999160767	0.36469984054565	0.33041173219681	65.000000000000	0.00000000000000
27.889999389648	0.36583891510963	0.33061280846596	65.000000000000	0.00000000000000
27.899999618530	0.36697578430176	0.33081051707268	65.000000000000	0.00000000000000
27.909999847412	0.36811053752899	0.33100494742393	65.000000000000	0.00000000000000
27.920000076294	0.36924320459366	0.33119609951973	65.000000000000	0.00000000000000
27.930000305176	0.37037369608879	0.33138406276703	65.000000000000	0.00000000000000
27.940000534058	0.37150204181671	0.33156877756119	65.000000000000	0.00000000000000
27.950000762939	0.37262812256813	0.33175027370453	65.000000000000	0.00000000000000
27.959999084473	0.37375214695930	0.33192858099937	65.000000000000	0.00000000000000
27.969999313354	0.37487399578094	0.33210372924805	65.000000000000	0.00000000000000
27.979999542236	0.37599366903305	0.33227568864822	65.000000000000	0.00000000000000
27.989999771118	0.37711116671562	0.33244451880455	65.000000000000	0.00000000000000
28.000000000000	0.37822645902634	0.33261033892632	65.000000000000	0.00000000000000
28.010000228882	0.37933960556984	0.33277291059494	65.000000000000	0.00000000000000
28.020000457764	0.38045054674149	0.33293247222900	65.000000000000	0.00000000000000
28.030000686646	0.38155937194824	0.33308896422386	65.000000000000	0.00000000000000
28.040000915527	0.38266599178314	0.33324241638184	65.000000000000	0.00000000000000
28.049999237061	0.38377040624619	0.33339285850525	65.000000000000	0.00000000000000
28.059999465942	0.38487255573273	0.33354029059410	65.000000000000	0.00000000000000
28.069999694824	0.38597273826599	0.33368474245071	65.000000000000	0.00000000000000
28.079999923706	0.38707044720650	0.33382621407509	65.000000000000	0.00000000000000
28.090000152588	0.38816612958908	0.33396470546722	65.000000000000	0.00000000000000
28.100000381470	0.38925963640213	0.33410033583641	65.000000000000	0.00000000000000
28.110000610352	0.39035084843636	0.33423295617104	65.000000000000	0.00000000000000
28.120000839233	0.39143985509872	0.33436277508736	65.000000000000	0.00000000000000
28.129999160767	0.39252674579620	0.33448964357376	65.000000000000	0.00000000000000
28.139999389648	0.39361140131950	0.33461371064186	65.000000000000	0.00000000000000
28.149999618530	0.39469385147095	0.33473488688469	65.000000000000	0.00000000000000
28.159999847412	0.39577403664589	0.33485323190689	65.000000000000	0.00000000000000
28.170000076294	0.39685210585594	0.33496877551079	65.000000000000	0.00000000000000
28.180000305176	0.39792785048485	0.33508154749870	65.000000000000	0.00000000000000
28.190000534058	0.39900141954422	0.33519151806831	65.000000000000	0.00000000000000
28.200000762939	0.40007284283638	0.33529871702194	65.000000000000	0.00000000000000
28.209999084473	0.40114200115204	0.33540323376656	65.000000000000	0.00000000000000
28.219999313354	0.40220898389816	0.33550494909286	65.000000000000	0.00000000000000
28.229999542236	0.40327367186546	0.33560401201248	65.000000000000	0.00000000000000
28.239999771118	0.40433627367020	0.33570036292076	65.000000000000	0.00000000000000
28.250000000000	0.40539652109146	0.33579406142235	65.000000000000	0.00000000000000
28.260000228882	0.40645456314087	0.33588504791260	65.000000000000	0.00000000000000
28.270000457764	0.40751051902771	0.33597347140312	65.000000000000	0.00000000000000
28.280000686646	0.40856409072876	0.33605921268463	65.000000000000	0.00000000000000
28.290000915527	0.40961551666260	0.33614233136177	65.000000000000	0.00000000000000
28.299999237061	0.41066479682922	0.33622288703918	65.000000000000	0.00000000000000
28.309999465942	0.41171169281006	0.33630090951920	65.000000000000	0.00000000000000
28.319999694824	0.41275644302368	0.33637630939484	65.000000000000	0.00000000000000
28.329999923706	0.41379901766777	0.33644917607307	65.000000000000	0.00000000000000
28.340000152588	0.41483935713768	0.33651950955391	65.000000000000	0.00000000000000
28.350000381470	0.41587737202644	0.33658739924431	65.000000000000	0.00000000000000
28.360000610352	0.41691333055496	0.33665269613266	65.000000000000	0.00000000000000
28.370000839233	0.41794693470001	0.33671557903290	65.000000000000	0.00000000000000
28.379999160767	0.41897842288017	0.33677595853806	65.000000000000	0.00000000000000
28.389999389648	0.42000764608383	0.33683395385742	65.000000000000	0.00000000000000
28.399999618530	0.42103460431099	0.33688941597939	65.000000000000	0.00000000000000
28.409999847412	0.42205944657326	0.33694252371788	65.000000000000	0.00000000000000
28.420000076294	0.42308190464973	0.33699318766594	65.000000000000	0.00000000000000
28.430000305176	0.42410230636597	0.33704152703285	65.000000000000	0.00000000000000
28.440000534058	0.42512047290802	0.33708745241165	65.000000000000	0.00000000000000
28.450000762939	0.42613628506660	0.33713105320930	65.000000000000	0.00000000000000
28.459999084473	0.42714998126030	0.33717229962349	65.000000000000	0.00000000000000
28.469999313354	0.42816147208214	0.33721122145653	65.000000000000	0.00000000000000
28.479999542236	0.42917069792747	0.33724781870842	65.000000000000	0.00000000000000
28.489999771118	0.43017777800560	0.33728209137917	65.000000000000	0.00000000000000
28.500000000000	0.43118256330490	0.33731409907341	65.000000000000	0.00000000000000
28.510000228882	0.43218520283699	0.33734387159348	65.000000000000	0.00000000000000
28.520000457764	0.43318563699722	0.33737137913704	65.000000000000	0.00000000000000
28.530000686646	0.43418377637863	0.33739665150642	65.000000000000	0.00000000000000
28.540000915527	0.43517974019051	0.33741968870163	65.000000000000	0.00000000000000
28.549999237061	0.43617352843285	0.33744055032730	65.000000000000	0.00000000000000
28.559999465942	0.43716505169868	0.33745917677879	65.000000000000	0.00000000000000
28.569999694824	0.43815451860428	0.33747562766075	65.000000000000	0.00000000000000
28.579999923706	0.43914157152176	0.33748990297318	65.000000000000	0.00000000000000
28.590000152588	0.44012653827667	0.33750209212303	65.000000000000	0.00000000000000
28.600000381470	0.44110941886902	0.33751198649406	65.000000000000	0.00000000000000
28.610000610352	0.44209000468254	0.33751988410950	65.000000000000	0.00000000000000
28.620000839233	0.44306814670563	0.33752584457397	65.000000000000	0.00000000000000
28.629999160767	0.44404444098473	0.33752933144569	65.000000000000	0.00000000000000
28.639999389648	0.44501841068268	0.33753103017807	65.000000000000	0.00000000000000
28.649999618530	0.44599011540413	0.33753061294556	65.000000000000	0.00000000000000
28.659999847412	0.44695961475372	0.33752813935280	65.000000000000	0.00000000000000
28.670000076294	0.44792708754539	0.33752346038818	65.000000000000	0.00000000000000
28.680000305176	0.44889214634895	0.33751702308655	65.000000000000	0.00000000000000
28.690000534058	0.44985520839691	0.33750835061073	65.000000000000	0.00000000000000
28.700000762939	0.45081600546837	0.33749771118164	65.000000000000	0.00000000000000
28.709999084473	0.45177465677261	0.33748516440392	65.000000000000	0.00000000000000
28.719999313354	0.45273107290268	0.33747062087059	65.000000000000	0.00000000000000
28.729999542236	0.45368546247482	0.33745396137238	65.000000000000	0.00000000000000
28.739999771118	0.45463743805885	0.33743563294411	65.000000000000	0.00000000000000
28.750000000000	0.45558750629425	0.33741497993469	65.000000000000	0.00000000000000
28.760000228882	0.45653510093689	0.33739289641380	65.000000000000	0.00000000000000
28.770000457764	0.45748078823090	0.33736848831177	65.000000000000	0.00000000000000
28.780000686646	0.45842421054840	0.33734226226807	65.000000000000	0.00000000000000
28.790000915527	0.45936554670334	0.33731421828270	65.000000000000	0.00000000000000
28.799999237061	0.46030458807945	0.33728438615799	65.000000000000	0.00000000000000
28.809999465942	0.46124136447906	0.33725273609161	65.000000000000	0.00000000000000
28.819999694824	0.46217620372772	0.33721908926964	65.000000000000	0.00000000000000
28.829999923706	0.46310877799988	0.33718368411064	65.000000000000	0.00000000000000
28.840000152588	0.46403932571411	0.33714631199837	65.000000000000	0.00000000000000
28.850000381470	0.46496757864952	0.33710721135139	65.000000000000	0.00000000000000
28.860000610352	0.46589389443398	0.33706623315811	65.000000000000	0.00000000000000
28.870000839233	0.46681764721870	0.33702391386032	65.000000000000	0.00000000000000
28.879999160767	0.46773955225945	0.33697929978371	65.000000000000	0.00000000000000
28.889999389648	0.46865931153297	0.33693313598633	65.000000000000	0.00000000000000
28.899999618530	0.46957692503929	0.33688521385193	65.000000000000	0.00000000000000
28.909999847412	0.47049230337143	0.33683553338051	65.000000000000	0.00000000000000
28.920000076294	0.47140565514565	0.33678415417671	65.000000000000	0.00000000000000
28.930000305176	0.47231683135033	0.33673104643822	65.000000000000	0.00000000000000
28.940000534058	0.47322589159012	0.33667621016502	65.000000000000	0.00000000000000
28.950000762939	0.47413274645805	0.33661973476410	65.000000000000	0.00000000000000
28.959999084473	0.47503757476807	0.33656159043312	65.000000000000	0.00000000000000
28.969999313354	0.47594031691551	0.33650177717209	65.000000000000	0.00000000000000
28.979999542236	0.47684085369110	0.33644026517868	65.000000000000	0.00000000000000
28.989999771118	0.47773927450180	0.33637708425522	65.000000000000	0.00000000000000
29.000000000000	0.47863569855690	0.33631235361099	65.000000000000	0.00000000000000
29.010000228882	0.47952982783318	0.33624598383904	65.000000000000	0.00000000000000
29.020000457764	0.48042199015617	0.33617800474167	65.000000000000	0.00000000000000
29.030000686646	0.48131206631660	0.33610835671425	65.000000000000	0.00000000000000
29.040000915527	0.48219999670982	0.33603718876839	65.000000000000	0.00000000000000
29.049999237061	0.48308587074280	0.33596444129944	65.000000000000	0.00000000000000
29.059999465942	0.48396959900856	0.33589011430740	65.000000000000	0.00000000000000
29.069999694824	0.48485121130943	0.33581423759460	65.000000000000	0.00000000000000
29.079999923706	0.48573073744774	0.33573681116104	65.000000000000	0.00000000000000
29.090000152588	0.48660826683044	0.33565783500671	65.000000000000	0.00000000000000
29.100000381470	0.48748362064362	0.33557736873627	65.000000000000	0.00000000000000
29.110000610352	0.48835700750351	0.33549538254738	65.000000000000	0.00000000000000
29.120000839233	0.48922821879387	0.33541187644005	65.000000000000	0.00000000000000
29.129999160767	0.49009740352631	0.33532691001892	65.000000000000	0.00000000000000
29.139999389648	0.49096447229385	0.33524042367935	65.000000000000	0.00000000000000
29.149999618530	0.49182957410812	0.33515250682831	65.000000000000	0.00000000000000
29.159999847412	0.49269258975983	0.33506312966347	65.000000000000	0.00000000000000
29.170000076294	0.49355357885361	0.33497226238251	65.000000000000	0.00000000000000
29.180000305176	0.49441245198250	0.33487999439240	65.000000000000	0.00000000000000
29.190000534058	0.49526923894882	0.33478626608849	65.000000000000	0.00000000000000
29.200000762939	0.49612396955490	0.33469113707542	65.000000000000	0.00000000000000
29.209999084473	0.49697679281235	0.33459460735321	65.000000000000	0.00000000000000
29.219999313354	0.49782744050026	0.33449667692184	65.000000000000	0.00000000000000
29.229999542236	0.49867606163025	0.33439737558365	65.000000000000	0.00000000000000
29.239999771118	0.49952274560928	0.33429667353630	65.000000000000	0.00000000000000
29.250000000000	0.50036734342575	0.33419460058212	65.000000000000	0.00000000000000
29.260000228882	0.50120985507965	0.33409115672112	65.000000000000	0.00000000000000
29.270000457764	0.50205051898956	0.33398640155792	65.000000000000	0.00000000000000
29.280000686646	0.50288897752762	0.33388030529022	65.000000000000	0.00000000000000
29.290000915527	0.50372546911240	0.33377283811569	65.000000000000	0.00000000000000
29.299999237061	0.50455999374390	0.33366402983665	65.000000000000	0.00000000000000
29.309999465942	0.50539243221283	0.33355396986008	65.000000000000	0.00000000000000
29.319999694824	0.50622290372849	0.33344259858131	65.000000000000	0.00000000000000
29.329999923706	0.50705146789551	0.33332994580269	65.000000000000	0.00000000000000
29.340000152588	0.50787800550461	0.33321592211723	65.000000000000	0.00000000000000
29.350000381470	0.50870239734650	0.33310073614120	65.000000000000	0.00000000000000
29.360000610352	0.50952488183975	0.33298420906067	65.000000000000	0.00000000000000
29.370000839233	0.51034545898438	0.33286646008492	65.000000000000	0.00000000000000
29.379999160767	0.51116394996643	0.33274748921394	65.000000000000	0.00000000000000
29.389999389648	0.51198047399521	0.33262720704079	65.000000000000	0.00000000000000
29.399999618530	0.51279503107071	0.33250573277473	65.000000000000	0.00000000000000
29.409999847412	0.51360762119293	0.33238309621811	65.000000000000	0.00000000000000
29.420000076294	0.51441830396652	0.33225920796394	65.000000000000	0.00000000000000
29.430000305176	0.51522696018219	0.33213406801224	65.000000000000	0.00000000000000
29.440000534058	0.51603364944458	0.33200776576996	65.000000000000	0.00000000000000
29.450000762939	0.51683849096298	0.33188030123711	65.000000000000	0.00000000000000
29.459999084473	0.51764124631882	0.33175167441368	65.000000000000	0.00000000000000
29.469999313354	0.51844209432602	0.33162182569504	65.000000000000	0.00000000000000
29.479999542236	0.51924097537994	0.33149081468582	65.000000000000	0.00000000000000
29.489999771118	0.52003788948059	0.33135870099068	65.000000000000	0.00000000000000
29.500000000000	0.52083289623260	0.33122542500496	65.000000000000	0.00000000000000
29.510000228882	0.52162599563599	0.33109107613564	65.000000000000	0.00000000000000
29.520000457764	0.52241718769073	0.33095553517342	65.000000000000	0.00000000000000
29.530000686646	0.52320641279221	0.33081886172295	65.000000000000	0.00000000000000
29.540000915527	0.52399367094040	0.33068108558655	65.000000000000	0.00000000000000
29.549999237061	0.52477902173996	0.33054229617119	65.000000000000	0.00000000000000
29.559999465942	0.52556246519089	0.33040228486061	65.000000000000	0.00000000000000
29.569999694824	0.52634406089783	0.33026126027107	65.000000000000	0.00000000000000
29.579999923706	0.52712368965149	0.33011916279793	65.000000000000	0.00000000000000
29.590000152588	0.52790135145187	0.32997596263885	65.000000000000	0.00000000000000
29.600000381470	0.52867728471756	0.32983174920082	65.000000000000	0.00000000000000
29.610000610352	0.52945125102997	0.32968646287918	65.000000000000	0.00000000000000
29.620000839233	0.53022325038910	0.32954013347626	65.000000000000	0.00000000000000
29.629999160767	0.53099340200424	0.32939279079437	65.000000000000	0.00000000000000
29.639999389648	0.53176164627075	0.32924437522888	65.000000000000	0.00000000000000
29.649999618530	0.53252810239792	0.32909494638443	65.000000000000	0.00000000000000
29.659999847412	0.53329259157181	0.32894450426102	65.000000000000	0.00000000000000
29.670000076294	0.53405517339706	0.32879307866096	65.000000000000	0.00000000000000
29.680000305176	0.53481602668762	0.32864066958427	65.000000000000	0.00000000000000
29.690000534058	0.53557485342026	0.32848724722862	65.000000000000	0.00000000000000
29.700000762939	0.53633189201355	0.32833284139633	65.000000000000	0.00000000000000
29.709999084473	0.53708714246750	0.32817745208740	65.000000000000	0.00000000000000
29.719999313354	0.53784042596817	0.32802107930183	65.000000000000	0.00000000000000
29.729999542236	0.53859192132950	0.32786381244659	65.000000000000	0.00000000000000
29.739999771118	0.53934162855148	0.32770550251007	65.000000000000	0.00000000000000
29.750000000000	0.54008936882019	0.32754632830620	65.000000000000	0.00000000000000
29.760000228882	0.54083526134491	0.32738617062569	65.000000000000	0.00000000000000
29.770000457764	0.54157948493958	0.32722511887550	65.000000000000	0.00000000000000
29.780000686646	0.54232168197632	0.32706311345100	65.000000000000	0.00000000000000
29.790000915527	0.54306221008301	0.32690015435219	65.000000000000	0.00000000000000
29.799999237061	0.54380089044571	0.32673633098602	65.000000000000	0.00000000000000
29.809999465942	0.54453760385513	0.32657158374786	65.000000000000	0.00000000000000
29.819999694824	0.54527270793915	0.32640597224236	65.000000000000	0.00000000000000
29.829999923706	0.54600584506989	0.32623946666718	65.000000000000	0.00000000000000
29.840000152588	0.54673731327057	0.32607203722000	65.000000000000	0.00000000000000
29.850000381470	0.54746681451797	0.32590377330780	65.000000000000	0.00000000000000
29.860000610352	0.54819464683533	0.32573461532593	65.000000000000	0.00000000000000
29.870000839233	0.54892063140869	0.32556462287903	65.000000000000	0.00000000000000
29.879999160767	0.54964482784271	0.32539379596710	65.000000000000	0.00000000000000
29.889999389648	0.55036723613739	0.32522204518318	65.000000000000	0.00000000000000
29.899999618530	0.55108785629272	0.32504951953888	65.000000000000	0.00000000000000
29.909999847412	0.55180674791336	0.32487612962723	65.000000000000	0.00000000000000
29.920000076294	0.55252385139465	0.32470187544823	65.000000000000	0.00000000000000
29.930000305176	0.55323916673660	0.32452687621117	65.000000000000	0.00000000000000
29.940000534058	0.55395269393921	0.32435101270676	65.000000000000	0.00000000000000
29.950000762939	0.55466443300247	0.32417434453964	65.000000000000	0.00000000000000
29.959999084473	0.55537450313568	0.32399687170982	65.000000000000	0.00000000000000
29.969999313354	0.55608278512955	0.32381862401962	65.000000000000	0.00000000000000
29.979999542236	0.55678933858871	0.32363957166672	65.000000000000	0.00000000000000
29.989999771118	0.55749404430389	0.32345974445343	65.000000000000	0.00000000000000
30.000000000000	0.55819708108902	0.32327908277512	65.000000000000	0.00000000000000
30.010000228882	0.55889832973480	0.32309770584106	65.000000000000	0.00000000000000
30.020000457764	0.55959790945053	0.32291558384895	65.000000000000	0.00000000000000
30.030000686646	0.56029570102692	0.32273265719414	65.000000000000	0.00000000000000
30.040000915527	0.56099182367325	0.32254898548126	65.000000000000	0.00000000000000
30.049999237061	0.56168621778488	0.32236459851265	65.000000000000	0.00000000000000
30.059999465942	0.56237882375717	0.32217943668365	65.000000000000	0.00000000000000
30.069999694824	0.56306976079941	0.32199352979660	65.000000000000	0.00000000000000
30.079999923706	0.56375890970230	0.32180693745613	65.000000000000	0.00000000000000
30.090000152588	0.56444650888443	0.32161960005760	65.000000000000	0.00000000000000
30.100000381470	0.56513231992722	0.32143151760101	65.000000000000	0.00000000000000
30.110000610352	0.56581646203995	0.32124277949333	65.000000000000	0.00000000000000
30.120000839233	0.56649887561798	0.32105332612991	65.000000000000	0.00000000000000
30.129999160767	0.56717962026596	0.32086315751076	65.000000000000	0.00000000000000
30.139999389648	0.56785857677460	0.32067230343819	65.000000000000	0.00000000000000
30.149999618530	0.56853604316711	0.32048076391220	65.000000000000	0.00000000000000
30.159999847412	0.56921166181564	0.32028850913048	65.000000000000	0.00000000000000
30.170000076294	0.56988561153412	0.32009562849998	65.000000000000	0.00000000000000
30.180000305176	0.57055795192719	0.31990200281143	65.000000000000	0.00000000000000
30.190000534058	0.57122862339020	0.31970775127411	65.000000000000	0.00000000000000
30.200000762939	0.57189762592316	0.31951287388802	65.000000000000	0.00000000000000
30.209999084473	0.57256495952606	0.31931734085083	65.000000000000	0.00000000000000
30.219999313354	0.57323062419891	0.31912109255791	65.000000000000	0.00000000000000
30.229999542236	0.57389467954636	0.31892427802086	65.000000000000	0.00000000000000
30.239999771118	0.57455706596375	0.31872674822807	65.000000000000	0.00000000000000
30.250000000000	0.57521784305573	0.31852862238884	65.000000000000	0.00000000000000
30.260000228882	0.57587689161301	0.31832987070084	65.000000000000	0.00000000000000
30.270000457764	0.57653439044952	0.31813052296638	65.000000000000	0.00000000000000
30.280000686646	0.57719022035599	0.31793051958084	65.000000000000	0.00000000000000
30.290000915527	0.57784444093704	0.31772992014885	65.000000000000	0.00000000000000
30.299999237061	0.57849699258804	0.31752872467041	65.000000000000	0.00000000000000
30.309999465942	0.57914793491364	0.31732693314552	65.000000000000	0.00000000000000
30.319999694824	0.57979726791382	0.31712448596954	65.000000000000	0.00000000000000
30.329999923706	0.58044499158859	0.31692150235176	65.000000000000	0.00000000000000
30.340000152588	0.58109110593796	0.31671789288521	65.000000000000	0.00000000000000
30.350000381470	0.58173573017120	0.31651377677917	65.000000000000	0.00000000000000
30.360000610352	0.58237856626511	0.31630903482437	65.000000000000	0.00000000000000
30.370000839233	0.58301991224289	0.31610372662544	65.000000000000	0.00000000000000
30.379999160767	0.58365952968597	0.31589782238007	65.000000000000	0.00000000000000
30.389999389648	0.58429771661758	0.31569138169289	65.000000000000	0.00000000000000
30.399999618530	0.58493423461914	0.31548440456390	65.000000000000	0.00000000000000
30.409999847412	0.58556926250458	0.31527689099312	65.000000000000	0.00000000000000
30.420000076294	0.58620262145996	0.31506878137589	65.000000000000	0.00000000000000
30.430000305176	0.58683443069458	0.31486016511917	65.000000000000	0.00000000000000
30.440000534058	0.58746474981308	0.31465098261833	65.000000000000	0.00000000000000
30.450000762939	0.58809340000153	0.31444129347801	65.000000000000	0.00000000000000
30.459999084473	0.58872056007385	0.31423106789589	65.000000000000	0.00000000000000
30.469999313354	0.58934611082077	0.31402030587196	65.000000000000	0.00000000000000
30.479999542236	0.58997005224228	0.31380903720856	65.000000000000	0.00000000000000
30.489999771118	0.59059250354767	0.31359726190567	65.000000000000	0.00000000000000
30.500000000000	0.59121346473694	0.31338495016098	65.000000000000	0.00000000000000
30.510000228882	0.59183269739151	0.31317219138145	65.000000000000	0.00000000000000
30.520000457764	0.59245055913925	0.31295889616013	65.000000000000	0.00000000000000
30.530000686646	0.59306693077087	0.31274512410164	65.000000000000	0.00000000000000
30.540000915527	0.59368157386780	0.31253081560135	65.000000000000	0.00000000000000
30.549999237061	0.59429490566254	0.31231608986855	65.000000000000	0.00000000000000
30.559999465942	0.59490656852722	0.31210082769394	65.000000000000	0.00000000000000
30.569999694824	0.59551680088043	0.31188511848450	65.000000000000	0.00000000000000
30.579999923706	0.59612542390823	0.31166890263557	65.000000000000	0.00000000000000
30.590000152588	0.59673261642456	0.31145223975182	65.000000000000	0.00000000000000
30.600000381470	0.59733831882477	0.31123515963554	65.000000000000	0.00000000000000
30.610000610352	0.59794241189957	0.31101754307747	65.000000000000	0.00000000000000
30.620000839233	0.59854501485825	0.31079950928688	65.000000000000	0.00000000000000
30.629999160767	0.59914618730545	0.31058102846146	65.000000000000	0.00000000000000
30.639999389648	0.59974581003189	0.31036207079887	65.000000000000	0.00000000000000
30.649999618530	0.60034394264221	0.31014269590378	65.000000000000	0.00000000000000
30.659999847412	0.60094070434570	0.30992287397385	65.000000000000	0.00000000000000
30.670000076294	0.60153597593307	0.30970260500908	65.000000000000	0.00000000000000
30.680000305176	0.60212963819504	0.30948194861412	65.000000000000	0.00000000000000
30.690000534058	0.60272192955017	0.30926084518433	65.000000000000	0.00000000000000
30.700000762939	0.60331261157990	0.30903929471970	65.000000000000	0.00000000000000
30.709999084473	0.60390198230743	0.30881738662720	65.000000000000	0.00000000000000
30.719999313354	0.60448980331421	0.30859500169754	65.000000000000	0.00000000000000
30.729999542236	0.60507613420486	0.30837225914001	65.000000000000	0.00000000000000
30.739999771118	0.60566109418869	0.30814903974533	65.000000000000	0.00000000000000
30.750000000000	0.60624456405640	0.30792549252510	65.000000000000	0.00000000000000
30.760000228882	0.60682660341263	0.30770149827003	65.000000000000	0.00000000000000
30.770000457764	0.60740721225739	0.30747708678246	65.000000000000	0.00000000000000
30.780000686646	0.60798639059067	0.30725234746933	65.000000000000	0.00000000000000
30.790000915527	0.60856407880783	0.30702719092369	65.000000000000	0.00000000000000
30.799999237061	0.60914033651352	0.30680167675018	65.000000000000	0.00000000000000
30.809999465942	0.60971516370773	0.30657577514648	65.000000000000	0.00000000000000
30.819999694824	0.61028856039047	0.30634948611259	65.000000000000	0.00000000000000
30.829999923706	0.61086058616638	0.30612283945084	65.000000000000	0.00000000000000
30.840000152588	0.61143118143082	0.30589580535889	65.000000000000	0.00000000000000
30.850000381470	0.61200034618378	0.30566841363907	65.000000000000	0.00000000000000
30.860000610352	0.61256814002991	0.30544069409370	65.000000000000	0.00000000000000
30.870000839233	0.61313444375992	0.30521258711815	65.000000000000	0.00000000000000
30.879999160767	0.61369931697845	0.30498412251472	65.000000000000	0.00000000000000
30.889999389648	0.61426287889481	0.30475530028343	65.000000000000	0.00000000000000
30.899999618530	0.61482501029968	0.30452615022659	65.000000000000	0.00000000000000
30.909999847412	0.61538577079773	0.30429664254189	65.000000000000	0.00000000000000
30.920000076294	0.61594516038895	0.30406680703163	65.000000000000	0.00000000000000
30.930000305176	0.61650305986404	0.30383664369583	65.000000000000	0.00000000000000
30.940000534058	0.61705970764160	0.30360615253448	65.000000000000	0.00000000000000
30.950000762939	0.61761486530304	0.30337533354759	65.000000000000	0.00000000000000
30.959999084473	0.61816877126694	0.30314418673515	65.000000000000	0.00000000000000
30.969999313354	0.61872124671936	0.30291274189949	65.000000000000	0.00000000000000
30.979999542236	0.61927229166031	0.30268090963364	65.000000000000	0.00000000000000
30.989999771118	0.61982208490372	0.30244883894920	65.000000000000	0.00000000000000
31.000000000000	0.62037044763565	0.30221644043922	65.000000000000	0.00000000000000
31.010000228882	0.62091743946075	0.30198365449905	65.000000000000	0.00000000000000
31.020000457764	0.62146317958832	0.30175065994263	65.000000000000	0.00000000000000
31.030000686646	0.62200748920441	0.30151736736298	65.000000000000	0.00000000000000
31.040000915527	0.62255042791367	0.30128371715546	65.000000000000	0.00000000000000
31.049999237061	0.62309205532074	0.30104979872704	65.000000000000	0.00000000000000
31.059999465942	0.62363231182098	0.30081561207771	65.000000000000	0.00000000000000
31.069999694824	0.62417131662369	0.30058109760284	65.000000000000	0.00000000000000
31.079999923706	0.62470889091492	0.30034631490707	65.000000000000	0.00000000000000
31.090000152588	0.62524515390396	0.30011123418808	65.000000000000	0.00000000000000
31.100000381470	0.62578016519547	0.29987591505051	65.000000000000	0.00000000000000
31.110000610352	0.62631380558014	0.29964029788971	65.000000000000	0.00000000000000
31.120000839233	0.62684619426727	0.29940444231033	65.000000000000	0.00000000000000
31.129999160767	0.62737709283829	0.29916822910309	65.000000000000	0.00000000000000
31.139999389648	0.62790679931641	0.29893180727959	65.000000000000	0.00000000000000
31.149999618530	0.62843525409698	0.29869514703751	65.000000000000	0.00000000000000
31.159999847412	0.62896227836609	0.29845815896988	65.000000000000	0.00000000000000
31.170000076294	0.62948811054230	0.29822099208832	65.000000000000	0.00000000000000
31.180000305176	0.63001263141632	0.29798352718353	65.000000000000	0.00000000000000
31.190000534058	0.63053584098816	0.29774582386017	65.000000000000	0.00000000000000
31.200000762939	0.63105773925781	0.29750788211823	65.000000000000	0.00000000000000
31.209999084473	0.63157838582993	0.29726970195770	65.000000000000	0.00000000000000
31.219999313354	0.63209772109985	0.29703122377396	65.000000000000	0.00000000000000
31.229999542236	0.63261580467224	0.29679256677628	65.000000000000	0.00000000000000
31.239999771118	0.63313257694244	0.29655364155769	65.000000000000	0.00000000000000
31.250000000000	0.63364809751511	0.29631450772285	65.000000000000	0.00000000000000
31.260000228882	0.63416230678558	0.29607510566711	65.000000000000	0.00000000000000
31.270000457764	0.63467532396317	0.29583552479744	65.000000000000	0.00000000000000
31.280000686646	0.63518702983856	0.29559570550919	65.000000000000	0.00000000000000
31.290000915527	0.63569748401642	0.29535561800003	65.000000000000	0.00000000000000
31.299999237061	0.63620674610138	0.29511538147926	65.000000000000	0.00000000000000
31.309999465942	0.63671463727951	0.29487487673759	65.000000000000	0.00000000000000
31.319999694824	0.63722139596939	0.29463419318199	65.000000000000	0.00000000000000
31.329999923706	0.63772684335709	0.29439324140549	65.000000000000	0.00000000000000
31.340000152588	0.63823097944260	0.29415211081505	65.000000000000	0.00000000000000
31.350000381470	0.63873404264450	0.29391083121300	65.000000000000	0.00000000000000
31.360000610352	0.63923573493958	0.29366928339005	65.000000000000	0.00000000000000
31.370000839233	0.63973629474640	0.29342755675316	65.000000000000	0.00000000000000
31.379999160767	0.64023554325104	0.29318562150002	65.000000000000	0.00000000000000
31.389999389648	0.64073354005814	0.29294353723526	65.000000000000	0.00000000000000
31.399999618530	0.64123040437698	0.29270115494728	65.000000000000	0.00000000000000
31.409999847412	0.64172595739365	0.29245892167091	65.000000000000	0.00000000000000
31.420000076294	0.64222055673599	0.29221588373184	65.000000000000	0.00000000000000
31.430000305176	0.64271366596222	0.29197317361832	65.000000000000	0.00000000000000
31.440000534058	0.64320558309555	0.29173019528389	65.000000000000	0.00000000000000
31.450000762939	0.64369642734528	0.29148703813553	65.000000000000	0.00000000000000
31.459999084473	0.64418596029282	0.29124355316162	65.000000000000	0.00000000000000
31.469999313354	0.64467453956604	0.29099953174591	65.000000000000	0.00000000000000
31.479999542236	0.64516168832779	0.29075592756271	65.000000000000	0.00000000000000
31.489999771118	0.64564770460129	0.29051205515862	65.000000000000	0.00000000000000
31.500000000000	0.64613229036331	0.29026827216148	65.000000000000	0.00000000000000
31.510000228882	0.64661610126495	0.29002365469933	65.000000000000	0.00000000000000
31.520000457764	0.64709842205048	0.28977942466736	65.000000000000	0.00000000000000
31.530000686646	0.64757961034775	0.28953495621681	65.000000000000	0.00000000000000
31.540000915527	0.64805984497070	0.28928998112679	65.000000000000	0.00000000000000
31.549999237061	0.64853870868683	0.28904512524605	65.000000000000	0.00000000000000
31.559999465942	0.64901643991470	0.28880003094673	65.000000000000	0.00000000000000
31.569999694824	0.64949309825897	0.28855475783348	65.000000000000	0.00000000000000
31.579999923706	0.64996838569641	0.28830960392952	65.000000000000	0.00000000000000
31.590000152588	0.65044271945953	0.28806394338608	65.000000000000	0.00000000000000
31.600000381470	0.65091574192047	0.28781828284264	65.000000000000	0.00000000000000
31.610000610352	0.65138763189316	0.28757250308990	65.000000000000	0.00000000000000
31.620000839233	0.65185850858688	0.28732660412788	65.000000000000	0.00000000000000
31.629999160767	0.65232813358307	0.28708052635193	65.000000000000	0.00000000000000
31.639999389648	0.65279662609100	0.28683429956436	65.000000000000	0.00000000000000
31.649999618530	0.65326404571533	0.28658798336983	65.000000000000	0.00000000000000
31.659999847412	0.65373021364212	0.28634148836136	65.000000000000	0.00000000000000
31.670000076294	0.65419530868530	0.28609493374825	65.000000000000	0.00000000000000
31.680000305176	0.65465927124023	0.28584820032120	65.000000000000	0.00000000000000
31.690000534058	0.65512216091156	0.28560134768486	65.000000000000	0.00000000000000
31.700000762939	0.65558385848999	0.28535437583923	65.000000000000	0.00000000000000
31.709999084473	0.65604442358017	0.28510728478432	65.000000000000	0.00000000000000
31.719999313354	0.65650397539139	0.28486007452011	65.000000000000	0.00000000000000
31.729999542236	0.65696227550507	0.28461274504662	65.000000000000	0.00000000000000
31.739999771118	0.65741962194443	0.28436532616615	65.000000000000	0.00000000000000
31.750000000000	0.65787565708160	0.28411775827408	65.000000000000	0.00000000000000
31.760000228882	0.65833067893982	0.28387010097504	65.000000000000	0.00000000000000
31.770000457764	0.65878462791443	0.28362232446671	65.000000000000	0.00000000000000
31.780000686646	0.65923744440079	0.28337445855141	65.000000000000	0.00000000000000
31.790000915527	0.65968918800354	0.28312647342682	65.000000000000	0.00000000000000
31.799999237061	0.66013985872269	0.28287836909294	65.000000000000	0.00000000000000
31.809999465942	0.66058939695358	0.28263020515442	65.000000000000	0.00000000000000
31.819999694824	0.66103786230087	0.28238189220428	65.000000000000	0.00000000000000
31.829999923706	0.66148525476456	0.28213354945183	65.000000000000	0.00000000000000
31.840000152588	0.66193157434464	0.28188505768776	65.000000000000	0.00000000000000
31.850000381470	0.66237676143646	0.28163647651672	65.000000000000	0.00000000000000
31.860000610352	0.66282093524933	0.28138783574104	65.000000000000	0.00000000000000
31.870000839233	0.66326391696930	0.28113907575607	65.000000000000	0.00000000000000
31.879999160767	0.66370600461960	0.28089022636414	65.000000000000	0.00000000000000
31.889999389648	0.66414690017700	0.28064134716988	65.000000000000	0.00000000000000
31.899999618530	0.66458678245544	0.28039225935936	65.000000000000	0.00000000000000
31.909999847412	0.66502565145493	0.28014320135117	65.000000000000	0.00000000000000
31.920000076294	0.66546338796616	0.27989402413368	65.000000000000	0.00000000000000
31.930000305176	0.66590005159378	0.27964475750923	65.000000000000	0.00000000000000
31.940000534058	0.66633576154709	0.27939543128014	65.000000000000	0.00000000000000
31.950000762939	0.66677039861679	0.27914607524872	65.000000000000	0.00000000000000
31.959999084473	0.66720390319824	0.27889654040337	65.000000000000	0.00000000000000
31.969999313354	0.66763645410538	0.27864703536034	65.000000000000	0.00000000000000
31.979999542236	0.66806787252426	0.27839738130569	65.000000000000	0.00000000000000
31.989999771118	0.66849839687347	0.27814772725105	65.000000000000	0.00000000000000
32.000000000000	0.66892778873444	0.27789795398712	65.000000000000	0.00000000000000
32.009998321533	0.66935616731644	0.27764812111855	65.000000000000	0.00000000000000
32.020000457764	0.66978353261948	0.27739825844765	65.000000000000	0.00000000000000
32.029998779297	0.67020982503891	0.27714830636978	65.000000000000	0.00000000000000
32.040000915527	0.67063510417938	0.27689829468727	65.000000000000	0.00000000000000
32.049999237061	0.67105942964554	0.27664822340012	65.000000000000	0.00000000000000
32.060001373291	0.67148274183273	0.27639812231064	65.000000000000	0.00000000000000
32.069999694824	0.67190498113632	0.27614793181419	65.000000000000	0.00000000000000
32.080001831055	0.67232626676559	0.27589771151543	65.000000000000	0.00000000000000
32.090000152588	0.67274647951126	0.27564740180969	65.000000000000	0.00000000000000
32.099998474121	0.67316573858261	0.27539706230164	65.000000000000	0.00000000000000
32.110000610352	0.67358386516571	0.27514669299126	65.000000000000	0.00000000000000
32.119998931885	0.67400109767914	0.27489623427391	65.000000000000	0.00000000000000
32.130001068115	0.67441737651825	0.27464574575424	65.000000000000	0.00000000000000
32.139999389648	0.67483264207840	0.27439522743225	65.000000000000	0.00000000000000
32.150001525879	0.67524689435959	0.27414467930794	65.000000000000	0.00000000000000
32.159999847412	0.67566019296646	0.27389407157898	65.000000000000	0.00000000000000
32.169998168945	0.67607247829437	0.27364340424538	65.000000000000	0.00000000000000
32.180000305176	0.67648375034332	0.27339270710945	65.000000000000	0.00000000000000
32.189998626709	0.67689406871796	0.27314198017120	65.000000000000	0.00000000000000
32.200000762939	0.67730337381363	0.27289122343063	65.000000000000	0.00000000000000
32.209999084473	0.67771172523499	0.27264040708542	65.000000000000	0.00000000000000
32.220001220703	0.67811924219131	0.27238959074020	65.000000000000	0.00000000000000
32.229999542236	0.67852562665939	0.27213871479034	65.000000000000	0.00000000000000
32.240001678467	0.67893105745316	0.27188777923584	65.000000000000	0.00000000000000
32.250000000000	0.67933559417725	0.27163687348366	65.000000000000	0.00000000000000
32.259998321533	0.67973917722702	0.27138593792915	65.000000000000	0.00000000000000
32.270000457764	0.68014174699783	0.27113491296768	65.000000000000	0.00000000000000
32.279998779297	0.68054330348969	0.27088394761086	65.000000000000	0.00000000000000
32.290000915527	0.68094408512115	0.27063286304474	65.000000000000	0.00000000000000
32.299999237061	0.68134373426437	0.27038180828094	65.000000000000	0.00000000000000
32.310001373291	0.68174254894257	0.27013075351715	65.000000000000	0.00000000000000
32.319999694824	0.68214035034180	0.26987963914871	65.000000000000	0.00000000000000
32.330001831055	0.68253731727600	0.26962852478027	65.000000000000	0.00000000000000
32.340000152588	0.68293327093124	0.26937738060951	65.000000000000	0.00000000000000
32.349998474121	0.68332821130753	0.26912623643875	65.000000000000	0.00000000000000
32.360000610352	0.68372231721878	0.26887506246567	65.000000000000	0.00000000000000
32.369998931885	0.68411552906036	0.26862385869026	65.000000000000	0.00000000000000
32.380001068115	0.68450772762299	0.26837268471718	65.000000000000	0.00000000000000
32.389999389648	0.68489909172058	0.26812145113945	65.000000000000	0.00000000000000
32.400001525879	0.68528938293457	0.26787024736404	65.000000000000	0.00000000000000
32.409999847412	0.68567895889282	0.26761901378632	65.000000000000	0.00000000000000
32.419998168945	0.68606740236282	0.26736778020859	65.000000000000	0.00000000000000
32.430000305176	0.68645507097244	0.26711654663086	65.000000000000	0.00000000000000
32.439998626709	0.68684178590775	0.26686525344849	65.000000000000	0.00000000000000
32.450000762939	0.68722754716873	0.26661401987076	65.000000000000	0.00000000000000
32.459999084473	0.68761247396469	0.26636275649071	65.000000000000	0.00000000000000
32.470001220703	0.68799644708633	0.26611146330833	65.000000000000	0.00000000000000
32.479999542236	0.68837952613831	0.26586022973061	65.000000000000	0.00000000000000
32.490001678467	0.68876171112061	0.26560893654823	65.000000000000	0.00000000000000
32.500000000000	0.68914300203323	0.26535764336586	65.000000000000	0.00000000000000
32.509998321533	0.68952345848083	0.26510640978813	65.000000000000	0.00000000000000
32.520000457764	0.68990290164948	0.26485514640808	65.000000000000	0.00000000000000
32.529998779297	0.69028156995773	0.26460385322571	65.000000000000	0.00000000000000
32.540000915527	0.69065922498703	0.26435261964798	65.000000000000	0.00000000000000
32.549999237061	0.69103604555130	0.26410132646561	65.000000000000	0.00000000000000
32.560001373291	0.69141203165054	0.26385012269020	65.000000000000	0.00000000000000
32.569999694824	0.69178712368011	0.26359885931015	65.000000000000	0.00000000000000
32.580001831055	0.69216132164001	0.26334765553474	65.000000000000	0.00000000000000
32.590000152588	0.69253468513489	0.26309642195702	65.000000000000	0.00000000000000
32.599998474121	0.69290709495544	0.26284524798393	65.000000000000	0.00000000000000
32.610000610352	0.69327861070633	0.26259401440620	65.000000000000	0.00000000000000
32.619998931885	0.69364941120148	0.26234284043312	65.000000000000	0.00000000000000
32.630001068115	0.69401925802231	0.26209166646004	65.000000000000	0.00000000000000
32.639999389648	0.69438821077347	0.26184049248695	65.000000000000	0.00000000000000
32.650001525879	0.69475638866425	0.26158931851387	65.000000000000	0.00000000000000
32.659999847412	0.69512355327606	0.26133823394775	65.000000000000	0.00000000000000
32.669998168945	0.69549000263214	0.26108711957932	65.000000000000	0.00000000000000
32.680000305176	0.69585555791855	0.26083603501320	65.000000000000	0.00000000000000
32.689998626709	0.69622021913528	0.26058495044708	65.000000000000	0.00000000000000
32.700000762939	0.69658404588699	0.26033389568329	65.000000000000	0.00000000000000
32.709999084473	0.69694709777832	0.26008287072182	65.000000000000	0.00000000000000
32.720001220703	0.69730925559998	0.25983187556267	65.000000000000	0.00000000000000
32.729999542236	0.69767051935196	0.25958088040352	65.000000000000	0.00000000000000
32.740001678467	0.69803106784821	0.25932994484901	65.000000000000	0.00000000000000
32.750000000000	0.69839072227478	0.25907897949219	65.000000000000	0.00000000000000
32.759998321533	0.69874948263168	0.25882804393768	65.000000000000	0.00000000000000
32.770000457764	0.69910746812820	0.25857716798782	65.000000000000	0.00000000000000
32.779998779297	0.69946461915970	0.25832632184029	65.000000000000	0.00000000000000
32.790000915527	0.69982093572617	0.25807547569275	65.000000000000	0.00000000000000
32.799999237061	0.70017641782761	0.25782468914986	65.000000000000	0.00000000000000
32.810001373291	0.70053106546402	0.25757393240929	65.000000000000	0.00000000000000
32.819999694824	0.70088493824005	0.25732317566872	65.000000000000	0.00000000000000
32.830001831055	0.70123791694641	0.25707247853279	65.000000000000	0.00000000000000
32.840000152588	0.70159006118774	0.25682178139687	65.000000000000	0.00000000000000
32.849998474121	0.70194143056870	0.25657114386559	65.000000000000	0.00000000000000
32.860000610352	0.70229208469391	0.25632050633430	65.000000000000	0.00000000000000
32.869998931885	0.70264178514481	0.25606992840767	65.000000000000	0.00000000000000
32.880001068115	0.70299077033997	0.25581941008568	65.000000000000	0.00000000000000
32.889999389648	0.70333892107010	0.25556889176369	65.000000000000	0.00000000000000
32.900001525879	0.70368623733521	0.25531843304634	65.000000000000	0.00000000000000
32.909999847412	0.70403283834457	0.25506797432899	65.000000000000	0.00000000000000
32.919998168945	0.70437848567963	0.25481757521629	65.000000000000	0.00000000000000
32.930000305176	0.70472347736359	0.25456720590591	65.000000000000	0.00000000000000
32.939998626709	0.70506757497787	0.25431689620018	65.000000000000	0.00000000000000
32.950000762939	0.70541101694107	0.25406661629677	65.000000000000	0.00000000000000
32.959999084473	0.70575350522995	0.25381636619568	65.000000000000	0.00000000000000
32.970001220703	0.70609533786774	0.25356617569923	65.000000000000	0.00000000000000
32.979999542236	0.70643621683121	0.25331604480743	65.000000000000	0.00000000000000
32.990001678467	0.70677644014359	0.25306591391563	65.000000000000	0.00000000000000
33.000000000000	0.70711588859558	0.25281587243080	65.000000000000	0.00000000000000
33.009998321533	0.70745450258255	0.25256583094597	65.000000000000	0.00000000000000
33.020000457764	0.70779234170914	0.25231587886810	65.000000000000	0.00000000000000
33.029998779297	0.70812940597534	0.25206589698792	65.000000000000	0.00000000000000
33.040000915527	0.70846575498581	0.25181606411934	65.000000000000	0.00000000000000
33.049999237061	0.70880126953125	0.25156623125076	65.000000000000	0.00000000000000
33.060001373291	0.70913600921631	0.25131639838219	65.000000000000	0.00000000000000
33.069999694824	0.70946991443634	0.25106665492058	65.000000000000	0.00000000000000
33.080001831055	0.70980322360992	0.25081700086594	65.000000000000	0.00000000000000
33.090000152588	0.71013569831848	0.25056734681129	65.000000000000	0.00000000000000
33.099998474121	0.71046733856201	0.25031772255898	65.000000000000	0.00000000000000
33.110000610352	0.71079826354980	0.25006818771362	65.000000000000	0.00000000000000
33.119998931885	0.71112847328186	0.24981872737408	65.000000000000	0.00000000000000
33.130001068115	0.71145790815353	0.24956928193569	65.000000000000	0.00000000000000
33.139999389648	0.71178656816483	0.24931988120079	65.000000000000	0.00000000000000
33.150001525879	0.71211439371109	0.24907058477402	65.000000000000	0.00000000000000
33.159999847412	0.71244156360626	0.24882130324841	65.000000000000	0.00000000000000
33.169998168945	0.71276801824570	0.24857208132744	65.000000000000	0.00000000000000
33.180000305176	0.71309357881546	0.24832290410995	65.000000000000	0.00000000000000
33.189998626709	0.71341854333878	0.24807381629944	65.000000000000	0.00000000000000
33.200000762939	0.71374273300171	0.24782477319241	65.000000000000	0.00000000000000
33.209999084473	0.71406608819962	0.24757578969002	65.000000000000	0.00000000000000
33.220001220703	0.71438878774643	0.24732682108879	65.000000000000	0.00000000000000
33.229999542236	0.71471077203751	0.24707797169685	65.000000000000	0.00000000000000
33.240001678467	0.71503198146820	0.24682916700840	65.000000000000	0.00000000000000
33.250000000000	0.71535247564316	0.24658039212227	65.000000000000	0.00000000000000
33.259998321533	0.71567213535309	0.24633169174194	65.000000000000	0.00000000000000
33.270000457764	0.71599119901657	0.24608309566975	65.000000000000	0.00000000000000
33.279998779297	0.71630948781967	0.24583451449871	65.000000000000	0.00000000000000
33.290000915527	0.71662706136703	0.24558600783348	65.000000000000	0.00000000000000
33.299999237061	0.71694386005402	0.24533756077290	65.000000000000	0.00000000000000
33.310001373291	0.71726000308990	0.24508917331696	65.000000000000	0.00000000000000
33.319999694824	0.71757537126541	0.24484086036682	65.000000000000	0.00000000000000
33.330001831055	0.71789002418518	0.24459262192249	65.000000000000	0.00000000000000
33.340000152588	0.71820402145386	0.24434439837933	65.000000000000	0.00000000000000
33.349998474121	0.71851724386215	0.24409629404545	65.000000000000	0.00000000000000
33.360000610352	0.71882975101471	0.24384824931622	65.000000000000	0.00000000000000
33.369998931885	0.71914154291153	0.24360024929047	65.000000000000	0.00000000000000
33.380001068115	0.71945261955261	0.24335232377052	65.000000000000	0.00000000000000
33.389999389648	0.71976304054260	0.24310448765755	65.000000000000	0.00000000000000
33.400001525879	0.72007268667221	0.24285672605038	65.000000000000	0.00000000000000
33.409999847412	0.72038173675537	0.24260900914669	65.000000000000	0.00000000000000
33.419998168945	0.72068995237350	0.24236133694649	65.000000000000	0.00000000000000
33.430000305176	0.72099757194519	0.24211375415325	65.000000000000	0.00000000000000
33.439998626709	0.72130441665649	0.24186627566814	65.000000000000	0.00000000000000
33.450000762939	0.72161054611206	0.24161884188652	65.000000000000	0.00000000000000
33.459999084473	0.72191601991653	0.24137148261070	65.000000000000	0.00000000000000
33.470001220703	0.72222083806992	0.24112418293953	65.000000000000	0.00000000000000
33.479999542236	0.72252488136292	0.24087697267532	65.000000000000	0.00000000000000
33.490001678467	0.72282832860947	0.24062983691692	65.000000000000	0.00000000000000
33.500000000000	0.72313100099564	0.24038279056549	65.000000000000	0.00000000000000
33.509998321533	0.72343307733536	0.24013581871986	65.000000000000	0.00000000000000
33.520000457764	0.72373443841934	0.23988889157772	65.000000000000	0.00000000000000
33.529998779297	0.72403508424759	0.23964203894138	65.000000000000	0.00000000000000
33.540000915527	0.72433501482010	0.23939527571201	65.000000000000	0.00000000000000
33.549999237061	0.72463428974152	0.23914861679077	65.000000000000	0.00000000000000
33.560001373291	0.72493290901184	0.23890198767185	65.000000000000	0.00000000000000
33.569999694824	0.72523087263107	0.23865547776222	65.000000000000	0.00000000000000
33.580001831055	0.72552812099457	0.23840902745724	65.000000000000	0.00000000000000
33.590000152588	0.72582465410233	0.23816263675690	65.000000000000	0.00000000000000
33.599998474121	0.72612053155899	0.23791635036469	65.000000000000	0.00000000000000
33.610000610352	0.72641575336456	0.23767012357712	65.000000000000	0.00000000000000
33.619998931885	0.72671031951904	0.23742398619652	65.000000000000	0.00000000000000
33.630001068115	0.72700423002243	0.23717795312405	65.000000000000	0.00000000000000
33.639999389648	0.72729742527008	0.23693199455738	65.000000000000	0.00000000000000
33.650001525879	0.72759002447128	0.23668609559536	65.000000000000	0.00000000000000
33.659999847412	0.72788190841675	0.23644028604031	65.000000000000	0.00000000000000
33.669998168945	0.72817319631577	0.23619458079338	65.000000000000	0.00000000000000
33.680000305176	0.72846376895905	0.23594896495342	65.000000000000	0.00000000000000
33.689998626709	0.72875362634659	0.23570342361927	65.000000000000	0.00000000000000
33.700000762939	0.72904288768768	0.23545795679092	65.000000000000	0.00000000000000
33.709999084473	0.72933155298233	0.23521259427071	65.000000000000	0.00000000000000
33.720001220703	0.72961944341660	0.23496726155281	65.000000000000	0.00000000000000
33.729999542236	0.72990673780441	0.23472206294537	65.000000000000	0.00000000000000
33.740001678467	0.73019343614578	0.23447696864605	65.000000000000	0.00000000000000
33.750000000000	0.73047941923141	0.23423191905022	65.000000000000	0.00000000000000
33.759998321533	0.73076474666595	0.23398700356483	65.000000000000	0.00000000000000
33.770000457764	0.73104941844940	0.23374211788177	65.000000000000	0.00000000000000
33.779998779297	0.73133349418640	0.23349733650684	65.000000000000	0.00000000000000
33.790000915527	0.73161697387695	0.23325267434120	65.000000000000	0.00000000000000
33.799999237061	0.73189967870712	0.23300810158253	65.000000000000	0.00000000000000
33.810001373291	0.73218190670013	0.23276363313198	65.000000000000	0.00000000000000
33.819999694824	0.73246335983276	0.23251922428608	65.000000000000	0.00000000000000
33.830001831055	0.73274421691895	0.23227488994598	65.000000000000	0.00000000000000
33.840000152588	0.73302441835403	0.23203068971634	65.000000000000	0.00000000000000
33.849998474121	0.73330402374268	0.23178657889366	65.000000000000	0.00000000000000
33.860000610352	0.73358303308487	0.23154252767563	65.000000000000	0.00000000000000
33.869998931885	0.73386132717133	0.23129859566689	65.000000000000	0.00000000000000
33.880001068115	0.73413902521133	0.23105473816395	65.000000000000	0.00000000000000
33.889999389648	0.73441612720490	0.23081099987030	65.000000000000	0.00000000000000
33.900001525879	0.73469257354736	0.23056735098362	65.000000000000	0.00000000000000
33.909999847412	0.73496842384338	0.23032377660275	65.000000000000	0.00000000000000
33.919998168945	0.73524361848831	0.23008032143116	65.000000000000	0.00000000000000
33.930000305176	0.73551821708679	0.22983697056770	65.000000000000	0.00000000000000
33.939998626709	0.73579216003418	0.22959372401237	65.000000000000	0.00000000000000
33.950000762939	0.73606550693512	0.22935056686401	65.000000000000	0.00000000000000
33.959999084473	0.73633825778961	0.22910749912262	65.000000000000	0.00000000000000
33.970001220703	0.73661035299301	0.22886449098587	65.000000000000	0.00000000000000
33.979999542236	0.73688185214996	0.22862167656422	65.000000000000	0.00000000000000
33.990001678467	0.73715269565582	0.22837886214256	65.000000000000	0.00000000000000
34.000000000000	0.73742300271988	0.22813622653484	65.000000000000	0.00000000000000
34.009998321533	0.73769265413284	0.22789366543293	65.000000000000	0.00000000000000
34.020000457764	0.73796170949936	0.22765120863914	65.000000000000	0.00000000000000
34.029998779297	0.73823016881943	0.22740882635117	65.000000000000	0.00000000000000
34.040000915527	0.73849797248840	0.22716654837132	65.000000000000	0.00000000000000
34.049999237061	0.73876523971558	0.22692440450191	65.000000000000	0.00000000000000
34.060001373291	0.73903185129166	0.22668236494064	65.000000000000	0.00000000000000
34.069999694824	0.73929798603058	0.22644042968750	65.000000000000	0.00000000000000
34.080001831055	0.73956346511841	0.22619855403900	65.000000000000	0.00000000000000
34.090000152588	0.73982828855515	0.22595685720444	65.000000000000	0.00000000000000
34.099998474121	0.74009245634079	0.22571521997452	65.000000000000	0.00000000000000
34.110000610352	0.74035614728928	0.22547368705273	65.000000000000	0.00000000000000
34.119998931885	0.74061924219131	0.22523225843906	65.000000000000	0.00000000000000
34.130001068115	0.74088174104691	0.22499097883701	65.000000000000	0.00000000000000
34.139999389648	0.74114364385605	0.22474980354309	65.000000000000	0.00000000000000
34.150001525879	0.74140489101410	0.22450868785381	65.000000000000	0.00000000000000
34.159999847412	0.74166560173035	0.22426770627499	65.000000000000	0.00000000000000
34.169998168945	0.74192565679550	0.22402684390545	65.000000000000	0.00000000000000
34.180000305176	0.74218529462814	0.22378608584404	65.000000000000	0.00000000000000
34.189998626709	0.74244421720505	0.22354540228844	65.000000000000	0.00000000000000
34.200000762939	0.74270254373550	0.22330489754677	65.000000000000	0.00000000000000
34.209999084473	0.74296039342880	0.22306446731091	65.000000000000	0.00000000000000
34.220001220703	0.74321758747101	0.22282414138317	65.000000000000	0.00000000000000
34.229999542236	0.74347424507141	0.22258418798447	65.000000000000	0.00000000000000
34.240001678467	0.74373030662537	0.22234404087067	65.000000000000	0.00000000000000
34.250000000000	0.74398583173752	0.22210395336151	65.000000000000	0.00000000000000
34.259998321533	0.74424076080322	0.22186392545700	65.000000000000	0.00000000000000
34.270000457764	0.74449509382248	0.22162435948849	65.000000000000	0.00000000000000
34.279998779297	0.74474895000458	0.22138451039791	65.000000000000	0.00000000000000
34.290000915527	0.74500215053558	0.22114507853985	65.000000000000	0.00000000000000
34.299999237061	0.74525475502014	0.22090575098991	65.000000000000	0.00000000000000
34.310001373291	0.74550688266754	0.22066648304462	65.000000000000	0.00000000000000
34.319999694824	0.74575847387314	0.22042731940746	65.000000000000	0.00000000000000
34.330001831055	0.74600940942764	0.22018823027611	65.000000000000	0.00000000000000
34.340000152588	0.74625980854034	0.21994920074940	65.000000000000	0.00000000000000
34.349998474121	0.74650961160660	0.21971051394939	65.000000000000	0.00000000000000
34.360000610352	0.74675893783569	0.21947187185287	65.000000000000	0.00000000000000
34.369998931885	0.74700766801834	0.21923328936100	65.000000000000	0.00000000000000
34.380001068115	0.74725580215454	0.21899484097958	65.000000000000	0.00000000000000
34.389999389648	0.74750339984894	0.21875651180744	65.000000000000	0.00000000000000
34.400001525879	0.74775052070618	0.21851831674576	65.000000000000	0.00000000000000
34.409999847412	0.74799704551697	0.21828022599220	65.000000000000	0.00000000000000
34.419998168945	0.74824303388596	0.21804223954678	65.000000000000	0.00000000000000
34.430000305176	0.74848842620850	0.21780440211296	65.000000000000	0.00000000000000
34.439998626709	0.74873334169388	0.21756669878960	65.000000000000	0.00000000000000
34.450000762939	0.74897766113281	0.21732911467552	65.000000000000	0.00000000000000
34.459999084473	0.74922144412994	0.21709164977074	65.000000000000	0.00000000000000
34.470001220703	0.74946475028992	0.21685428917408	65.000000000000	0.00000000000000
34.479999542236	0.74970752000809	0.21661707758904	65.000000000000	0.00000000000000
34.490001678467	0.74994969367981	0.21638001501560	65.000000000000	0.00000000000000
34.500000000000	0.75019133090973	0.21614302694798	65.000000000000	0.00000000000000
34.509998321533	0.75043249130249	0.21590618789196	65.000000000000	0.00000000000000
34.520000457764	0.75067305564880	0.21566948294640	65.000000000000	0.00000000000000
34.529998779297	0.75091314315796	0.21543292701244	65.000000000000	0.00000000000000
34.540000915527	0.75115263462067	0.21519641578197	65.000000000000	0.00000000000000
34.549999237061	0.75139170885086	0.21496009826660	65.000000000000	0.00000000000000
34.560001373291	0.75163012742996	0.21472392976284	65.000000000000	0.00000000000000
34.569999694824	0.75186806917191	0.21448783576488	65.000000000000	0.00000000000000
34.580001831055	0.75210553407669	0.21425189077854	65.000000000000	0.00000000000000
34.590000152588	0.75234246253967	0.21401609480381	65.000000000000	0.00000000000000
34.599998474121	0.75257879495621	0.21378041803837	65.000000000000	0.00000000000000
34.610000610352	0.75281471014023	0.21354486048222	65.000000000000	0.00000000000000
34.619998931885	0.75305008888245	0.21330945193768	65.000000000000	0.00000000000000
34.630001068115	0.75328493118286	0.21307416260242	65.000000000000	0.00000000000000
34.639999389648	0.75351917743683	0.21283903717995	65.000000000000	0.00000000000000
34.650001525879	0.75375306606293	0.21260397136211	65.000000000000	0.00000000000000
34.659999847412	0.75398641824722	0.21236908435822	65.000000000000	0.00000000000000
34.669998168945	0.75421911478043	0.21213434636593	65.000000000000	0.00000000000000
34.680000305176	0.75445145368576	0.21189971268177	65.000000000000	0.00000000000000
34.689998626709	0.75468325614929	0.21166522800922	65.000000000000	0.00000000000000
34.700000762939	0.75491446256638	0.21143086254597	65.000000000000	0.00000000000000
34.709999084473	0.75514525175095	0.21119664609432	65.000000000000	0.00000000000000
34.720001220703	0.75537562370300	0.21096254885197	65.000000000000	0.00000000000000
34.729999542236	0.75560534000397	0.21072860062122	65.000000000000	0.00000000000000
34.740001678467	0.75583469867706	0.21049477159977	65.000000000000	0.00000000000000
34.750000000000	0.75606346130371	0.21026112139225	65.000000000000	0.00000000000000
34.759998321533	0.75629174709320	0.21002757549286	65.000000000000	0.00000000000000
34.770000457764	0.75651949644089	0.20979413390160	65.000000000000	0.00000000000000
34.779998779297	0.75674682855606	0.20956088602543	65.000000000000	0.00000000000000
34.790000915527	0.75697368383408	0.20932775735855	65.000000000000	0.00000000000000
34.799999237061	0.75720000267029	0.20909477770329	65.000000000000	0.00000000000000
34.810001373291	0.75742584466934	0.20886187255383	65.000000000000	0.00000000000000
34.819999694824	0.75765126943588	0.20862919092178	65.000000000000	0.00000000000000
34.830001831055	0.75787609815598	0.20839656889439	65.000000000000	0.00000000000000
34.840000152588	0.75810050964355	0.20816414058208	65.000000000000	0.00000000000000
34.849998474121	0.75832444429398	0.20793183147907	65.000000000000	0.00000000000000
34.860000610352	0.75854784250259	0.20769965648651	65.000000000000	0.00000000000000
34.869998931885	0.75877088308334	0.20746761560440	65.000000000000	0.00000000000000
34.880001068115	0.75899332761765	0.20723572373390	65.000000000000	0.00000000000000
34.889999389648	0.75921541452408	0.20700399577618	65.000000000000	0.00000000000000
34.900001525879	0.75943690538406	0.20677237212658	65.000000000000	0.00000000000000
34.909999847412	0.75965797901154	0.20654089748859	65.000000000000	0.00000000000000
34.919998168945	0.75987863540649	0.20630954205990	65.000000000000	0.00000000000000
34.930000305176	0.76009881496429	0.20607836544514	65.000000000000	0.00000000000000
34.939998626709	0.76031845808029	0.20584732294083	65.000000000000	0.00000000000000
34.950000762939	0.76053768396378	0.20561639964581	65.000000000000	0.00000000000000
34.959999084473	0.76075643301010	0.20538561046124	65.000000000000	0.00000000000000
34.970001220703	0.76097476482391	0.20515497028828	65.000000000000	0.00000000000000
34.979999542236	0.76119256019592	0.20492449402809	65.000000000000	0.00000000000000
34.990001678467	0.76140999794006	0.20469413697720	65.000000000000	0.00000000000000
35.000000000000	0.76162689924240	0.20446392893791	65.000000000000	0.00000000000000
