25.000000000000	-0.010998267680407	-0.023027103394270	65.000000000000	0.00000000000000
25.010000228882	-0.010464886203408	-0.020910246297717	65.000000000000	0.00000000000000
25.020000457764	-0.0099225370213389	-0.018798308447003	65.000000000000	0.00000000000000
25.030000686646	-0.0093712545931339	-0.016691340133548	65.000000000000	0.00000000000000
25.040000915527	-0.0088110975921154	-0.014589392580092	65.000000000000	0.00000000000000
25.049999237061	-0.0082421125844121	-0.012492507696152	65.000000000000	0.00000000000000
25.059999465942	-0.0076643438078463	-0.010400746017694	65.000000000000	0.00000000000000
25.069999694824	-0.0070778508670628	-0.0083141438663006	65.000000000000	0.00000000000000
25.079999923706	-0.0064826793968678	-0.0062327557243407	65.000000000000	0.00000000000000
25.090000152588	-0.0058788810856640	-0.0041566248983145	65.000000000000	0.00000000000000
25.100000381470	-0.0052665062248707	-0.0020857993513346	65.000000000000	0.00000000000000
25.110000610352	-0.0046456074342132	-2.0322764612501e-05	65.000000000000	0.00000000000000
25.120000839233	-0.0040162354707718	0.0020397598855197	65.000000000000	0.00000000000000
25.129999160767	-0.0033784431871027	0.0040944027714431	65.000000000000	0.00000000000000
25.139999389648	-0.0027322813402861	0.0061435629613698	65.000000000000	0.00000000000000
25.149999618530	-0.0020778004545718	0.0081871971487999	65.000000000000	0.00000000000000
25.159999847412	-0.0014150569913909	0.010225260630250	65.000000000000	0.00000000000000
25.170000076294	-0.00074410520028323	0.012257714755833	65.000000000000	0.00000000000000
25.180000305176	-6.4985746575985e-05	0.014284516684711	65.000000000000	0.00000000000000
25.190000534058	0.00062222895212471	0.016305625438690	65.000000000000	0.00000000000000
25.200000762939	0.0013175091007724	0.018320998176932	65.000000000000	0.00000000000000
25.209999084473	0.0020207772031426	0.020330594852567	65.000000000000	0.00000000000000
25.219999313354	0.0027319928631186	0.022334385663271	65.000000000000	0.00000000000000
25.229999542236	0.0034511110279709	0.024332318454981	65.000000000000	0.00000000000000
25.239999771118	0.0041780550964177	0.026324367150664	65.000000000000	0.00000000000000
25.250000000000	0.0049127847887576	0.028310485184193	65.000000000000	0.00000000000000
25.260000228882	0.0056552537716925	0.030290637165308	65.000000000000	0.00000000000000
25.270000457764	0.0064053912647069	0.032264787703753	65.000000000000	0.00000000000000
25.280000686646	0.0071631479077041	0.034232903271914	65.000000000000	0.00000000000000
25.290000915527	0.0079284692183137	0.036194946616888	65.000000000000	0.00000000000000
25.299999237061	0.0087013086304069	0.038150884211063	65.000000000000	0.00000000000000
25.309999465942	0.0094815995544195	0.040100682526827	65.000000000000	0.00000000000000
25.319999694824	0.010269306600094	0.042044300585985	65.000000000000	0.00000000000000
25.329999923706	0.011064348742366	0.043981716036797	65.000000000000	0.00000000000000
25.340000152588	0.011866671033204	0.045912891626358	65.000000000000	0.00000000000000
25.350000381470	0.012676256708801	0.047837786376476	65.000000000000	0.00000000000000
25.360000610352	0.013493006117642	0.049756385385990	65.000000000000	0.00000000000000
25.370000839233	0.014316875487566	0.051668651401997	65.000000000000	0.00000000000000
25.379999160767	0.015147829428315	0.053574543446302	65.000000000000	0.00000000000000
25.389999389648	0.015985794365406	0.055474046617746	65.000000000000	0.00000000000000
25.399999618530	0.016830708831549	0.057367127388716	65.000000000000	0.00000000000000
25.409999847412	0.017682529985905	0.059253748506308	65.000000000000	0.00000000000000
25.420000076294	0.018541201949120	0.061133891344070	65.000000000000	0.00000000000000
25.430000305176	0.019406674429774	0.063007526099682	65.000000000000	0.00000000000000
25.440000534058	0.020278863608837	0.064874634146690	65.000000000000	0.00000000000000
25.450000762939	0.021157752722502	0.066735170781612	65.000000000000	0.00000000000000
25.459999084473	0.022043243050575	0.068589121103287	65.000000000000	0.00000000000000
25.469999313354	0.022935314103961	0.070436462759972	65.000000000000	0.00000000000000
25.479999542236	0.023833891376853	0.072277158498764	65.000000000000	0.00000000000000
25.489999771118	0.024738937616348	0.074111193418503	65.000000000000	0.00000000000000
25.500000000000	0.025650376453996	0.075938545167446	65.000000000000	0.00000000000000
25.510000228882	0.026568153873086	0.077759191393852	65.000000000000	0.00000000000000
25.520000457764	0.027492212131619	0.079573094844818	65.000000000000	0.00000000000000
25.530000686646	0.028422515839338	0.081380255520344	65.000000000000	0.00000000000000
25.540000915527	0.029358990490437	0.083180628716946	65.000000000000	0.00000000000000
25.549999237061	0.030301608145237	0.084974206984043	65.000000000000	0.00000000000000
25.559999465942	0.031250245869160	0.086760960519314	65.000000000000	0.00000000000000
25.569999694824	0.032204929739237	0.088540889322758	65.000000000000	0.00000000000000
25.579999923706	0.033165547996759	0.090313941240311	65.000000000000	0.00000000000000
25.590000152588	0.034132070839405	0.092080123722553	65.000000000000	0.00000000000000
25.600000381470	0.035104427486658	0.093839406967163	65.000000000000	0.00000000000000
25.610000610352	0.036082565784454	0.095591790974140	65.000000000000	0.00000000000000
25.620000839233	0.037066448479891	0.097337223589420	65.000000000000	0.00000000000000
25.629999160767	0.038055993616581	0.099075704813004	65.000000000000	0.00000000000000
25.639999389648	0.039051145315170	0.10080723464489	65.000000000000	0.00000000000000
25.649999618530	0.040051877498627	0.10253177583218	65.000000000000	0.00000000000000
25.659999847412	0.041058111935854	0.10424932092428	65.000000000000	0.00000000000000
25.670000076294	0.042069789022207	0.10595984011889	65.000000000000	0.00000000000000
25.680000305176	0.043086871504784	0.10766334086657	65.000000000000	0.00000000000000
25.690000534058	0.044109255075455	0.10935979336500	65.000000000000	0.00000000000000
25.700000762939	0.045136976987123	0.11104919761419	65.000000000000	0.00000000000000
25.709999084473	0.046169906854630	0.11273152381182	65.000000000000	0.00000000000000
25.719999313354	0.047208037227392	0.11440676450729	65.000000000000	0.00000000000000
25.729999542236	0.048251256346703	0.11607491225004	65.000000000000	0.00000000000000
25.739999771118	0.049299515783787	0.11773595958948	65.000000000000	0.00000000000000
25.750000000000	0.050352834165096	0.11938987672329	65.000000000000	0.00000000000000
25.760000228882	0.051411084830761	0.12103667110205	65.000000000000	0.00000000000000
25.770000457764	0.052474275231361	0.12267632782459	65.000000000000	0.00000000000000
25.780000686646	0.053542263805866	0.12430882453918	65.000000000000	0.00000000000000
25.790000915527	0.054615028202534	0.12593419849873	65.000000000000	0.00000000000000
25.799999237061	0.055692650377750	0.12755233049393	65.000000000000	0.00000000000000
25.809999465942	0.056774862110615	0.12916333973408	65.000000000000	0.00000000000000
25.819999694824	0.057861696928740	0.13076715171337	65.000000000000	0.00000000000000
25.829999923706	0.058953121304512	0.13236376643181	65.000000000000	0.00000000000000
25.840000152588	0.060049060732126	0.13395316898823	65.000000000000	0.00000000000000
25.850000381470	0.061149477958679	0.13553537428379	65.000000000000	0.00000000000000
25.860000610352	0.062254313379526	0.13711035251617	65.000000000000	0.00000000000000
25.870000839233	0.063363477587700	0.13867814838886	65.000000000000	0.00000000000000
25.879999160767	0.064477033913136	0.14023864269257	65.000000000000	0.00000000000000
25.889999389648	0.065594762563705	0.14179196953773	65.000000000000	0.00000000000000
25.899999618530	0.066716760396957	0.14333802461624	65.000000000000	0.00000000000000
25.909999847412	0.067842930555344	0.14487680792809	65.000000000000	0.00000000000000
25.920000076294	0.068973086774349	0.14640840888023	65.000000000000	0.00000000000000
25.930000305176	0.070107363164425	0.14793272316456	65.000000000000	0.00000000000000
25.940000534058	0.071245595812798	0.14944981038570	65.000000000000	0.00000000000000
25.950000762939	0.072387821972370	0.15095962584019	65.000000000000	0.00000000000000
25.959999084473	0.073533870279789	0.15246218442917	65.000000000000	0.00000000000000
25.969999313354	0.074683740735054	0.15395748615265	65.000000000000	0.00000000000000
25.979999542236	0.075837485492229	0.15544551610947	65.000000000000	0.00000000000000
25.989999771118	0.076994948089123	0.15692627429962	65.000000000000	0.00000000000000
26.000000000000	0.078156121075153	0.15839974582195	65.000000000000	0.00000000000000
26.010000228882	0.079320840537548	0.15986600518227	65.000000000000	0.00000000000000
26.020000457764	0.080489166080952	0.16132497787476	65.000000000000	0.00000000000000
26.030000686646	0.081661038100719	0.16277667880058	65.000000000000	0.00000000000000
26.040000915527	0.082836441695690	0.16422109305859	65.000000000000	0.00000000000000
26.049999237061	0.084015294909477	0.16565823554993	65.000000000000	0.00000000000000
26.059999465942	0.085197374224663	0.16708818078041	65.000000000000	0.00000000000000
26.069999694824	0.086382836103439	0.16851083934307	65.000000000000	0.00000000000000
26.079999923706	0.087571687996387	0.16992618143559	65.000000000000	0.00000000000000
26.090000152588	0.088763684034348	0.17133431136608	65.000000000000	0.00000000000000
26.100000381470	0.089958846569061	0.17273521423340	65.000000000000	0.00000000000000
26.110000610352	0.091157265007496	0.17412878572941	65.000000000000	0.00000000000000
26.120000839233	0.092358611524105	0.17551518976688	65.000000000000	0.00000000000000
26.129999160767	0.093563161790371	0.17689426243305	65.000000000000	0.00000000000000
26.139999389648	0.094770587980747	0.17826615273952	65.000000000000	0.00000000000000
26.149999618530	0.095980986952782	0.17963080108166	65.000000000000	0.00000000000000
26.159999847412	0.097194217145443	0.18098825216293	65.000000000000	0.00000000000000
26.170000076294	0.098410360515118	0.18233840167522	65.000000000000	0.00000000000000
26.180000305176	0.099629297852516	0.18368136882782	65.000000000000	0.00000000000000
26.190000534058	0.10085084289312	0.18501716852188	65.000000000000	0.00000000000000
26.200000762939	0.10207531601191	0.18634565174580	65.000000000000	0.00000000000000
26.209999084473	0.10330227017403	0.18766702711582	65.000000000000	0.00000000000000
26.219999313354	0.10453192889690	0.18898114562035	65.000000000000	0.00000000000000
26.229999542236	0.10576412826777	0.19028808176517	65.000000000000	0.00000000000000
26.239999771118	0.10699880868196	0.19158785045147	65.000000000000	0.00000000000000
26.250000000000	0.10823601484299	0.19288042187691	65.000000000000	0.00000000000000
26.260000228882	0.10947557538748	0.19416582584381	65.000000000000	0.00000000000000
26.270000457764	0.11071761697531	0.19544406235218	65.000000000000	0.00000000000000
26.280000686646	0.11196190863848	0.19671516120434	65.000000000000	0.00000000000000
26.290000915527	0.11320848762989	0.19797913730145	65.000000000000	0.00000000000000
26.299999237061	0.11445736140013	0.19923596084118	65.000000000000	0.00000000000000
26.309999465942	0.11570841073990	0.20048566162586	65.000000000000	0.00000000000000
26.319999694824	0.11696165055037	0.20172820985317	65.000000000000	0.00000000000000
26.329999923706	0.11821693927050	0.20296369493008	65.000000000000	0.00000000000000
26.340000152588	0.11947432905436	0.20419207215309	65.000000000000	0.00000000000000
26.350000381470	0.12073373049498	0.20541337132454	65.000000000000	0.00000000000000
26.360000610352	0.12199512124062	0.20662757754326	65.000000000000	0.00000000000000
26.370000839233	0.12325845658779	0.20783473551273	65.000000000000	0.00000000000000
26.379999160767	0.12452363967896	0.20903483033180	65.000000000000	0.00000000000000
26.389999389648	0.12579070031643	0.21022789180279	65.000000000000	0.00000000000000
26.399999618530	0.12705957889557	0.21141390502453	65.000000000000	0.00000000000000
26.409999847412	0.12833021581173	0.21259291470051	65.000000000000	0.00000000000000
26.420000076294	0.12960256636143	0.21376489102840	65.000000000000	0.00000000000000
26.430000305176	0.13087664544582	0.21492990851402	65.000000000000	0.00000000000000
26.440000534058	0.13215234875679	0.21608790755272	65.000000000000	0.00000000000000
26.450000762939	0.13342960178852	0.21723896265030	65.000000000000	0.00000000000000
26.459999084473	0.13470850884914	0.21838304400444	65.000000000000	0.00000000000000
26.469999313354	0.13598884642124	0.21952016651630	65.000000000000	0.00000000000000
26.479999542236	0.13727067410946	0.22065038979053	65.000000000000	0.00000000000000
26.489999771118	0.13855397701263	0.22177369892597	65.000000000000	0.00000000000000
26.500000000000	0.13983868062496	0.22289009392262	65.000000000000	0.00000000000000
26.510000228882	0.14112471044064	0.22399957478046	65.000000000000	0.00000000000000
26.520000457764	0.14241206645966	0.22510221600533	65.000000000000	0.00000000000000
26.530000686646	0.14370076358318	0.22619798779488	65.000000000000	0.00000000000000
26.540000915527	0.14499062299728	0.22728689014912	65.000000000000	0.00000000000000
26.549999237061	0.14628174901009	0.22836898267269	65.000000000000	0.00000000000000
26.559999465942	0.14757397770882	0.22944423556328	65.000000000000	0.00000000000000
26.569999694824	0.14886733889580	0.23051272332668	65.000000000000	0.00000000000000
26.579999923706	0.15016184747219	0.23157438635826	65.000000000000	0.00000000000000
26.590000152588	0.15145735442638	0.23262928426266	65.000000000000	0.00000000000000
26.600000381470	0.15275388956070	0.23367746174335	65.000000000000	0.00000000000000
26.610000610352	0.15405140817165	0.23471887409687	65.000000000000	0.00000000000000
26.620000839233	0.15534985065460	0.23575359582901	65.000000000000	0.00000000000000
26.629999160767	0.15664917230606	0.23678158223629	65.000000000000	0.00000000000000
26.639999389648	0.15794944763184	0.23780284821987	65.000000000000	0.00000000000000
26.649999618530	0.15925048291683	0.23881748318672	65.000000000000	0.00000000000000
26.659999847412	0.16055233776569	0.23982545733452	65.000000000000	0.00000000000000
26.670000076294	0.16185489296913	0.24082677066326	65.000000000000	0.00000000000000
26.680000305176	0.16315820813179	0.24182149767876	65.000000000000	0.00000000000000
26.690000534058	0.16446226835251	0.24280959367752	65.000000000000	0.00000000000000
26.700000762939	0.16576695442200	0.24379111826420	65.000000000000	0.00000000000000
26.709999084473	0.16707220673561	0.24476605653763	65.000000000000	0.00000000000000
26.719999313354	0.16837811470032	0.24573445320129	65.000000000000	0.00000000000000
26.729999542236	0.16968452930450	0.24669633805752	65.000000000000	0.00000000000000
26.739999771118	0.17099146544933	0.24765168130398	65.000000000000	0.00000000000000
26.750000000000	0.17229892313480	0.24860051274300	65.000000000000	0.00000000000000
26.760000228882	0.17360681295395	0.24954289197922	65.000000000000	0.00000000000000
26.770000457764	0.17491507530212	0.25047877430916	65.000000000000	0.00000000000000
26.780000686646	0.17622376978397	0.25140824913979	65.000000000000	0.00000000000000
26.790000915527	0.17753280699253	0.25233128666878	65.000000000000	0.00000000000000
26.799999237061	0.17884218692780	0.25324791669846	65.000000000000	0.00000000000000
26.809999465942	0.18015184998512	0.25415813922882	65.000000000000	0.00000000000000
26.819999694824	0.18146170675755	0.25506204366684	65.000000000000	0.00000000000000
26.829999923706	0.18277186155319	0.25595960021019	65.000000000000	0.00000000000000
26.840000152588	0.18408219516277	0.25685080885887	65.000000000000	0.00000000000000
26.850000381470	0.18539269268513	0.25773569941521	65.000000000000	0.00000000000000
26.860000610352	0.18670329451561	0.25861427187920	65.000000000000	0.00000000000000
26.870000839233	0.18801397085190	0.25948661565781	65.000000000000	0.00000000000000
26.879999160767	0.18932475149632	0.26035273075104	65.000000000000	0.00000000000000
26.889999389648	0.19063556194305	0.26121258735657	65.000000000000	0.00000000000000
26.899999618530	0.19194640219212	0.26206624507904	65.000000000000	0.00000000000000
26.909999847412	0.19325727224350	0.26291367411613	65.000000000000	0.00000000000000
26.920000076294	0.19456803798676	0.26375499367714	65.000000000000	0.00000000000000
26.930000305176	0.19587874412537	0.26459011435509	65.000000000000	0.00000000000000
26.940000534058	0.19718934595585	0.26541912555695	65.000000000000	0.00000000000000
26.950000762939	0.19849984347820	0.26624202728271	65.000000000000	0.00000000000000
26.959999084473	0.19981011748314	0.26705887913704	65.000000000000	0.00000000000000
26.969999313354	0.20112027227879	0.26786959171295	65.000000000000	0.00000000000000
26.979999542236	0.20243014395237	0.26867431402206	65.000000000000	0.00000000000000
26.989999771118	0.20373983681202	0.26947301626205	65.000000000000	0.00000000000000
27.000000000000	0.20504921674728	0.27026563882828	65.000000000000	0.00000000000000
27.010000228882	0.20635831356049	0.27105236053467	65.000000000000	0.00000000000000
27.020000457764	0.20766705274582	0.27183306217194	65.000000000000	0.00000000000000
27.030000686646	0.20897549390793	0.27260786294937	65.000000000000	0.00000000000000
27.040000915527	0.21028354763985	0.27337673306465	65.000000000000	0.00000000000000
27.049999237061	0.21159115433693	0.27413970232010	65.000000000000	0.00000000000000
27.059999465942	0.21289835870266	0.27489677071571	65.000000000000	0.00000000000000
27.069999694824	0.21420507133007	0.27564802765846	65.000000000000	0.00000000000000
27.079999923706	0.21551135182381	0.27639341354370	65.000000000000	0.00000000000000
27.090000152588	0.21681715548038	0.27713301777840	65.000000000000	0.00000000000000
27.100000381470	0.21812236309052	0.27786681056023	65.000000000000	0.00000000000000
27.110000610352	0.21942703425884	0.27859485149384	65.000000000000	0.00000000000000
27.120000839233	0.22073107957840	0.27931708097458	65.000000000000	0.00000000000000
27.129999160767	0.22203461825848	0.28003367781639	65.000000000000	0.00000000000000
27.139999389648	0.22333751618862	0.28074449300766	65.000000000000	0.00000000000000
27.149999618530	0.22463969886303	0.28144967556000	65.000000000000	0.00000000000000
27.159999847412	0.22594119608402	0.28214916586876	65.000000000000	0.00000000000000
27.170000076294	0.22724209725857	0.28284302353859	65.000000000000	0.00000000000000
27.180000305176	0.22854225337505	0.28353127837181	65.000000000000	0.00000000000000
27.190000534058	0.22984157502651	0.28421393036842	65.000000000000	0.00000000000000
27.200000762939	0.23114021122456	0.28489100933075	65.000000000000	0.00000000000000
27.209999084473	0.23243804275990	0.28556251525879	65.000000000000	0.00000000000000
27.219999313354	0.23373511433601	0.28622853755951	65.000000000000	0.00000000000000
27.229999542236	0.23503126204014	0.28688904643059	65.000000000000	0.00000000000000
27.239999771118	0.23632660508156	0.28754404187202	65.000000000000	0.00000000000000
27.250000000000	0.23762112855911	0.28819361329079	65.000000000000	0.00000000000000
27.260000228882	0.23891463875771	0.28883770108223	65.000000000000	0.00000000000000
27.270000457764	0.24020734429359	0.28947642445564	65.000000000000	0.00000000000000
27.280000686646	0.24149906635284	0.29010969400406	65.000000000000	0.00000000000000
27.290000915527	0.24278979003429	0.29073762893677	65.000000000000	0.00000000000000
27.299999237061	0.24407957494259	0.29136019945145	65.000000000000	0.00000000000000
27.309999465942	0.24536830186844	0.29197743535042	65.000000000000	0.00000000000000
27.319999694824	0.24665611982346	0.29258939623833	65.000000000000	0.00000000000000
27.329999923706	0.24794286489487	0.29319602251053	65.000000000000	0.00000000000000
27.340000152588	0.24922855198383	0.29379743337631	65.000000000000	0.00000000000000
27.350000381470	0.25051313638687	0.29439359903336	65.000000000000	0.00000000000000
27.360000610352	0.25179663300514	0.29498451948166	65.000000000000	0.00000000000000
27.370000839233	0.25307905673981	0.29557025432587	65.000000000000	0.00000000000000
27.379999160767	0.25436028838158	0.29615086317062	65.000000000000	0.00000000000000
27.389999389648	0.25564044713974	0.29672628641129	65.000000000000	0.00000000000000
27.399999618530	0.25691935420036	0.29729661345482	65.000000000000	0.00000000000000
27.409999847412	0.25819715857506	0.29786178469658	65.000000000000	0.00000000000000
27.420000076294	0.25947365164757	0.29842191934586	65.000000000000	0.00000000000000
27.430000305176	0.26074910163879	0.29897695779800	65.000000000000	0.00000000000000
27.440000534058	0.26202321052551	0.29952698945999	65.000000000000	0.00000000000000
27.450000762939	0.26329594850540	0.30007198452950	65.000000000000	0.00000000000000
27.459999084473	0.26456755399704	0.30061197280884	65.000000000000	0.00000000000000
27.469999313354	0.26583787798882	0.30114704370499	65.000000000000	0.00000000000000
27.479999542236	0.26710683107376	0.30167713761330	65.000000000000	0.00000000000000
27.489999771118	0.26837450265884	0.30220231413841	65.000000000000	0.00000000000000
27.500000000000	0.26964083313942	0.30272257328033	65.000000000000	0.00000000000000
27.510000228882	0.27090579271317	0.30323800444603	65.000000000000	0.00000000000000
27.520000457764	0.27216941118240	0.30374854803085	65.000000000000	0.00000000000000
27.530000686646	0.27343165874481	0.30425423383713	65.000000000000	0.00000000000000
27.540000915527	0.27469247579575	0.30475512146950	65.000000000000	0.00000000000000
27.549999237061	0.27595180273056	0.30525124073029	65.000000000000	0.00000000000000
27.559999465942	0.27720978856087	0.30574253201485	65.000000000000	0.00000000000000
27.569999694824	0.27846640348434	0.30622914433479	65.000000000000	0.00000000000000
27.579999923706	0.27972140908241	0.30671098828316	65.000000000000	0.00000000000000
27.590000152588	0.28097507357597	0.30718815326691	65.000000000000	0.00000000000000
27.600000381470	0.28222715854645	0.30766063928604	65.000000000000	0.00000000000000
27.610000610352	0.28347775340080	0.30812850594521	65.000000000000	0.00000000000000
27.620000839233	0.28472688794136	0.30859169363976	65.000000000000	0.00000000000000
27.629999160767	0.28597447276115	0.30905026197433	65.000000000000	0.00000000000000
27.639999389648	0.28722041845322	0.30950427055359	65.000000000000	0.00000000000000
27.649999618530	0.28846493363380	0.30995368957520	65.000000000000	0.00000000000000
27.659999847412	0.28970783948898	0.31039857864380	65.000000000000	0.00000000000000
27.670000076294	0.29094919562340	0.31083896756172	65.000000000000	0.00000000000000
27.680000305176	0.29218894243240	0.31127482652664	65.000000000000	0.00000000000000
27.690000534058	0.29342705011368	0.31170618534088	65.000000000000	0.00000000000000
27.700000762939	0.29466357827187	0.31213313341141	65.000000000000	0.00000000000000
27.709999084473	0.29589840769768	0.31255561113358	65.000000000000	0.00000000000000
27.719999313354	0.29713168740273	0.31297367811203	65.000000000000	0.00000000000000
27.729999542236	0.29836329817772	0.31338736414909	65.000000000000	0.00000000000000
27.739999771118	0.29959318041801	0.31379669904709	65.000000000000	0.00000000000000
27.750000000000	0.30082139372826	0.31420165300369	65.000000000000	0.00000000000000
27.760000228882	0.30204796791077	0.31460231542587	65.000000000000	0.00000000000000
27.770000457764	0.30327281355858	0.31499862670898	65.000000000000	0.00000000000000
27.780000686646	0.30449604988098	0.31539067625999	65.000000000000	0.00000000000000
27.790000915527	0.30571734905243	0.31577846407890	65.000000000000	0.00000000000000
27.799999237061	0.30693706870079	0.31616201996803	65.000000000000	0.00000000000000
27.809999465942	0.30815505981445	0.31654137372971	65.000000000000	0.00000000000000
27.819999694824	0.30937123298645	0.31691649556160	65.000000000000	0.00000000000000
27.829999923706	0.31058564782143	0.31728747487068	65.000000000000	0.00000000000000
27.840000152588	0.31179830431938	0.31765428185463	65.000000000000	0.00000000000000
27.850000381470	0.31300920248032	0.31801694631577	65.000000000000	0.00000000000000
27.860000610352	0.31421825289726	0.31837555766106	65.000000000000	0.00000000000000
27.870000839233	0.31542563438416	0.31872999668121	65.000000000000	0.00000000000000
27.879999160767	0.31663110852242	0.31908041238785	65.000000000000	0.00000000000000
27.889999389648	0.31783476471901	0.31942677497864	65.000000000000	0.00000000000000
27.899999618530	0.31903654336929	0.31976911425591	65.000000000000	0.00000000000000
27.909999847412	0.32023659348488	0.32010746002197	65.000000000000	0.00000000000000
27.920000076294	0.32143467664719	0.32044178247452	65.000000000000	0.00000000000000
27.930000305176	0.32263097167015	0.32077220082283	65.000000000000	0.00000000000000
27.940000534058	0.32382544875145	0.32109862565994	65.000000000000	0.00000000000000
27.950000762939	0.32501798868179	0.32142114639282	65.000000000000	0.00000000000000
27.959999084473	0.32620859146118	0.32173976302147	65.000000000000	0.00000000000000
27.969999313354	0.32739734649658	0.32205450534821	65.000000000000	0.00000000000000
27.979999542236	0.32858428359032	0.32236540317535	65.000000000000	0.00000000000000
27.989999771118	0.32976928353310	0.32267245650291	65.000000000000	0.00000000000000
28.000000000000	0.33095237612724	0.32297566533089	65.000000000000	0.00000000000000
28.010000228882	0.33213353157043	0.32327508926392	65.000000000000	0.00000000000000
28.020000457764	0.33331269025803	0.32357075810432	65.000000000000	0.00000000000000
28.030000686646	0.33449000120163	0.32386264204979	65.000000000000	0.00000000000000
28.040000915527	0.33566537499428	0.32415083050728	65.000000000000	0.00000000000000
28.049999237061	0.33683875203133	0.32443526387215	65.000000000000	0.00000000000000
28.059999465942	0.33801022171974	0.32471603155136	65.000000000000	0.00000000000000
28.069999694824	0.33917969465256	0.32499307394028	65.000000000000	0.00000000000000
28.079999923706	0.34034717082977	0.32526654005051	65.000000000000	0.00000000000000
28.090000152588	0.34151273965836	0.32553631067276	65.000000000000	0.00000000000000
28.100000381470	0.34267625212669	0.32580247521400	65.000000000000	0.00000000000000
28.110000610352	0.34383782744408	0.32606506347656	65.000000000000	0.00000000000000
28.120000839233	0.34499743580818	0.32632404565811	65.000000000000	0.00000000000000
28.129999160767	0.34615510702133	0.32657948136330	65.000000000000	0.00000000000000
28.139999389648	0.34731060266495	0.32683140039444	65.000000000000	0.00000000000000
28.149999618530	0.34846422076225	0.32707977294922	65.000000000000	0.00000000000000
28.159999847412	0.34961575269699	0.32732468843460	65.000000000000	0.00000000000000
28.170000076294	0.35076531767845	0.32756611704826	65.000000000000	0.00000000000000
28.180000305176	0.35191279649734	0.32780405879021	65.000000000000	0.00000000000000
28.190000534058	0.35305827856064	0.32803860306740	65.000000000000	0.00000000000000
28.200000762939	0.35420173406601	0.32826972007751	65.000000000000	0.00000000000000
28.209999084473	0.35534310340881	0.32849740982056	65.000000000000	0.00000000000000
28.219999313354	0.35648253560066	0.32872173190117	65.000000000000	0.00000000000000
28.229999542236	0.35761979222298	0.32894274592400	65.000000000000	0.00000000000000
28.239999771118	0.35875502228737	0.32916033267975	65.000000000000	0.00000000000000
28.250000000000	0.35988825559616	0.32937461137772	65.000000000000	0.00000000000000
28.260000228882	0.36101937294006	0.32958564162254	65.000000000000	0.00000000000000
28.270000457764	0.36214840412140	0.32979336380959	65.000000000000	0.00000000000000
28.280000686646	0.36327537894249	0.32999777793884	65.000000000000	0.00000000000000
28.290000915527	0.36440029740334	0.33019900321960	65.000000000000	0.00000000000000
28.299999237061	0.36552318930626	0.33039695024490	65.000000000000	0.00000000000000
28.309999465942	0.36664387583733	0.33059167861938	65.000000000000	0.00000000000000
28.319999694824	0.36776256561279	0.33078327775002	65.000000000000	0.00000000000000
28.329999923706	0.36887913942337	0.33097165822983	65.000000000000	0.00000000000000
28.340000152588	0.36999356746674	0.33115690946579	65.000000000000	0.00000000000000
28.350000381470	0.37110599875450	0.33133900165558	65.000000000000	0.00000000000000
28.360000610352	0.37221619486809	0.33151799440384	65.000000000000	0.00000000000000
28.370000839233	0.37332448363304	0.33169388771057	65.000000000000	0.00000000000000
28.379999160767	0.37443047761917	0.33186668157578	65.000000000000	0.00000000000000
28.389999389648	0.37553441524506	0.33203646540642	65.000000000000	0.00000000000000
28.399999618530	0.37663626670837	0.33220311999321	65.000000000000	0.00000000000000
28.409999847412	0.37773597240448	0.33236679434776	65.000000000000	0.00000000000000
28.420000076294	0.37883356213570	0.33252742886543	65.000000000000	0.00000000000000
28.430000305176	0.37992906570435	0.33268511295319	65.000000000000	0.00000000000000
28.440000534058	0.38102242350578	0.33283975720406	65.000000000000	0.00000000000000
28.450000762939	0.38211363554001	0.33299148082733	65.000000000000	0.00000000000000
28.459999084473	0.38320276141167	0.33314028382301	65.000000000000	0.00000000000000
28.469999313354	0.38428968191147	0.33328619599342	65.000000000000	0.00000000000000
28.479999542236	0.38537448644638	0.33342912793159	65.000000000000	0.00000000000000
28.489999771118	0.38645717501640	0.33356919884682	65.000000000000	0.00000000000000
28.500000000000	0.38753777742386	0.33370640873909	65.000000000000	0.00000000000000
28.510000228882	0.38861623406410	0.33384075760841	65.000000000000	0.00000000000000
28.520000457764	0.38969251513481	0.33397227525711	65.000000000000	0.00000000000000
28.530000686646	0.39076659083366	0.33410096168518	65.000000000000	0.00000000000000
28.540000915527	0.39183858036995	0.33422684669495	65.000000000000	0.00000000000000
28.549999237061	0.39290845394135	0.33434998989105	65.000000000000	0.00000000000000
28.559999465942	0.39397615194321	0.33447030186653	65.000000000000	0.00000000000000
28.569999694824	0.39504170417786	0.33458787202835	65.000000000000	0.00000000000000
28.579999923706	0.39610511064529	0.33470273017883	65.000000000000	0.00000000000000
28.590000152588	0.39716637134552	0.33481484651566	65.000000000000	0.00000000000000
28.600000381470	0.39822542667389	0.33492434024811	65.000000000000	0.00000000000000
28.610000610352	0.39928230643272	0.33503121137619	65.000000000000	0.00000000000000
28.620000839233	0.40033724904060	0.33513510227203	65.000000000000	0.00000000000000
28.629999160767	0.40138974785805	0.33523666858673	65.000000000000	0.00000000000000
28.639999389648	0.40244030952454	0.33533528447151	65.000000000000	0.00000000000000
28.649999618530	0.40348869562149	0.33543148636818	65.000000000000	0.00000000000000
28.659999847412	0.40453475713730	0.33552512526512	65.000000000000	0.00000000000000
28.670000076294	0.40557873249054	0.33561614155769	65.000000000000	0.00000000000000
28.680000305176	0.40662074089050	0.33570426702499	65.000000000000	0.00000000000000
28.690000534058	0.40766018629074	0.33579039573669	65.000000000000	0.00000000000000
28.700000762939	0.40869787335396	0.33587357401848	65.000000000000	0.00000000000000
28.709999084473	0.40973308682442	0.33595451712608	65.000000000000	0.00000000000000
28.719999313354	0.41076648235321	0.33603245019913	65.000000000000	0.00000000000000
28.729999542236	0.41179734468460	0.33610850572586	65.000000000000	0.00000000000000
28.739999771118	0.41282618045807	0.33618178963661	65.000000000000	0.00000000000000
28.750000000000	0.41385313868523	0.33625236153603	65.000000000000	0.00000000000000
28.760000228882	0.41487744450569	0.33632108569145	65.000000000000	0.00000000000000
28.770000457764	0.41589996218681	0.33638691902161	65.000000000000	0.00000000000000
28.780000686646	0.41692033410072	0.33645024895668	65.000000000000	0.00000000000000
28.790000915527	0.41793823242188	0.33651158213615	65.000000000000	0.00000000000000
28.799999237061	0.41895419359207	0.33657023310661	65.000000000000	0.00000000000000
28.809999465942	0.41996800899506	0.33662652969360	65.000000000000	0.00000000000000
28.819999694824	0.42097952961922	0.33668065071106	65.000000000000	0.00000000000000
28.829999923706	0.42198902368546	0.33673214912415	65.000000000000	0.00000000000000
28.840000152588	0.42299610376358	0.33678174018860	65.000000000000	0.00000000000000
28.850000381470	0.42400121688843	0.33682879805565	65.000000000000	0.00000000000000
28.860000610352	0.42500436306000	0.33687332272530	65.000000000000	0.00000000000000
28.870000839233	0.42600512504578	0.33691576123238	65.000000000000	0.00000000000000
28.879999160767	0.42700365185738	0.33695611357689	65.000000000000	0.00000000000000
28.889999389648	0.42800018191338	0.33699405193329	65.000000000000	0.00000000000000
28.899999618530	0.42899450659752	0.33702966570854	65.000000000000	0.00000000000000
28.909999847412	0.42998665571213	0.33706307411194	65.000000000000	0.00000000000000
28.920000076294	0.43097668886185	0.33709433674812	65.000000000000	0.00000000000000
28.930000305176	0.43196454644203	0.33712339401245	65.000000000000	0.00000000000000
28.940000534058	0.43295028805733	0.33715024590492	65.000000000000	0.00000000000000
28.950000762939	0.43393388390541	0.33717489242554	65.000000000000	0.00000000000000
28.959999084473	0.43491533398628	0.33719745278358	65.000000000000	0.00000000000000
28.969999313354	0.43589457869530	0.33721783757210	65.000000000000	0.00000000000000
28.979999542236	0.43687167763710	0.33723607659340	65.000000000000	0.00000000000000
28.989999771118	0.43784666061401	0.33725225925446	65.000000000000	0.00000000000000
29.000000000000	0.43881952762604	0.33726626634598	65.000000000000	0.00000000000000
29.010000228882	0.43979024887085	0.33727827668190	65.000000000000	0.00000000000000
29.020000457764	0.44075879454613	0.33728811144829	65.000000000000	0.00000000000000
29.030000686646	0.44172516465187	0.33729591965675	65.000000000000	0.00000000000000
29.040000915527	0.44268944859505	0.33730173110962	65.000000000000	0.00000000000000
29.049999237061	0.44365161657333	0.33730548620224	65.000000000000	0.00000000000000
29.059999465942	0.44461154937744	0.33730712532997	65.000000000000	0.00000000000000
29.069999694824	0.44556942582130	0.33730685710907	65.000000000000	0.00000000000000
29.079999923706	0.44652524590492	0.33730456233025	65.000000000000	0.00000000000000
29.090000152588	0.44747880101204	0.33730036020279	65.000000000000	0.00000000000000
29.100000381470	0.44843032956123	0.33729407191277	65.000000000000	0.00000000000000
29.110000610352	0.44937971234322	0.33728587627411	65.000000000000	0.00000000000000
29.120000839233	0.45032688975334	0.33727571368217	65.000000000000	0.00000000000000
29.129999160767	0.45127201080322	0.33726367354393	65.000000000000	0.00000000000000
29.139999389648	0.45221501588821	0.33724966645241	65.000000000000	0.00000000000000
29.149999618530	0.45315578579903	0.33723378181458	65.000000000000	0.00000000000000
29.159999847412	0.45409458875656	0.33721601963043	65.000000000000	0.00000000000000
29.170000076294	0.45503127574921	0.33719635009766	65.000000000000	0.00000000000000
29.180000305176	0.45596578717232	0.33717483282089	65.000000000000	0.00000000000000
29.190000534058	0.45689815282822	0.33715137839317	65.000000000000	0.00000000000000
29.200000762939	0.45782855153084	0.33712616562843	65.000000000000	0.00000000000000
29.209999084473	0.45875668525696	0.33709913492203	65.000000000000	0.00000000000000
29.219999313354	0.45968276262283	0.33707019686699	65.000000000000	0.00000000000000
29.229999542236	0.46060681343079	0.33703953027725	65.000000000000	0.00000000000000
29.239999771118	0.46152871847153	0.33700704574585	65.000000000000	0.00000000000000
29.250000000000	0.46244853734970	0.33697277307510	65.000000000000	0.00000000000000
29.260000228882	0.46336618065834	0.33693674206734	65.000000000000	0.00000000000000
29.270000457764	0.46428176760674	0.33689892292023	65.000000000000	0.00000000000000
29.280000686646	0.46519532799721	0.33685934543610	65.000000000000	0.00000000000000
29.290000915527	0.46610680222511	0.33681809902191	65.000000000000	0.00000000000000
29.299999237061	0.46701619029045	0.33677509427071	65.000000000000	0.00000000000000
29.309999465942	0.46792334318161	0.33673033118248	65.000000000000	0.00000000000000
29.319999694824	0.46882858872414	0.33668389916420	65.000000000000	0.00000000000000
29.329999923706	0.46973171830177	0.33663576841354	65.000000000000	0.00000000000000
29.340000152588	0.47063279151917	0.33658599853516	65.000000000000	0.00000000000000
29.350000381470	0.47153171896935	0.33653450012207	65.000000000000	0.00000000000000
29.360000610352	0.47242867946625	0.33648142218590	65.000000000000	0.00000000000000
29.370000839233	0.47332340478897	0.33642664551735	65.000000000000	0.00000000000000
29.379999160767	0.47421619296074	0.33637022972107	65.000000000000	0.00000000000000
29.389999389648	0.47510689496994	0.33631220459938	65.000000000000	0.00000000000000
29.399999618530	0.47599557042122	0.33625251054764	65.000000000000	0.00000000000000
29.409999847412	0.47688210010529	0.33619132637978	65.000000000000	0.00000000000000
29.420000076294	0.47776672244072	0.33612850308418	65.000000000000	0.00000000000000
29.430000305176	0.47864916920662	0.33606407046318	65.000000000000	0.00000000000000
29.440000534058	0.47952964901924	0.33599811792374	65.000000000000	0.00000000000000
29.450000762939	0.48040798306465	0.33593058586121	65.000000000000	0.00000000000000
29.459999084473	0.48128437995911	0.33586150407791	65.000000000000	0.00000000000000
29.469999313354	0.48215866088867	0.33579084277153	65.000000000000	0.00000000000000
29.479999542236	0.48303097486496	0.33571872115135	65.000000000000	0.00000000000000
29.489999771118	0.48390120267868	0.33564504981041	65.000000000000	0.00000000000000
29.500000000000	0.48476943373680	0.33556991815567	65.000000000000	0.00000000000000
29.510000228882	0.48563566803932	0.33549317717552	65.000000000000	0.00000000000000
29.520000457764	0.48649987578392	0.33541503548622	65.000000000000	0.00000000000000
29.530000686646	0.48736196756363	0.33533540368080	65.000000000000	0.00000000000000
29.540000915527	0.48822212219238	0.33525434136391	65.000000000000	0.00000000000000
29.549999237061	0.48908019065857	0.33517178893089	65.000000000000	0.00000000000000
29.559999465942	0.48993632197380	0.33508777618408	65.000000000000	0.00000000000000
29.569999694824	0.49079042673111	0.33500236272812	65.000000000000	0.00000000000000
29.579999923706	0.49164253473282	0.33491551876068	65.000000000000	0.00000000000000
29.590000152588	0.49249267578125	0.33482724428177	65.000000000000	0.00000000000000
29.600000381470	0.49334073066711	0.33473756909370	65.000000000000	0.00000000000000
29.610000610352	0.49418681859970	0.33464649319649	65.000000000000	0.00000000000000
29.620000839233	0.49503090977669	0.33455401659012	65.000000000000	0.00000000000000
29.629999160767	0.49587306380272	0.33446019887924	65.000000000000	0.00000000000000
29.639999389648	0.49671316146851	0.33436504006386	65.000000000000	0.00000000000000
29.649999618530	0.49755129218102	0.33426845073700	65.000000000000	0.00000000000000
29.659999847412	0.49838745594025	0.33417055010796	65.000000000000	0.00000000000000
29.670000076294	0.49922174215317	0.33407130837440	65.000000000000	0.00000000000000
29.680000305176	0.50005388259888	0.33397072553635	65.000000000000	0.00000000000000
29.690000534058	0.50088423490524	0.33386886119843	65.000000000000	0.00000000000000
29.700000762939	0.50171250104904	0.33376565575600	65.000000000000	0.00000000000000
29.709999084473	0.50253880023956	0.33366110920906	65.000000000000	0.00000000000000
29.719999313354	0.50336319208145	0.33355537056923	65.000000000000	0.00000000000000
29.729999542236	0.50418555736542	0.33344826102257	65.000000000000	0.00000000000000
29.739999771118	0.50500607490540	0.33333989977837	65.000000000000	0.00000000000000
29.750000000000	0.50582450628281	0.33323034644127	65.000000000000	0.00000000000000
29.760000228882	0.50664108991623	0.33311945199966	65.000000000000	0.00000000000000
29.770000457764	0.50745576620102	0.33300730586052	65.000000000000	0.00000000000000
29.780000686646	0.50826847553253	0.33289396762848	65.000000000000	0.00000000000000
29.790000915527	0.50907915830612	0.33277940750122	65.000000000000	0.00000000000000
29.799999237061	0.50988805294037	0.33266356587410	65.000000000000	0.00000000000000
29.809999465942	0.51069492101669	0.33254653215408	65.000000000000	0.00000000000000
29.819999694824	0.51149982213974	0.33242833614349	65.000000000000	0.00000000000000
29.829999923706	0.51230293512344	0.33230891823769	65.000000000000	0.00000000000000
29.840000152588	0.51310414075851	0.33218830823898	65.000000000000	0.00000000000000
29.850000381470	0.51390331983566	0.33206653594971	65.000000000000	0.00000000000000
29.860000610352	0.51470059156418	0.33194360136986	65.000000000000	0.00000000000000
29.870000839233	0.51549601554871	0.33181947469711	65.000000000000	0.00000000000000
29.879999160767	0.51628953218460	0.33169421553612	65.000000000000	0.00000000000000
29.889999389648	0.51708114147186	0.33156779408455	65.000000000000	0.00000000000000
29.899999618530	0.51787078380585	0.33144024014473	65.000000000000	0.00000000000000
29.909999847412	0.51865869760513	0.33131158351898	65.000000000000	0.00000000000000
29.920000076294	0.51944452524185	0.33118176460266	65.000000000000	0.00000000000000
29.930000305176	0.52022862434387	0.33105087280273	65.000000000000	0.00000000000000
29.940000534058	0.52101075649261	0.33091890811920	65.000000000000	0.00000000000000
29.950000762939	0.52179092168808	0.33078575134277	65.000000000000	0.00000000000000
29.959999084473	0.52256947755814	0.33065155148506	65.000000000000	0.00000000000000
29.969999313354	0.52334594726563	0.33051630854607	65.000000000000	0.00000000000000
29.979999542236	0.52412062883377	0.33037993311882	65.000000000000	0.00000000000000
29.989999771118	0.52489340305328	0.33024254441261	65.000000000000	0.00000000000000
30.000000000000	0.52566438913345	0.33010411262512	65.000000000000	0.00000000000000
30.010000228882	0.52643346786499	0.32996457815170	65.000000000000	0.00000000000000
30.020000457764	0.52720063924789	0.32982403039932	65.000000000000	0.00000000000000
30.030000686646	0.52796614170074	0.32968243956566	65.000000000000	0.00000000000000
30.040000915527	0.52872961759567	0.32953980565071	65.000000000000	0.00000000000000
30.049999237061	0.52949136495590	0.32939615845680	65.000000000000	0.00000000000000
30.059999465942	0.53025120496750	0.32925155758858	65.000000000000	0.00000000000000
30.069999694824	0.53100931644440	0.32910588383675	65.000000000000	0.00000000000000
30.079999923706	0.53176546096802	0.32895925641060	65.000000000000	0.00000000000000
30.090000152588	0.53251981735229	0.32881161570549	65.000000000000	0.00000000000000
30.100000381470	0.53327238559723	0.32866302132607	65.000000000000	0.00000000000000
30.110000610352	0.53402310609818	0.32851344347000	65.000000000000	0.00000000000000
30.120000839233	0.53477203845978	0.32836288213730	65.000000000000	0.00000000000000
30.129999160767	0.53551912307739	0.32821136713028	65.000000000000	0.00000000000000
30.139999389648	0.53626441955566	0.32805889844894	65.000000000000	0.00000000000000
30.149999618530	0.53700792789459	0.32790547609329	65.000000000000	0.00000000000000
30.159999847412	0.53774952888489	0.32775110006332	65.000000000000	0.00000000000000
30.170000076294	0.53848952054977	0.32759585976601	65.000000000000	0.00000000000000
30.180000305176	0.53922766447067	0.32743969559669	65.000000000000	0.00000000000000
30.190000534058	0.53996396064758	0.32728251814842	65.000000000000	0.00000000000000
30.200000762939	0.54069846868515	0.32712453603745	65.000000000000	0.00000000000000
30.209999084473	0.54143112897873	0.32696560025215	65.000000000000	0.00000000000000
30.219999313354	0.54216212034225	0.32680577039719	65.000000000000	0.00000000000000
30.229999542236	0.54289132356644	0.32664507627487	65.000000000000	0.00000000000000
30.239999771118	0.54361873865128	0.32648345828056	65.000000000000	0.00000000000000
30.250000000000	0.54434442520142	0.32632094621658	65.000000000000	0.00000000000000
30.260000228882	0.54506838321686	0.32615762948990	65.000000000000	0.00000000000000
30.270000457764	0.54579049348831	0.32599338889122	65.000000000000	0.00000000000000
30.280000686646	0.54651081562042	0.32582831382751	65.000000000000	0.00000000000000
30.290000915527	0.54722946882248	0.32566243410110	65.000000000000	0.00000000000000
30.299999237061	0.54794633388519	0.32549566030502	65.000000000000	0.00000000000000
30.309999465942	0.54866147041321	0.32532808184624	65.000000000000	0.00000000000000
30.319999694824	0.54937493801117	0.32515963912010	65.000000000000	0.00000000000000
30.329999923706	0.55008661746979	0.32499039173126	65.000000000000	0.00000000000000
30.340000152588	0.55079644918442	0.32482036948204	65.000000000000	0.00000000000000
30.350000381470	0.55150467157364	0.32464942336082	65.000000000000	0.00000000000000
30.360000610352	0.55221116542816	0.32447779178619	65.000000000000	0.00000000000000
30.370000839233	0.55291587114334	0.32430529594421	65.000000000000	0.00000000000000
30.379999160767	0.55361896753311	0.32413202524185	65.000000000000	0.00000000000000
30.389999389648	0.55432021617889	0.32395794987679	65.000000000000	0.00000000000000
30.399999618530	0.55501979589462	0.32378312945366	65.000000000000	0.00000000000000
30.409999847412	0.55571770668030	0.32360750436783	65.000000000000	0.00000000000000
30.420000076294	0.55641394853592	0.32343110442162	65.000000000000	0.00000000000000
30.430000305176	0.55710846185684	0.32325395941734	65.000000000000	0.00000000000000
30.440000534058	0.55780124664307	0.32307609915733	65.000000000000	0.00000000000000
30.450000762939	0.55849236249924	0.32289743423462	65.000000000000	0.00000000000000
30.459999084473	0.55918180942535	0.32271805405617	65.000000000000	0.00000000000000
30.469999313354	0.55986952781677	0.32253792881966	65.000000000000	0.00000000000000
30.479999542236	0.56055563688278	0.32235702872276	65.000000000000	0.00000000000000
30.489999771118	0.56123995780945	0.32217544317245	65.000000000000	0.00000000000000
30.500000000000	0.56192266941071	0.32199311256409	65.000000000000	0.00000000000000
30.510000228882	0.56260377168655	0.32181012630463	65.000000000000	0.00000000000000
30.520000457764	0.56328314542770	0.32162639498711	65.000000000000	0.00000000000000
30.530000686646	0.56396085023880	0.32144194841385	65.000000000000	0.00000000000000
30.540000915527	0.56463688611984	0.32125678658485	65.000000000000	0.00000000000000
30.549999237061	0.56531131267548	0.32107096910477	65.000000000000	0.00000000000000
30.559999465942	0.56598412990570	0.32088449597359	65.000000000000	0.00000000000000
30.569999694824	0.56665521860123	0.32069727778435	65.000000000000	0.00000000000000
30.579999923706	0.56732463836670	0.32050940394402	65.000000000000	0.00000000000000
30.590000152588	0.56799250841141	0.32032087445259	65.000000000000	0.00000000000000
30.600000381470	0.56865864992142	0.32013165950775	65.000000000000	0.00000000000000
30.610000610352	0.56932324171066	0.31994178891182	65.000000000000	0.00000000000000
30.620000839233	0.56998622417450	0.31975129246712	65.000000000000	0.00000000000000
30.629999160767	0.57064759731293	0.31956008076668	65.000000000000	0.00000000000000
30.639999389648	0.57130730152130	0.31936830282211	65.000000000000	0.00000000000000
30.649999618530	0.57196539640427	0.31917583942413	65.000000000000	0.00000000000000
30.659999847412	0.57262182235718	0.31898277997971	65.000000000000	0.00000000000000
30.670000076294	0.57327663898468	0.31878906488419	65.000000000000	0.00000000000000
30.680000305176	0.57392990589142	0.31859475374222	65.000000000000	0.00000000000000
30.690000534058	0.57458156347275	0.31839981675148	65.000000000000	0.00000000000000
30.700000762939	0.57523161172867	0.31820422410965	65.000000000000	0.00000000000000
30.709999084473	0.57588011026382	0.31800809502602	65.000000000000	0.00000000000000
30.719999313354	0.57652705907822	0.31781134009361	65.000000000000	0.00000000000000
30.729999542236	0.57717227935791	0.31761398911476	65.000000000000	0.00000000000000
30.739999771118	0.57781594991684	0.31741601228714	65.000000000000	0.00000000000000
30.750000000000	0.57845813035965	0.31721746921539	65.000000000000	0.00000000000000
30.760000228882	0.57909870147705	0.31701835989952	65.000000000000	0.00000000000000
30.770000457764	0.57973772287369	0.31681865453720	65.000000000000	0.00000000000000
30.780000686646	0.58037507534027	0.31661841273308	65.000000000000	0.00000000000000
30.790000915527	0.58101099729538	0.31641757488251	65.000000000000	0.00000000000000
30.799999237061	0.58164530992508	0.31621620059013	65.000000000000	0.00000000000000
30.809999465942	0.58227795362473	0.31601423025131	65.000000000000	0.00000000000000
30.819999694824	0.58290916681290	0.31581175327301	65.000000000000	0.00000000000000
30.829999923706	0.58353877067566	0.31560868024826	65.000000000000	0.00000000000000
30.840000152588	0.58416694402695	0.31540510058403	65.000000000000	0.00000000000000
30.850000381470	0.58479344844818	0.31520098447800	65.000000000000	0.00000000000000
30.860000610352	0.58541852235794	0.31499633193016	65.000000000000	0.00000000000000
30.870000839233	0.58604198694229	0.31479111313820	65.000000000000	0.00000000000000
30.879999160767	0.58666396141052	0.31458538770676	65.000000000000	0.00000000000000
30.889999389648	0.58728432655334	0.31437918543816	65.000000000000	0.00000000000000
30.899999618530	0.58790326118469	0.31417241692543	65.000000000000	0.00000000000000
30.909999847412	0.58852070569992	0.31396517157555	65.000000000000	0.00000000000000
30.920000076294	0.58913654088974	0.31375738978386	65.000000000000	0.00000000000000
30.930000305176	0.58975082635880	0.31354913115501	65.000000000000	0.00000000000000
30.940000534058	0.59036374092102	0.31334036588669	65.000000000000	0.00000000000000
30.950000762939	0.59097510576248	0.31313112378120	65.000000000000	0.00000000000000
30.959999084473	0.59158492088318	0.31292137503624	65.000000000000	0.00000000000000
30.969999313354	0.59219336509705	0.31271117925644	65.000000000000	0.00000000000000
30.979999542236	0.59280014038086	0.31250047683716	65.000000000000	0.00000000000000
30.989999771118	0.59340554475784	0.31228926777840	65.000000000000	0.00000000000000
31.000000000000	0.59400939941406	0.31207764148712	65.000000000000	0.00000000000000
31.010000228882	0.59461188316345	0.31186553835869	65.000000000000	0.00000000000000
31.020000457764	0.59521269798279	0.31165295839310	65.000000000000	0.00000000000000
31.030000686646	0.59581214189529	0.31143993139267	65.000000000000	0.00000000000000
31.040000915527	0.59641015529633	0.31122645735741	65.000000000000	0.00000000000000
31.049999237061	0.59700667858124	0.31101253628731	65.000000000000	0.00000000000000
31.059999465942	0.59760177135468	0.31079813838005	65.000000000000	0.00000000000000
31.069999694824	0.59819531440735	0.31058335304260	65.000000000000	0.00000000000000
31.079999923706	0.59878742694855	0.31036806106567	65.000000000000	0.00000000000000
31.090000152588	0.59937816858292	0.31015241146088	65.000000000000	0.00000000000000
31.100000381470	0.59996742010117	0.30993628501892	65.000000000000	0.00000000000000
31.110000610352	0.60055512189865	0.30971977114677	65.000000000000	0.00000000000000
31.120000839233	0.60114151239395	0.30950278043747	65.000000000000	0.00000000000000
31.129999160767	0.60172641277313	0.30928543210030	65.000000000000	0.00000000000000
31.139999389648	0.60230982303619	0.30906760692596	65.000000000000	0.00000000000000
31.149999618530	0.60289186239243	0.30884942412376	65.000000000000	0.00000000000000
31.159999847412	0.60347247123718	0.30863082408905	65.000000000000	0.00000000000000
31.170000076294	0.60405164957047	0.30841180682182	65.000000000000	0.00000000000000
31.180000305176	0.60462945699692	0.30819240212440	65.000000000000	0.00000000000000
31.190000534058	0.60520577430725	0.30797263979912	65.000000000000	0.00000000000000
31.200000762939	0.60578072071075	0.30775243043900	65.000000000000	0.00000000000000
31.209999084473	0.60635417699814	0.30753189325333	65.000000000000	0.00000000000000
31.219999313354	0.60692638158798	0.30731093883514	65.000000000000	0.00000000000000
31.229999542236	0.60749703645706	0.30708962678909	65.000000000000	0.00000000000000
31.239999771118	0.60806638002396	0.30686792731285	65.000000000000	0.00000000000000
31.250000000000	0.60863429307938	0.30664584040642	65.000000000000	0.00000000000000
31.260000228882	0.60920077562332	0.30642342567444	65.000000000000	0.00000000000000
31.270000457764	0.60976594686508	0.30620062351227	65.000000000000	0.00000000000000
31.280000686646	0.61032968759537	0.30597746372223	65.000000000000	0.00000000000000
31.290000915527	0.61089205741882	0.30575400590897	65.000000000000	0.00000000000000
31.299999237061	0.61145317554474	0.30553010106087	65.000000000000	0.00000000000000
31.309999465942	0.61201274394989	0.30530589818954	65.000000000000	0.00000000000000
31.319999694824	0.61257094144821	0.30508133769035	65.000000000000	0.00000000000000
31.329999923706	0.61312782764435	0.30485644936562	65.000000000000	0.00000000000000
31.340000152588	0.61368334293365	0.30463117361069	65.000000000000	0.00000000000000
31.350000381470	0.61423754692078	0.30440562963486	65.000000000000	0.00000000000000
31.360000610352	0.61479043960571	0.30417972803116	65.000000000000	0.00000000000000
31.370000839233	0.61534178256989	0.30395349860191	65.000000000000	0.00000000000000
31.379999160767	0.61589193344116	0.30372694134712	65.000000000000	0.00000000000000
31.389999389648	0.61644071340561	0.30350005626678	65.000000000000	0.00000000000000
31.399999618530	0.61698812246323	0.30327287316322	65.000000000000	0.00000000000000
31.409999847412	0.61753416061401	0.30304551124573	65.000000000000	0.00000000000000
31.420000076294	0.61807900667191	0.30281752347946	65.000000000000	0.00000000000000
31.430000305176	0.61862236261368	0.30258935689926	65.000000000000	0.00000000000000
31.440000534058	0.61916446685791	0.30236107110977	65.000000000000	0.00000000000000
31.450000762939	0.61970520019531	0.30213233828545	65.000000000000	0.00000000000000
31.459999084473	0.62024474143982	0.30190318822861	65.000000000000	0.00000000000000
31.469999313354	0.62078267335892	0.30167418718338	65.000000000000	0.00000000000000
31.479999542236	0.62131965160370	0.30144420266151	65.000000000000	0.00000000000000
31.489999771118	0.62185513973236	0.30121436715126	65.000000000000	0.00000000000000
31.500000000000	0.62238931655884	0.30098411440849	65.000000000000	0.00000000000000
31.510000228882	0.62292218208313	0.30075377225876	65.000000000000	0.00000000000000
31.520000457764	0.62345373630524	0.30052298307419	65.000000000000	0.00000000000000
31.530000686646	0.62398409843445	0.30029186606407	65.000000000000	0.00000000000000
31.540000915527	0.62451297044754	0.30006092786789	65.000000000000	0.00000000000000
31.549999237061	0.62504070997238	0.29982930421829	65.000000000000	0.00000000000000
31.559999465942	0.62556707859039	0.29959756135941	65.000000000000	0.00000000000000
31.569999694824	0.62609219551086	0.29936546087265	65.000000000000	0.00000000000000
31.579999923706	0.62661606073380	0.29913300275803	65.000000000000	0.00000000000000
31.590000152588	0.62713879346848	0.29890018701553	65.000000000000	0.00000000000000
31.600000381470	0.62765997648239	0.29866760969162	65.000000000000	0.00000000000000
31.610000610352	0.62817996740341	0.29843437671661	65.000000000000	0.00000000000000
31.620000839233	0.62869870662689	0.29820099473000	65.000000000000	0.00000000000000
31.629999160767	0.62921619415283	0.29796740412712	65.000000000000	0.00000000000000
31.639999389648	0.62973242998123	0.29773357510567	65.000000000000	0.00000000000000
31.649999618530	0.63024741411209	0.29749947786331	65.000000000000	0.00000000000000
31.659999847412	0.63076114654541	0.29726514220238	65.000000000000	0.00000000000000
31.670000076294	0.63127368688583	0.29703062772751	65.000000000000	0.00000000000000
31.680000305176	0.63178491592407	0.29679584503174	65.000000000000	0.00000000000000
31.690000534058	0.63229489326477	0.29656082391739	65.000000000000	0.00000000000000
31.700000762939	0.63280361890793	0.29632556438446	65.000000000000	0.00000000000000
31.709999084473	0.63331115245819	0.29609012603760	65.000000000000	0.00000000000000
31.719999313354	0.63381743431091	0.29585441946983	65.000000000000	0.00000000000000
31.729999542236	0.63432246446609	0.29561853408813	65.000000000000	0.00000000000000
31.739999771118	0.63482630252838	0.29538244009018	65.000000000000	0.00000000000000
31.750000000000	0.63532894849777	0.29514610767365	65.000000000000	0.00000000000000
31.760000228882	0.63583040237427	0.29490956664085	65.000000000000	0.00000000000000
31.770000457764	0.63633048534393	0.29467284679413	65.000000000000	0.00000000000000
31.780000686646	0.63682949542999	0.29443588852882	65.000000000000	0.00000000000000
31.790000915527	0.63732725381851	0.29419875144958	65.000000000000	0.00000000000000
31.799999237061	0.63782382011414	0.29396143555641	65.000000000000	0.00000000000000
31.809999465942	0.63831907510757	0.29372385144234	65.000000000000	0.00000000000000
31.819999694824	0.63881325721741	0.29348611831665	65.000000000000	0.00000000000000
31.829999923706	0.63930612802505	0.29324820637703	65.000000000000	0.00000000000000
31.840000152588	0.63979792594910	0.29301011562347	65.000000000000	0.00000000000000
31.850000381470	0.64028847217560	0.29277181625366	65.000000000000	0.00000000000000
31.860000610352	0.64077788591385	0.29253333806992	65.000000000000	0.00000000000000
31.870000839233	0.64126610755920	0.29229468107224	65.000000000000	0.00000000000000
31.879999160767	0.64175313711166	0.29205584526062	65.000000000000	0.00000000000000
31.889999389648	0.64223891496658	0.29181680083275	65.000000000000	0.00000000000000
31.899999618530	0.64272356033325	0.29157763719559	65.000000000000	0.00000000000000
31.909999847412	0.64320707321167	0.29133829474449	65.000000000000	0.00000000000000
31.920000076294	0.64368933439255	0.29109874367714	65.000000000000	0.00000000000000
31.930000305176	0.64417052268982	0.29085904359818	65.000000000000	0.00000000000000
31.940000534058	0.64465051889420	0.29061916470528	65.000000000000	0.00000000000000
31.950000762939	0.64512938261032	0.29037913680077	65.000000000000	0.00000000000000
31.959999084473	0.64560711383820	0.29013898968697	65.000000000000	0.00000000000000
31.969999313354	0.64608359336853	0.28989860415459	65.000000000000	0.00000000000000
31.979999542236	0.64655900001526	0.28965812921524	65.000000000000	0.00000000000000
31.989999771118	0.64703327417374	0.28941747546196	65.000000000000	0.00000000000000
32.000000000000	0.64750635623932	0.28917667269707	65.000000000000	0.00000000000000
32.009998321533	0.64797836542130	0.28893575072289	65.000000000000	0.00000000000000
32.020000457764	0.64844918251038	0.28869464993477	65.000000000000	0.00000000000000
32.029998779297	0.64891886711121	0.28845342993736	65.000000000000	0.00000000000000
32.040000915527	0.64938741922379	0.28821203112602	65.000000000000	0.00000000000000
32.049999237061	0.64985489845276	0.28797054290771	65.000000000000	0.00000000000000
32.060001373291	0.65032118558884	0.28772884607315	65.000000000000	0.00000000000000
32.069999694824	0.65078639984131	0.28748708963394	65.000000000000	0.00000000000000
32.080001831055	0.65125048160553	0.28724515438080	65.000000000000	0.00000000000000
32.090000152588	0.65171349048615	0.28700309991837	65.000000000000	0.00000000000000
32.099998474121	0.65217530727386	0.28676089644432	65.000000000000	0.00000000000000
32.110000610352	0.65263611078262	0.28651860356331	65.000000000000	0.00000000000000
32.119998931885	0.65309572219849	0.28627619147301	65.000000000000	0.00000000000000
32.130001068115	0.65355432033539	0.28603360056877	65.000000000000	0.00000000000000
32.139999389648	0.65401172637939	0.28579089045525	65.000000000000	0.00000000000000
32.150001525879	0.65446805953979	0.28554812073708	65.000000000000	0.00000000000000
32.159999847412	0.65492331981659	0.28530520200729	65.000000000000	0.00000000000000
32.169998168945	0.65537750720978	0.28506216406822	65.000000000000	0.00000000000000
32.180000305176	0.65583062171936	0.28481903672218	65.000000000000	0.00000000000000
32.189998626709	0.65628260374069	0.28457579016685	65.000000000000	0.00000000000000
32.200000762939	0.65673351287842	0.28433239459991	65.000000000000	0.00000000000000
32.209999084473	0.65718340873718	0.28408893942833	65.000000000000	0.00000000000000
32.220001220703	0.65763223171234	0.28384536504745	65.000000000000	0.00000000000000
32.229999542236	0.65807986259460	0.28360167145729	65.000000000000	0.00000000000000
32.240001678467	0.65852653980255	0.28335788846016	65.000000000000	0.00000000000000
32.250000000000	0.65897214412689	0.28311401605606	65.000000000000	0.00000000000000
32.259998321533	0.65941667556763	0.28287005424500	65.000000000000	0.00000000000000
32.270000457764	0.65986013412476	0.28262594342232	65.000000000000	0.00000000000000
32.279998779297	0.66030251979828	0.28238177299500	65.000000000000	0.00000000000000
32.290000915527	0.66074389219284	0.28213751316071	65.000000000000	0.00000000000000
32.299999237061	0.66118419170380	0.28189316391945	65.000000000000	0.00000000000000
32.310001373291	0.66162335872650	0.28164872527122	65.000000000000	0.00000000000000
32.319999694824	0.66206169128418	0.28140416741371	65.000000000000	0.00000000000000
32.330001831055	0.66249889135361	0.28115957975388	65.000000000000	0.00000000000000
32.340000152588	0.66293495893478	0.28091487288475	65.000000000000	0.00000000000000
32.349998474121	0.66337007284164	0.28067007660866	65.000000000000	0.00000000000000
32.360000610352	0.66380411386490	0.28042522072792	65.000000000000	0.00000000000000
32.369998931885	0.66423720121384	0.28018027544022	65.000000000000	0.00000000000000
32.380001068115	0.66466921567917	0.27993524074554	65.000000000000	0.00000000000000
32.389999389648	0.66510015726089	0.27969014644623	65.000000000000	0.00000000000000
32.400001525879	0.66553014516830	0.27944496273994	65.000000000000	0.00000000000000
32.409999847412	0.66595906019211	0.27919971942902	65.000000000000	0.00000000000000
32.419998168945	0.66638708114624	0.27895441651344	65.000000000000	0.00000000000000
32.430000305176	0.66681396961212	0.27870899438858	65.000000000000	0.00000000000000
32.439998626709	0.66723990440369	0.27846357226372	65.000000000000	0.00000000000000
32.450000762939	0.66766482591629	0.27821803092957	65.000000000000	0.00000000000000
32.459999084473	0.66808873414993	0.27797245979309	65.000000000000	0.00000000000000
32.470001220703	0.66851168870926	0.27772682905197	65.000000000000	0.00000000000000
32.479999542236	0.66893357038498	0.27748110890388	65.000000000000	0.00000000000000
32.490001678467	0.66935449838638	0.27723535895348	65.000000000000	0.00000000000000
32.500000000000	0.66977435350418	0.27698951959610	65.000000000000	0.00000000000000
32.509998321533	0.67019337415695	0.27674365043640	65.000000000000	0.00000000000000
32.520000457764	0.67061132192612	0.27649769186974	65.000000000000	0.00000000000000
32.529998779297	0.67102831602097	0.27625170350075	65.000000000000	0.00000000000000
32.540000915527	0.67144423723221	0.27600565552711	65.000000000000	0.00000000000000
32.549999237061	0.67185926437378	0.27575954794884	65.000000000000	0.00000000000000
32.560001373291	0.67227327823639	0.27551338076591	65.000000000000	0.00000000000000
32.569999694824	0.67268639802933	0.27526721358299	65.000000000000	0.00000000000000
32.580001831055	0.67309850454330	0.27502095699310	65.000000000000	0.00000000000000
32.590000152588	0.67350959777832	0.27477467060089	65.000000000000	0.00000000000000
32.599998474121	0.67391979694366	0.27452829480171	65.000000000000	0.00000000000000
32.610000610352	0.67432904243469	0.27428194880486	65.000000000000	0.00000000000000
32.619998931885	0.67473721504211	0.27403551340103	65.000000000000	0.00000000000000
32.630001068115	0.67514449357986	0.27378904819489	65.000000000000	0.00000000000000
32.639999389648	0.67555087804794	0.27354255318642	65.000000000000	0.00000000000000
32.650001525879	0.67595624923706	0.27329602837563	65.000000000000	0.00000000000000
32.659999847412	0.67636072635651	0.27304944396019	65.000000000000	0.00000000000000
32.669998168945	0.67676419019699	0.27280282974243	65.000000000000	0.00000000000000
32.680000305176	0.67716670036316	0.27255618572235	65.000000000000	0.00000000000000
32.689998626709	0.67756837606430	0.27230948209763	65.000000000000	0.00000000000000
32.700000762939	0.67796903848648	0.27206280827522	65.000000000000	0.00000000000000
32.709999084473	0.67836874723434	0.27181604504585	65.000000000000	0.00000000000000
32.720001220703	0.67876756191254	0.27156928181648	65.000000000000	0.00000000000000
32.729999542236	0.67916542291641	0.27132242918015	65.000000000000	0.00000000000000
32.740001678467	0.67956238985062	0.27107563614845	65.000000000000	0.00000000000000
32.750000000000	0.67995840311050	0.27082878351212	65.000000000000	0.00000000000000
32.759998321533	0.68035352230072	0.27058190107346	65.000000000000	0.00000000000000
32.770000457764	0.68074768781662	0.27033498883247	65.000000000000	0.00000000000000
32.779998779297	0.68114089965820	0.27008807659149	65.000000000000	0.00000000000000
32.790000915527	0.68153327703476	0.26984113454819	65.000000000000	0.00000000000000
32.799999237061	0.68192476034164	0.26959416270256	65.000000000000	0.00000000000000
32.810001373291	0.68231534957886	0.26934716105461	65.000000000000	0.00000000000000
32.819999694824	0.68270492553711	0.26910015940666	65.000000000000	0.00000000000000
32.830001831055	0.68309360742569	0.26885315775871	65.000000000000	0.00000000000000
32.840000152588	0.68348145484924	0.26860609650612	65.000000000000	0.00000000000000
32.849998474121	0.68386834859848	0.26835903525352	65.000000000000	0.00000000000000
32.860000610352	0.68425446748734	0.26811200380325	65.000000000000	0.00000000000000
32.869998931885	0.68463957309723	0.26786491274834	65.000000000000	0.00000000000000
32.880001068115	0.68502378463745	0.26761782169342	65.000000000000	0.00000000000000
32.889999389648	0.68540716171265	0.26737070083618	65.000000000000	0.00000000000000
32.900001525879	0.68578958511353	0.26712360978127	65.000000000000	0.00000000000000
32.909999847412	0.68617117404938	0.26687645912170	65.000000000000	0.00000000000000
32.919998168945	0.68655186891556	0.26662936806679	65.000000000000	0.00000000000000
32.930000305176	0.68693166971207	0.26638224720955	65.000000000000	0.00000000000000
32.939998626709	0.68731063604355	0.26613509654999	65.000000000000	0.00000000000000
32.950000762939	0.68768870830536	0.26588794589043	65.000000000000	0.00000000000000
32.959999084473	0.68806588649750	0.26564082503319	65.000000000000	0.00000000000000
32.970001220703	0.68844217061996	0.26539364457130	65.000000000000	0.00000000000000
32.979999542236	0.68881762027740	0.26514649391174	65.000000000000	0.00000000000000
32.990001678467	0.68919223546982	0.26489931344986	65.000000000000	0.00000000000000
33.000000000000	0.68956595659256	0.26465219259262	65.000000000000	0.00000000000000
33.009998321533	0.68993884325027	0.26440504193306	65.000000000000	0.00000000000000
33.020000457764	0.69031095504761	0.26415789127350	65.000000000000	0.00000000000000
33.029998779297	0.69068199396133	0.26391074061394	65.000000000000	0.00000000000000
33.040000915527	0.69105231761932	0.26366361975670	65.000000000000	0.00000000000000
33.049999237061	0.69142168760300	0.26341646909714	65.000000000000	0.00000000000000
33.060001373291	0.69179034233093	0.26316931843758	65.000000000000	0.00000000000000
33.069999694824	0.69215804338455	0.26292219758034	65.000000000000	0.00000000000000
33.080001831055	0.69252496957779	0.26267510652542	65.000000000000	0.00000000000000
33.090000152588	0.69289106130600	0.26242798566818	65.000000000000	0.00000000000000
33.099998474121	0.69325625896454	0.26218086481094	65.000000000000	0.00000000000000
33.110000610352	0.69362068176270	0.26193380355835	65.000000000000	0.00000000000000
33.119998931885	0.69398421049118	0.26168671250343	65.000000000000	0.00000000000000
33.130001068115	0.69434696435928	0.26143962144852	65.000000000000	0.00000000000000
33.139999389648	0.69470888376236	0.26119256019592	65.000000000000	0.00000000000000
33.150001525879	0.69506996870041	0.26094552874565	65.000000000000	0.00000000000000
33.159999847412	0.69543015956879	0.26069849729538	65.000000000000	0.00000000000000
33.169998168945	0.69578945636749	0.26045149564743	65.000000000000	0.00000000000000
33.180000305176	0.69614809751511	0.26020449399948	65.000000000000	0.00000000000000
33.189998626709	0.69650584459305	0.25995749235153	65.000000000000	0.00000000000000
33.200000762939	0.69686281681061	0.25971052050591	65.000000000000	0.00000000000000
33.209999084473	0.69721889495850	0.25946357846260	65.000000000000	0.00000000000000
33.220001220703	0.69757425785065	0.25921669602394	65.000000000000	0.00000000000000
33.229999542236	0.69792866706848	0.25896975398064	65.000000000000	0.00000000000000
33.240001678467	0.69828242063522	0.25872287154198	65.000000000000	0.00000000000000
33.250000000000	0.69863528013229	0.25847601890564	65.000000000000	0.00000000000000
33.259998321533	0.69898736476898	0.25822913646698	65.000000000000	0.00000000000000
33.270000457764	0.69933867454529	0.25798231363297	65.000000000000	0.00000000000000
33.279998779297	0.69968914985657	0.25773552060127	65.000000000000	0.00000000000000
33.290000915527	0.70003879070282	0.25748872756958	65.000000000000	0.00000000000000
33.299999237061	0.70038759708405	0.25724196434021	65.000000000000	0.00000000000000
33.310001373291	0.70073574781418	0.25699523091316	65.000000000000	0.00000000000000
33.319999694824	0.70108306407928	0.25674855709076	65.000000000000	0.00000000000000
33.330001831055	0.70142960548401	0.25650188326836	65.000000000000	0.00000000000000
33.340000152588	0.70177519321442	0.25625526905060	65.000000000000	0.00000000000000
33.349998474121	0.70212012529373	0.25600865483284	65.000000000000	0.00000000000000
33.360000610352	0.70246422290802	0.25576204061508	65.000000000000	0.00000000000000
33.369998931885	0.70280760526657	0.25551548600197	65.000000000000	0.00000000000000
33.380001068115	0.70315015316010	0.25526893138885	65.000000000000	0.00000000000000
33.389999389648	0.70349186658859	0.25502243638039	65.000000000000	0.00000000000000
33.400001525879	0.70383292436600	0.25477597117424	65.000000000000	0.00000000000000
33.409999847412	0.70417320728302	0.25452956557274	65.000000000000	0.00000000000000
33.419998168945	0.70451259613037	0.25428315997124	65.000000000000	0.00000000000000
33.430000305176	0.70485126972198	0.25403675436974	65.000000000000	0.00000000000000
33.439998626709	0.70518922805786	0.25379043817520	65.000000000000	0.00000000000000
33.450000762939	0.70552635192871	0.25354415178299	65.000000000000	0.00000000000000
33.459999084473	0.70586270093918	0.25329789519310	65.000000000000	0.00000000000000
33.470001220703	0.70619833469391	0.25305169820786	65.000000000000	0.00000000000000
33.479999542236	0.70653313398361	0.25280547142029	65.000000000000	0.00000000000000
33.490001678467	0.70686727762222	0.25255933403969	65.000000000000	0.00000000000000
33.500000000000	0.70720058679581	0.25231322646141	65.000000000000	0.00000000000000
33.509998321533	0.70753318071365	0.25206714868546	65.000000000000	0.00000000000000
33.520000457764	0.70786499977112	0.25182113051414	65.000000000000	0.00000000000000
33.529998779297	0.70819610357285	0.25157514214516	65.000000000000	0.00000000000000
33.540000915527	0.70852637290955	0.25132918357849	65.000000000000	0.00000000000000
33.549999237061	0.70885592699051	0.25108331441879	65.000000000000	0.00000000000000
33.560001373291	0.70918470621109	0.25083744525909	65.000000000000	0.00000000000000
33.569999694824	0.70951282978058	0.25059160590172	65.000000000000	0.00000000000000
33.580001831055	0.70984017848969	0.25034582614899	65.000000000000	0.00000000000000
33.590000152588	0.71016669273376	0.25010007619858	65.000000000000	0.00000000000000
33.599998474121	0.71049255132675	0.24985440075397	65.000000000000	0.00000000000000
33.610000610352	0.71081769466400	0.24960875511169	65.000000000000	0.00000000000000
33.619998931885	0.71114200353622	0.24936316907406	65.000000000000	0.00000000000000
33.630001068115	0.71146571636200	0.24911764264107	65.000000000000	0.00000000000000
33.639999389648	0.71178853511810	0.24887214601040	65.000000000000	0.00000000000000
33.650001525879	0.71211069822311	0.24862666428089	65.000000000000	0.00000000000000
33.659999847412	0.71243208646774	0.24838124215603	65.000000000000	0.00000000000000
33.669998168945	0.71275281906128	0.24813590943813	65.000000000000	0.00000000000000
33.680000305176	0.71307283639908	0.24789060652256	65.000000000000	0.00000000000000
33.689998626709	0.71339201927185	0.24764534831047	65.000000000000	0.00000000000000
33.700000762939	0.71371060609818	0.24740016460419	65.000000000000	0.00000000000000
33.709999084473	0.71402841806412	0.24715501070023	65.000000000000	0.00000000000000
33.720001220703	0.71434545516968	0.24690991640091	65.000000000000	0.00000000000000
33.729999542236	0.71466171741486	0.24666486680508	65.000000000000	0.00000000000000
33.740001678467	0.71497744321823	0.24641992151737	65.000000000000	0.00000000000000
33.750000000000	0.71529233455658	0.24617496132851	65.000000000000	0.00000000000000
33.759998321533	0.71560657024384	0.24593007564545	65.000000000000	0.00000000000000
33.770000457764	0.71592009067535	0.24568526446819	65.000000000000	0.00000000000000
33.779998779297	0.71623289585114	0.24544049799442	65.000000000000	0.00000000000000
33.790000915527	0.71654498577118	0.24519582092762	65.000000000000	0.00000000000000
33.799999237061	0.71685636043549	0.24495115876198	65.000000000000	0.00000000000000
33.810001373291	0.71716696023941	0.24470655620098	65.000000000000	0.00000000000000
33.819999694824	0.71747690439224	0.24446202814579	65.000000000000	0.00000000000000
33.830001831055	0.71778619289398	0.24421755969524	65.000000000000	0.00000000000000
33.840000152588	0.71809476613998	0.24397313594818	65.000000000000	0.00000000000000
33.849998474121	0.71840262413025	0.24372878670692	65.000000000000	0.00000000000000
33.860000610352	0.71870982646942	0.24348451197147	65.000000000000	0.00000000000000
33.869998931885	0.71901625394821	0.24324028193951	65.000000000000	0.00000000000000
33.880001068115	0.71932202577591	0.24299612641335	65.000000000000	0.00000000000000
33.889999389648	0.71962714195251	0.24275206029415	65.000000000000	0.00000000000000
33.900001525879	0.71993148326874	0.24250802397728	65.000000000000	0.00000000000000
33.909999847412	0.72023516893387	0.24226403236389	65.000000000000	0.00000000000000
33.919998168945	0.72053819894791	0.24202014505863	65.000000000000	0.00000000000000
33.930000305176	0.72084051370621	0.24177630245686	65.000000000000	0.00000000000000
33.939998626709	0.72114211320877	0.24153254926205	65.000000000000	0.00000000000000
33.950000762939	0.72144311666489	0.24128882586956	65.000000000000	0.00000000000000
33.959999084473	0.72174334526062	0.24104519188404	65.000000000000	0.00000000000000
33.970001220703	0.72204291820526	0.24080166220665	65.000000000000	0.00000000000000
33.979999542236	0.72234189510345	0.24055816233158	65.000000000000	0.00000000000000
33.990001678467	0.72264009714127	0.24031473696232	65.000000000000	0.00000000000000
34.000000000000	0.72293764352798	0.24007140100002	65.000000000000	0.00000000000000
34.009998321533	0.72323453426361	0.23982813954353	65.000000000000	0.00000000000000
34.020000457764	0.72353070974350	0.23958490788937	65.000000000000	0.00000000000000
34.029998779297	0.72382628917694	0.23934181034565	65.000000000000	0.00000000000000
34.040000915527	0.72412109375000	0.23909874260426	65.000000000000	0.00000000000000
34.049999237061	0.72441530227661	0.23885573446751	65.000000000000	0.00000000000000
34.060001373291	0.72470885515213	0.23861286044121	65.000000000000	0.00000000000000
34.069999694824	0.72500169277191	0.23837003111839	65.000000000000	0.00000000000000
34.080001831055	0.72529387474060	0.23812727630138	65.000000000000	0.00000000000000
34.090000152588	0.72558540105820	0.23788459599018	65.000000000000	0.00000000000000
34.099998474121	0.72587633132935	0.23764200508595	65.000000000000	0.00000000000000
34.110000610352	0.72616648674011	0.23739945888519	65.000000000000	0.00000000000000
34.119998931885	0.72645610570908	0.23715706169605	65.000000000000	0.00000000000000
34.130001068115	0.72674500942230	0.23691469430923	65.000000000000	0.00000000000000
34.139999389648	0.72703319787979	0.23667240142822	65.000000000000	0.00000000000000
34.150001525879	0.72732079029083	0.23643022775650	65.000000000000	0.00000000000000
34.159999847412	0.72760772705078	0.23618809878826	65.000000000000	0.00000000000000
34.169998168945	0.72789406776428	0.23594610393047	65.000000000000	0.00000000000000
34.180000305176	0.72817969322205	0.23570413887501	65.000000000000	0.00000000000000
34.189998626709	0.72846466302872	0.23546227812767	65.000000000000	0.00000000000000
34.200000762939	0.72874903678894	0.23522047698498	65.000000000000	0.00000000000000
34.209999084473	0.72903269529343	0.23497882485390	65.000000000000	0.00000000000000
34.220001220703	0.72931569814682	0.23473720252514	65.000000000000	0.00000000000000
34.229999542236	0.72959822416306	0.23449563980103	65.000000000000	0.00000000000000
34.240001678467	0.72988003492355	0.23425413668156	65.000000000000	0.00000000000000
34.250000000000	0.73016113042831	0.23401293158531	65.000000000000	0.00000000000000
34.259998321533	0.73044168949127	0.23377145826817	65.000000000000	0.00000000000000
34.270000457764	0.73072153329849	0.23353032767773	65.000000000000	0.00000000000000
34.279998779297	0.73100066184998	0.23328958451748	65.000000000000	0.00000000000000
34.290000915527	0.73127925395966	0.23304849863052	65.000000000000	0.00000000000000
34.299999237061	0.73155730962753	0.23280745744705	65.000000000000	0.00000000000000
34.310001373291	0.73183447122574	0.23256711661816	65.000000000000	0.00000000000000
34.319999694824	0.73211121559143	0.23232610523701	65.000000000000	0.00000000000000
34.330001831055	0.73238730430603	0.23208585381508	65.000000000000	0.00000000000000
34.340000152588	0.73266285657883	0.23184490203857	65.000000000000	0.00000000000000
34.349998474121	0.73293757438660	0.23160469532013	65.000000000000	0.00000000000000
34.360000610352	0.73321175575256	0.23136433959007	65.000000000000	0.00000000000000
34.369998931885	0.73348540067673	0.23112408816814	65.000000000000	0.00000000000000
34.380001068115	0.73375827074051	0.23088401556015	65.000000000000	0.00000000000000
34.389999389648	0.73403066396713	0.23064398765564	65.000000000000	0.00000000000000
34.400001525879	0.73430240154266	0.23040409386158	65.000000000000	0.00000000000000
34.409999847412	0.73457342386246	0.23016428947449	65.000000000000	0.00000000000000
34.419998168945	0.73484396934509	0.22992457449436	65.000000000000	0.00000000000000
34.430000305176	0.73511391878128	0.22968497872353	65.000000000000	0.00000000000000
34.439998626709	0.73538315296173	0.22944545745850	65.000000000000	0.00000000000000
34.450000762939	0.73565185070038	0.22920608520508	65.000000000000	0.00000000000000
34.459999084473	0.73591989278793	0.22896678745747	65.000000000000	0.00000000000000
34.470001220703	0.73618733882904	0.22872760891914	65.000000000000	0.00000000000000
34.479999542236	0.73645418882370	0.22848850488663	65.000000000000	0.00000000000000
34.490001678467	0.73672050237656	0.22824953496456	65.000000000000	0.00000000000000
34.500000000000	0.73698610067368	0.22801068425179	65.000000000000	0.00000000000000
34.509998321533	0.73725110292435	0.22777193784714	65.000000000000	0.00000000000000
34.520000457764	0.73751556873322	0.22753326594830	65.000000000000	0.00000000000000
34.529998779297	0.73777937889099	0.22729472815990	65.000000000000	0.00000000000000
34.540000915527	0.73804271221161	0.22705633938313	65.000000000000	0.00000000000000
34.549999237061	0.73830538988113	0.22681802511215	65.000000000000	0.00000000000000
34.560001373291	0.73856741189957	0.22657978534698	65.000000000000	0.00000000000000
34.569999694824	0.73882889747620	0.22634172439575	65.000000000000	0.00000000000000
34.580001831055	0.73908984661102	0.22610375285149	65.000000000000	0.00000000000000
34.590000152588	0.73935008049011	0.22586585581303	65.000000000000	0.00000000000000
34.599998474121	0.73960977792740	0.22562815248966	65.000000000000	0.00000000000000
34.610000610352	0.73986893892288	0.22539049386978	65.000000000000	0.00000000000000
34.619998931885	0.74012756347656	0.22515301406384	65.000000000000	0.00000000000000
34.630001068115	0.74038553237915	0.22491560876369	65.000000000000	0.00000000000000
34.639999389648	0.74064290523529	0.22467832267284	65.000000000000	0.00000000000000
34.650001525879	0.74089980125427	0.22444118559361	65.000000000000	0.00000000000000
34.659999847412	0.74115598201752	0.22420413792133	65.000000000000	0.00000000000000
34.669998168945	0.74141168594360	0.22396725416183	65.000000000000	0.00000000000000
34.680000305176	0.74166673421860	0.22373047471046	65.000000000000	0.00000000000000
34.689998626709	0.74192124605179	0.22349381446838	65.000000000000	0.00000000000000
34.700000762939	0.74217528104782	0.22325725853443	65.000000000000	0.00000000000000
34.709999084473	0.74242860078812	0.22302083671093	65.000000000000	0.00000000000000
34.720001220703	0.74268144369125	0.22278453409672	65.000000000000	0.00000000000000
34.729999542236	0.74293369054794	0.22254838049412	65.000000000000	0.00000000000000
34.740001678467	0.74318540096283	0.22231234610081	65.000000000000	0.00000000000000
34.750000000000	0.74343657493591	0.22207641601563	65.000000000000	0.00000000000000
34.759998321533	0.74368721246719	0.22184062004089	65.000000000000	0.00000000000000
34.770000457764	0.74393719434738	0.22160494327545	65.000000000000	0.00000000000000
34.779998779297	0.74418663978577	0.22136941552162	65.000000000000	0.00000000000000
34.790000915527	0.74443560838699	0.22113403677940	65.000000000000	0.00000000000000
34.799999237061	0.74468398094177	0.22089877724648	65.000000000000	0.00000000000000
34.810001373291	0.74493181705475	0.22066362202168	65.000000000000	0.00000000000000
34.819999694824	0.74517899751663	0.22042863070965	65.000000000000	0.00000000000000
34.830001831055	0.74542582035065	0.22019369900227	65.000000000000	0.00000000000000
34.840000152588	0.74567198753357	0.21995897591114	65.000000000000	0.00000000000000
34.849998474121	0.74591761827469	0.21972437202930	65.000000000000	0.00000000000000
34.860000610352	0.74616271257401	0.21948991715908	65.000000000000	0.00000000000000
34.869998931885	0.74640727043152	0.21925556659698	65.000000000000	0.00000000000000
34.880001068115	0.74665135145187	0.21902135014534	65.000000000000	0.00000000000000
34.889999389648	0.74689477682114	0.21878728270531	65.000000000000	0.00000000000000
34.900001525879	0.74713778495789	0.21855337917805	65.000000000000	0.00000000000000
34.909999847412	0.74738013744354	0.21831957995892	65.000000000000	0.00000000000000
34.919998168945	0.74762201309204	0.21808588504791	65.000000000000	0.00000000000000
34.930000305176	0.74786347150803	0.21785238385201	65.000000000000	0.00000000000000
34.939998626709	0.74810433387756	0.21761900186539	65.000000000000	0.00000000000000
34.950000762939	0.74834460020065	0.21738576889038	65.000000000000	0.00000000000000
34.959999084473	0.74858444929123	0.21715267002583	65.000000000000	0.00000000000000
34.970001220703	0.74882370233536	0.21691970527172	65.000000000000	0.00000000000000
34.979999542236	0.74906241893768	0.21668687462807	65.000000000000	0.00000000000000
34.990001678467	0.74930071830750	0.21645423769951	65.000000000000	0.00000000000000
35.000000000000	0.74953848123550	0.21622169017792	65.000000000000	0.00000000000000
