25.000000000000	0.65965831279755	-0.59040844440460	65.000000000000	0.00000000000000
25.010000228882	0.65885829925537	-0.59075260162354	65.000000000000	0.00000000000000
25.020000457764	0.65805602073669	-0.59109598398209	65.000000000000	0.00000000000000
25.030000686646	0.65725165605545	-0.59143865108490	65.000000000000	0.00000000000000
25.040000915527	0.65644496679306	-0.59178054332733	65.000000000000	0.00000000000000
25.049999237061	0.65563631057739	-0.59212160110474	65.000000000000	0.00000000000000
25.059999465942	0.65482538938522	-0.59246176481247	65.000000000000	0.00000000000000
25.069999694824	0.65401226282120	-0.59280115365982	65.000000000000	0.00000000000000
25.079999923706	0.65319699048996	-0.59313982725143	65.000000000000	0.00000000000000
25.090000152588	0.65237957239151	-0.59347754716873	65.000000000000	0.00000000000000
25.100000381470	0.65155988931656	-0.59381437301636	65.000000000000	0.00000000000000
25.110000610352	0.65073806047440	-0.59415042400360	65.000000000000	0.00000000000000
25.120000839233	0.64991408586502	-0.59448552131653	65.000000000000	0.00000000000000
25.129999160767	0.64908796548843	-0.59481978416443	65.000000000000	0.00000000000000
25.139999389648	0.64825952053070	-0.59515303373337	65.000000000000	0.00000000000000
25.149999618530	0.64742910861969	-0.59548538923264	65.000000000000	0.00000000000000
25.159999847412	0.64659625291824	-0.59581691026688	65.000000000000	0.00000000000000
25.170000076294	0.64576125144958	-0.59614735841751	65.000000000000	0.00000000000000
25.180000305176	0.64492422342300	-0.59647697210312	65.000000000000	0.00000000000000
25.190000534058	0.64408499002457	-0.59680551290512	65.000000000000	0.00000000000000
25.200000762939	0.64324343204498	-0.59713310003281	65.000000000000	0.00000000000000
25.209999084473	0.64239966869354	-0.59745967388153	65.000000000000	0.00000000000000
25.219999313354	0.64155375957489	-0.59778523445129	65.000000000000	0.00000000000000
25.229999542236	0.64070576429367	-0.59810984134674	65.000000000000	0.00000000000000
25.239999771118	0.63985550403595	-0.59843337535858	65.000000000000	0.00000000000000
25.250000000000	0.63900291919708	-0.59875595569611	65.000000000000	0.00000000000000
25.260000228882	0.63814824819565	-0.59907734394073	65.000000000000	0.00000000000000
25.270000457764	0.63729137182236	-0.59939765930176	65.000000000000	0.00000000000000
25.280000686646	0.63643234968185	-0.59971702098846	65.000000000000	0.00000000000000
25.290000915527	0.63557106256485	-0.60003519058228	65.000000000000	0.00000000000000
25.299999237061	0.63470762968063	-0.60035228729248	65.000000000000	0.00000000000000
25.309999465942	0.63384199142456	-0.60066819190979	65.000000000000	0.00000000000000
25.319999694824	0.63297414779663	-0.60098314285278	65.000000000000	0.00000000000000
25.329999923706	0.63210403919220	-0.60129684209824	65.000000000000	0.00000000000000
25.340000152588	0.63123178482056	-0.60160946846008	65.000000000000	0.00000000000000
25.350000381470	0.63035732507706	-0.60192084312439	65.000000000000	0.00000000000000
25.360000610352	0.62948077917099	-0.60223114490509	65.000000000000	0.00000000000000
25.370000839233	0.62860190868378	-0.60254019498825	65.000000000000	0.00000000000000
25.379999160767	0.62772095203400	-0.60284811258316	65.000000000000	0.00000000000000
25.389999389648	0.62683773040771	-0.60315465927124	65.000000000000	0.00000000000000
25.399999618530	0.62595224380493	-0.60346019268036	65.000000000000	0.00000000000000
25.409999847412	0.62506473064423	-0.60376441478729	65.000000000000	0.00000000000000
25.420000076294	0.62417483329773	-0.60406738519669	65.000000000000	0.00000000000000
25.430000305176	0.62328290939331	-0.60436910390854	65.000000000000	0.00000000000000
25.440000534058	0.62238860130310	-0.60466980934143	65.000000000000	0.00000000000000
25.450000762939	0.62149262428284	-0.60496866703033	65.000000000000	0.00000000000000
25.459999084473	0.62059396505356	-0.60526674985886	65.000000000000	0.00000000000000
25.469999313354	0.61969304084778	-0.60556364059448	65.000000000000	0.00000000000000
25.479999542236	0.61879026889801	-0.60585874319077	65.000000000000	0.00000000000000
25.489999771118	0.61788523197174	-0.60615271329880	65.000000000000	0.00000000000000
25.500000000000	0.61697787046432	-0.60644549131393	65.000000000000	0.00000000000000
25.510000228882	0.61606848239899	-0.60673677921295	65.000000000000	0.00000000000000
25.520000457764	0.61515647172928	-0.60702717304230	65.000000000000	0.00000000000000
25.530000686646	0.61424297094345	-0.60731554031372	65.000000000000	0.00000000000000
25.540000915527	0.61332690715790	-0.60760289430618	65.000000000000	0.00000000000000
25.549999237061	0.61240875720978	-0.60788875818253	65.000000000000	0.00000000000000
25.559999465942	0.61148834228516	-0.60817337036133	65.000000000000	0.00000000000000
25.569999694824	0.61056584119797	-0.60845643281937	65.000000000000	0.00000000000000
25.579999923706	0.60964101552963	-0.60873824357986	65.000000000000	0.00000000000000
25.590000152588	0.60871416330338	-0.60901850461960	65.000000000000	0.00000000000000
25.600000381470	0.60778504610062	-0.60929751396179	65.000000000000	0.00000000000000
25.610000610352	0.60685384273529	-0.60957491397858	65.000000000000	0.00000000000000
25.620000839233	0.60592037439346	-0.60985094308853	65.000000000000	0.00000000000000
25.629999160767	0.60498481988907	-0.61012542247772	65.000000000000	0.00000000000000
25.639999389648	0.60404700040817	-0.61039865016937	65.000000000000	0.00000000000000
25.649999618530	0.60310715436935	-0.61067014932632	65.000000000000	0.00000000000000
25.659999847412	0.60216522216797	-0.61094003915787	65.000000000000	0.00000000000000
25.670000076294	0.60122108459473	-0.61120861768723	65.000000000000	0.00000000000000
25.680000305176	0.60027426481247	-0.61147606372833	65.000000000000	0.00000000000000
25.690000534058	0.59932607412338	-0.61174124479294	65.000000000000	0.00000000000000
25.700000762939	0.59837532043457	-0.61200547218323	65.000000000000	0.00000000000000
25.709999084473	0.59742248058319	-0.61226791143417	65.000000000000	0.00000000000000
25.719999313354	0.59646737575531	-0.61252892017365	65.000000000000	0.00000000000000
25.729999542236	0.59551024436951	-0.61278831958771	65.000000000000	0.00000000000000
25.739999771118	0.59455084800720	-0.61304622888565	65.000000000000	0.00000000000000
25.750000000000	0.59358942508698	-0.61330240964890	65.000000000000	0.00000000000000
25.760000228882	0.59262573719025	-0.61355715990067	65.000000000000	0.00000000000000
25.770000457764	0.59166002273560	-0.61381012201309	65.000000000000	0.00000000000000
25.780000686646	0.59069198369980	-0.61406165361404	65.000000000000	0.00000000000000
25.790000915527	0.58972191810608	-0.61431139707565	65.000000000000	0.00000000000000
25.799999237061	0.58874970674515	-0.61455959081650	65.000000000000	0.00000000000000
25.809999465942	0.58777534961700	-0.61480611562729	65.000000000000	0.00000000000000
25.819999694824	0.58679896593094	-0.61505109071732	65.000000000000	0.00000000000000
25.829999923706	0.58582031726837	-0.61529433727264	65.000000000000	0.00000000000000
25.840000152588	0.58483946323395	-0.61553591489792	65.000000000000	0.00000000000000
25.850000381470	0.58385658264160	-0.61577588319778	65.000000000000	0.00000000000000
25.860000610352	0.58287155628204	-0.61601412296295	65.000000000000	0.00000000000000
25.870000839233	0.58188438415527	-0.61625069379807	65.000000000000	0.00000000000000
25.879999160767	0.58089494705200	-0.61648553609848	65.000000000000	0.00000000000000
25.889999389648	0.57990354299545	-0.61671864986420	65.000000000000	0.00000000000000
25.899999618530	0.57890999317169	-0.61695003509521	65.000000000000	0.00000000000000
25.909999847412	0.57791435718536	-0.61717963218689	65.000000000000	0.00000000000000
25.920000076294	0.57691651582718	-0.61740767955780	65.000000000000	0.00000000000000
25.930000305176	0.57591652870178	-0.61763387918472	65.000000000000	0.00000000000000
25.940000534058	0.57491445541382	-0.61785829067230	65.000000000000	0.00000000000000
25.950000762939	0.57391029596329	-0.61808091402054	65.000000000000	0.00000000000000
25.959999084473	0.57290399074554	-0.61830174922943	65.000000000000	0.00000000000000
25.969999313354	0.57189565896988	-0.61852079629898	65.000000000000	0.00000000000000
25.979999542236	0.57088500261307	-0.61873805522919	65.000000000000	0.00000000000000
25.989999771118	0.56987243890762	-0.61895352602005	65.000000000000	0.00000000000000
26.000000000000	0.56885766983032	-0.61916720867157	65.000000000000	0.00000000000000
26.010000228882	0.56784075498581	-0.61937898397446	65.000000000000	0.00000000000000
26.020000457764	0.56682163476944	-0.61958897113800	65.000000000000	0.00000000000000
26.030000686646	0.56580060720444	-0.61979711055756	65.000000000000	0.00000000000000
26.040000915527	0.56477743387222	-0.62000340223312	65.000000000000	0.00000000000000
26.049999237061	0.56375211477280	-0.62020772695541	65.000000000000	0.00000000000000
26.059999465942	0.56272464990616	-0.62041020393372	65.000000000000	0.00000000000000
26.069999694824	0.56169503927231	-0.62061089277267	65.000000000000	0.00000000000000
26.079999923706	0.56066352128983	-0.62080961465836	65.000000000000	0.00000000000000
26.090000152588	0.55962967872620	-0.62100642919540	65.000000000000	0.00000000000000
26.100000381470	0.55859386920929	-0.62120133638382	65.000000000000	0.00000000000000
26.110000610352	0.55755591392517	-0.62139427661896	65.000000000000	0.00000000000000
26.120000839233	0.55651599168777	-0.62158530950546	65.000000000000	0.00000000000000
26.129999160767	0.55547380447388	-0.62177449464798	65.000000000000	0.00000000000000
26.139999389648	0.55442959070206	-0.62196165323257	65.000000000000	0.00000000000000
26.149999618530	0.55338323116302	-0.62214678525925	65.000000000000	0.00000000000000
26.159999847412	0.55233490467072	-0.62232995033264	65.000000000000	0.00000000000000
26.170000076294	0.55128437280655	-0.62251114845276	65.000000000000	0.00000000000000
26.180000305176	0.55023187398911	-0.62269043922424	65.000000000000	0.00000000000000
26.190000534058	0.54917711019516	-0.62286764383316	65.000000000000	0.00000000000000
26.200000762939	0.54812037944794	-0.62304282188416	65.000000000000	0.00000000000000
26.209999084473	0.54706144332886	-0.62321603298187	65.000000000000	0.00000000000000
26.219999313354	0.54600059986115	-0.62338715791702	65.000000000000	0.00000000000000
26.229999542236	0.54493755102158	-0.62355625629425	65.000000000000	0.00000000000000
26.239999771118	0.54387259483337	-0.62372326850891	65.000000000000	0.00000000000000
26.250000000000	0.54280537366867	-0.62388825416565	65.000000000000	0.00000000000000
26.260000228882	0.54173606634140	-0.62405109405518	65.000000000000	0.00000000000000
26.270000457764	0.54066485166550	-0.62421190738678	65.000000000000	0.00000000000000
26.280000686646	0.53959143161774	-0.62437063455582	65.000000000000	0.00000000000000
26.290000915527	0.53851592540741	-0.62452727556229	65.000000000000	0.00000000000000
26.299999237061	0.53743839263916	-0.62468171119690	65.000000000000	0.00000000000000
26.309999465942	0.53635889291763	-0.62483406066895	65.000000000000	0.00000000000000
26.319999694824	0.53527718782425	-0.62498432397842	65.000000000000	0.00000000000000
26.329999923706	0.53419345617294	-0.62513238191605	65.000000000000	0.00000000000000
26.340000152588	0.53310757875443	-0.62527829408646	65.000000000000	0.00000000000000
26.350000381470	0.53201973438263	-0.62542206048965	65.000000000000	0.00000000000000
26.360000610352	0.53092974424362	-0.62556362152100	65.000000000000	0.00000000000000
26.370000839233	0.52983778715134	-0.62570297718048	65.000000000000	0.00000000000000
26.379999160767	0.52874374389648	-0.62584018707275	65.000000000000	0.00000000000000
26.389999389648	0.52764761447906	-0.62597513198853	65.000000000000	0.00000000000000
26.399999618530	0.52654939889908	-0.62610781192780	65.000000000000	0.00000000000000
26.409999847412	0.52544933557510	-0.62623828649521	65.000000000000	0.00000000000000
26.420000076294	0.52434694766998	-0.62636655569077	65.000000000000	0.00000000000000
26.430000305176	0.52324271202087	-0.62649255990982	65.000000000000	0.00000000000000
26.440000534058	0.52213627099991	-0.62661635875702	65.000000000000	0.00000000000000
26.450000762939	0.52102792263031	-0.62673777341843	65.000000000000	0.00000000000000
26.459999084473	0.51991730928421	-0.62685698270798	65.000000000000	0.00000000000000
26.469999313354	0.51880478858948	-0.62697380781174	65.000000000000	0.00000000000000
26.479999542236	0.51769018173218	-0.62708836793900	65.000000000000	0.00000000000000
26.489999771118	0.51657372713089	-0.62720066308975	65.000000000000	0.00000000000000
26.500000000000	0.51545494794846	-0.62731045484543	65.000000000000	0.00000000000000
26.510000228882	0.51433438062668	-0.62741804122925	65.000000000000	0.00000000000000
26.520000457764	0.51321172714233	-0.62752318382263	65.000000000000	0.00000000000000
26.530000686646	0.51208686828613	-0.62762606143951	65.000000000000	0.00000000000000
26.540000915527	0.51096010208130	-0.62772649526596	65.000000000000	0.00000000000000
26.549999237061	0.50983130931854	-0.62782454490662	65.000000000000	0.00000000000000
26.559999465942	0.50870048999786	-0.62792021036148	65.000000000000	0.00000000000000
26.569999694824	0.50756752490997	-0.62801343202591	65.000000000000	0.00000000000000
26.579999923706	0.50643265247345	-0.62810426950455	65.000000000000	0.00000000000000
26.590000152588	0.50529575347900	-0.62819266319275	65.000000000000	0.00000000000000
26.600000381470	0.50415694713593	-0.62827861309052	65.000000000000	0.00000000000000
26.610000610352	0.50301581621170	-0.62836205959320	65.000000000000	0.00000000000000
26.620000839233	0.50187289714813	-0.62844312191010	65.000000000000	0.00000000000000
26.629999160767	0.50072783231735	-0.62852156162262	65.000000000000	0.00000000000000
26.639999389648	0.49958094954491	-0.62859761714935	65.000000000000	0.00000000000000
26.649999618530	0.49843192100525	-0.62867110967636	65.000000000000	0.00000000000000
26.659999847412	0.49728089570999	-0.62874209880829	65.000000000000	0.00000000000000
26.670000076294	0.49612787365913	-0.62881058454514	65.000000000000	0.00000000000000
26.680000305176	0.49497288465500	-0.62887644767761	65.000000000000	0.00000000000000
26.690000534058	0.49381580948830	-0.62893980741501	65.000000000000	0.00000000000000
26.700000762939	0.49265685677528	-0.62900060415268	65.000000000000	0.00000000000000
26.709999084473	0.49149581789970	-0.62905871868134	65.000000000000	0.00000000000000
26.719999313354	0.49033284187317	-0.62911438941956	65.000000000000	0.00000000000000
26.729999542236	0.48916774988174	-0.62916731834412	65.000000000000	0.00000000000000
26.739999771118	0.48800083994865	-0.62921768426895	65.000000000000	0.00000000000000
26.750000000000	0.48683184385300	-0.62926542758942	65.000000000000	0.00000000000000
26.760000228882	0.48566094040871	-0.62931054830551	65.000000000000	0.00000000000000
26.770000457764	0.48448798060417	-0.62935292720795	65.000000000000	0.00000000000000
26.780000686646	0.48331305384636	-0.62939274311066	65.000000000000	0.00000000000000
26.790000915527	0.48213618993759	-0.62942981719971	65.000000000000	0.00000000000000
26.799999237061	0.48095732927322	-0.62946420907974	65.000000000000	0.00000000000000
26.809999465942	0.47977650165558	-0.62949579954147	65.000000000000	0.00000000000000
26.819999694824	0.47859379649162	-0.62952470779419	65.000000000000	0.00000000000000
26.829999923706	0.47740900516510	-0.62955093383789	65.000000000000	0.00000000000000
26.840000152588	0.47622236609459	-0.62957441806793	65.000000000000	0.00000000000000
26.850000381470	0.47503370046616	-0.62959510087967	65.000000000000	0.00000000000000
26.860000610352	0.47384312748909	-0.62961298227310	65.000000000000	0.00000000000000
26.870000839233	0.47265037894249	-0.62962812185287	65.000000000000	0.00000000000000
26.879999160767	0.47145593166351	-0.62964040040970	65.000000000000	0.00000000000000
26.889999389648	0.47025960683823	-0.62964987754822	65.000000000000	0.00000000000000
26.899999618530	0.46906125545502	-0.62965655326843	65.000000000000	0.00000000000000
26.909999847412	0.46786081790924	-0.62966036796570	65.000000000000	0.00000000000000
26.920000076294	0.46665868163109	-0.62966132164001	65.000000000000	0.00000000000000
26.930000305176	0.46545448899269	-0.62965941429138	65.000000000000	0.00000000000000
26.940000534058	0.46424850821495	-0.62965458631516	65.000000000000	0.00000000000000
26.950000762939	0.46304053068161	-0.62964689731598	65.000000000000	0.00000000000000
26.959999084473	0.46183058619499	-0.62963628768921	65.000000000000	0.00000000000000
26.969999313354	0.46061870455742	-0.62962269783020	65.000000000000	0.00000000000000
26.979999542236	0.45940503478050	-0.62960624694824	65.000000000000	0.00000000000000
26.989999771118	0.45818936824799	-0.62958675622940	65.000000000000	0.00000000000000
27.000000000000	0.45697194337845	-0.62956434488297	65.000000000000	0.00000000000000
27.010000228882	0.45575255155563	-0.62953889369965	65.000000000000	0.00000000000000
27.020000457764	0.45453125238419	-0.62951052188873	65.000000000000	0.00000000000000
27.030000686646	0.45330801606178	-0.62947916984558	65.000000000000	0.00000000000000
27.040000915527	0.45208302140236	-0.62944465875626	65.000000000000	0.00000000000000
27.049999237061	0.45085614919662	-0.62940716743469	65.000000000000	0.00000000000000
27.059999465942	0.44962731003761	-0.62936663627625	65.000000000000	0.00000000000000
27.069999694824	0.44839665293694	-0.62932300567627	65.000000000000	0.00000000000000
27.079999923706	0.44716423749924	-0.62927627563477	65.000000000000	0.00000000000000
27.090000152588	0.44592991471291	-0.62922644615173	65.000000000000	0.00000000000000
27.100000381470	0.44469371438026	-0.62917357683182	65.000000000000	0.00000000000000
27.110000610352	0.44345566630363	-0.62911748886108	65.000000000000	0.00000000000000
27.120000839233	0.44221577048302	-0.62905830144882	65.000000000000	0.00000000000000
27.129999160767	0.44097417593002	-0.62899595499039	65.000000000000	0.00000000000000
27.139999389648	0.43973061442375	-0.62893038988113	65.000000000000	0.00000000000000
27.149999618530	0.43848526477814	-0.62886172533035	65.000000000000	0.00000000000000
27.159999847412	0.43723818659782	-0.62878972291946	65.000000000000	0.00000000000000
27.170000076294	0.43598926067352	-0.62871456146240	65.000000000000	0.00000000000000
27.180000305176	0.43473857641220	-0.62863624095917	65.000000000000	0.00000000000000
27.190000534058	0.43348598480225	-0.62855458259583	65.000000000000	0.00000000000000
27.200000762939	0.43223169445992	-0.62846964597702	65.000000000000	0.00000000000000
27.209999084473	0.43097555637360	-0.62838155031204	65.000000000000	0.00000000000000
27.219999313354	0.42971765995026	-0.62828999757767	65.000000000000	0.00000000000000
27.229999542236	0.42845800518990	-0.62819522619247	65.000000000000	0.00000000000000
27.239999771118	0.42719671130180	-0.62809711694717	65.000000000000	0.00000000000000
27.250000000000	0.42593356966972	-0.62799566984177	65.000000000000	0.00000000000000
27.260000228882	0.42466863989830	-0.62789082527161	65.000000000000	0.00000000000000
27.270000457764	0.42340198159218	-0.62778264284134	65.000000000000	0.00000000000000
27.280000686646	0.42213359475136	-0.62767106294632	65.000000000000	0.00000000000000
27.290000915527	0.42086350917816	-0.62755608558655	65.000000000000	0.00000000000000
27.299999237061	0.41959169507027	-0.62743771076202	65.000000000000	0.00000000000000
27.309999465942	0.41831824183464	-0.62731587886810	65.000000000000	0.00000000000000
27.319999694824	0.41704300045967	-0.62719058990479	65.000000000000	0.00000000000000
27.329999923706	0.41576614975929	-0.62706184387207	65.000000000000	0.00000000000000
27.340000152588	0.41448763012886	-0.62692964076996	65.000000000000	0.00000000000000
27.350000381470	0.41320744156837	-0.62679386138916	65.000000000000	0.00000000000000
27.360000610352	0.41192540526390	-0.62665462493896	65.000000000000	0.00000000000000
27.370000839233	0.41064190864563	-0.62651187181473	65.000000000000	0.00000000000000
27.379999160767	0.40935662388802	-0.62636554241180	65.000000000000	0.00000000000000
27.389999389648	0.40806970000267	-0.62621563673019	65.000000000000	0.00000000000000
27.399999618530	0.40678119659424	-0.62606221437454	65.000000000000	0.00000000000000
27.409999847412	0.40549123287201	-0.62590515613556	65.000000000000	0.00000000000000
27.420000076294	0.40419939160347	-0.62574452161789	65.000000000000	0.00000000000000
27.430000305176	0.40290609002113	-0.62558031082153	65.000000000000	0.00000000000000
27.440000534058	0.40161123871803	-0.62541234493256	65.000000000000	0.00000000000000
27.450000762939	0.40031468868256	-0.62524080276489	65.000000000000	0.00000000000000
27.459999084473	0.39901638031006	-0.62506556510925	65.000000000000	0.00000000000000
27.469999313354	0.39771673083305	-0.62488663196564	65.000000000000	0.00000000000000
27.479999542236	0.39641571044922	-0.62470394372940	65.000000000000	0.00000000000000
27.489999771118	0.39511284232140	-0.62451761960983	65.000000000000	0.00000000000000
27.500000000000	0.39380863308907	-0.62432754039764	65.000000000000	0.00000000000000
27.510000228882	0.39250260591507	-0.62413370609283	65.000000000000	0.00000000000000
27.520000457764	0.39119523763657	-0.62393617630005	65.000000000000	0.00000000000000
27.530000686646	0.38988643884659	-0.62373477220535	65.000000000000	0.00000000000000
27.540000915527	0.38857600092888	-0.62352961301804	65.000000000000	0.00000000000000
27.549999237061	0.38726425170898	-0.62332057952881	65.000000000000	0.00000000000000
27.559999465942	0.38595095276833	-0.62310779094696	65.000000000000	0.00000000000000
27.569999694824	0.38463616371155	-0.62289112806320	65.000000000000	0.00000000000000
27.579999923706	0.38331988453865	-0.62267053127289	65.000000000000	0.00000000000000
27.590000152588	0.38200229406357	-0.62244617938995	65.000000000000	0.00000000000000
27.600000381470	0.38068321347237	-0.62221783399582	65.000000000000	0.00000000000000
27.610000610352	0.37936252355576	-0.62198567390442	65.000000000000	0.00000000000000
27.620000839233	0.37804070115089	-0.62174946069717	65.000000000000	0.00000000000000
27.629999160767	0.37671732902527	-0.62150937318802	65.000000000000	0.00000000000000
27.639999389648	0.37539276480675	-0.62126529216766	65.000000000000	0.00000000000000
27.649999618530	0.37406656146049	-0.62101733684540	65.000000000000	0.00000000000000
27.659999847412	0.37273919582367	-0.62076526880264	65.000000000000	0.00000000000000
27.670000076294	0.37141039967537	-0.62050926685333	65.000000000000	0.00000000000000
27.680000305176	0.37008017301559	-0.62024927139282	65.000000000000	0.00000000000000
27.690000534058	0.36874878406525	-0.61998516321182	65.000000000000	0.00000000000000
27.700000762939	0.36741611361504	-0.61971700191498	65.000000000000	0.00000000000000
27.709999084473	0.36608210206032	-0.61944490671158	65.000000000000	0.00000000000000
27.719999313354	0.36474677920341	-0.61916857957840	65.000000000000	0.00000000000000
27.729999542236	0.36341029405594	-0.61888813972473	65.000000000000	0.00000000000000
27.739999771118	0.36207240819931	-0.61860370635986	65.000000000000	0.00000000000000
27.750000000000	0.36073321104050	-0.61831504106522	65.000000000000	0.00000000000000
27.760000228882	0.35939294099808	-0.61802226305008	65.000000000000	0.00000000000000
27.770000457764	0.35805150866508	-0.61772531270981	65.000000000000	0.00000000000000
27.780000686646	0.35670876502991	-0.61742413043976	65.000000000000	0.00000000000000
27.790000915527	0.35536491870880	-0.61711889505386	65.000000000000	0.00000000000000
27.799999237061	0.35401976108551	-0.61680924892426	65.000000000000	0.00000000000000
27.809999465942	0.35267364978790	-0.61649554967880	65.000000000000	0.00000000000000
27.819999694824	0.35132628679276	-0.61617755889893	65.000000000000	0.00000000000000
27.829999923706	0.34997782111168	-0.61585521697998	65.000000000000	0.00000000000000
27.840000152588	0.34862816333771	-0.61552870273590	65.000000000000	0.00000000000000
27.850000381470	0.34727761149406	-0.61519789695740	65.000000000000	0.00000000000000
27.860000610352	0.34592580795288	-0.61486274003983	65.000000000000	0.00000000000000
27.870000839233	0.34457302093506	-0.61452329158783	65.000000000000	0.00000000000000
27.879999160767	0.34321913123131	-0.61417949199677	65.000000000000	0.00000000000000
27.889999389648	0.34186428785324	-0.61383134126663	65.000000000000	0.00000000000000
27.899999618530	0.34050840139389	-0.61347889900208	65.000000000000	0.00000000000000
27.909999847412	0.33915135264397	-0.61312198638916	65.000000000000	0.00000000000000
27.920000076294	0.33779352903366	-0.61276066303253	65.000000000000	0.00000000000000
27.930000305176	0.33643460273743	-0.61239498853683	65.000000000000	0.00000000000000
27.940000534058	0.33507478237152	-0.61202484369278	65.000000000000	0.00000000000000
27.950000762939	0.33371403813362	-0.61165028810501	65.000000000000	0.00000000000000
27.959999084473	0.33235245943069	-0.61127132177353	65.000000000000	0.00000000000000
27.969999313354	0.33098965883255	-0.61088782548904	65.000000000000	0.00000000000000
27.979999542236	0.32962632179260	-0.61049979925156	65.000000000000	0.00000000000000
27.989999771118	0.32826203107834	-0.61010736227036	65.000000000000	0.00000000000000
28.000000000000	0.32689672708511	-0.60971039533615	65.000000000000	0.00000000000000
28.010000228882	0.32553079724312	-0.60930883884430	65.000000000000	0.00000000000000
28.020000457764	0.32416394352913	-0.60890281200409	65.000000000000	0.00000000000000
28.030000686646	0.32279631495476	-0.60849213600159	65.000000000000	0.00000000000000
28.040000915527	0.32142794132233	-0.60807698965073	65.000000000000	0.00000000000000
28.049999237061	0.32005882263184	-0.60765725374222	65.000000000000	0.00000000000000
28.059999465942	0.31868880987167	-0.60723280906677	65.000000000000	0.00000000000000
28.069999694824	0.31731832027435	-0.60680383443832	65.000000000000	0.00000000000000
28.079999923706	0.31594693660736	-0.60637021064758	65.000000000000	0.00000000000000
28.090000152588	0.31457492709160	-0.60593187808990	65.000000000000	0.00000000000000
28.100000381470	0.31320208311081	-0.60548895597458	65.000000000000	0.00000000000000
28.110000610352	0.31182897090912	-0.60504144430161	65.000000000000	0.00000000000000
28.120000839233	0.31045505404472	-0.60458910465240	65.000000000000	0.00000000000000
28.129999160767	0.30908039212227	-0.60413211584091	65.000000000000	0.00000000000000
28.139999389648	0.30770534276962	-0.60367041826248	65.000000000000	0.00000000000000
28.149999618530	0.30632954835892	-0.60320401191711	65.000000000000	0.00000000000000
28.159999847412	0.30495309829712	-0.60273289680481	65.000000000000	0.00000000000000
28.170000076294	0.30357655882835	-0.60225683450699	65.000000000000	0.00000000000000
28.180000305176	0.30219909548759	-0.60177618265152	65.000000000000	0.00000000000000
28.190000534058	0.30082130432129	-0.60129076242447	65.000000000000	0.00000000000000
28.200000762939	0.29944315552711	-0.60080039501190	65.000000000000	0.00000000000000
28.209999084473	0.29806444048882	-0.60030531883240	65.000000000000	0.00000000000000
28.219999313354	0.29668515920639	-0.59980547428131	65.000000000000	0.00000000000000
28.229999542236	0.29530560970306	-0.59930074214935	65.000000000000	0.00000000000000
28.239999771118	0.29392552375793	-0.59879118204117	65.000000000000	0.00000000000000
28.250000000000	0.29254555702209	-0.59827667474747	65.000000000000	0.00000000000000
28.260000228882	0.29116475582123	-0.59775739908218	65.000000000000	0.00000000000000
28.270000457764	0.28978353738785	-0.59723335504532	65.000000000000	0.00000000000000
28.280000686646	0.28840237855911	-0.59670418500900	65.000000000000	0.00000000000000
28.290000915527	0.28702083230019	-0.59617018699646	65.000000000000	0.00000000000000
28.299999237061	0.28563913702965	-0.59563118219376	65.000000000000	0.00000000000000
28.309999465942	0.28425708413124	-0.59508740901947	65.000000000000	0.00000000000000
28.319999694824	0.28287464380264	-0.59453868865967	65.000000000000	0.00000000000000
28.329999923706	0.28149214386940	-0.59398496150970	65.000000000000	0.00000000000000
28.340000152588	0.28010961413383	-0.59342616796494	65.000000000000	0.00000000000000
28.350000381470	0.27872675657272	-0.59286254644394	65.000000000000	0.00000000000000
28.360000610352	0.27734392881393	-0.59229385852814	65.000000000000	0.00000000000000
28.370000839233	0.27596080303192	-0.59172022342682	65.000000000000	0.00000000000000
28.379999160767	0.27457773685455	-0.59114152193069	65.000000000000	0.00000000000000
28.389999389648	0.27319473028183	-0.59055781364441	65.000000000000	0.00000000000000
28.399999618530	0.27181154489517	-0.58996903896332	65.000000000000	0.00000000000000
28.409999847412	0.27042815089226	-0.58937537670135	65.000000000000	0.00000000000000
28.420000076294	0.26904517412186	-0.58877640962601	65.000000000000	0.00000000000000
28.430000305176	0.26766178011894	-0.58817261457443	65.000000000000	0.00000000000000
28.440000534058	0.26627880334854	-0.58756351470947	65.000000000000	0.00000000000000
28.450000762939	0.26489579677582	-0.58694952726364	65.000000000000	0.00000000000000
28.459999084473	0.26351323723793	-0.58633017539978	65.000000000000	0.00000000000000
28.469999313354	0.26213008165359	-0.58570605516434	65.000000000000	0.00000000000000
28.479999542236	0.26074776053429	-0.58507657051086	65.000000000000	0.00000000000000
28.489999771118	0.25936540961266	-0.58444201946259	65.000000000000	0.00000000000000
28.500000000000	0.25798308849335	-0.58380240201950	65.000000000000	0.00000000000000
28.510000228882	0.25660109519958	-0.58315765857697	65.000000000000	0.00000000000000
28.520000457764	0.25521945953369	-0.58250766992569	65.000000000000	0.00000000000000
28.530000686646	0.25383818149567	-0.58185243606567	65.000000000000	0.00000000000000
28.540000915527	0.25245669484138	-0.58119231462479	65.000000000000	0.00000000000000
28.549999237061	0.25107622146606	-0.58052670955658	65.000000000000	0.00000000000000
28.559999465942	0.24969561398029	-0.57985609769821	65.000000000000	0.00000000000000
28.569999694824	0.24831573665142	-0.57918012142181	65.000000000000	0.00000000000000
28.579999923706	0.24693605303764	-0.57849901914597	65.000000000000	0.00000000000000
28.590000152588	0.24555690586567	-0.57781273126602	65.000000000000	0.00000000000000
28.600000381470	0.24417796730995	-0.57712119817734	65.000000000000	0.00000000000000
28.610000610352	0.24279972910881	-0.57642441987991	65.000000000000	0.00000000000000
28.620000839233	0.24142195284367	-0.57572239637375	65.000000000000	0.00000000000000
28.629999160767	0.24004474282265	-0.57501518726349	65.000000000000	0.00000000000000
28.639999389648	0.23866800963879	-0.57430267333984	65.000000000000	0.00000000000000
28.649999618530	0.23729208111763	-0.57358485460281	65.000000000000	0.00000000000000
28.659999847412	0.23591652512550	-0.57286185026169	65.000000000000	0.00000000000000
28.670000076294	0.23454168438911	-0.57213348150253	65.000000000000	0.00000000000000
28.680000305176	0.23316754400730	-0.57139986753464	65.000000000000	0.00000000000000
28.690000534058	0.23179413378239	-0.57066094875336	65.000000000000	0.00000000000000
28.700000762939	0.23042151331902	-0.56991678476334	65.000000000000	0.00000000000000
28.709999084473	0.22904939949512	-0.56916725635529	65.000000000000	0.00000000000000
28.719999313354	0.22767820954323	-0.56841242313385	65.000000000000	0.00000000000000
28.729999542236	0.22630786895752	-0.56765228509903	65.000000000000	0.00000000000000
28.739999771118	0.22493825852871	-0.56688678264618	65.000000000000	0.00000000000000
28.750000000000	0.22356952726841	-0.56611597537994	65.000000000000	0.00000000000000
28.760000228882	0.22220169007778	-0.56533986330032	65.000000000000	0.00000000000000
28.770000457764	0.22083479166031	-0.56455838680267	65.000000000000	0.00000000000000
28.780000686646	0.21946886181831	-0.56377154588699	65.000000000000	0.00000000000000
28.790000915527	0.21810378134251	-0.56297940015793	65.000000000000	0.00000000000000
28.799999237061	0.21673981845379	-0.56218183040619	65.000000000000	0.00000000000000
28.809999465942	0.21537677943707	-0.56137895584106	65.000000000000	0.00000000000000
28.819999694824	0.21401491761208	-0.56057065725327	65.000000000000	0.00000000000000
28.829999923706	0.21265402436256	-0.55975705385208	65.000000000000	0.00000000000000
28.840000152588	0.21129421889782	-0.55893802642822	65.000000000000	0.00000000000000
28.850000381470	0.20993568003178	-0.55811363458633	65.000000000000	0.00000000000000
28.860000610352	0.20857816934586	-0.55728387832642	65.000000000000	0.00000000000000
28.870000839233	0.20722185075283	-0.55644869804382	65.000000000000	0.00000000000000
28.879999160767	0.20586685836315	-0.55560815334320	65.000000000000	0.00000000000000
28.889999389648	0.20451311767101	-0.55476224422455	65.000000000000	0.00000000000000
28.899999618530	0.20316049456596	-0.55391091108322	65.000000000000	0.00000000000000
28.909999847412	0.20180928707123	-0.55305415391922	65.000000000000	0.00000000000000
28.920000076294	0.20045939087868	-0.55219197273254	65.000000000000	0.00000000000000
28.930000305176	0.19911096990108	-0.55132442712784	65.000000000000	0.00000000000000
28.940000534058	0.19776378571987	-0.55045151710510	65.000000000000	0.00000000000000
28.950000762939	0.19641810655594	-0.54957312345505	65.000000000000	0.00000000000000
28.959999084473	0.19507385790348	-0.54868936538696	65.000000000000	0.00000000000000
28.969999313354	0.19373115897179	-0.54780018329620	65.000000000000	0.00000000000000
28.979999542236	0.19238983094692	-0.54690563678741	65.000000000000	0.00000000000000
28.989999771118	0.19105009734631	-0.54600554704666	65.000000000000	0.00000000000000
29.000000000000	0.18971201777458	-0.54510009288788	65.000000000000	0.00000000000000
29.010000228882	0.18837536871433	-0.54418927431107	65.000000000000	0.00000000000000
29.020000457764	0.18704053759575	-0.54327303171158	65.000000000000	0.00000000000000
29.030000686646	0.18570730090141	-0.54235130548477	65.000000000000	0.00000000000000
29.040000915527	0.18437568843365	-0.54142421483994	65.000000000000	0.00000000000000
29.049999237061	0.18304574489594	-0.54049170017242	65.000000000000	0.00000000000000
29.059999465942	0.18171773850918	-0.53955376148224	65.000000000000	0.00000000000000
29.069999694824	0.18039128184319	-0.53861033916473	65.000000000000	0.00000000000000
29.079999923706	0.17906683683395	-0.53766155242920	65.000000000000	0.00000000000000
29.090000152588	0.17774401605129	-0.53670734167099	65.000000000000	0.00000000000000
29.100000381470	0.17642320692539	-0.53574764728546	65.000000000000	0.00000000000000
29.110000610352	0.17510424554348	-0.53478258848190	65.000000000000	0.00000000000000
29.120000839233	0.17378722131252	-0.53381210565567	65.000000000000	0.00000000000000
29.129999160767	0.17247208952904	-0.53283625841141	65.000000000000	0.00000000000000
29.139999389648	0.17115922272205	-0.53185486793518	65.000000000000	0.00000000000000
29.149999618530	0.16984799504280	-0.53086817264557	65.000000000000	0.00000000000000
29.159999847412	0.16853900253773	-0.52987605333328	65.000000000000	0.00000000000000
29.170000076294	0.16723208129406	-0.52887850999832	65.000000000000	0.00000000000000
29.180000305176	0.16592717170715	-0.52787554264069	65.000000000000	0.00000000000000
29.190000534058	0.16462455689907	-0.52686721086502	65.000000000000	0.00000000000000
29.200000762939	0.16332398355007	-0.52585345506668	65.000000000000	0.00000000000000
29.209999084473	0.16202558577061	-0.52483427524567	65.000000000000	0.00000000000000
29.219999313354	0.16072957217693	-0.52380973100662	65.000000000000	0.00000000000000
29.229999542236	0.15943568944931	-0.52277976274490	65.000000000000	0.00000000000000
29.239999771118	0.15814410150051	-0.52174448966980	65.000000000000	0.00000000000000
29.250000000000	0.15685495734215	-0.52070379257202	65.000000000000	0.00000000000000
29.260000228882	0.15556800365448	-0.51965767145157	65.000000000000	0.00000000000000
29.270000457764	0.15428355336189	-0.51860618591309	65.000000000000	0.00000000000000
29.280000686646	0.15300136804581	-0.51754933595657	65.000000000000	0.00000000000000
29.290000915527	0.15172174572945	-0.51648718118668	65.000000000000	0.00000000000000
29.299999237061	0.15044456720352	-0.51541960239410	65.000000000000	0.00000000000000
29.309999465942	0.14916984736919	-0.51434665918350	65.000000000000	0.00000000000000
29.319999694824	0.14789777994156	-0.51326835155487	65.000000000000	0.00000000000000
29.329999923706	0.14662808179855	-0.51218473911285	65.000000000000	0.00000000000000
29.340000152588	0.14536109566689	-0.51109576225281	65.000000000000	0.00000000000000
29.350000381470	0.14409668743610	-0.51000148057938	65.000000000000	0.00000000000000
29.360000610352	0.14283500611782	-0.50890183448792	65.000000000000	0.00000000000000
29.370000839233	0.14157597720623	-0.50779688358307	65.000000000000	0.00000000000000
29.379999160767	0.14031969010830	-0.50668656826019	65.000000000000	0.00000000000000
29.389999389648	0.13906601071358	-0.50557100772858	65.000000000000	0.00000000000000
29.399999618530	0.13781517744064	-0.50445014238358	65.000000000000	0.00000000000000
29.409999847412	0.13656732439995	-0.50332391262054	65.000000000000	0.00000000000000
29.420000076294	0.13532212376595	-0.50219249725342	65.000000000000	0.00000000000000
29.430000305176	0.13407984375954	-0.50105577707291	65.000000000000	0.00000000000000
29.440000534058	0.13284049928188	-0.49991372227669	65.000000000000	0.00000000000000
29.450000762939	0.13160403072834	-0.49876651167870	65.000000000000	0.00000000000000
29.459999084473	0.13037055730820	-0.49761399626732	65.000000000000	0.00000000000000
29.469999313354	0.12914010882378	-0.49645620584488	65.000000000000	0.00000000000000
29.479999542236	0.12791271507740	-0.49529314041138	65.000000000000	0.00000000000000
29.489999771118	0.12668827176094	-0.49412488937378	65.000000000000	0.00000000000000
29.500000000000	0.12546695768833	-0.49295148253441	65.000000000000	0.00000000000000
29.510000228882	0.12424876540899	-0.49177277088165	65.000000000000	0.00000000000000
29.520000457764	0.12303363531828	-0.49058893322945	65.000000000000	0.00000000000000
29.530000686646	0.12182167172432	-0.48939988017082	65.000000000000	0.00000000000000
29.540000915527	0.12061305344105	-0.48820561170578	65.000000000000	0.00000000000000
29.549999237061	0.11940768361092	-0.48700621724129	65.000000000000	0.00000000000000
29.559999465942	0.11820545047522	-0.48580160737038	65.000000000000	0.00000000000000
29.569999694824	0.11700651794672	-0.48459187150002	65.000000000000	0.00000000000000
29.579999923706	0.11581103503704	-0.48337706923485	65.000000000000	0.00000000000000
29.590000152588	0.11461888253689	-0.48215708136559	65.000000000000	0.00000000000000
29.600000381470	0.11343000084162	-0.48093196749687	65.000000000000	0.00000000000000
29.610000610352	0.11224452406168	-0.47970178723335	65.000000000000	0.00000000000000
29.620000839233	0.11106269806623	-0.47846645116806	65.000000000000	0.00000000000000
29.629999160767	0.10988432168961	-0.47722607851028	65.000000000000	0.00000000000000
29.639999389648	0.10870932042599	-0.47598063945770	65.000000000000	0.00000000000000
29.649999618530	0.10753782838583	-0.47473016381264	65.000000000000	0.00000000000000
29.659999847412	0.10637009143829	-0.47347459197044	65.000000000000	0.00000000000000
29.670000076294	0.10520569235086	-0.47221404314041	65.000000000000	0.00000000000000
29.680000305176	0.10404521971941	-0.47094842791557	65.000000000000	0.00000000000000
29.690000534058	0.10288824141026	-0.46967786550522	65.000000000000	0.00000000000000
29.700000762939	0.10173501819372	-0.46840229630470	65.000000000000	0.00000000000000
29.709999084473	0.10058534145355	-0.46712172031403	65.000000000000	0.00000000000000
29.719999313354	0.099439591169357	-0.46583628654480	65.000000000000	0.00000000000000
29.729999542236	0.098297663033009	-0.46454578638077	65.000000000000	0.00000000000000
29.739999771118	0.097159467637539	-0.46325033903122	65.000000000000	0.00000000000000
29.750000000000	0.096025057137012	-0.46195006370544	65.000000000000	0.00000000000000
29.760000228882	0.094894550740719	-0.46064487099648	65.000000000000	0.00000000000000
29.770000457764	0.093767970800400	-0.45933476090431	65.000000000000	0.00000000000000
29.780000686646	0.092645227909088	-0.45801979303360	65.000000000000	0.00000000000000
29.790000915527	0.091526582837105	-0.45669996738434	65.000000000000	0.00000000000000
29.799999237061	0.090411730110645	-0.45537531375885	65.000000000000	0.00000000000000
29.809999465942	0.089301019906998	-0.45404583215714	65.000000000000	0.00000000000000
29.819999694824	0.088194467127323	-0.45271152257919	65.000000000000	0.00000000000000
29.829999923706	0.087091676890850	-0.45137238502502	65.000000000000	0.00000000000000
29.840000152588	0.085993319749832	-0.45002853870392	65.000000000000	0.00000000000000
29.850000381470	0.084898769855499	-0.44867992401123	65.000000000000	0.00000000000000
29.860000610352	0.083808697760105	-0.44732654094696	65.000000000000	0.00000000000000
29.870000839233	0.082722596824169	-0.44596844911575	65.000000000000	0.00000000000000
29.879999160767	0.081640802323818	-0.44460564851761	65.000000000000	0.00000000000000
29.889999389648	0.080563254654408	-0.44323816895485	65.000000000000	0.00000000000000
29.899999618530	0.079489842057228	-0.44186601042747	65.000000000000	0.00000000000000
29.909999847412	0.078420825302601	-0.44048920273781	65.000000000000	0.00000000000000
29.920000076294	0.077356211841106	-0.43910774588585	65.000000000000	0.00000000000000
29.930000305176	0.076295830309391	-0.43772166967392	65.000000000000	0.00000000000000
29.940000534058	0.075239896774292	-0.43633100390434	65.000000000000	0.00000000000000
29.950000762939	0.074188351631165	-0.43493574857712	65.000000000000	0.00000000000000
29.959999084473	0.073141314089298	-0.43353596329689	65.000000000000	0.00000000000000
29.969999313354	0.072098694741726	-0.43213161826134	65.000000000000	0.00000000000000
29.979999542236	0.071060530841351	-0.43072277307510	65.000000000000	0.00000000000000
29.989999771118	0.070026941597462	-0.42930939793587	65.000000000000	0.00000000000000
30.000000000000	0.068997852504253	-0.42789155244827	65.000000000000	0.00000000000000
30.010000228882	0.067973382771015	-0.42646923661232	65.000000000000	0.00000000000000
30.020000457764	0.066953562200069	-0.42504251003265	65.000000000000	0.00000000000000
30.030000686646	0.065938211977482	-0.42361131310463	65.000000000000	0.00000000000000
30.040000915527	0.064927749335766	-0.42217579483986	65.000000000000	0.00000000000000
30.049999237061	0.063921809196472	-0.42073586583138	65.000000000000	0.00000000000000
30.059999465942	0.062920607626438	-0.41929155588150	65.000000000000	0.00000000000000
30.069999694824	0.061924166977406	-0.41784292459488	65.000000000000	0.00000000000000
30.079999923706	0.060932509601116	-0.41638994216919	65.000000000000	0.00000000000000
30.090000152588	0.059945661574602	-0.41493275761604	65.000000000000	0.00000000000000
30.100000381470	0.058963537216187	-0.41347122192383	65.000000000000	0.00000000000000
30.110000610352	0.057986274361610	-0.41200551390648	65.000000000000	0.00000000000000
30.120000839233	0.057013977319002	-0.41053554415703	65.000000000000	0.00000000000000
30.129999160767	0.056046478450298	-0.40906137228012	65.000000000000	0.00000000000000
30.139999389648	0.055083993822336	-0.40758299827576	65.000000000000	0.00000000000000
30.149999618530	0.054126352071762	-0.40610051155090	65.000000000000	0.00000000000000
30.159999847412	0.053173772990704	-0.40461385250092	65.000000000000	0.00000000000000
30.170000076294	0.052226074039936	-0.40312308073044	65.000000000000	0.00000000000000
30.180000305176	0.051283486187458	-0.40162828564644	65.000000000000	0.00000000000000
30.190000534058	0.050346009433270	-0.40012934803963	65.000000000000	0.00000000000000
30.200000762939	0.049413487315178	-0.39862641692162	65.000000000000	0.00000000000000
30.209999084473	0.048486035317183	-0.39711949229240	65.000000000000	0.00000000000000
30.219999313354	0.047563862055540	-0.39560851454735	65.000000000000	0.00000000000000
30.229999542236	0.046646706759930	-0.39409360289574	65.000000000000	0.00000000000000
30.239999771118	0.045734677463770	-0.39257472753525	65.000000000000	0.00000000000000
30.250000000000	0.044827990233898	-0.39105200767517	65.000000000000	0.00000000000000
30.260000228882	0.043926473706961	-0.38952535390854	65.000000000000	0.00000000000000
30.270000457764	0.043030150234699	-0.38799482584000	65.000000000000	0.00000000000000
30.280000686646	0.042139135301113	-0.38646048307419	65.000000000000	0.00000000000000
30.290000915527	0.041253440082073	-0.38492232561111	65.000000000000	0.00000000000000
30.299999237061	0.040372911840677	-0.38338035345078	65.000000000000	0.00000000000000
30.309999465942	0.039497833698988	-0.38183462619781	65.000000000000	0.00000000000000
30.319999694824	0.038628235459328	-0.38028514385223	65.000000000000	0.00000000000000
30.329999923706	0.037763763219118	-0.37873199582100	65.000000000000	0.00000000000000
30.340000152588	0.036904804408550	-0.37717515230179	65.000000000000	0.00000000000000
30.350000381470	0.036051377654076	-0.37561467289925	65.000000000000	0.00000000000000
30.360000610352	0.035203322768211	-0.37405052781105	65.000000000000	0.00000000000000
30.370000839233	0.034360650926828	-0.37248277664185	65.000000000000	0.00000000000000
30.379999160767	0.033523567020893	-0.37091147899628	65.000000000000	0.00000000000000
30.389999389648	0.032691907137632	-0.36933663487434	65.000000000000	0.00000000000000
30.399999618530	0.031865872442722	-0.36775824427605	65.000000000000	0.00000000000000
30.409999847412	0.031045388430357	-0.36617639660835	65.000000000000	0.00000000000000
30.420000076294	0.030230555683374	-0.36459106206894	65.000000000000	0.00000000000000
30.430000305176	0.029421139508486	-0.36300224065781	65.000000000000	0.00000000000000
30.440000534058	0.028617411851883	-0.36141008138657	65.000000000000	0.00000000000000
30.450000762939	0.027819393202662	-0.35981449484825	65.000000000000	0.00000000000000
30.459999084473	0.027027094736695	-0.35821560025215	65.000000000000	0.00000000000000
30.469999313354	0.026240369305015	-0.35661336779594	65.000000000000	0.00000000000000
30.479999542236	0.025459321215749	-0.35500785708427	65.000000000000	0.00000000000000
30.489999771118	0.024684039875865	-0.35339903831482	65.000000000000	0.00000000000000
30.500000000000	0.023914467543364	-0.35178700089455	65.000000000000	0.00000000000000
30.510000228882	0.023150786757469	-0.35017177462578	65.000000000000	0.00000000000000
30.520000457764	0.022392760962248	-0.34855341911316	65.000000000000	0.00000000000000
30.530000686646	0.021640656515956	-0.34693184494972	65.000000000000	0.00000000000000
30.540000915527	0.020894236862659	-0.34530714154243	65.000000000000	0.00000000000000
30.549999237061	0.020153688266873	-0.34367939829826	65.000000000000	0.00000000000000
30.559999465942	0.019419021904469	-0.34204858541489	65.000000000000	0.00000000000000
30.569999694824	0.018690256401896	-0.34041473269463	65.000000000000	0.00000000000000
30.579999923706	0.017967402935028	-0.33877786993980	65.000000000000	0.00000000000000
30.590000152588	0.017250398173928	-0.33713805675507	65.000000000000	0.00000000000000
30.600000381470	0.016539335250854	-0.33549532294273	65.000000000000	0.00000000000000
30.610000610352	0.015834232792258	-0.33384966850281	65.000000000000	0.00000000000000
30.620000839233	0.015135101042688	-0.33220115303993	65.000000000000	0.00000000000000
30.629999160767	0.014441953040659	-0.33054977655411	65.000000000000	0.00000000000000
30.639999389648	0.013754807412624	-0.32889559864998	65.000000000000	0.00000000000000
30.649999618530	0.013073750771582	-0.32723864912987	65.000000000000	0.00000000000000
30.659999847412	0.012398565188050	-0.32557892799377	65.000000000000	0.00000000000000
30.670000076294	0.011729575693607	-0.32391649484634	65.000000000000	0.00000000000000
30.680000305176	0.011066637001932	-0.32225140929222	65.000000000000	0.00000000000000
30.690000534058	0.010409688577056	-0.32058361172676	65.000000000000	0.00000000000000
30.700000762939	0.0097588952630758	-0.31891325116158	65.000000000000	0.00000000000000
30.709999084473	0.0091141927987337	-0.31724026799202	65.000000000000	0.00000000000000
30.719999313354	0.0084756780415773	-0.31556475162506	65.000000000000	0.00000000000000
30.729999542236	0.0078433454036713	-0.31388667225838	65.000000000000	0.00000000000000
30.739999771118	0.0072169909253716	-0.31220608949661	65.000000000000	0.00000000000000
30.750000000000	0.0065969256684184	-0.31052306294441	65.000000000000	0.00000000000000
30.760000228882	0.0059830127283931	-0.30883768200874	65.000000000000	0.00000000000000
30.770000457764	0.0053754081018269	-0.30714982748032	65.000000000000	0.00000000000000
30.780000686646	0.0047739772126079	-0.30545964837074	65.000000000000	0.00000000000000
30.790000915527	0.0041787307709455	-0.30376711487770	65.000000000000	0.00000000000000
30.799999237061	0.0035896808840334	-0.30207228660583	65.000000000000	0.00000000000000
30.809999465942	0.0030069814529270	-0.30037519335747	65.000000000000	0.00000000000000
30.819999694824	0.0024306415580213	-0.29867586493492	65.000000000000	0.00000000000000
30.829999923706	0.0018603858770803	-0.29697436094284	65.000000000000	0.00000000000000
30.840000152588	0.0012966506183147	-0.29527065157890	65.000000000000	0.00000000000000
30.850000381470	0.00073902128497139	-0.29356488585472	65.000000000000	0.00000000000000
30.860000610352	0.00018778901721817	-0.29185697436333	65.000000000000	0.00000000000000
30.870000839233	-0.00035717658465728	-0.29014703631401	65.000000000000	0.00000000000000
30.879999160767	-0.00089559040497988	-0.28843504190445	65.000000000000	0.00000000000000
30.889999389648	-0.0014278574381024	-0.28672105073929	65.000000000000	0.00000000000000
30.899999618530	-0.0019536938052624	-0.28500512242317	65.000000000000	0.00000000000000
30.909999847412	-0.0024732272140682	-0.28328722715378	65.000000000000	0.00000000000000
30.920000076294	-0.0029861801303923	-0.28156748414040	65.000000000000	0.00000000000000
30.930000305176	-0.0034929479006678	-0.27984586358070	65.000000000000	0.00000000000000
30.940000534058	-0.0039931214414537	-0.27812245488167	65.000000000000	0.00000000000000
30.950000762939	-0.0044869603589177	-0.27639719843864	65.000000000000	0.00000000000000
30.959999084473	-0.0049743247218430	-0.27467021346092	65.000000000000	0.00000000000000
30.969999313354	-0.0054552089422941	-0.27294152975082	65.000000000000	0.00000000000000
30.979999542236	-0.0059298644773662	-0.27121114730835	65.000000000000	0.00000000000000
30.989999771118	-0.0063978955149651	-0.26947909593582	65.000000000000	0.00000000000000
31.000000000000	-0.0068594277836382	-0.26774546504021	65.000000000000	0.00000000000000
31.010000228882	-0.0073144542984664	-0.26601022481918	65.000000000000	0.00000000000000
31.020000457764	-0.0077632223255932	-0.26427346467972	65.000000000000	0.00000000000000
31.030000686646	-0.0082052210345864	-0.26253518462181	65.000000000000	0.00000000000000
31.040000915527	-0.0086408248171210	-0.26079544425011	65.000000000000	0.00000000000000
31.049999237061	-0.0090700229629874	-0.25905424356461	65.000000000000	0.00000000000000
31.059999465942	-0.0094925658777356	-0.25731164216995	65.000000000000	0.00000000000000
31.069999694824	-0.0099085727706552	-0.25556766986847	65.000000000000	0.00000000000000
31.079999923706	-0.010318160057068	-0.25382235646248	65.000000000000	0.00000000000000
31.090000152588	-0.010721080936491	-0.25207576155663	65.000000000000	0.00000000000000
31.100000381470	-0.011117573827505	-0.25032791495323	65.000000000000	0.00000000000000
31.110000610352	-0.011507512070239	-0.24857883155346	65.000000000000	0.00000000000000
31.120000839233	-0.011890774592757	-0.24682855606079	65.000000000000	0.00000000000000
31.129999160767	-0.012267479673028	-0.24507711827755	65.000000000000	0.00000000000000
31.139999389648	-0.012637852691114	-0.24332457780838	65.000000000000	0.00000000000000
31.149999618530	-0.013001427985728	-0.24157091975212	65.000000000000	0.00000000000000
31.159999847412	-0.013358550146222	-0.23981624841690	65.000000000000	0.00000000000000
31.170000076294	-0.013708984479308	-0.23806054890156	65.000000000000	0.00000000000000
31.180000305176	-0.014052845537663	-0.23630386590958	65.000000000000	0.00000000000000
31.190000534058	-0.014390020631254	-0.23454625904560	65.000000000000	0.00000000000000
31.200000762939	-0.014720841310918	-0.23278771340847	65.000000000000	0.00000000000000
31.209999084473	-0.015044969506562	-0.23102833330631	65.000000000000	0.00000000000000
31.219999313354	-0.015362406149507	-0.22926808893681	65.000000000000	0.00000000000000
31.229999542236	-0.015673369169235	-0.22750708460808	65.000000000000	0.00000000000000
31.239999771118	-0.015977639704943	-0.22574527561665	65.000000000000	0.00000000000000
31.250000000000	-0.016275219619274	-0.22398276627064	65.000000000000	0.00000000000000
31.260000228882	-0.016566321253777	-0.22221955657005	65.000000000000	0.00000000000000
31.270000457764	-0.016850732266903	-0.22045567631721	65.000000000000	0.00000000000000
31.280000686646	-0.017128556966782	-0.21869121491909	65.000000000000	0.00000000000000
31.290000915527	-0.017399692907929	-0.21692615747452	65.000000000000	0.00000000000000
31.299999237061	-0.017664447426796	-0.21516053378582	65.000000000000	0.00000000000000
31.309999465942	-0.017922410741448	-0.21339441835880	65.000000000000	0.00000000000000
31.319999694824	-0.018173586577177	-0.21162781119347	65.000000000000	0.00000000000000
31.329999923706	-0.018418282270432	-0.20986081659794	65.000000000000	0.00000000000000
31.340000152588	-0.018656393513083	-0.20809337496758	65.000000000000	0.00000000000000
31.350000381470	-0.018887922167778	-0.20632556080818	65.000000000000	0.00000000000000
31.360000610352	-0.019112773239613	-0.20455743372440	65.000000000000	0.00000000000000
31.370000839233	-0.019331043586135	-0.20278899371624	65.000000000000	0.00000000000000
31.379999160767	-0.019542543217540	-0.20102031528950	65.000000000000	0.00000000000000
31.389999389648	-0.019747564569116	-0.19925139844418	65.000000000000	0.00000000000000
31.399999618530	-0.019945822656155	-0.19748231768608	65.000000000000	0.00000000000000
31.409999847412	-0.020137611776590	-0.19571307301521	65.000000000000	0.00000000000000
31.420000076294	-0.020322686061263	-0.19394372403622	65.000000000000	0.00000000000000
31.430000305176	-0.020501196384430	-0.19217428565025	65.000000000000	0.00000000000000
31.440000534058	-0.020673051476479	-0.19040480256081	65.000000000000	0.00000000000000
31.450000762939	-0.020838305354118	-0.18863531947136	65.000000000000	0.00000000000000
31.459999084473	-0.020996958017349	-0.18686585128307	65.000000000000	0.00000000000000
31.469999313354	-0.021149011328816	-0.18509645760059	65.000000000000	0.00000000000000
31.479999542236	-0.021294431760907	-0.18332716822624	65.000000000000	0.00000000000000
31.489999771118	-0.021433308720589	-0.18155801296234	65.000000000000	0.00000000000000
31.500000000000	-0.021565556526184	-0.17978900671005	65.000000000000	0.00000000000000
31.510000228882	-0.021691186353564	-0.17802025377750	65.000000000000	0.00000000000000
31.520000457764	-0.021810283884406	-0.17625170946121	65.000000000000	0.00000000000000
31.530000686646	-0.021922687068582	-0.17448346316814	65.000000000000	0.00000000000000
31.540000915527	-0.022028654813766	-0.17271551489830	65.000000000000	0.00000000000000
31.549999237061	-0.022127939388156	-0.17094792425632	65.000000000000	0.00000000000000
31.559999465942	-0.022220714017749	-0.16918070614338	65.000000000000	0.00000000000000
31.569999694824	-0.022306904196739	-0.16741393506527	65.000000000000	0.00000000000000
31.579999923706	-0.022386513650417	-0.16564759612083	65.000000000000	0.00000000000000
31.590000152588	-0.022459633648396	-0.16388176381588	65.000000000000	0.00000000000000
31.600000381470	-0.022526144981384	-0.16211643815041	65.000000000000	0.00000000000000
31.610000610352	-0.022586140781641	-0.16035169363022	65.000000000000	0.00000000000000
31.620000839233	-0.022639621049166	-0.15858754515648	65.000000000000	0.00000000000000
31.629999160767	-0.022686520591378	-0.15682400763035	65.000000000000	0.00000000000000
31.639999389648	-0.022726958617568	-0.15506115555763	65.000000000000	0.00000000000000
31.649999618530	-0.022760869935155	-0.15329900383949	65.000000000000	0.00000000000000
31.659999847412	-0.022788258269429	-0.15153758227825	65.000000000000	0.00000000000000
31.670000076294	-0.022809173911810	-0.14977695047855	65.000000000000	0.00000000000000
31.680000305176	-0.022823585197330	-0.14801709353924	65.000000000000	0.00000000000000
31.690000534058	-0.022831536829472	-0.14625811576843	65.000000000000	0.00000000000000
31.700000762939	-0.022833000868559	-0.14449998736382	65.000000000000	0.00000000000000
31.709999084473	-0.022828020155430	-0.14274276793003	65.000000000000	0.00000000000000
31.719999313354	-0.022816572338343	-0.14098648726940	65.000000000000	0.00000000000000
31.729999542236	-0.022798698395491	-0.13923120498657	65.000000000000	0.00000000000000
31.739999771118	-0.022774374112487	-0.13747692108154	65.000000000000	0.00000000000000
31.750000000000	-0.022743606939912	-0.13572368025780	65.000000000000	0.00000000000000
31.760000228882	-0.022706476971507	-0.13397154211998	65.000000000000	0.00000000000000
31.770000457764	-0.022662919014692	-0.13222049176693	65.000000000000	0.00000000000000
31.780000686646	-0.022612953558564	-0.13047060370445	65.000000000000	0.00000000000000
31.790000915527	-0.022556647658348	-0.12872190773487	65.000000000000	0.00000000000000
31.799999237061	-0.022493945434690	-0.12697440385818	65.000000000000	0.00000000000000
31.809999465942	-0.022424863651395	-0.12522816658020	65.000000000000	0.00000000000000
31.819999694824	-0.022349473088980	-0.12348321080208	65.000000000000	0.00000000000000
31.829999923706	-0.022267714142799	-0.12173955887556	65.000000000000	0.00000000000000
31.840000152588	-0.022179666906595	-0.11999725550413	65.000000000000	0.00000000000000
31.850000381470	-0.022085277363658	-0.11825633794069	65.000000000000	0.00000000000000
31.860000610352	-0.021984588354826	-0.11651685088873	65.000000000000	0.00000000000000
31.870000839233	-0.021877635270357	-0.11477880924940	65.000000000000	0.00000000000000
31.879999160767	-0.021764399483800	-0.11304222792387	65.000000000000	0.00000000000000
31.889999389648	-0.021644867956638	-0.11130718141794	65.000000000000	0.00000000000000
31.899999618530	-0.021519133821130	-0.10957367718220	65.000000000000	0.00000000000000
31.909999847412	-0.021387172862887	-0.10784173756838	65.000000000000	0.00000000000000
31.920000076294	-0.021248947829008	-0.10611142218113	65.000000000000	0.00000000000000
31.930000305176	-0.021104574203491	-0.10438274592161	65.000000000000	0.00000000000000
31.940000534058	-0.020953955128789	-0.10265574604273	65.000000000000	0.00000000000000
31.950000762939	-0.020797206088901	-0.10093043744564	65.000000000000	0.00000000000000
31.959999084473	-0.020634260028601	-0.099206887185574	65.000000000000	0.00000000000000
31.969999313354	-0.020465156063437	-0.097485102713108	65.000000000000	0.00000000000000
31.979999542236	-0.020289946347475	-0.095765128731728	65.000000000000	0.00000000000000
31.989999771118	-0.020108642056584	-0.094046972692013	65.000000000000	0.00000000000000
32.000000000000	-0.019921207800508	-0.092330686748028	65.000000000000	0.00000000000000
32.009998321533	-0.019727699458599	-0.090616293251514	65.000000000000	0.00000000000000
32.020000457764	-0.019528102129698	-0.088903836905956	65.000000000000	0.00000000000000
32.029998779297	-0.019322467967868	-0.087193317711353	65.000000000000	0.00000000000000
32.040000915527	-0.019110787659883	-0.085484802722931	65.000000000000	0.00000000000000
32.049999237061	-0.018893087282777	-0.083778299391270	65.000000000000	0.00000000000000
32.060001373291	-0.018669415265322	-0.082073844969273	65.000000000000	0.00000000000000
32.069999694824	-0.018439723178744	-0.080371476709843	65.000000000000	0.00000000000000
32.080001831055	-0.018204053863883	-0.078671202063560	65.000000000000	0.00000000000000
32.090000152588	-0.017962455749512	-0.076973073184490	65.000000000000	0.00000000000000
32.099998474121	-0.017714930698276	-0.075277127325535	65.000000000000	0.00000000000000
32.110000610352	-0.017461488023400	-0.073583364486694	65.000000000000	0.00000000000000
32.119998931885	-0.017202131450176	-0.071891829371452	65.000000000000	0.00000000000000
32.130001068115	-0.016936900094151	-0.070202551782131	65.000000000000	0.00000000000000
32.139999389648	-0.016665814444423	-0.068515561521053	65.000000000000	0.00000000000000
32.150001525879	-0.016388891264796	-0.066830873489380	65.000000000000	0.00000000000000
32.159999847412	-0.016106136143208	-0.065148547291756	65.000000000000	0.00000000000000
32.169998168945	-0.015817577019334	-0.063468582928181	65.000000000000	0.00000000000000
32.180000305176	-0.015523230656981	-0.061791021376848	65.000000000000	0.00000000000000
32.189998626709	-0.015223137103021	-0.060115888714790	65.000000000000	0.00000000000000
32.200000762939	-0.014917277731001	-0.058443207293749	65.000000000000	0.00000000000000
32.209999084473	-0.014605691656470	-0.056773021817207	65.000000000000	0.00000000000000
32.220001220703	-0.014288406819105	-0.055105336010456	65.000000000000	0.00000000000000
32.229999542236	-0.013965429738164	-0.053440194576979	65.000000000000	0.00000000000000
32.240001678467	-0.013636796735227	-0.051777619868517	65.000000000000	0.00000000000000
32.250000000000	-0.013302518054843	-0.050117641687393	65.000000000000	0.00000000000000
32.259998321533	-0.012962594628334	-0.048460278660059	65.000000000000	0.00000000000000
32.270000457764	-0.012617076747119	-0.046805568039417	65.000000000000	0.00000000000000
32.279998779297	-0.012265990488231	-0.045153528451920	65.000000000000	0.00000000000000
32.290000915527	-0.011909334920347	-0.043504189699888	65.000000000000	0.00000000000000
32.299999237061	-0.011547132395208	-0.041857577860355	65.000000000000	0.00000000000000
32.310001373291	-0.011179410852492	-0.040213719010353	65.000000000000	0.00000000000000
32.319999694824	-0.010806199163198	-0.038572639226913	65.000000000000	0.00000000000000
32.330001831055	-0.010427508503199	-0.036934360861778	65.000000000000	0.00000000000000
32.340000152588	-0.010043362155557	-0.035298913717270	65.000000000000	0.00000000000000
32.349998474121	-0.0096537908539176	-0.033666327595711	65.000000000000	0.00000000000000
32.360000610352	-0.0092588029801846	-0.032036609947681	65.000000000000	0.00000000000000
32.369998931885	-0.0088584385812283	-0.030409803614020	65.000000000000	0.00000000000000
32.380001068115	-0.0084527041763067	-0.028785925358534	65.000000000000	0.00000000000000
32.389999389648	-0.0080416277050972	-0.027165001258254	65.000000000000	0.00000000000000
32.400001525879	-0.0076252277940512	-0.025547053664923	65.000000000000	0.00000000000000
32.409999847412	-0.0072035398334265	-0.023932108655572	65.000000000000	0.00000000000000
32.419998168945	-0.0067765722051263	-0.022320190444589	65.000000000000	0.00000000000000
32.430000305176	-0.0063443677499890	-0.020711317658424	65.000000000000	0.00000000000000
32.439998626709	-0.0059069269336760	-0.019105521962047	65.000000000000	0.00000000000000
32.450000762939	-0.0054642912000418	-0.017502820119262	65.000000000000	0.00000000000000
32.459999084473	-0.0050164731219411	-0.015903238207102	65.000000000000	0.00000000000000
32.470001220703	-0.0045635029673576	-0.014306795783341	65.000000000000	0.00000000000000
32.479999542236	-0.0041054049506783	-0.012713518925011	65.000000000000	0.00000000000000
32.490001678467	-0.0036421949043870	-0.011123427189887	65.000000000000	0.00000000000000
32.500000000000	-0.0031739070545882	-0.0095365457236767	65.000000000000	0.00000000000000
32.509998321533	-0.0027005623560399	-0.0079528922215104	65.000000000000	0.00000000000000
32.520000457764	-0.0022221840918064	-0.0063724922947586	65.000000000000	0.00000000000000
32.529998779297	-0.0017387960106134	-0.0047953659668565	65.000000000000	0.00000000000000
32.540000915527	-0.0012504252372310	-0.0032215337269008	65.000000000000	0.00000000000000
32.549999237061	-0.00075709540396929	-0.0016510174609721	65.000000000000	0.00000000000000
32.560001373291	-0.00025883229682222	-8.3837534475606e-05	65.000000000000	0.00000000000000
32.569999694824	0.00024433975340798	0.0014799850760028	65.000000000000	0.00000000000000
32.580001831055	0.00075239536818117	0.0030404306016862	65.000000000000	0.00000000000000
32.590000152588	0.0012653102166951	0.0045974785462022	65.000000000000	0.00000000000000
32.599998474121	0.0017830556025729	0.0061511090025306	65.000000000000	0.00000000000000
32.610000610352	0.0023056087084115	0.0077013019472361	65.000000000000	0.00000000000000
32.619998931885	0.0028329447377473	0.0092480387538671	65.000000000000	0.00000000000000
32.630001068115	0.0033650395926088	0.010791298933327	65.000000000000	0.00000000000000
32.639999389648	0.0039018585812300	0.012331065721810	65.000000000000	0.00000000000000
32.650001525879	0.0044433865696192	0.013867318630219	65.000000000000	0.00000000000000
32.659999847412	0.0049895932897925	0.015400039963424	65.000000000000	0.00000000000000
32.669998168945	0.0055404524318874	0.016929207369685	65.000000000000	0.00000000000000
32.680000305176	0.0060959360562265	0.018454812467098	65.000000000000	0.00000000000000
32.689998626709	0.0066560166887939	0.019976828247309	65.000000000000	0.00000000000000
32.700000762939	0.0072206766344607	0.021495239809155	65.000000000000	0.00000000000000
32.709999084473	0.0077898837625980	0.023010028526187	65.000000000000	0.00000000000000
32.720001220703	0.0083636101335287	0.024521181359887	65.000000000000	0.00000000000000
32.729999542236	0.0089418347924948	0.026028677821159	65.000000000000	0.00000000000000
32.740001678467	0.0095245186239481	0.027532503008842	65.000000000000	0.00000000000000
32.750000000000	0.010111653245986	0.029032638296485	65.000000000000	0.00000000000000
32.759998321533	0.010703201405704	0.030529068782926	65.000000000000	0.00000000000000
32.770000457764	0.011299128644168	0.032021779567003	65.000000000000	0.00000000000000
32.779998779297	0.011899424716830	0.033510752022266	65.000000000000	0.00000000000000
32.790000915527	0.012504057027400	0.034995976835489	65.000000000000	0.00000000000000
32.799999237061	0.013112991116941	0.036477431654930	65.000000000000	0.00000000000000
32.810001373291	0.013726199977100	0.037955105304718	65.000000000000	0.00000000000000
32.819999694824	0.014343667775393	0.039428986608982	65.000000000000	0.00000000000000
32.830001831055	0.014965366572142	0.040899049490690	65.000000000000	0.00000000000000
32.840000152588	0.015591260045767	0.042365282773972	65.000000000000	0.00000000000000
32.849998474121	0.016221323981881	0.043827686458826	65.000000000000	0.00000000000000
32.860000610352	0.016855534166098	0.045286230742931	65.000000000000	0.00000000000000
32.869998931885	0.017493851482868	0.046740908175707	65.000000000000	0.00000000000000
32.880001068115	0.018136281520128	0.048191700130701	65.000000000000	0.00000000000000
32.889999389648	0.018782746046782	0.049638606607914	65.000000000000	0.00000000000000
32.900001525879	0.019433263689280	0.051081597805023	65.000000000000	0.00000000000000
32.909999847412	0.020087787881494	0.052520673722029	65.000000000000	0.00000000000000
32.919998168945	0.020746286958456	0.053955819457769	65.000000000000	0.00000000000000
32.930000305176	0.021408740431070	0.055387016385794	65.000000000000	0.00000000000000
32.939998626709	0.022075114771724	0.056814260780811	65.000000000000	0.00000000000000
32.950000762939	0.022745393216610	0.058237534016371	65.000000000000	0.00000000000000
32.959999084473	0.023419534787536	0.059656832367182	65.000000000000	0.00000000000000
32.970001220703	0.024097526445985	0.061072129756212	65.000000000000	0.00000000000000
32.979999542236	0.024779332801700	0.062483437359333	65.000000000000	0.00000000000000
32.990001678467	0.025464931502938	0.063890725374222	65.000000000000	0.00000000000000
33.000000000000	0.026154283434153	0.065293997526169	65.000000000000	0.00000000000000
33.009998321533	0.026847375556827	0.066693224012852	65.000000000000	0.00000000000000
33.020000457764	0.027544151991606	0.068088412284851	65.000000000000	0.00000000000000
33.029998779297	0.028244620189071	0.069479539990425	65.000000000000	0.00000000000000
33.040000915527	0.028948742896318	0.070866614580154	65.000000000000	0.00000000000000
33.049999237061	0.029656484723091	0.072249621152878	65.000000000000	0.00000000000000
33.060001373291	0.030367819592357	0.073628537356853	65.000000000000	0.00000000000000
33.069999694824	0.031082728877664	0.075003355741501	65.000000000000	0.00000000000000
33.080001831055	0.031801160424948	0.076374083757401	65.000000000000	0.00000000000000
33.090000152588	0.032523132860661	0.077740699052811	65.000000000000	0.00000000000000
33.099998474121	0.033248554915190	0.079103209078312	65.000000000000	0.00000000000000
33.110000610352	0.033977445214987	0.080461591482162	65.000000000000	0.00000000000000
33.119998931885	0.034709773957729	0.081815831363201	65.000000000000	0.00000000000000
33.130001068115	0.035445500165224	0.083165936172009	65.000000000000	0.00000000000000
33.139999389648	0.036184623837471	0.084511891007423	65.000000000000	0.00000000000000
33.150001525879	0.036927081644535	0.085853695869446	65.000000000000	0.00000000000000
33.159999847412	0.037672858685255	0.087191335856915	65.000000000000	0.00000000000000
33.169998168945	0.038421913981438	0.088524825870991	65.000000000000	0.00000000000000
33.180000305176	0.039174240082502	0.089854113757610	65.000000000000	0.00000000000000
33.189998626709	0.039929822087288	0.091179244220257	65.000000000000	0.00000000000000
33.200000762939	0.040688592940569	0.092500180006027	65.000000000000	0.00000000000000
33.209999084473	0.041450556367636	0.093816913664341	65.000000000000	0.00000000000000
33.220001220703	0.042215693742037	0.095129460096359	65.000000000000	0.00000000000000
33.229999542236	0.042983956634998	0.096437796950340	65.000000000000	0.00000000000000
33.240001678467	0.043755315244198	0.097741931676865	65.000000000000	0.00000000000000
33.250000000000	0.044529754668474	0.099041841924191	65.000000000000	0.00000000000000
33.259998321533	0.045307233929634	0.10033755004406	65.000000000000	0.00000000000000
33.270000457764	0.046087738126516	0.10162901878357	65.000000000000	0.00000000000000
33.279998779297	0.046871259808540	0.10291627794504	65.000000000000	0.00000000000000
33.290000915527	0.047657728195190	0.10419929772615	65.000000000000	0.00000000000000
33.299999237061	0.048447161912918	0.10547807067633	65.000000000000	0.00000000000000
33.310001373291	0.049239479005337	0.10675262659788	65.000000000000	0.00000000000000
33.319999694824	0.050034701824188	0.10802292823792	65.000000000000	0.00000000000000
33.330001831055	0.050832800567150	0.10928898304701	65.000000000000	0.00000000000000
33.340000152588	0.051633726805449	0.11055079102516	65.000000000000	0.00000000000000
33.349998474121	0.052437469363213	0.11180835217237	65.000000000000	0.00000000000000
33.360000610352	0.053243979811668	0.11306163668633	65.000000000000	0.00000000000000
33.369998931885	0.054053258150816	0.11431068927050	65.000000000000	0.00000000000000
33.380001068115	0.054865270853043	0.11555547267199	65.000000000000	0.00000000000000
33.389999389648	0.055679991841316	0.11679599434137	65.000000000000	0.00000000000000
33.400001525879	0.056497398763895	0.11803226172924	65.000000000000	0.00000000000000
33.409999847412	0.057317458093166	0.11926426738501	65.000000000000	0.00000000000000
33.419998168945	0.058140147477388	0.12049201130867	65.000000000000	0.00000000000000
33.430000305176	0.058965433388948	0.12171545624733	65.000000000000	0.00000000000000
33.439998626709	0.059793297201395	0.12293465435505	65.000000000000	0.00000000000000
33.450000762939	0.060623735189438	0.12414957582951	65.000000000000	0.00000000000000
33.459999084473	0.061456695199013	0.12536023557186	65.000000000000	0.00000000000000
33.470001220703	0.062292147427797	0.12656661868095	65.000000000000	0.00000000000000
33.479999542236	0.063130065798759	0.12776874005795	65.000000000000	0.00000000000000
33.490001678467	0.063970446586609	0.12896656990051	65.000000000000	0.00000000000000
33.500000000000	0.064813248813152	0.13016015291214	65.000000000000	0.00000000000000
33.509998321533	0.065658502280712	0.13134944438934	65.000000000000	0.00000000000000
33.520000457764	0.066506080329418	0.13253447413445	65.000000000000	0.00000000000000
33.529998779297	0.067356035113335	0.13371522724628	65.000000000000	0.00000000000000
33.540000915527	0.068208321928978	0.13489171862602	65.000000000000	0.00000000000000
33.549999237061	0.069062873721123	0.13606393337250	65.000000000000	0.00000000000000
33.560001373291	0.069919735193253	0.13723188638687	65.000000000000	0.00000000000000
33.569999694824	0.070778839290142	0.13839556276798	65.000000000000	0.00000000000000
33.580001831055	0.071640215814114	0.13955497741699	65.000000000000	0.00000000000000
33.590000152588	0.072503775358200	0.14071013033390	65.000000000000	0.00000000000000
33.599998474121	0.073369495570660	0.14186103641987	65.000000000000	0.00000000000000
33.610000610352	0.074237413704395	0.14300765097141	65.000000000000	0.00000000000000
33.619998931885	0.075107447803020	0.14415001869202	65.000000000000	0.00000000000000
33.630001068115	0.075979627668858	0.14528813958168	65.000000000000	0.00000000000000
33.639999389648	0.076853863894939	0.14642199873924	65.000000000000	0.00000000000000
33.650001525879	0.077730216085911	0.14755158126354	65.000000000000	0.00000000000000
33.659999847412	0.078608565032482	0.14867694675922	65.000000000000	0.00000000000000
33.669998168945	0.079488910734653	0.14979806542397	65.000000000000	0.00000000000000
33.680000305176	0.080371290445328	0.15091492235661	65.000000000000	0.00000000000000
33.689998626709	0.081255681812763	0.15202753245831	65.000000000000	0.00000000000000
33.700000762939	0.082141987979412	0.15313591063023	65.000000000000	0.00000000000000
33.709999084473	0.083030253648758	0.15424005687237	65.000000000000	0.00000000000000
33.720001220703	0.083920381963253	0.15533997118473	65.000000000000	0.00000000000000
33.729999542236	0.084812439978123	0.15643565356731	65.000000000000	0.00000000000000
33.740001678467	0.085706353187561	0.15752710402012	65.000000000000	0.00000000000000
33.750000000000	0.086602106690407	0.15861435234547	65.000000000000	0.00000000000000
33.759998321533	0.087499707937241	0.15969735383987	65.000000000000	0.00000000000000
33.770000457764	0.088399060070515	0.16077616810799	65.000000000000	0.00000000000000
33.779998779297	0.089300252497196	0.16185075044632	65.000000000000	0.00000000000000
33.790000915527	0.090203158557415	0.16292113065720	65.000000000000	0.00000000000000
33.799999237061	0.091107822954655	0.16398732364178	65.000000000000	0.00000000000000
33.810001373291	0.092014193534851	0.16504931449890	65.000000000000	0.00000000000000
33.819999694824	0.092922233045101	0.16610711812973	65.000000000000	0.00000000000000
33.830001831055	0.093831971287727	0.16716073453426	65.000000000000	0.00000000000000
33.840000152588	0.094743348658085	0.16821016371250	65.000000000000	0.00000000000000
33.849998474121	0.095656372606754	0.16925539076328	65.000000000000	0.00000000000000
33.860000610352	0.096571043133736	0.17029647529125	65.000000000000	0.00000000000000
33.869998931885	0.097487233579159	0.17133337259293	65.000000000000	0.00000000000000
33.880001068115	0.098405092954636	0.17236609756947	65.000000000000	0.00000000000000
33.889999389648	0.099324442446232	0.17339468002319	65.000000000000	0.00000000000000
33.900001525879	0.10024534165859	0.17441910505295	65.000000000000	0.00000000000000
33.909999847412	0.10116772353649	0.17543938755989	65.000000000000	0.00000000000000
33.919998168945	0.10209161043167	0.17645551264286	65.000000000000	0.00000000000000
33.930000305176	0.10301703214645	0.17746751010418	65.000000000000	0.00000000000000
33.939998626709	0.10394383221865	0.17847537994385	65.000000000000	0.00000000000000
33.950000762939	0.10487212240696	0.17947910726070	65.000000000000	0.00000000000000
33.959999084473	0.10580182820559	0.18047870695591	65.000000000000	0.00000000000000
33.970001220703	0.10673290491104	0.18147423863411	65.000000000000	0.00000000000000
33.979999542236	0.10766536742449	0.18246561288834	65.000000000000	0.00000000000000
33.990001678467	0.10859919339418	0.18345288932323	65.000000000000	0.00000000000000
34.000000000000	0.10953436046839	0.18443609774113	65.000000000000	0.00000000000000
34.009998321533	0.11047091335058	0.18541519343853	65.000000000000	0.00000000000000
34.020000457764	0.11140875518322	0.18639019131660	65.000000000000	0.00000000000000
34.029998779297	0.11234784871340	0.18736112117767	65.000000000000	0.00000000000000
34.040000915527	0.11328821629286	0.18832798302174	65.000000000000	0.00000000000000
34.049999237061	0.11422987282276	0.18929076194763	65.000000000000	0.00000000000000
34.060001373291	0.11517275869846	0.19024948775768	65.000000000000	0.00000000000000
34.069999694824	0.11611685901880	0.19120417535305	65.000000000000	0.00000000000000
34.080001831055	0.11706215143204	0.19215479493141	65.000000000000	0.00000000000000
34.090000152588	0.11800867319107	0.19310139119625	65.000000000000	0.00000000000000
34.099998474121	0.11895632743835	0.19404393434525	65.000000000000	0.00000000000000
34.110000610352	0.11990513652563	0.19498243927956	65.000000000000	0.00000000000000
34.119998931885	0.12085515260696	0.19591693580151	65.000000000000	0.00000000000000
34.130001068115	0.12180622667074	0.19684740900993	65.000000000000	0.00000000000000
34.139999389648	0.12275837361813	0.19777388870716	65.000000000000	0.00000000000000
34.150001525879	0.12371168285608	0.19869633018970	65.000000000000	0.00000000000000
34.159999847412	0.12466604262590	0.19961480796337	65.000000000000	0.00000000000000
34.169998168945	0.12562148272991	0.20052927732468	65.000000000000	0.00000000000000
34.180000305176	0.12657792866230	0.20143976807594	65.000000000000	0.00000000000000
34.189998626709	0.12753541767597	0.20234626531601	65.000000000000	0.00000000000000
34.200000762939	0.12849387526512	0.20324881374836	65.000000000000	0.00000000000000
34.209999084473	0.12945339083672	0.20414739847183	65.000000000000	0.00000000000000
34.220001220703	0.13041384518147	0.20504198968410	65.000000000000	0.00000000000000
34.229999542236	0.13137529790401	0.20593272149563	65.000000000000	0.00000000000000
34.240001678467	0.13233782351017	0.20681932568550	65.000000000000	0.00000000000000
34.250000000000	0.13330115377903	0.20770213007927	65.000000000000	0.00000000000000
34.259998321533	0.13426536321640	0.20858100056648	65.000000000000	0.00000000000000
34.270000457764	0.13523051142693	0.20945593714714	65.000000000000	0.00000000000000
34.279998779297	0.13619659841061	0.21032691001892	65.000000000000	0.00000000000000
34.290000915527	0.13716351985931	0.21119402348995	65.000000000000	0.00000000000000
34.299999237061	0.13813133537769	0.21205715835094	65.000000000000	0.00000000000000
34.310001373291	0.13909995555878	0.21291650831699	65.000000000000	0.00000000000000
34.319999694824	0.14006952941418	0.21377180516720	65.000000000000	0.00000000000000
34.330001831055	0.14103977382183	0.21462336182594	65.000000000000	0.00000000000000
34.340000152588	0.14201085269451	0.21547101438046	65.000000000000	0.00000000000000
34.349998474121	0.14298288524151	0.21631471812725	65.000000000000	0.00000000000000
34.360000610352	0.14395548403263	0.21715463697910	65.000000000000	0.00000000000000
34.369998931885	0.14492912590504	0.21799057722092	65.000000000000	0.00000000000000
34.380001068115	0.14590319991112	0.21882283687592	65.000000000000	0.00000000000000
34.389999389648	0.14687827229500	0.21965110301971	65.000000000000	0.00000000000000
34.400001525879	0.14785397052765	0.22047555446625	65.000000000000	0.00000000000000
34.409999847412	0.14883041381836	0.22129619121552	65.000000000000	0.00000000000000
34.419998168945	0.14980769157410	0.22211290895939	65.000000000000	0.00000000000000
34.430000305176	0.15078543126583	0.22292591631413	65.000000000000	0.00000000000000
34.439998626709	0.15176388621330	0.22373513877392	65.000000000000	0.00000000000000
34.450000762939	0.15274310112000	0.22454044222832	65.000000000000	0.00000000000000
34.459999084473	0.15372298657894	0.22534196078777	65.000000000000	0.00000000000000
34.470001220703	0.15470352768898	0.22613967955112	65.000000000000	0.00000000000000
34.479999542236	0.15568456053734	0.22693365812302	65.000000000000	0.00000000000000
34.490001678467	0.15666632354259	0.22772379219532	65.000000000000	0.00000000000000
34.500000000000	0.15764869749546	0.22851012647152	65.000000000000	0.00000000000000
34.509998321533	0.15863153338432	0.22929279506207	65.000000000000	0.00000000000000
34.520000457764	0.15961508452892	0.23007163405418	65.000000000000	0.00000000000000
34.529998779297	0.16059924662113	0.23084661364555	65.000000000000	0.00000000000000
34.540000915527	0.16158387064934	0.23161792755127	65.000000000000	0.00000000000000
34.549999237061	0.16256913542747	0.23238544166088	65.000000000000	0.00000000000000
34.560001373291	0.16355487704277	0.23314918577671	65.000000000000	0.00000000000000
34.569999694824	0.16454115509987	0.23390924930573	65.000000000000	0.00000000000000
34.580001831055	0.16552788019180	0.23466557264328	65.000000000000	0.00000000000000
34.590000152588	0.16651520133018	0.23541811108589	65.000000000000	0.00000000000000
34.599998474121	0.16750286519527	0.23616702854633	65.000000000000	0.00000000000000
34.610000610352	0.16849119961262	0.23691207170486	65.000000000000	0.00000000000000
34.619998931885	0.16947995126247	0.23765346407890	65.000000000000	0.00000000000000
34.630001068115	0.17046910524368	0.23839113116264	65.000000000000	0.00000000000000
34.639999389648	0.17145881056786	0.23912507295609	65.000000000000	0.00000000000000
34.650001525879	0.17244881391525	0.23985534906387	65.000000000000	0.00000000000000
34.659999847412	0.17343927919865	0.24058188498020	65.000000000000	0.00000000000000
34.669998168945	0.17443017661572	0.24130478501320	65.000000000000	0.00000000000000
34.680000305176	0.17542152106762	0.24202392995358	65.000000000000	0.00000000000000
34.689998626709	0.17641320824623	0.24273943901062	65.000000000000	0.00000000000000
34.700000762939	0.17740531265736	0.24345123767853	65.000000000000	0.00000000000000
34.709999084473	0.17839772999287	0.24415937066078	65.000000000000	0.00000000000000
34.720001220703	0.17939053475857	0.24486382305622	65.000000000000	0.00000000000000
34.729999542236	0.18038374185562	0.24556462466717	65.000000000000	0.00000000000000
34.740001678467	0.18137717247009	0.24626174569130	65.000000000000	0.00000000000000
34.750000000000	0.18237099051476	0.24695521593094	65.000000000000	0.00000000000000
34.759998321533	0.18336515128613	0.24764499068260	65.000000000000	0.00000000000000
34.770000457764	0.18435958027840	0.24833115935326	65.000000000000	0.00000000000000
34.779998779297	0.18535433709621	0.24901364743710	65.000000000000	0.00000000000000
34.790000915527	0.18634933233261	0.24969251453876	65.000000000000	0.00000000000000
34.799999237061	0.18734464049339	0.25036773085594	65.000000000000	0.00000000000000
34.810001373291	0.18834014236927	0.25103932619095	65.000000000000	0.00000000000000
34.819999694824	0.18933592736721	0.25170728564262	65.000000000000	0.00000000000000
34.830001831055	0.19033193588257	0.25237157940865	65.000000000000	0.00000000000000
34.840000152588	0.19132821261883	0.25303229689598	65.000000000000	0.00000000000000
34.849998474121	0.19232471287251	0.25368934869766	65.000000000000	0.00000000000000
34.860000610352	0.19332142174244	0.25434279441833	65.000000000000	0.00000000000000
34.869998931885	0.19431824982166	0.25499260425568	65.000000000000	0.00000000000000
34.880001068115	0.19531528651714	0.25563886761665	65.000000000000	0.00000000000000
34.889999389648	0.19631253182888	0.25628146529198	65.000000000000	0.00000000000000
34.900001525879	0.19730994105339	0.25692045688629	65.000000000000	0.00000000000000
34.909999847412	0.19830749928951	0.25755581259727	65.000000000000	0.00000000000000
34.919998168945	0.19930519163609	0.25818762183189	65.000000000000	0.00000000000000
34.930000305176	0.20030298829079	0.25881579518318	65.000000000000	0.00000000000000
34.939998626709	0.20130093395710	0.25944039225578	65.000000000000	0.00000000000000
34.950000762939	0.20229893922806	0.26006141304970	65.000000000000	0.00000000000000
34.959999084473	0.20329706370831	0.26067882776260	65.000000000000	0.00000000000000
34.970001220703	0.20429530739784	0.26129266619682	65.000000000000	0.00000000000000
34.979999542236	0.20529361069202	0.26190289855003	65.000000000000	0.00000000000000
34.990001678467	0.20629188418388	0.26250955462456	65.000000000000	0.00000000000000
35.000000000000	0.20729029178619	0.26311263442039	65.000000000000	0.00000000000000
