25.000000000000	0.80602961778641	-0.49807342886925	65.000000000000	0.00000000000000
25.010000228882	0.80562967061996	-0.49843269586563	65.000000000000	0.00000000000000
25.020000457764	0.80522865056992	-0.49879208207130	65.000000000000	0.00000000000000
25.030000686646	0.80482691526413	-0.49915152788162	65.000000000000	0.00000000000000
25.040000915527	0.80442428588867	-0.49951100349426	65.000000000000	0.00000000000000
25.049999237061	0.80402064323425	-0.49987047910690	65.000000000000	0.00000000000000
25.059999465942	0.80361622571945	-0.50023007392883	65.000000000000	0.00000000000000
25.069999694824	0.80321073532104	-0.50058972835541	65.000000000000	0.00000000000000
25.079999923706	0.80280458927155	-0.50094944238663	65.000000000000	0.00000000000000
25.090000152588	0.80239737033844	-0.50130927562714	65.000000000000	0.00000000000000
25.100000381470	0.80198919773102	-0.50166904926300	65.000000000000	0.00000000000000
25.110000610352	0.80158030986786	-0.50202888250351	65.000000000000	0.00000000000000
25.120000839233	0.80117034912109	-0.50238877534866	65.000000000000	0.00000000000000
25.129999160767	0.80075949430466	-0.50274866819382	65.000000000000	0.00000000000000
25.139999389648	0.80034774541855	-0.50310868024826	65.000000000000	0.00000000000000
25.149999618530	0.79993504285812	-0.50346881151199	65.000000000000	0.00000000000000
25.159999847412	0.79952144622803	-0.50382888317108	65.000000000000	0.00000000000000
25.170000076294	0.79910689592361	-0.50418901443481	65.000000000000	0.00000000000000
25.180000305176	0.79869139194489	-0.50454926490784	65.000000000000	0.00000000000000
25.190000534058	0.79827511310577	-0.50490945577621	65.000000000000	0.00000000000000
25.200000762939	0.79785782098770	-0.50526970624924	65.000000000000	0.00000000000000
25.209999084473	0.79743957519531	-0.50563007593155	65.000000000000	0.00000000000000
25.219999313354	0.79702031612396	-0.50599044561386	65.000000000000	0.00000000000000
25.229999542236	0.79660016298294	-0.50635087490082	65.000000000000	0.00000000000000
25.239999771118	0.79617917537689	-0.50671130418777	65.000000000000	0.00000000000000
25.250000000000	0.79575711488724	-0.50707179307938	65.000000000000	0.00000000000000
25.260000228882	0.79533410072327	-0.50743228197098	65.000000000000	0.00000000000000
25.270000457764	0.79491031169891	-0.50779283046722	65.000000000000	0.00000000000000
25.280000686646	0.79448539018631	-0.50815349817276	65.000000000000	0.00000000000000
25.290000915527	0.79405963420868	-0.50851404666901	65.000000000000	0.00000000000000
25.299999237061	0.79363286495209	-0.50887477397919	65.000000000000	0.00000000000000
25.309999465942	0.79320520162582	-0.50923544168472	65.000000000000	0.00000000000000
25.319999694824	0.79277652502060	-0.50959622859955	65.000000000000	0.00000000000000
25.329999923706	0.79234689474106	-0.50995689630508	65.000000000000	0.00000000000000
25.340000152588	0.79191637039185	-0.51031780242920	65.000000000000	0.00000000000000
25.350000381470	0.79148465394974	-0.51067858934402	65.000000000000	0.00000000000000
25.360000610352	0.79105222225189	-0.51103949546814	65.000000000000	0.00000000000000
25.370000839233	0.79061865806580	-0.51140034198761	65.000000000000	0.00000000000000
25.379999160767	0.79018419981003	-0.51176124811172	65.000000000000	0.00000000000000
25.389999389648	0.78974878787994	-0.51212221384048	65.000000000000	0.00000000000000
25.399999618530	0.78931236267090	-0.51248311996460	65.000000000000	0.00000000000000
25.409999847412	0.78887492418289	-0.51284414529800	65.000000000000	0.00000000000000
25.420000076294	0.78843653202057	-0.51320511102676	65.000000000000	0.00000000000000
25.430000305176	0.78799718618393	-0.51356619596481	65.000000000000	0.00000000000000
25.440000534058	0.78755676746368	-0.51392722129822	65.000000000000	0.00000000000000
25.450000762939	0.78711533546448	-0.51428830623627	65.000000000000	0.00000000000000
25.459999084473	0.78667306900024	-0.51464933156967	65.000000000000	0.00000000000000
25.469999313354	0.78622978925705	-0.51501041650772	65.000000000000	0.00000000000000
25.479999542236	0.78578537702560	-0.51537144184113	65.000000000000	0.00000000000000
25.489999771118	0.78534013032913	-0.51573264598846	65.000000000000	0.00000000000000
25.500000000000	0.78489381074905	-0.51609373092651	65.000000000000	0.00000000000000
25.510000228882	0.78444635868073	-0.51645493507385	65.000000000000	0.00000000000000
25.520000457764	0.78399801254272	-0.51681619882584	65.000000000000	0.00000000000000
25.530000686646	0.78354871273041	-0.51717734336853	65.000000000000	0.00000000000000
25.540000915527	0.78309822082520	-0.51753860712051	65.000000000000	0.00000000000000
25.549999237061	0.78264689445496	-0.51789957284927	65.000000000000	0.00000000000000
25.559999465942	0.78219461441040	-0.51826065778732	65.000000000000	0.00000000000000
25.569999694824	0.78174090385437	-0.51862227916718	65.000000000000	0.00000000000000
25.579999923706	0.78128659725189	-0.51898318529129	65.000000000000	0.00000000000000
25.590000152588	0.78083115816116	-0.51934421062469	65.000000000000	0.00000000000000
25.600000381470	0.78037476539612	-0.51970535516739	65.000000000000	0.00000000000000
25.610000610352	0.77991718053818	-0.52006655931473	65.000000000000	0.00000000000000
25.620000839233	0.77945852279663	-0.52042788267136	65.000000000000	0.00000000000000
25.629999160767	0.77899903059006	-0.52078884840012	65.000000000000	0.00000000000000
25.639999389648	0.77853810787201	-0.52115029096603	65.000000000000	0.00000000000000
25.649999618530	0.77807670831680	-0.52151113748550	65.000000000000	0.00000000000000
25.659999847412	0.77761387825012	-0.52187234163284	65.000000000000	0.00000000000000
25.670000076294	0.77715021371841	-0.52223330736160	65.000000000000	0.00000000000000
25.680000305176	0.77668541669846	-0.52259433269501	65.000000000000	0.00000000000000
25.690000534058	0.77621930837631	-0.52295577526093	65.000000000000	0.00000000000000
25.700000762939	0.77575248479843	-0.52331656217575	65.000000000000	0.00000000000000
25.709999084473	0.77528446912766	-0.52367776632309	65.000000000000	0.00000000000000
25.719999313354	0.77481526136398	-0.52403903007507	65.000000000000	0.00000000000000
25.729999542236	0.77434515953064	-0.52439993619919	65.000000000000	0.00000000000000
25.739999771118	0.77387428283691	-0.52476060390472	65.000000000000	0.00000000000000
25.750000000000	0.77340173721313	-0.52512198686600	65.000000000000	0.00000000000000
25.760000228882	0.77292877435684	-0.52548229694366	65.000000000000	0.00000000000000
25.770000457764	0.77245420217514	-0.52584338188171	65.000000000000	0.00000000000000
25.780000686646	0.77197885513306	-0.52620422840118	65.000000000000	0.00000000000000
25.790000915527	0.77150201797485	-0.52656519412994	65.000000000000	0.00000000000000
25.799999237061	0.77102428674698	-0.52692598104477	65.000000000000	0.00000000000000
25.809999465942	0.77054566144943	-0.52728670835495	65.000000000000	0.00000000000000
25.819999694824	0.77006584405899	-0.52764749526978	65.000000000000	0.00000000000000
25.829999923706	0.76958507299423	-0.52800816297531	65.000000000000	0.00000000000000
25.840000152588	0.76910299062729	-0.52836877107620	65.000000000000	0.00000000000000
25.850000381470	0.76861995458603	-0.52872943878174	65.000000000000	0.00000000000000
25.860000610352	0.76813566684723	-0.52908992767334	65.000000000000	0.00000000000000
25.870000839233	0.76765048503876	-0.52945041656494	65.000000000000	0.00000000000000
25.879999160767	0.76716411113739	-0.52981084585190	65.000000000000	0.00000000000000
25.889999389648	0.76667666435242	-0.53017127513885	65.000000000000	0.00000000000000
25.899999618530	0.76618802547455	-0.53053164482117	65.000000000000	0.00000000000000
25.909999847412	0.76569831371307	-0.53089189529419	65.000000000000	0.00000000000000
25.920000076294	0.76520752906799	-0.53125214576721	65.000000000000	0.00000000000000
25.930000305176	0.76471555233002	-0.53161233663559	65.000000000000	0.00000000000000
25.940000534058	0.76422244310379	-0.53197240829468	65.000000000000	0.00000000000000
25.950000762939	0.76372826099396	-0.53233247995377	65.000000000000	0.00000000000000
25.959999084473	0.76323282718658	-0.53269243240356	65.000000000000	0.00000000000000
25.969999313354	0.76273655891418	-0.53305232524872	65.000000000000	0.00000000000000
25.979999542236	0.76223891973495	-0.53341215848923	65.000000000000	0.00000000000000
25.989999771118	0.76174020767212	-0.53377205133438	65.000000000000	0.00000000000000
26.000000000000	0.76124036312103	-0.53413164615631	65.000000000000	0.00000000000000
26.010000228882	0.76073938608170	-0.53449130058289	65.000000000000	0.00000000000000
26.020000457764	0.76023727655411	-0.53485083580017	65.000000000000	0.00000000000000
26.030000686646	0.75973397493362	-0.53521025180817	65.000000000000	0.00000000000000
26.040000915527	0.75922954082489	-0.53556972742081	65.000000000000	0.00000000000000
26.049999237061	0.75872403383255	-0.53592890501022	65.000000000000	0.00000000000000
26.059999465942	0.75821721553802	-0.53628814220428	65.000000000000	0.00000000000000
26.069999694824	0.75770932435989	-0.53664726018906	65.000000000000	0.00000000000000
26.079999923706	0.75720030069351	-0.53700631856918	65.000000000000	0.00000000000000
26.090000152588	0.75669020414352	-0.53736525774002	65.000000000000	0.00000000000000
26.100000381470	0.75617873668671	-0.53772401809692	65.000000000000	0.00000000000000
26.110000610352	0.75566619634628	-0.53808277845383	65.000000000000	0.00000000000000
26.120000839233	0.75515252351761	-0.53844141960144	65.000000000000	0.00000000000000
26.129999160767	0.75463759899139	-0.53879988193512	65.000000000000	0.00000000000000
26.139999389648	0.75412166118622	-0.53915834426880	65.000000000000	0.00000000000000
26.149999618530	0.75360435247421	-0.53951662778854	65.000000000000	0.00000000000000
26.159999847412	0.75308597087860	-0.53987479209900	65.000000000000	0.00000000000000
26.170000076294	0.75256639719009	-0.54023283720016	65.000000000000	0.00000000000000
26.180000305176	0.75204569101334	-0.54059088230133	65.000000000000	0.00000000000000
26.190000534058	0.75152361392975	-0.54094874858856	65.000000000000	0.00000000000000
26.200000762939	0.75100040435791	-0.54130637645721	65.000000000000	0.00000000000000
26.209999084473	0.75047612190247	-0.54166400432587	65.000000000000	0.00000000000000
26.219999313354	0.74995052814484	-0.54202151298523	65.000000000000	0.00000000000000
26.229999542236	0.74942386150360	-0.54237884283066	65.000000000000	0.00000000000000
26.239999771118	0.74889582395554	-0.54273605346680	65.000000000000	0.00000000000000
26.250000000000	0.74836671352386	-0.54309314489365	65.000000000000	0.00000000000000
26.260000228882	0.74783617258072	-0.54345011711121	65.000000000000	0.00000000000000
26.270000457764	0.74730461835861	-0.54380691051483	65.000000000000	0.00000000000000
26.280000686646	0.74677181243896	-0.54416358470917	65.000000000000	0.00000000000000
26.290000915527	0.74623781442642	-0.54452008008957	65.000000000000	0.00000000000000
26.299999237061	0.74570262432098	-0.54487651586533	65.000000000000	0.00000000000000
26.309999465942	0.74516624212265	-0.54523265361786	65.000000000000	0.00000000000000
26.319999694824	0.74462848901749	-0.54558873176575	65.000000000000	0.00000000000000
26.329999923706	0.74408954381943	-0.54594457149506	65.000000000000	0.00000000000000
26.340000152588	0.74354940652847	-0.54630041122437	65.000000000000	0.00000000000000
26.350000381470	0.74300795793533	-0.54665601253510	65.000000000000	0.00000000000000
26.360000610352	0.74246537685394	-0.54701143503189	65.000000000000	0.00000000000000
26.370000839233	0.74192154407501	-0.54736661911011	65.000000000000	0.00000000000000
26.379999160767	0.74137639999390	-0.54772180318832	65.000000000000	0.00000000000000
26.389999389648	0.74083000421524	-0.54807674884796	65.000000000000	0.00000000000000
26.399999618530	0.74028247594833	-0.54843145608902	65.000000000000	0.00000000000000
26.409999847412	0.73973369598389	-0.54878598451614	65.000000000000	0.00000000000000
26.420000076294	0.73918354511261	-0.54914039373398	65.000000000000	0.00000000000000
26.430000305176	0.73863214254379	-0.54949462413788	65.000000000000	0.00000000000000
26.440000534058	0.73807948827744	-0.54984867572784	65.000000000000	0.00000000000000
26.450000762939	0.73752570152283	-0.55020248889923	65.000000000000	0.00000000000000
26.459999084473	0.73697054386139	-0.55055606365204	65.000000000000	0.00000000000000
26.469999313354	0.73641413450241	-0.55090951919556	65.000000000000	0.00000000000000
26.479999542236	0.73585647344589	-0.55126279592514	65.000000000000	0.00000000000000
26.489999771118	0.73529750108719	-0.55161583423615	65.000000000000	0.00000000000000
26.500000000000	0.73473733663559	-0.55196863412857	65.000000000000	0.00000000000000
26.510000228882	0.73417580127716	-0.55232131481171	65.000000000000	0.00000000000000
26.520000457764	0.73361301422119	-0.55267369747162	65.000000000000	0.00000000000000
26.530000686646	0.73304897546768	-0.55302590131760	65.000000000000	0.00000000000000
26.540000915527	0.73248356580734	-0.55337792634964	65.000000000000	0.00000000000000
26.549999237061	0.73191696405411	-0.55372965335846	65.000000000000	0.00000000000000
26.559999465942	0.73134911060333	-0.55408126115799	65.000000000000	0.00000000000000
26.569999694824	0.73077982664108	-0.55443251132965	65.000000000000	0.00000000000000
26.579999923706	0.73020929098129	-0.55478364229202	65.000000000000	0.00000000000000
26.590000152588	0.72963738441467	-0.55513447523117	65.000000000000	0.00000000000000
26.600000381470	0.72906422615051	-0.55548512935638	65.000000000000	0.00000000000000
26.610000610352	0.72848981618881	-0.55583548545837	65.000000000000	0.00000000000000
26.620000839233	0.72791415452957	-0.55618560314178	65.000000000000	0.00000000000000
26.629999160767	0.72733706235886	-0.55653548240662	65.000000000000	0.00000000000000
26.639999389648	0.72675853967667	-0.55688518285751	65.000000000000	0.00000000000000
26.649999618530	0.72617900371552	-0.55723452568054	65.000000000000	0.00000000000000
26.659999847412	0.72559791803360	-0.55758374929428	65.000000000000	0.00000000000000
26.670000076294	0.72501564025879	-0.55793261528015	65.000000000000	0.00000000000000
26.680000305176	0.72443205118179	-0.55828124284744	65.000000000000	0.00000000000000
26.690000534058	0.72384703159332	-0.55862957239151	65.000000000000	0.00000000000000
26.700000762939	0.72326070070267	-0.55897772312164	65.000000000000	0.00000000000000
26.709999084473	0.72267317771912	-0.55932545661926	65.000000000000	0.00000000000000
26.719999313354	0.72208416461945	-0.55967301130295	65.000000000000	0.00000000000000
26.729999542236	0.72149384021759	-0.56002026796341	65.000000000000	0.00000000000000
26.739999771118	0.72090220451355	-0.56036728620529	65.000000000000	0.00000000000000
26.750000000000	0.72030913829803	-0.56071394681931	65.000000000000	0.00000000000000
26.760000228882	0.71971487998962	-0.56106036901474	65.000000000000	0.00000000000000
26.770000457764	0.71911913156509	-0.56140649318695	65.000000000000	0.00000000000000
26.780000686646	0.71852213144302	-0.56175225973129	65.000000000000	0.00000000000000
26.790000915527	0.71792376041412	-0.56209778785706	65.000000000000	0.00000000000000
26.799999237061	0.71732407808304	-0.56244301795959	65.000000000000	0.00000000000000
26.809999465942	0.71672284603119	-0.56278800964355	65.000000000000	0.00000000000000
26.819999694824	0.71612036228180	-0.56313258409500	65.000000000000	0.00000000000000
26.829999923706	0.71551662683487	-0.56347686052322	65.000000000000	0.00000000000000
26.840000152588	0.71491140127182	-0.56382083892822	65.000000000000	0.00000000000000
26.850000381470	0.71430486440659	-0.56416445970535	65.000000000000	0.00000000000000
26.860000610352	0.71369683742523	-0.56450772285461	65.000000000000	0.00000000000000
26.870000839233	0.71308749914169	-0.56485080718994	65.000000000000	0.00000000000000
26.879999160767	0.71247696876526	-0.56519347429276	65.000000000000	0.00000000000000
26.889999389648	0.71186488866806	-0.56553578376770	65.000000000000	0.00000000000000
26.899999618530	0.71125137805939	-0.56587779521942	65.000000000000	0.00000000000000
26.909999847412	0.71063661575317	-0.56621938943863	65.000000000000	0.00000000000000
26.920000076294	0.71002030372620	-0.56656068563461	65.000000000000	0.00000000000000
26.930000305176	0.70940274000168	-0.56690168380737	65.000000000000	0.00000000000000
26.940000534058	0.70878368616104	-0.56724226474762	65.000000000000	0.00000000000000
26.950000762939	0.70816326141357	-0.56758248806000	65.000000000000	0.00000000000000
26.959999084473	0.70754146575928	-0.56792241334915	65.000000000000	0.00000000000000
26.969999313354	0.70691835880280	-0.56826186180115	65.000000000000	0.00000000000000
26.979999542236	0.70629370212555	-0.56860101222992	65.000000000000	0.00000000000000
26.989999771118	0.70566761493683	-0.56893980503082	65.000000000000	0.00000000000000
27.000000000000	0.70504021644592	-0.56927824020386	65.000000000000	0.00000000000000
27.010000228882	0.70441132783890	-0.56961619853973	65.000000000000	0.00000000000000
27.020000457764	0.70378112792969	-0.56995385885239	65.000000000000	0.00000000000000
27.030000686646	0.70314943790436	-0.57029110193253	65.000000000000	0.00000000000000
27.040000915527	0.70251643657684	-0.57062792778015	65.000000000000	0.00000000000000
27.049999237061	0.70188194513321	-0.57096439599991	65.000000000000	0.00000000000000
27.059999465942	0.70124596357346	-0.57130044698715	65.000000000000	0.00000000000000
27.069999694824	0.70060867071152	-0.57163608074188	65.000000000000	0.00000000000000
27.079999923706	0.69996988773346	-0.57197129726410	65.000000000000	0.00000000000000
27.090000152588	0.69932961463928	-0.57230615615845	65.000000000000	0.00000000000000
27.100000381470	0.69868785142899	-0.57264053821564	65.000000000000	0.00000000000000
27.110000610352	0.69804495573044	-0.57297456264496	65.000000000000	0.00000000000000
27.120000839233	0.69740033149719	-0.57330805063248	65.000000000000	0.00000000000000
27.129999160767	0.69675445556641	-0.57364124059677	65.000000000000	0.00000000000000
27.139999389648	0.69610702991486	-0.57397389411926	65.000000000000	0.00000000000000
27.149999618530	0.69545811414719	-0.57430619001389	65.000000000000	0.00000000000000
27.159999847412	0.69480770826340	-0.57463800907135	65.000000000000	0.00000000000000
27.170000076294	0.69415599107742	-0.57496935129166	65.000000000000	0.00000000000000
27.180000305176	0.69350278377533	-0.57530033588409	65.000000000000	0.00000000000000
27.190000534058	0.69284820556641	-0.57563078403473	65.000000000000	0.00000000000000
27.200000762939	0.69219213724136	-0.57596081495285	65.000000000000	0.00000000000000
27.209999084473	0.69153439998627	-0.57629036903381	65.000000000000	0.00000000000000
27.219999313354	0.69087535142899	-0.57661944627762	65.000000000000	0.00000000000000
27.229999542236	0.69021493196487	-0.57694804668427	65.000000000000	0.00000000000000
27.239999771118	0.68955284357071	-0.57727622985840	65.000000000000	0.00000000000000
27.250000000000	0.68888938426971	-0.57760387659073	65.000000000000	0.00000000000000
27.260000228882	0.68822443485260	-0.57793098688126	65.000000000000	0.00000000000000
27.270000457764	0.68755817413330	-0.57825767993927	65.000000000000	0.00000000000000
27.280000686646	0.68689018487930	-0.57858389616013	65.000000000000	0.00000000000000
27.290000915527	0.68622070550919	-0.57890963554382	65.000000000000	0.00000000000000
27.299999237061	0.68554991483688	-0.57923483848572	65.000000000000	0.00000000000000
27.309999465942	0.68487769365311	-0.57955950498581	65.000000000000	0.00000000000000
27.319999694824	0.68420368432999	-0.57988369464874	65.000000000000	0.00000000000000
27.329999923706	0.68352842330933	-0.58020734786987	65.000000000000	0.00000000000000
27.340000152588	0.68285155296326	-0.58053046464920	65.000000000000	0.00000000000000
27.350000381470	0.68217331171036	-0.58085304498672	65.000000000000	0.00000000000000
27.360000610352	0.68149340152740	-0.58117514848709	65.000000000000	0.00000000000000
27.370000839233	0.68081218004227	-0.58149677515030	65.000000000000	0.00000000000000
27.379999160767	0.68012928962708	-0.58181774616241	65.000000000000	0.00000000000000
27.389999389648	0.67944496870041	-0.58213818073273	65.000000000000	0.00000000000000
27.399999618530	0.67875915765762	-0.58245813846588	65.000000000000	0.00000000000000
27.409999847412	0.67807191610336	-0.58277755975723	65.000000000000	0.00000000000000
27.420000076294	0.67738300561905	-0.58309632539749	65.000000000000	0.00000000000000
27.430000305176	0.67669260501862	-0.58341461420059	65.000000000000	0.00000000000000
27.440000534058	0.67600077390671	-0.58373230695724	65.000000000000	0.00000000000000
27.450000762939	0.67530727386475	-0.58404946327209	65.000000000000	0.00000000000000
27.459999084473	0.67461246252060	-0.58436596393585	65.000000000000	0.00000000000000
27.469999313354	0.67391592264175	-0.58468192815781	65.000000000000	0.00000000000000
27.479999542236	0.67321795225143	-0.58499729633331	65.000000000000	0.00000000000000
27.489999771118	0.67251855134964	-0.58531212806702	65.000000000000	0.00000000000000
27.500000000000	0.67181742191315	-0.58562636375427	65.000000000000	0.00000000000000
27.510000228882	0.67111486196518	-0.58593988418579	65.000000000000	0.00000000000000
27.520000457764	0.67041069269180	-0.58625298738480	65.000000000000	0.00000000000000
27.530000686646	0.66970503330231	-0.58656531572342	65.000000000000	0.00000000000000
27.540000915527	0.66899776458740	-0.58687710762024	65.000000000000	0.00000000000000
27.549999237061	0.66828912496567	-0.58718830347061	65.000000000000	0.00000000000000
27.559999465942	0.66757875680923	-0.58749878406525	65.000000000000	0.00000000000000
27.569999694824	0.66686701774597	-0.58780872821808	65.000000000000	0.00000000000000
27.579999923706	0.66615355014801	-0.58811801671982	65.000000000000	0.00000000000000
27.590000152588	0.66543871164322	-0.58842658996582	65.000000000000	0.00000000000000
27.600000381470	0.66472220420837	-0.58873462677002	65.000000000000	0.00000000000000
27.610000610352	0.66400408744812	-0.58904194831848	65.000000000000	0.00000000000000
27.620000839233	0.66328448057175	-0.58934867382050	65.000000000000	0.00000000000000
27.629999160767	0.66256326436996	-0.58965468406677	65.000000000000	0.00000000000000
27.639999389648	0.66184061765671	-0.58996003866196	65.000000000000	0.00000000000000
27.649999618530	0.66111618280411	-0.59026473760605	65.000000000000	0.00000000000000
27.659999847412	0.66039037704468	-0.59056872129440	65.000000000000	0.00000000000000
27.670000076294	0.65966302156448	-0.59087204933167	65.000000000000	0.00000000000000
27.680000305176	0.65893399715424	-0.59117478132248	65.000000000000	0.00000000000000
27.690000534058	0.65820330381393	-0.59147667884827	65.000000000000	0.00000000000000
27.700000762939	0.65747112035751	-0.59177798032761	65.000000000000	0.00000000000000
27.709999084473	0.65673738718033	-0.59207850694656	65.000000000000	0.00000000000000
27.719999313354	0.65600210428238	-0.59237843751907	65.000000000000	0.00000000000000
27.729999542236	0.65526515245438	-0.59267759323120	65.000000000000	0.00000000000000
27.739999771118	0.65452677011490	-0.59297597408295	65.000000000000	0.00000000000000
27.750000000000	0.65378654003143	-0.59327375888824	65.000000000000	0.00000000000000
27.760000228882	0.65304487943649	-0.59357070922852	65.000000000000	0.00000000000000
27.770000457764	0.65230166912079	-0.59386694431305	65.000000000000	0.00000000000000
27.780000686646	0.65155667066574	-0.59416246414185	65.000000000000	0.00000000000000
27.790000915527	0.65081024169922	-0.59445726871490	65.000000000000	0.00000000000000
27.799999237061	0.65006232261658	-0.59475123882294	65.000000000000	0.00000000000000
27.809999465942	0.64931273460388	-0.59504449367523	65.000000000000	0.00000000000000
27.819999694824	0.64856141805649	-0.59533703327179	65.000000000000	0.00000000000000
27.829999923706	0.64780849218369	-0.59562879800797	65.000000000000	0.00000000000000
27.840000152588	0.64705401659012	-0.59591972827911	65.000000000000	0.00000000000000
27.850000381470	0.64629793167114	-0.59621000289917	65.000000000000	0.00000000000000
27.860000610352	0.64554011821747	-0.59649932384491	65.000000000000	0.00000000000000
27.870000839233	0.64478087425232	-0.59678792953491	65.000000000000	0.00000000000000
27.879999160767	0.64402002096176	-0.59707576036453	65.000000000000	0.00000000000000
27.889999389648	0.64325737953186	-0.59736287593842	65.000000000000	0.00000000000000
27.899999618530	0.64249324798584	-0.59764903783798	65.000000000000	0.00000000000000
27.909999847412	0.64172750711441	-0.59793442487717	65.000000000000	0.00000000000000
27.920000076294	0.64096009731293	-0.59821909666061	65.000000000000	0.00000000000000
27.930000305176	0.64019101858139	-0.59850281476974	65.000000000000	0.00000000000000
27.940000534058	0.63942033052444	-0.59878581762314	65.000000000000	0.00000000000000
27.950000762939	0.63864803314209	-0.59906792640686	65.000000000000	0.00000000000000
27.959999084473	0.63787412643433	-0.59934914112091	65.000000000000	0.00000000000000
27.969999313354	0.63709867000580	-0.59962952136993	65.000000000000	0.00000000000000
27.979999542236	0.63632130622864	-0.59990906715393	65.000000000000	0.00000000000000
27.989999771118	0.63554257154465	-0.60018777847290	65.000000000000	0.00000000000000
28.000000000000	0.63476210832596	-0.60046565532684	65.000000000000	0.00000000000000
28.010000228882	0.63397991657257	-0.60074269771576	65.000000000000	0.00000000000000
28.020000457764	0.63319623470306	-0.60101872682571	65.000000000000	0.00000000000000
28.030000686646	0.63241088390350	-0.60129386186600	65.000000000000	0.00000000000000
28.040000915527	0.63162386417389	-0.60156828165054	65.000000000000	0.00000000000000
28.049999237061	0.63083517551422	-0.60184168815613	65.000000000000	0.00000000000000
28.059999465942	0.63004475831985	-0.60211420059204	65.000000000000	0.00000000000000
28.069999694824	0.62925279140472	-0.60238587856293	65.000000000000	0.00000000000000
28.079999923706	0.62845909595490	-0.60265660285950	65.000000000000	0.00000000000000
28.090000152588	0.62766379117966	-0.60292637348175	65.000000000000	0.00000000000000
28.100000381470	0.62686681747437	-0.60319525003433	65.000000000000	0.00000000000000
28.110000610352	0.62606823444366	-0.60346317291260	65.000000000000	0.00000000000000
28.120000839233	0.62526792287827	-0.60373014211655	65.000000000000	0.00000000000000
28.129999160767	0.62446600198746	-0.60399621725082	65.000000000000	0.00000000000000
28.139999389648	0.62366241216660	-0.60426127910614	65.000000000000	0.00000000000000
28.149999618530	0.62285703420639	-0.60452550649643	65.000000000000	0.00000000000000
28.159999847412	0.62205010652542	-0.60478872060776	65.000000000000	0.00000000000000
28.170000076294	0.62124150991440	-0.60505086183548	65.000000000000	0.00000000000000
28.180000305176	0.62043118476868	-0.60531216859818	65.000000000000	0.00000000000000
28.190000534058	0.61961930990219	-0.60557240247726	65.000000000000	0.00000000000000
28.200000762939	0.61880576610565	-0.60583156347275	65.000000000000	0.00000000000000
28.209999084473	0.61799043416977	-0.60608989000320	65.000000000000	0.00000000000000
28.219999313354	0.61717331409454	-0.60634714365005	65.000000000000	0.00000000000000
28.229999542236	0.61635458469391	-0.60660338401794	65.000000000000	0.00000000000000
28.239999771118	0.61553436517715	-0.60685861110687	65.000000000000	0.00000000000000
28.250000000000	0.61471247673035	-0.60711282491684	65.000000000000	0.00000000000000
28.260000228882	0.61388844251633	-0.60736626386642	65.000000000000	0.00000000000000
28.270000457764	0.61306333541870	-0.60761815309525	65.000000000000	0.00000000000000
28.280000686646	0.61223584413528	-0.60786956548691	65.000000000000	0.00000000000000
28.290000915527	0.61140757799149	-0.60811918973923	65.000000000000	0.00000000000000
28.299999237061	0.61057698726654	-0.60836839675903	65.000000000000	0.00000000000000
28.309999465942	0.60974490642548	-0.60861617326736	65.000000000000	0.00000000000000
28.319999694824	0.60891085863113	-0.60886329412460	65.000000000000	0.00000000000000
28.329999923706	0.60807526111603	-0.60910904407501	65.000000000000	0.00000000000000
28.340000152588	0.60723805427551	-0.60935384035110	65.000000000000	0.00000000000000
28.350000381470	0.60639899969101	-0.60959744453430	65.000000000000	0.00000000000000
28.360000610352	0.60555827617645	-0.60984003543854	65.000000000000	0.00000000000000
28.370000839233	0.60471606254578	-0.61008131504059	65.000000000000	0.00000000000000
28.379999160767	0.60387188196182	-0.61032176017761	65.000000000000	0.00000000000000
28.389999389648	0.60302627086639	-0.61056089401245	65.000000000000	0.00000000000000
28.399999618530	0.60217887163162	-0.61079883575439	65.000000000000	0.00000000000000
28.409999847412	0.60132944583893	-0.61103600263596	65.000000000000	0.00000000000000
28.420000076294	0.60047888755798	-0.61127156019211	65.000000000000	0.00000000000000
28.430000305176	0.59962606430054	-0.61150646209717	65.000000000000	0.00000000000000
28.440000534058	0.59877198934555	-0.61173969507217	65.000000000000	0.00000000000000
28.450000762939	0.59791594743729	-0.61197209358215	65.000000000000	0.00000000000000
28.459999084473	0.59705841541290	-0.61220306158066	65.000000000000	0.00000000000000
28.469999313354	0.59619891643524	-0.61243313550949	65.000000000000	0.00000000000000
28.479999542236	0.59533762931824	-0.61266207695007	65.000000000000	0.00000000000000
28.489999771118	0.59447491168976	-0.61288958787918	65.000000000000	0.00000000000000
28.500000000000	0.59361052513123	-0.61311584711075	65.000000000000	0.00000000000000
28.510000228882	0.59274399280548	-0.61334121227264	65.000000000000	0.00000000000000
28.520000457764	0.59187614917755	-0.61356508731842	65.000000000000	0.00000000000000
28.530000686646	0.59100645780563	-0.61378782987595	65.000000000000	0.00000000000000
28.540000915527	0.59013485908508	-0.61400961875916	65.000000000000	0.00000000000000
28.549999237061	0.58926171064377	-0.61422985792160	65.000000000000	0.00000000000000
28.559999465942	0.58838689327240	-0.61444884538651	65.000000000000	0.00000000000000
28.569999694824	0.58751004934311	-0.61466693878174	65.000000000000	0.00000000000000
28.579999923706	0.58663207292557	-0.61488318443298	65.000000000000	0.00000000000000
28.590000152588	0.58575201034546	-0.61509841680527	65.000000000000	0.00000000000000
28.600000381470	0.58486992120743	-0.61531263589859	65.000000000000	0.00000000000000
28.610000610352	0.58398628234863	-0.61552548408508	65.000000000000	0.00000000000000
28.620000839233	0.58310109376907	-0.61573690176010	65.000000000000	0.00000000000000
28.629999160767	0.58221417665482	-0.61594700813293	65.000000000000	0.00000000000000
28.639999389648	0.58132547140121	-0.61615592241287	65.000000000000	0.00000000000000
28.649999618530	0.58043509721756	-0.61636346578598	65.000000000000	0.00000000000000
28.659999847412	0.57954293489456	-0.61656963825226	65.000000000000	0.00000000000000
28.670000076294	0.57864892482758	-0.61677461862564	65.000000000000	0.00000000000000
28.680000305176	0.57775336503983	-0.61697816848755	65.000000000000	0.00000000000000
28.690000534058	0.57685601711273	-0.61718034744263	65.000000000000	0.00000000000000
28.700000762939	0.57595682144165	-0.61738133430481	65.000000000000	0.00000000000000
28.709999084473	0.57505607604980	-0.61758077144623	65.000000000000	0.00000000000000
28.719999313354	0.57415342330933	-0.61777895689011	65.000000000000	0.00000000000000
28.729999542236	0.57324922084808	-0.61797571182251	65.000000000000	0.00000000000000
28.739999771118	0.57234317064285	-0.61817109584808	65.000000000000	0.00000000000000
28.750000000000	0.57143539190292	-0.61836510896683	65.000000000000	0.00000000000000
28.760000228882	0.57052588462830	-0.61855775117874	65.000000000000	0.00000000000000
28.770000457764	0.56961464881897	-0.61874896287918	65.000000000000	0.00000000000000
28.780000686646	0.56870162487030	-0.61893874406815	65.000000000000	0.00000000000000
28.790000915527	0.56778699159622	-0.61912709474564	65.000000000000	0.00000000000000
28.799999237061	0.56687045097351	-0.61931401491165	65.000000000000	0.00000000000000
28.809999465942	0.56595218181610	-0.61949950456619	65.000000000000	0.00000000000000
28.819999694824	0.56503224372864	-0.61968356370926	65.000000000000	0.00000000000000
28.829999923706	0.56411051750183	-0.61986613273621	65.000000000000	0.00000000000000
28.840000152588	0.56318718194962	-0.62004727125168	65.000000000000	0.00000000000000
28.850000381470	0.56226199865341	-0.62022691965103	65.000000000000	0.00000000000000
28.860000610352	0.56133520603180	-0.62040507793427	65.000000000000	0.00000000000000
28.870000839233	0.56040650606155	-0.62058174610138	65.000000000000	0.00000000000000
28.879999160767	0.55947613716125	-0.62075698375702	65.000000000000	0.00000000000000
28.889999389648	0.55854386091232	-0.62093067169189	65.000000000000	0.00000000000000
28.899999618530	0.55761009454727	-0.62110275030136	65.000000000000	0.00000000000000
28.909999847412	0.55667454004288	-0.62127339839935	65.000000000000	0.00000000000000
28.920000076294	0.55573719739914	-0.62144249677658	65.000000000000	0.00000000000000
28.930000305176	0.55479800701141	-0.62161010503769	65.000000000000	0.00000000000000
28.940000534058	0.55385720729828	-0.62177610397339	65.000000000000	0.00000000000000
28.950000762939	0.55291455984116	-0.62194049358368	65.000000000000	0.00000000000000
28.959999084473	0.55197030305862	-0.62210339307785	65.000000000000	0.00000000000000
28.969999313354	0.55102431774139	-0.62226474285126	65.000000000000	0.00000000000000
28.979999542236	0.55007642507553	-0.62242448329926	65.000000000000	0.00000000000000
28.989999771118	0.54912686347961	-0.62258255481720	65.000000000000	0.00000000000000
29.000000000000	0.54817563295364	-0.62273913621902	65.000000000000	0.00000000000000
29.010000228882	0.54722273349762	-0.62289404869080	65.000000000000	0.00000000000000
29.020000457764	0.54626792669296	-0.62304735183716	65.000000000000	0.00000000000000
29.030000686646	0.54531133174896	-0.62319904565811	65.000000000000	0.00000000000000
29.040000915527	0.54435318708420	-0.62334907054901	65.000000000000	0.00000000000000
29.049999237061	0.54339319467545	-0.62349742650986	65.000000000000	0.00000000000000
29.059999465942	0.54243153333664	-0.62364417314529	65.000000000000	0.00000000000000
29.069999694824	0.54146802425385	-0.62378925085068	65.000000000000	0.00000000000000
29.079999923706	0.54050290584564	-0.62393265962601	65.000000000000	0.00000000000000
29.090000152588	0.53953588008881	-0.62407433986664	65.000000000000	0.00000000000000
29.100000381470	0.53856736421585	-0.62421441078186	65.000000000000	0.00000000000000
29.110000610352	0.53759682178497	-0.62435269355774	65.000000000000	0.00000000000000
29.120000839233	0.53662478923798	-0.62448930740356	65.000000000000	0.00000000000000
29.129999160767	0.53565096855164	-0.62462413311005	65.000000000000	0.00000000000000
29.139999389648	0.53467530012131	-0.62475734949112	65.000000000000	0.00000000000000
29.149999618530	0.53369796276093	-0.62488877773285	65.000000000000	0.00000000000000
29.159999847412	0.53271901607513	-0.62501847743988	65.000000000000	0.00000000000000
29.170000076294	0.53173822164536	-0.62514638900757	65.000000000000	0.00000000000000
29.180000305176	0.53075569868088	-0.62527251243591	65.000000000000	0.00000000000000
29.190000534058	0.52977144718170	-0.62539690732956	65.000000000000	0.00000000000000
29.200000762939	0.52878558635712	-0.62551957368851	65.000000000000	0.00000000000000
29.209999084473	0.52779781818390	-0.62564033269882	65.000000000000	0.00000000000000
29.219999313354	0.52680844068527	-0.62575936317444	65.000000000000	0.00000000000000
29.229999542236	0.52581727504730	-0.62587654590607	65.000000000000	0.00000000000000
29.239999771118	0.52482444047928	-0.62599194049835	65.000000000000	0.00000000000000
29.250000000000	0.52382981777191	-0.62610548734665	65.000000000000	0.00000000000000
29.260000228882	0.52283358573914	-0.62621718645096	65.000000000000	0.00000000000000
29.270000457764	0.52183550596237	-0.62632697820663	65.000000000000	0.00000000000000
29.280000686646	0.52083581686020	-0.62643498182297	65.000000000000	0.00000000000000
29.290000915527	0.51983433961868	-0.62654113769531	65.000000000000	0.00000000000000
29.299999237061	0.51883113384247	-0.62664538621902	65.000000000000	0.00000000000000
29.309999465942	0.51782625913620	-0.62674778699875	65.000000000000	0.00000000000000
29.319999694824	0.51681971549988	-0.62684816122055	65.000000000000	0.00000000000000
29.329999923706	0.51581144332886	-0.62694674730301	65.000000000000	0.00000000000000
29.340000152588	0.51480156183243	-0.62704336643219	65.000000000000	0.00000000000000
29.350000381470	0.51378971338272	-0.62713807821274	65.000000000000	0.00000000000000
29.360000610352	0.51277625560760	-0.62723088264465	65.000000000000	0.00000000000000
29.370000839233	0.51176106929779	-0.62732172012329	65.000000000000	0.00000000000000
29.379999160767	0.51074439287186	-0.62741053104401	65.000000000000	0.00000000000000
29.389999389648	0.50972586870193	-0.62749743461609	65.000000000000	0.00000000000000
29.399999618530	0.50870549678802	-0.62758237123489	65.000000000000	0.00000000000000
29.409999847412	0.50768363475800	-0.62766534090042	65.000000000000	0.00000000000000
29.420000076294	0.50666010379791	-0.62774622440338	65.000000000000	0.00000000000000
29.430000305176	0.50563478469849	-0.62782514095306	65.000000000000	0.00000000000000
29.440000534058	0.50460779666901	-0.62790209054947	65.000000000000	0.00000000000000
29.450000762939	0.50357908010483	-0.62797701358795	65.000000000000	0.00000000000000
29.459999084473	0.50254875421524	-0.62804985046387	65.000000000000	0.00000000000000
29.469999313354	0.50151681900024	-0.62812066078186	65.000000000000	0.00000000000000
29.479999542236	0.50048297643661	-0.62818938493729	65.000000000000	0.00000000000000
29.489999771118	0.49944764375687	-0.62825608253479	65.000000000000	0.00000000000000
29.500000000000	0.49841052293777	-0.62832069396973	65.000000000000	0.00000000000000
29.510000228882	0.49737170338631	-0.62838321924210	65.000000000000	0.00000000000000
29.520000457764	0.49633130431175	-0.62844365835190	65.000000000000	0.00000000000000
29.530000686646	0.49528923630714	-0.62850201129913	65.000000000000	0.00000000000000
29.540000915527	0.49424543976784	-0.62855815887451	65.000000000000	0.00000000000000
29.549999237061	0.49320009350777	-0.62861222028732	65.000000000000	0.00000000000000
29.559999465942	0.49215286970139	-0.62866419553757	65.000000000000	0.00000000000000
29.569999694824	0.49110412597656	-0.62871402502060	65.000000000000	0.00000000000000
29.579999923706	0.49005377292633	-0.62876158952713	65.000000000000	0.00000000000000
29.590000152588	0.48900163173676	-0.62880706787109	65.000000000000	0.00000000000000
29.600000381470	0.48794800043106	-0.62885040044785	65.000000000000	0.00000000000000
29.610000610352	0.48689261078835	-0.62889146804810	65.000000000000	0.00000000000000
29.620000839233	0.48583558201790	-0.62893038988113	65.000000000000	0.00000000000000
29.629999160767	0.48477700352669	-0.62896704673767	65.000000000000	0.00000000000000
29.639999389648	0.48371675610542	-0.62900149822235	65.000000000000	0.00000000000000
29.649999618530	0.48265480995178	-0.62903380393982	65.000000000000	0.00000000000000
29.659999847412	0.48159128427505	-0.62906372547150	65.000000000000	0.00000000000000
29.670000076294	0.48052620887756	-0.62909150123596	65.000000000000	0.00000000000000
29.680000305176	0.47945928573608	-0.62911695241928	65.000000000000	0.00000000000000
29.690000534058	0.47839096188545	-0.62914019823074	65.000000000000	0.00000000000000
29.700000762939	0.47732090950012	-0.62916117906570	65.000000000000	0.00000000000000
29.709999084473	0.47624921798706	-0.62917971611023	65.000000000000	0.00000000000000
29.719999313354	0.47517591714859	-0.62919610738754	65.000000000000	0.00000000000000
29.729999542236	0.47410112619400	-0.62921011447906	65.000000000000	0.00000000000000
29.739999771118	0.47302472591400	-0.62922179698944	65.000000000000	0.00000000000000
29.750000000000	0.47194665670395	-0.62923115491867	65.000000000000	0.00000000000000
29.760000228882	0.47086700797081	-0.62923818826675	65.000000000000	0.00000000000000
29.770000457764	0.46978557109833	-0.62924289703369	65.000000000000	0.00000000000000
29.780000686646	0.46870279312134	-0.62924510240555	65.000000000000	0.00000000000000
29.790000915527	0.46761834621429	-0.62924498319626	65.000000000000	0.00000000000000
29.799999237061	0.46653234958649	-0.62924259901047	65.000000000000	0.00000000000000
29.809999465942	0.46544486284256	-0.62923771142960	65.000000000000	0.00000000000000
29.819999694824	0.46435570716858	-0.62923038005829	65.000000000000	0.00000000000000
29.829999923706	0.46326497197151	-0.62922060489655	65.000000000000	0.00000000000000
29.840000152588	0.46217265725136	-0.62920850515366	65.000000000000	0.00000000000000
29.850000381470	0.46107879281044	-0.62919390201569	65.000000000000	0.00000000000000
29.860000610352	0.45998334884644	-0.62917691469193	65.000000000000	0.00000000000000
29.870000839233	0.45888629555702	-0.62915736436844	65.000000000000	0.00000000000000
29.879999160767	0.45778790116310	-0.62913537025452	65.000000000000	0.00000000000000
29.889999389648	0.45668792724609	-0.62911093235016	65.000000000000	0.00000000000000
29.899999618530	0.45558622479439	-0.62908393144608	65.000000000000	0.00000000000000
29.909999847412	0.45448315143585	-0.62905442714691	65.000000000000	0.00000000000000
29.920000076294	0.45337852835655	-0.62902247905731	65.000000000000	0.00000000000000
29.930000305176	0.45227238535881	-0.62898802757263	65.000000000000	0.00000000000000
29.940000534058	0.45116469264030	-0.62895095348358	65.000000000000	0.00000000000000
29.950000762939	0.45005550980568	-0.62891137599945	65.000000000000	0.00000000000000
29.959999084473	0.44894474744797	-0.62886917591095	65.000000000000	0.00000000000000
29.969999313354	0.44783255457878	-0.62882441282272	65.000000000000	0.00000000000000
29.979999542236	0.44671884179115	-0.62877714633942	65.000000000000	0.00000000000000
29.989999771118	0.44560372829437	-0.62872713804245	65.000000000000	0.00000000000000
30.000000000000	0.44448700547218	-0.62867462635040	65.000000000000	0.00000000000000
30.010000228882	0.44336891174316	-0.62861949205399	65.000000000000	0.00000000000000
30.020000457764	0.44224920868874	-0.62856173515320	65.000000000000	0.00000000000000
30.030000686646	0.44112804532051	-0.62850129604340	65.000000000000	0.00000000000000
30.040000915527	0.44000554084778	-0.62843829393387	65.000000000000	0.00000000000000
30.049999237061	0.43888142704964	-0.62837255001068	65.000000000000	0.00000000000000
30.059999465942	0.43775603175163	-0.62830412387848	65.000000000000	0.00000000000000
30.069999694824	0.43662899732590	-0.62823307514191	65.000000000000	0.00000000000000
30.079999923706	0.43550065159798	-0.62815934419632	65.000000000000	0.00000000000000
30.090000152588	0.43437090516090	-0.62808281183243	65.000000000000	0.00000000000000
30.100000381470	0.43323957920074	-0.62800371646881	65.000000000000	0.00000000000000
30.110000610352	0.43210694193840	-0.62792176008224	65.000000000000	0.00000000000000
30.120000839233	0.43097275495529	-0.62783712148666	65.000000000000	0.00000000000000
30.129999160767	0.42983728647232	-0.62774968147278	65.000000000000	0.00000000000000
30.139999389648	0.42870029807091	-0.62765955924988	65.000000000000	0.00000000000000
30.149999618530	0.42756205797195	-0.62756663560867	65.000000000000	0.00000000000000
30.159999847412	0.42642241716385	-0.62747097015381	65.000000000000	0.00000000000000
30.170000076294	0.42528119683266	-0.62737244367599	65.000000000000	0.00000000000000
30.180000305176	0.42413881421089	-0.62727111577988	65.000000000000	0.00000000000000
30.190000534058	0.42299485206604	-0.62716698646545	65.000000000000	0.00000000000000
30.200000762939	0.42184969782829	-0.62706005573273	65.000000000000	0.00000000000000
30.209999084473	0.42070305347443	-0.62695026397705	65.000000000000	0.00000000000000
30.219999313354	0.41955521702766	-0.62683767080307	65.000000000000	0.00000000000000
30.229999542236	0.41840583086014	-0.62672215700150	65.000000000000	0.00000000000000
30.239999771118	0.41725528240204	-0.62660384178162	65.000000000000	0.00000000000000
30.250000000000	0.41610324382782	-0.62648260593414	65.000000000000	0.00000000000000
30.260000228882	0.41495007276535	-0.62635844945908	65.000000000000	0.00000000000000
30.270000457764	0.41379541158676	-0.62623143196106	65.000000000000	0.00000000000000
30.280000686646	0.41263943910599	-0.62610143423080	65.000000000000	0.00000000000000
30.290000915527	0.41148233413696	-0.62596857547760	65.000000000000	0.00000000000000
30.299999237061	0.41032376885414	-0.62583273649216	65.000000000000	0.00000000000000
30.309999465942	0.40916389226913	-0.62569397687912	65.000000000000	0.00000000000000
30.319999694824	0.40800294280052	-0.62555229663849	65.000000000000	0.00000000000000
30.329999923706	0.40684041380882	-0.62540763616562	65.000000000000	0.00000000000000
30.340000152588	0.40567690134048	-0.62525993585587	65.000000000000	0.00000000000000
30.350000381470	0.40451198816299	-0.62510931491852	65.000000000000	0.00000000000000
30.360000610352	0.40334588289261	-0.62495565414429	65.000000000000	0.00000000000000
30.370000839233	0.40217831730843	-0.62479895353317	65.000000000000	0.00000000000000
30.379999160767	0.40100970864296	-0.62463927268982	65.000000000000	0.00000000000000
30.389999389648	0.39983990788460	-0.62447655200958	65.000000000000	0.00000000000000
30.399999618530	0.39866882562637	-0.62431079149246	65.000000000000	0.00000000000000
30.409999847412	0.39749661087990	-0.62414193153381	65.000000000000	0.00000000000000
30.420000076294	0.39632317423820	-0.62397003173828	65.000000000000	0.00000000000000
30.430000305176	0.39514839649200	-0.62379503250122	65.000000000000	0.00000000000000
30.440000534058	0.39397257566452	-0.62361699342728	65.000000000000	0.00000000000000
30.450000762939	0.39279541373253	-0.62343579530716	65.000000000000	0.00000000000000
30.459999084473	0.39161729812622	-0.62325149774551	65.000000000000	0.00000000000000
30.469999313354	0.39043784141541	-0.62306410074234	65.000000000000	0.00000000000000
30.479999542236	0.38925740122795	-0.62287354469299	65.000000000000	0.00000000000000
30.489999771118	0.38807567954063	-0.62267988920212	65.000000000000	0.00000000000000
30.500000000000	0.38689282536507	-0.62248301506042	65.000000000000	0.00000000000000
30.510000228882	0.38570886850357	-0.62228304147720	65.000000000000	0.00000000000000
30.520000457764	0.38452380895615	-0.62207978963852	65.000000000000	0.00000000000000
30.530000686646	0.38333761692047	-0.62187349796295	65.000000000000	0.00000000000000
30.540000915527	0.38215035200119	-0.62166386842728	65.000000000000	0.00000000000000
30.549999237061	0.38096204400063	-0.62145107984543	65.000000000000	0.00000000000000
30.559999465942	0.37977263331413	-0.62123507261276	65.000000000000	0.00000000000000
30.569999694824	0.37858211994171	-0.62101578712463	65.000000000000	0.00000000000000
30.579999923706	0.37739047408104	-0.62079334259033	65.000000000000	0.00000000000000
30.590000152588	0.37619787454605	-0.62056761980057	65.000000000000	0.00000000000000
30.600000381470	0.37500423192978	-0.62033855915070	65.000000000000	0.00000000000000
30.610000610352	0.37380951642990	-0.62010633945465	65.000000000000	0.00000000000000
30.620000839233	0.37261384725571	-0.61987078189850	65.000000000000	0.00000000000000
30.629999160767	0.37141704559326	-0.61963188648224	65.000000000000	0.00000000000000
30.639999389648	0.37021937966347	-0.61938971281052	65.000000000000	0.00000000000000
30.649999618530	0.36902061104774	-0.61914420127869	65.000000000000	0.00000000000000
30.659999847412	0.36782097816467	-0.61889541149139	65.000000000000	0.00000000000000
30.670000076294	0.36662027239799	-0.61864328384399	65.000000000000	0.00000000000000
30.680000305176	0.36541861295700	-0.61838781833649	65.000000000000	0.00000000000000
30.690000534058	0.36421611905098	-0.61812889575958	65.000000000000	0.00000000000000
30.700000762939	0.36301258206367	-0.61786669492722	65.000000000000	0.00000000000000
30.709999084473	0.36180812120438	-0.61760109663010	65.000000000000	0.00000000000000
30.719999313354	0.36060270667076	-0.61733204126358	65.000000000000	0.00000000000000
30.729999542236	0.35939645767212	-0.61705970764160	65.000000000000	0.00000000000000
30.739999771118	0.35818922519684	-0.61678379774094	65.000000000000	0.00000000000000
30.750000000000	0.35698115825653	-0.61650460958481	65.000000000000	0.00000000000000
30.760000228882	0.35577222704887	-0.61622190475464	65.000000000000	0.00000000000000
30.770000457764	0.35456243157387	-0.61593586206436	65.000000000000	0.00000000000000
30.780000686646	0.35335174202919	-0.61564618349075	65.000000000000	0.00000000000000
30.790000915527	0.35214009881020	-0.61535316705704	65.000000000000	0.00000000000000
30.799999237061	0.35092779994011	-0.61505663394928	65.000000000000	0.00000000000000
30.809999465942	0.34971466660500	-0.61475664377213	65.000000000000	0.00000000000000
30.819999694824	0.34850069880486	-0.61445313692093	65.000000000000	0.00000000000000
30.829999923706	0.34728595614433	-0.61414617300034	65.000000000000	0.00000000000000
30.840000152588	0.34607046842575	-0.61383563280106	65.000000000000	0.00000000000000
30.850000381470	0.34485402703285	-0.61352157592773	65.000000000000	0.00000000000000
30.860000610352	0.34363692998886	-0.61320400238037	65.000000000000	0.00000000000000
30.870000839233	0.34241899847984	-0.61288291215897	65.000000000000	0.00000000000000
30.879999160767	0.34120041131973	-0.61255812644958	65.000000000000	0.00000000000000
30.889999389648	0.33998116850853	-0.61222994327545	65.000000000000	0.00000000000000
30.899999618530	0.33876115083694	-0.61189812421799	65.000000000000	0.00000000000000
30.909999847412	0.33754044771194	-0.61156272888184	65.000000000000	0.00000000000000
30.920000076294	0.33631905913353	-0.61122363805771	65.000000000000	0.00000000000000
30.930000305176	0.33509686589241	-0.61088120937347	65.000000000000	0.00000000000000
30.940000534058	0.33387407660484	-0.61053490638733	65.000000000000	0.00000000000000
30.950000762939	0.33265084028244	-0.61018496751785	65.000000000000	0.00000000000000
30.959999084473	0.33142653107643	-0.60983157157898	65.000000000000	0.00000000000000
30.969999313354	0.33020228147507	-0.60947424173355	65.000000000000	0.00000000000000
30.979999542236	0.32897669076920	-0.60911357402802	65.000000000000	0.00000000000000
30.989999771118	0.32775062322617	-0.60874921083450	65.000000000000	0.00000000000000
31.000000000000	0.32652413845062	-0.60838103294373	65.000000000000	0.00000000000000
31.010000228882	0.32529720664024	-0.60800915956497	65.000000000000	0.00000000000000
31.020000457764	0.32406952977180	-0.60763370990753	65.000000000000	0.00000000000000
31.030000686646	0.32284149527550	-0.60725444555283	65.000000000000	0.00000000000000
31.040000915527	0.32161298394203	-0.60687130689621	65.000000000000	0.00000000000000
31.049999237061	0.32038357853889	-0.60648483037949	65.000000000000	0.00000000000000
31.059999465942	0.31915375590324	-0.60609447956085	65.000000000000	0.00000000000000
31.069999694824	0.31792357563972	-0.60570031404495	65.000000000000	0.00000000000000
31.079999923706	0.31669273972511	-0.60530245304108	65.000000000000	0.00000000000000
31.090000152588	0.31546127796173	-0.60490101575851	65.000000000000	0.00000000000000
31.100000381470	0.31423011422157	-0.60449540615082	65.000000000000	0.00000000000000
31.110000610352	0.31299802660942	-0.60408622026443	65.000000000000	0.00000000000000
31.120000839233	0.31176534295082	-0.60367327928543	65.000000000000	0.00000000000000
31.129999160767	0.31053209304810	-0.60325670242310	65.000000000000	0.00000000000000
31.139999389648	0.30929884314537	-0.60283607244492	65.000000000000	0.00000000000000
31.149999618530	0.30806535482407	-0.60241162776947	65.000000000000	0.00000000000000
31.159999847412	0.30683103203773	-0.60198354721069	65.000000000000	0.00000000000000
31.170000076294	0.30559679865837	-0.60155141353607	65.000000000000	0.00000000000000
31.180000305176	0.30436170101166	-0.60111570358276	65.000000000000	0.00000000000000
31.190000534058	0.30312672257423	-0.60067588090897	65.000000000000	0.00000000000000
31.200000762939	0.30189129710197	-0.60023236274719	65.000000000000	0.00000000000000
31.209999084473	0.30065563321114	-0.59978485107422	65.000000000000	0.00000000000000
31.219999313354	0.29941955208778	-0.59933364391327	65.000000000000	0.00000000000000
31.229999542236	0.29818329215050	-0.59887832403183	65.000000000000	0.00000000000000
31.239999771118	0.29694664478302	-0.59841930866241	65.000000000000	0.00000000000000
31.250000000000	0.29570981860161	-0.59795635938644	65.000000000000	0.00000000000000
31.260000228882	0.29447293281555	-0.59748941659927	65.000000000000	0.00000000000000
31.270000457764	0.29323562979698	-0.59701865911484	65.000000000000	0.00000000000000
31.280000686646	0.29199826717377	-0.59654390811920	65.000000000000	0.00000000000000
31.290000915527	0.29076054692268	-0.59606528282166	65.000000000000	0.00000000000000
31.299999237061	0.28952276706696	-0.59558272361755	65.000000000000	0.00000000000000
31.309999465942	0.28828495740891	-0.59509617090225	65.000000000000	0.00000000000000
31.319999694824	0.28704711794853	-0.59460556507111	65.000000000000	0.00000000000000
31.329999923706	0.28580895066261	-0.59411102533340	65.000000000000	0.00000000000000
31.340000152588	0.28457054495811	-0.59361273050308	65.000000000000	0.00000000000000
31.350000381470	0.28333240747452	-0.59311014413834	65.000000000000	0.00000000000000
31.360000610352	0.28209406137466	-0.59260380268097	65.000000000000	0.00000000000000
31.370000839233	0.28085541725159	-0.59209340810776	65.000000000000	0.00000000000000
31.379999160767	0.27961689233780	-0.59157902002335	65.000000000000	0.00000000000000
31.389999389648	0.27837842702866	-0.59106063842773	65.000000000000	0.00000000000000
31.399999618530	0.27713975310326	-0.59053826332092	65.000000000000	0.00000000000000
31.409999847412	0.27590116858482	-0.59001171588898	65.000000000000	0.00000000000000
31.420000076294	0.27466270327568	-0.58948117494583	65.000000000000	0.00000000000000
31.430000305176	0.27342444658279	-0.58894670009613	65.000000000000	0.00000000000000
31.440000534058	0.27218601107597	-0.58840817213058	65.000000000000	0.00000000000000
31.450000762939	0.27094757556915	-0.58786547183990	65.000000000000	0.00000000000000
31.459999084473	0.26970949769020	-0.58731877803802	65.000000000000	0.00000000000000
31.469999313354	0.26847133040428	-0.58676803112030	65.000000000000	0.00000000000000
31.479999542236	0.26723334193230	-0.58621317148209	65.000000000000	0.00000000000000
31.489999771118	0.26599547266960	-0.58565425872803	65.000000000000	0.00000000000000
31.500000000000	0.26475796103477	-0.58509123325348	65.000000000000	0.00000000000000
31.510000228882	0.26352044939995	-0.58452421426773	65.000000000000	0.00000000000000
31.520000457764	0.26228308677673	-0.58395302295685	65.000000000000	0.00000000000000
31.530000686646	0.26104599237442	-0.58337771892548	65.000000000000	0.00000000000000
31.540000915527	0.25980904698372	-0.58279836177826	65.000000000000	0.00000000000000
31.549999237061	0.25857242941856	-0.58221483230591	65.000000000000	0.00000000000000
31.559999465942	0.25733613967896	-0.58162701129913	65.000000000000	0.00000000000000
31.569999694824	0.25610023736954	-0.58103531599045	65.000000000000	0.00000000000000
31.579999923706	0.25486439466476	-0.58043938875198	65.000000000000	0.00000000000000
31.590000152588	0.25362896919250	-0.57983928918839	65.000000000000	0.00000000000000
31.600000381470	0.25239387154579	-0.57923507690430	65.000000000000	0.00000000000000
31.610000610352	0.25115895271301	-0.57862669229507	65.000000000000	0.00000000000000
31.620000839233	0.24992477893829	-0.57801419496536	65.000000000000	0.00000000000000
31.629999160767	0.24869072437286	-0.57739746570587	65.000000000000	0.00000000000000
31.639999389648	0.24745714664459	-0.57677650451660	65.000000000000	0.00000000000000
31.649999618530	0.24622391164303	-0.57615149021149	65.000000000000	0.00000000000000
31.659999847412	0.24499119818211	-0.57552224397659	65.000000000000	0.00000000000000
31.670000076294	0.24375894665718	-0.57488876581192	65.000000000000	0.00000000000000
31.680000305176	0.24252712726593	-0.57425117492676	65.000000000000	0.00000000000000
31.690000534058	0.24129582941532	-0.57360935211182	65.000000000000	0.00000000000000
31.700000762939	0.24006512761116	-0.57296329736710	65.000000000000	0.00000000000000
31.709999084473	0.23883482813835	-0.57231301069260	65.000000000000	0.00000000000000
31.719999313354	0.23760513961315	-0.57165855169296	65.000000000000	0.00000000000000
31.729999542236	0.23637607693672	-0.57099992036819	65.000000000000	0.00000000000000
31.739999771118	0.23514749109745	-0.57033705711365	65.000000000000	0.00000000000000
31.750000000000	0.23391956090927	-0.56966984272003	65.000000000000	0.00000000000000
31.760000228882	0.23269227147102	-0.56899845600128	65.000000000000	0.00000000000000
31.770000457764	0.23146568238735	-0.56832283735275	65.000000000000	0.00000000000000
31.780000686646	0.23023977875710	-0.56764304637909	65.000000000000	0.00000000000000
31.790000915527	0.22901433706284	-0.56695896387100	65.000000000000	0.00000000000000
31.799999237061	0.22778986394405	-0.56627058982849	65.000000000000	0.00000000000000
31.809999465942	0.22656589746475	-0.56557804346085	65.000000000000	0.00000000000000
31.819999694824	0.22534282505512	-0.56488114595413	65.000000000000	0.00000000000000
31.829999923706	0.22412052750587	-0.56418001651764	65.000000000000	0.00000000000000
31.840000152588	0.22289887070656	-0.56347465515137	65.000000000000	0.00000000000000
31.850000381470	0.22167806327343	-0.56276500225067	65.000000000000	0.00000000000000
31.860000610352	0.22045807540417	-0.56205105781555	65.000000000000	0.00000000000000
31.870000839233	0.21923893690109	-0.56133288145065	65.000000000000	0.00000000000000
31.879999160767	0.21802066266537	-0.56061041355133	65.000000000000	0.00000000000000
31.889999389648	0.21680329740047	-0.55988365411758	65.000000000000	0.00000000000000
31.899999618530	0.21558681130409	-0.55915260314941	65.000000000000	0.00000000000000
31.909999847412	0.21437124907970	-0.55841726064682	65.000000000000	0.00000000000000
31.920000076294	0.21315664052963	-0.55767762660980	65.000000000000	0.00000000000000
31.930000305176	0.21194297075272	-0.55693370103836	65.000000000000	0.00000000000000
31.940000534058	0.21073028445244	-0.55618548393250	65.000000000000	0.00000000000000
31.950000762939	0.20951859652996	-0.55543297529221	65.000000000000	0.00000000000000
31.959999084473	0.20830792188644	-0.55467617511749	65.000000000000	0.00000000000000
31.969999313354	0.20709826052189	-0.55391508340836	65.000000000000	0.00000000000000
31.979999542236	0.20588964223862	-0.55314964056015	65.000000000000	0.00000000000000
31.989999771118	0.20468209683895	-0.55237990617752	65.000000000000	0.00000000000000
32.000000000000	0.20347563922405	-0.55160588026047	65.000000000000	0.00000000000000
32.009998321533	0.20227037370205	-0.55082750320435	65.000000000000	0.00000000000000
32.020000457764	0.20106624066830	-0.55004477500916	65.000000000000	0.00000000000000
32.029998779297	0.19986313581467	-0.54925781488419	65.000000000000	0.00000000000000
32.040000915527	0.19866143167019	-0.54846650362015	65.000000000000	0.00000000000000
32.049999237061	0.19746077060699	-0.54767084121704	65.000000000000	0.00000000000000
32.060001373291	0.19626127183437	-0.54687088727951	65.000000000000	0.00000000000000
32.069999694824	0.19506315886974	-0.54606670141220	65.000000000000	0.00000000000000
32.080001831055	0.19386637210846	-0.54525804519653	65.000000000000	0.00000000000000
32.090000152588	0.19267083704472	-0.54444515705109	65.000000000000	0.00000000000000
32.099998474121	0.19147641956806	-0.54362791776657	65.000000000000	0.00000000000000
32.110000610352	0.19028341770172	-0.54280632734299	65.000000000000	0.00000000000000
32.119998931885	0.18909172713757	-0.54198044538498	65.000000000000	0.00000000000000
32.130001068115	0.18790148198605	-0.54115021228790	65.000000000000	0.00000000000000
32.139999389648	0.18671254813671	-0.54031568765640	65.000000000000	0.00000000000000
32.150001525879	0.18552525341511	-0.53947681188583	65.000000000000	0.00000000000000
32.159999847412	0.18433907628059	-0.53863364458084	65.000000000000	0.00000000000000
32.169998168945	0.18315452337265	-0.53778606653214	65.000000000000	0.00000000000000
32.180000305176	0.18197140097618	-0.53693425655365	65.000000000000	0.00000000000000
32.189998626709	0.18078969419003	-0.53607809543610	65.000000000000	0.00000000000000
32.200000762939	0.17960968613625	-0.53521752357483	65.000000000000	0.00000000000000
32.209999084473	0.17843103408813	-0.53435271978378	65.000000000000	0.00000000000000
32.220001220703	0.17725397646427	-0.53348356485367	65.000000000000	0.00000000000000
32.229999542236	0.17607857286930	-0.53261011838913	65.000000000000	0.00000000000000
32.240001678467	0.17490479350090	-0.53173226118088	65.000000000000	0.00000000000000
32.250000000000	0.17373253405094	-0.53085011243820	65.000000000000	0.00000000000000
32.259998321533	0.17256188392639	-0.52996367216110	65.000000000000	0.00000000000000
32.270000457764	0.17139302194118	-0.52907294034958	65.000000000000	0.00000000000000
32.279998779297	0.17022578418255	-0.52817779779434	65.000000000000	0.00000000000000
32.290000915527	0.16906014084816	-0.52727842330933	65.000000000000	0.00000000000000
32.299999237061	0.16789638996124	-0.52637469768524	65.000000000000	0.00000000000000
32.310001373291	0.16673429310322	-0.52546662092209	65.000000000000	0.00000000000000
32.319999694824	0.16557413339615	-0.52455425262451	65.000000000000	0.00000000000000
32.330001831055	0.16441553831100	-0.52363765239716	65.000000000000	0.00000000000000
32.340000152588	0.16325886547565	-0.52271670103073	65.000000000000	0.00000000000000
32.349998474121	0.16210407018661	-0.52179139852524	65.000000000000	0.00000000000000
32.360000610352	0.16095100343227	-0.52086174488068	65.000000000000	0.00000000000000
32.369998931885	0.15979999303818	-0.51992797851563	65.000000000000	0.00000000000000
32.380001068115	0.15865072607994	-0.51898974180222	65.000000000000	0.00000000000000
32.389999389648	0.15750353038311	-0.51804721355438	65.000000000000	0.00000000000000
32.400001525879	0.15635815262794	-0.51710045337677	65.000000000000	0.00000000000000
32.409999847412	0.15521486103535	-0.51614940166473	65.000000000000	0.00000000000000
32.419998168945	0.15407343208790	-0.51519405841827	65.000000000000	0.00000000000000
32.430000305176	0.15293411910534	-0.51423436403275	65.000000000000	0.00000000000000
32.439998626709	0.15179671347141	-0.51327049732208	65.000000000000	0.00000000000000
32.450000762939	0.15066148340702	-0.51230233907700	65.000000000000	0.00000000000000
32.459999084473	0.14952817559242	-0.51132988929749	65.000000000000	0.00000000000000
32.470001220703	0.14839707314968	-0.51035314798355	65.000000000000	0.00000000000000
32.479999542236	0.14726817607880	-0.50937217473984	65.000000000000	0.00000000000000
32.490001678467	0.14614127576351	-0.50838685035706	65.000000000000	0.00000000000000
32.500000000000	0.14501662552357	-0.50739735364914	65.000000000000	0.00000000000000
32.509998321533	0.14389415085316	-0.50640362501144	65.000000000000	0.00000000000000
32.520000457764	0.14277395606041	-0.50540560483932	65.000000000000	0.00000000000000
32.529998779297	0.14165581762791	-0.50440335273743	65.000000000000	0.00000000000000
32.540000915527	0.14054003357887	-0.50339692831039	65.000000000000	0.00000000000000
32.549999237061	0.13942645490170	-0.50238609313965	65.000000000000	0.00000000000000
32.560001373291	0.13831526041031	-0.50137120485306	65.000000000000	0.00000000000000
32.569999694824	0.13720642030239	-0.50035202503204	65.000000000000	0.00000000000000
32.580001831055	0.13609977066517	-0.49932861328125	65.000000000000	0.00000000000000
32.590000152588	0.13499554991722	-0.49830102920532	65.000000000000	0.00000000000000
32.599998474121	0.13389375805855	-0.49726921319962	65.000000000000	0.00000000000000
32.610000610352	0.13279442489147	-0.49623319506645	65.000000000000	0.00000000000000
32.619998931885	0.13169756531715	-0.49519297480583	65.000000000000	0.00000000000000
32.630001068115	0.13060297071934	-0.49414858222008	65.000000000000	0.00000000000000
32.639999389648	0.12951087951660	-0.49310004711151	65.000000000000	0.00000000000000
32.650001525879	0.12842133641243	-0.49204730987549	65.000000000000	0.00000000000000
32.659999847412	0.12733431160450	-0.49099040031433	65.000000000000	0.00000000000000
32.669998168945	0.12624977529049	-0.48992934823036	65.000000000000	0.00000000000000
32.680000305176	0.12516781687737	-0.48886406421661	65.000000000000	0.00000000000000
32.689998626709	0.12408857047558	-0.48779469728470	65.000000000000	0.00000000000000
32.700000762939	0.12301172316074	-0.48672115802765	65.000000000000	0.00000000000000
32.709999084473	0.12193764001131	-0.48564356565475	65.000000000000	0.00000000000000
32.720001220703	0.12086621671915	-0.48456177115440	65.000000000000	0.00000000000000
32.729999542236	0.11979734152555	-0.48347589373589	65.000000000000	0.00000000000000
32.740001678467	0.11873129755259	-0.48238587379456	65.000000000000	0.00000000000000
32.750000000000	0.11766796559095	-0.48129177093506	65.000000000000	0.00000000000000
32.759998321533	0.11660724133253	-0.48019361495972	65.000000000000	0.00000000000000
32.770000457764	0.11554940044880	-0.47909128665924	65.000000000000	0.00000000000000
32.779998779297	0.11449431627989	-0.47798487544060	65.000000000000	0.00000000000000
32.790000915527	0.11344191431999	-0.47687450051308	65.000000000000	0.00000000000000
32.799999237061	0.11239254474640	-0.47575998306274	65.000000000000	0.00000000000000
32.810001373291	0.11134588718414	-0.47464144229889	65.000000000000	0.00000000000000
32.819999694824	0.11030218750238	-0.47351884841919	65.000000000000	0.00000000000000
32.830001831055	0.10926134884357	-0.47239223122597	65.000000000000	0.00000000000000
32.840000152588	0.10822338610888	-0.47126159071922	65.000000000000	0.00000000000000
32.849998474121	0.10718842595816	-0.47012689709663	65.000000000000	0.00000000000000
32.860000610352	0.10615627467632	-0.46898823976517	65.000000000000	0.00000000000000
32.869998931885	0.10512727499008	-0.46784558892250	65.000000000000	0.00000000000000
32.880001068115	0.10410123318434	-0.46669891476631	65.000000000000	0.00000000000000
32.889999389648	0.10307815670967	-0.46554830670357	65.000000000000	0.00000000000000
32.900001525879	0.10205817967653	-0.46439370512962	65.000000000000	0.00000000000000
32.909999847412	0.10104120522738	-0.46323511004448	65.000000000000	0.00000000000000
32.919998168945	0.10002736002207	-0.46207264065742	65.000000000000	0.00000000000000
32.930000305176	0.099016554653645	-0.46090620756149	65.000000000000	0.00000000000000
32.939998626709	0.098009027540684	-0.45973587036133	65.000000000000	0.00000000000000
32.950000762939	0.097004570066929	-0.45856159925461	65.000000000000	0.00000000000000
32.959999084473	0.096003316342831	-0.45738342404366	65.000000000000	0.00000000000000
32.970001220703	0.095005169510841	-0.45620134472847	65.000000000000	0.00000000000000
32.979999542236	0.094010375440121	-0.45501542091370	65.000000000000	0.00000000000000
32.990001678467	0.093018718063831	-0.45382562279701	65.000000000000	0.00000000000000
33.000000000000	0.092030331492424	-0.45263192057610	65.000000000000	0.00000000000000
33.009998321533	0.091045334935188	-0.45143443346024	65.000000000000	0.00000000000000
33.020000457764	0.090063542127609	-0.45023307204247	65.000000000000	0.00000000000000
33.029998779297	0.089085064828396	-0.44902792572975	65.000000000000	0.00000000000000
33.040000915527	0.088109925389290	-0.44781896471977	65.000000000000	0.00000000000000
33.049999237061	0.087138146162033	-0.44660615921021	65.000000000000	0.00000000000000
33.060001373291	0.086169727146626	-0.44538959860802	65.000000000000	0.00000000000000
33.069999694824	0.085204802453518	-0.44416928291321	65.000000000000	0.00000000000000
33.080001831055	0.084243386983871	-0.44294518232346	65.000000000000	0.00000000000000
33.090000152588	0.083285190165043	-0.44171738624573	65.000000000000	0.00000000000000
33.099998474121	0.082330532371998	-0.44048583507538	65.000000000000	0.00000000000000
33.110000610352	0.081379532814026	-0.43925049901009	65.000000000000	0.00000000000000
33.119998931885	0.080431893467903	-0.43801152706146	65.000000000000	0.00000000000000
33.130001068115	0.079487860202789	-0.43676882982254	65.000000000000	0.00000000000000
33.139999389648	0.078547321259975	-0.43552246689796	65.000000000000	0.00000000000000
33.150001525879	0.077610403299332	-0.43427246809006	65.000000000000	0.00000000000000
33.159999847412	0.076677016913891	-0.43301877379417	65.000000000000	0.00000000000000
33.169998168945	0.075747288763523	-0.43176147341728	65.000000000000	0.00000000000000
33.180000305176	0.074821017682552	-0.43050050735474	65.000000000000	0.00000000000000
33.189998626709	0.073898635804653	-0.42923596501350	65.000000000000	0.00000000000000
33.200000762939	0.072979971766472	-0.42796787619591	65.000000000000	0.00000000000000
33.209999084473	0.072064802050591	-0.42669612169266	65.000000000000	0.00000000000000
33.220001220703	0.071153365075588	-0.42542085051537	65.000000000000	0.00000000000000
33.229999542236	0.070245780050755	-0.42414206266403	65.000000000000	0.00000000000000
33.240001678467	0.069341957569122	-0.42285966873169	65.000000000000	0.00000000000000
33.250000000000	0.068441808223724	-0.42157381772995	65.000000000000	0.00000000000000
33.259998321533	0.067545443773270	-0.42028442025185	65.000000000000	0.00000000000000
33.270000457764	0.066652990877628	-0.41899150609970	65.000000000000	0.00000000000000
33.279998779297	0.065764360129833	-0.41769522428513	65.000000000000	0.00000000000000
33.290000915527	0.064879469573498	-0.41639539599419	65.000000000000	0.00000000000000
33.299999237061	0.063998617231846	-0.41509220004082	65.000000000000	0.00000000000000
33.310001373291	0.063121542334557	-0.41378554701805	65.000000000000	0.00000000000000
33.319999694824	0.062248341739178	-0.41247549653053	65.000000000000	0.00000000000000
33.330001831055	0.061379138380289	-0.41116201877594	65.000000000000	0.00000000000000
33.340000152588	0.060513935983181	-0.40984520316124	65.000000000000	0.00000000000000
33.349998474121	0.059652660042048	-0.40852499008179	65.000000000000	0.00000000000000
33.360000610352	0.058795321732759	-0.40720143914223	65.000000000000	0.00000000000000
33.369998931885	0.057941932231188	-0.40587466955185	65.000000000000	0.00000000000000
33.380001068115	0.057092797011137	-0.40454447269440	65.000000000000	0.00000000000000
33.389999389648	0.056247442960739	-0.40321105718613	65.000000000000	0.00000000000000
33.400001525879	0.055406380444765	-0.40187436342239	65.000000000000	0.00000000000000
33.409999847412	0.054569318890572	-0.40053436160088	65.000000000000	0.00000000000000
33.419998168945	0.053736273199320	-0.39919117093086	65.000000000000	0.00000000000000
33.430000305176	0.052907358855009	-0.39784473180771	65.000000000000	0.00000000000000
33.439998626709	0.052082687616348	-0.39649516344070	65.000000000000	0.00000000000000
33.450000762939	0.051262069493532	-0.39514237642288	65.000000000000	0.00000000000000
33.459999084473	0.050445616245270	-0.39378634095192	65.000000000000	0.00000000000000
33.470001220703	0.049633443355560	-0.39242726564407	65.000000000000	0.00000000000000
33.479999542236	0.048825364559889	-0.39106503129005	65.000000000000	0.00000000000000
33.490001678467	0.048021681606770	-0.38969969749451	65.000000000000	0.00000000000000
33.500000000000	0.047222115099430	-0.38833126425743	65.000000000000	0.00000000000000
33.509998321533	0.046426784247160	-0.38695973157883	65.000000000000	0.00000000000000
33.520000457764	0.045635785907507	-0.38558518886566	65.000000000000	0.00000000000000
33.529998779297	0.044849041849375	-0.38420757651329	65.000000000000	0.00000000000000
33.540000915527	0.044066652655602	-0.38282698392868	65.000000000000	0.00000000000000
33.549999237061	0.043288543820381	-0.38144338130951	65.000000000000	0.00000000000000
33.560001373291	0.042514815926552	-0.38005682826042	65.000000000000	0.00000000000000
33.569999694824	0.041745577007532	-0.37866726517677	65.000000000000	0.00000000000000
33.580001831055	0.040980555117130	-0.37727481126785	65.000000000000	0.00000000000000
33.590000152588	0.040219761431217	-0.37587949633598	65.000000000000	0.00000000000000
33.599998474121	0.039463754743338	-0.37448120117188	65.000000000000	0.00000000000000
33.610000610352	0.038712002336979	-0.37308004498482	65.000000000000	0.00000000000000
33.619998931885	0.037964697927237	-0.37167602777481	65.000000000000	0.00000000000000
33.630001068115	0.037221848964691	-0.37026923894882	65.000000000000	0.00000000000000
33.639999389648	0.036483287811279	-0.36885955929756	65.000000000000	0.00000000000000
33.650001525879	0.035749383270741	-0.36744713783264	65.000000000000	0.00000000000000
33.659999847412	0.035019971430302	-0.36603197455406	65.000000000000	0.00000000000000
33.669998168945	0.034295052289963	-0.36461400985718	65.000000000000	0.00000000000000
33.680000305176	0.033574987202883	-0.36319327354431	65.000000000000	0.00000000000000
33.689998626709	0.032859090715647	-0.36176991462708	65.000000000000	0.00000000000000
33.700000762939	0.032147899270058	-0.36034384369850	65.000000000000	0.00000000000000
33.709999084473	0.031441241502762	-0.35891509056091	65.000000000000	0.00000000000000
33.720001220703	0.030739296227694	-0.35748371481895	65.000000000000	0.00000000000000
33.729999542236	0.030041741207242	-0.35604971647263	65.000000000000	0.00000000000000
33.740001678467	0.029348917305470	-0.35461309552193	65.000000000000	0.00000000000000
33.750000000000	0.028661005198956	-0.35317388176918	65.000000000000	0.00000000000000
33.759998321533	0.027977336198092	-0.35173213481903	65.000000000000	0.00000000000000
33.770000457764	0.027298592031002	-0.35028782486916	65.000000000000	0.00000000000000
33.779998779297	0.026624448597431	-0.34884104132652	65.000000000000	0.00000000000000
33.790000915527	0.025955080986023	-0.34739175438881	65.000000000000	0.00000000000000
33.799999237061	0.025290325284004	-0.34593999385834	65.000000000000	0.00000000000000
33.810001373291	0.024630194529891	-0.34448578953743	65.000000000000	0.00000000000000
33.819999694824	0.023975023999810	-0.34302914142609	65.000000000000	0.00000000000000
33.830001831055	0.023324491456151	-0.34157010912895	65.000000000000	0.00000000000000
33.840000152588	0.022678770124912	-0.34010872244835	65.000000000000	0.00000000000000
33.849998474121	0.022037699818611	-0.33864495158195	65.000000000000	0.00000000000000
33.860000610352	0.021401617676020	-0.33717882633209	65.000000000000	0.00000000000000
33.869998931885	0.020770205184817	-0.33571043610573	65.000000000000	0.00000000000000
33.880001068115	0.020143786445260	-0.33423975110054	65.000000000000	0.00000000000000
33.889999389648	0.019521890208125	-0.33276680111885	65.000000000000	0.00000000000000
33.900001525879	0.018905162811279	-0.33129164576530	65.000000000000	0.00000000000000
33.909999847412	0.018292970955372	-0.32981422543526	65.000000000000	0.00000000000000
33.919998168945	0.017685951665044	-0.32833459973335	65.000000000000	0.00000000000000
33.930000305176	0.017083643004298	-0.32685282826424	65.000000000000	0.00000000000000
33.939998626709	0.016486207023263	-0.32536891102791	65.000000000000	0.00000000000000
33.950000762939	0.015893798321486	-0.32388287782669	65.000000000000	0.00000000000000
33.959999084473	0.015306117944419	-0.32239472866058	65.000000000000	0.00000000000000
33.970001220703	0.014723325148225	-0.32090455293655	65.000000000000	0.00000000000000
33.979999542236	0.014145727269351	-0.31941229104996	65.000000000000	0.00000000000000
33.990001678467	0.013572871685028	-0.31791800260544	65.000000000000	0.00000000000000
34.000000000000	0.013005068525672	-0.31642171740532	65.000000000000	0.00000000000000
34.009998321533	0.012442169710994	-0.31492346525192	65.000000000000	0.00000000000000
34.020000457764	0.011884327977896	-0.31342321634293	65.000000000000	0.00000000000000
34.029998779297	0.011331397108734	-0.31192108988762	65.000000000000	0.00000000000000
34.040000915527	0.010783532634377	-0.31041705608368	65.000000000000	0.00000000000000
34.049999237061	0.010240585543215	-0.30891114473343	65.000000000000	0.00000000000000
34.060001373291	0.0097028557211161	-0.30740335583687	65.000000000000	0.00000000000000
34.069999694824	0.0091697573661804	-0.30589374899864	65.000000000000	0.00000000000000
34.080001831055	0.0086421715095639	-0.30438232421875	65.000000000000	0.00000000000000
34.090000152588	0.0081193698570132	-0.30286914110184	65.000000000000	0.00000000000000
34.099998474121	0.0076015046797693	-0.30135419964790	65.000000000000	0.00000000000000
34.110000610352	0.0070890067145228	-0.29983752965927	65.000000000000	0.00000000000000
34.119998931885	0.0065814456902444	-0.29831913113594	65.000000000000	0.00000000000000
34.130001068115	0.0060788267292082	-0.29679906368256	65.000000000000	0.00000000000000
34.139999389648	0.0055814334191382	-0.29527732729912	65.000000000000	0.00000000000000
34.150001525879	0.0050889854319394	-0.29375401139259	65.000000000000	0.00000000000000
34.159999847412	0.0046019041910768	-0.29222905635834	65.000000000000	0.00000000000000
34.169998168945	0.0041197692044079	-0.29070252180099	65.000000000000	0.00000000000000
34.180000305176	0.0036427218001336	-0.28917440772057	65.000000000000	0.00000000000000
34.189998626709	0.0031710371840745	-0.28764480352402	65.000000000000	0.00000000000000
34.200000762939	0.0027041661087424	-0.28611367940903	65.000000000000	0.00000000000000
34.209999084473	0.0022426550276577	-0.28458106517792	65.000000000000	0.00000000000000
34.220001220703	0.0017862311797217	-0.28304705023766	65.000000000000	0.00000000000000
34.229999542236	0.0013348871143535	-0.28151157498360	65.000000000000	0.00000000000000
34.240001678467	0.00088877027155831	-0.27997469902039	65.000000000000	0.00000000000000
34.250000000000	0.00044787174556404	-0.27843645215034	65.000000000000	0.00000000000000
34.259998321533	1.2056967534591e-05	-0.27689683437347	65.000000000000	0.00000000000000
34.270000457764	-0.00041847728425637	-0.27535593509674	65.000000000000	0.00000000000000
34.279998779297	-0.00084393058205023	-0.27381372451782	65.000000000000	0.00000000000000
34.290000915527	-0.0012641086941585	-0.27227023243904	65.000000000000	0.00000000000000
34.299999237061	-0.0016790798399597	-0.27072545886040	65.000000000000	0.00000000000000
34.310001373291	-0.0020888473372906	-0.26917955279350	65.000000000000	0.00000000000000
34.319999694824	-0.0024934138637036	-0.26763236522675	65.000000000000	0.00000000000000
34.330001831055	-0.0028928462415934	-0.26608407497406	65.000000000000	0.00000000000000
34.340000152588	-0.0032869575079530	-0.26453462243080	65.000000000000	0.00000000000000
34.349998474121	-0.0036759409122169	-0.26298403739929	65.000000000000	0.00000000000000
34.360000610352	-0.0040596118196845	-0.26143237948418	65.000000000000	0.00000000000000
34.369998931885	-0.0044381003826857	-0.25987964868546	65.000000000000	0.00000000000000
34.380001068115	-0.0048112883232534	-0.25832587480545	65.000000000000	0.00000000000000
34.389999389648	-0.0051793013699353	-0.25677108764648	65.000000000000	0.00000000000000
34.400001525879	-0.0055420235730708	-0.25521537661552	65.000000000000	0.00000000000000
34.409999847412	-0.0058995215222239	-0.25365865230560	65.000000000000	0.00000000000000
34.419998168945	-0.0062518003396690	-0.25210100412369	65.000000000000	0.00000000000000
34.430000305176	-0.0065987454727292	-0.25054243206978	65.000000000000	0.00000000000000
34.439998626709	-0.0069404849782586	-0.24898301064968	65.000000000000	0.00000000000000
34.450000762939	-0.0072769639082253	-0.24742272496223	65.000000000000	0.00000000000000
34.459999084473	-0.0076081887818873	-0.24586158990860	65.000000000000	0.00000000000000
34.470001220703	-0.0079341093078256	-0.24429967999458	65.000000000000	0.00000000000000
34.479999542236	-0.0082547925412655	-0.24273699522018	65.000000000000	0.00000000000000
34.490001678467	-0.0085701858624816	-0.24117353558540	65.000000000000	0.00000000000000
34.500000000000	-0.0088802985846996	-0.23960936069489	65.000000000000	0.00000000000000
34.509998321533	-0.0091851400211453	-0.23804450035095	65.000000000000	0.00000000000000
34.520000457764	-0.0094847176223993	-0.23647898435593	65.000000000000	0.00000000000000
34.529998779297	-0.0097790407016873	-0.23491279780865	65.000000000000	0.00000000000000
34.540000915527	-0.010068062692881	-0.23334600031376	65.000000000000	0.00000000000000
34.549999237061	-0.010351794771850	-0.23177863657475	65.000000000000	0.00000000000000
34.560001373291	-0.010630244389176	-0.23021067678928	65.000000000000	0.00000000000000
34.569999694824	-0.010903423652053	-0.22864218056202	65.000000000000	0.00000000000000
34.580001831055	-0.011171341873705	-0.22707317769527	65.000000000000	0.00000000000000
34.590000152588	-0.011433904059231	-0.22550369799137	65.000000000000	0.00000000000000
34.599998474121	-0.011691227555275	-0.22393374145031	65.000000000000	0.00000000000000
34.610000610352	-0.011943324469030	-0.22236336767673	65.000000000000	0.00000000000000
34.619998931885	-0.012190099805593	-0.22079256176949	65.000000000000	0.00000000000000
34.630001068115	-0.012431566603482	-0.21922138333321	65.000000000000	0.00000000000000
34.639999389648	-0.012667738832533	-0.21764986217022	65.000000000000	0.00000000000000
34.650001525879	-0.012898681685328	-0.21607799828053	65.000000000000	0.00000000000000
34.659999847412	-0.013124354183674	-0.21450583636761	65.000000000000	0.00000000000000
34.669998168945	-0.013344721868634	-0.21293339133263	65.000000000000	0.00000000000000
34.680000305176	-0.013559748418629	-0.21136070787907	65.000000000000	0.00000000000000
34.689998626709	-0.013769548386335	-0.20978778600693	65.000000000000	0.00000000000000
34.700000762939	-0.013974135741591	-0.20821465551853	65.000000000000	0.00000000000000
34.709999084473	-0.014173380099237	-0.20664137601852	65.000000000000	0.00000000000000
34.720001220703	-0.014367392286658	-0.20506791770458	65.000000000000	0.00000000000000
34.729999542236	-0.014556094072759	-0.20349435508251	65.000000000000	0.00000000000000
34.740001678467	-0.014739597216249	-0.20192068815231	65.000000000000	0.00000000000000
34.750000000000	-0.014917775057256	-0.20034694671631	65.000000000000	0.00000000000000
34.759998321533	-0.015090739354491	-0.19877317547798	65.000000000000	0.00000000000000
34.770000457764	-0.015258416533470	-0.19719937443733	65.000000000000	0.00000000000000
34.779998779297	-0.015420823357999	-0.19562558829784	65.000000000000	0.00000000000000
34.790000915527	-0.015577978454530	-0.19405181705952	65.000000000000	0.00000000000000
34.799999237061	-0.015729902312160	-0.19247809052467	65.000000000000	0.00000000000000
34.810001373291	-0.015876568853855	-0.19090448319912	65.000000000000	0.00000000000000
34.819999694824	-0.016018044203520	-0.18933096528053	65.000000000000	0.00000000000000
34.830001831055	-0.016154212877154	-0.18775758147240	65.000000000000	0.00000000000000
34.840000152588	-0.016285186633468	-0.18618434667587	65.000000000000	0.00000000000000
34.849998474121	-0.016410898417234	-0.18461130559444	65.000000000000	0.00000000000000
34.860000610352	-0.016531417146325	-0.18303848803043	65.000000000000	0.00000000000000
34.869998931885	-0.016646718606353	-0.18146587908268	65.000000000000	0.00000000000000
34.880001068115	-0.016756828874350	-0.17989352345467	65.000000000000	0.00000000000000
34.889999389648	-0.016861641779542	-0.17832146584988	65.000000000000	0.00000000000000
34.900001525879	-0.016961351037025	-0.17674972116947	65.000000000000	0.00000000000000
34.909999847412	-0.017055734992027	-0.17517828941345	65.000000000000	0.00000000000000
34.919998168945	-0.017145065590739	-0.17360721528530	65.000000000000	0.00000000000000
34.930000305176	-0.017229121178389	-0.17203654348850	65.000000000000	0.00000000000000
34.939998626709	-0.017308013513684	-0.17046625912189	65.000000000000	0.00000000000000
34.950000762939	-0.017381688579917	-0.16889643669128	65.000000000000	0.00000000000000
34.959999084473	-0.017450254410505	-0.16732703149319	65.000000000000	0.00000000000000
34.970001220703	-0.017513662576675	-0.16575813293457	65.000000000000	0.00000000000000
34.979999542236	-0.017571823671460	-0.16418975591660	65.000000000000	0.00000000000000
34.990001678467	-0.017624884843826	-0.16262187063694	65.000000000000	0.00000000000000
35.000000000000	-0.017672842368484	-0.16105456650257	65.000000000000	0.00000000000000
