25.000000000000	0.76432687044144	-0.53174513578415	65.000000000000	0.00000000000000
25.010000228882	0.76381522417068	-0.53211677074432	65.000000000000	0.00000000000000
25.020000457764	0.76330244541168	-0.53248840570450	65.000000000000	0.00000000000000
25.030000686646	0.76278835535049	-0.53285998106003	65.000000000000	0.00000000000000
25.040000915527	0.76227343082428	-0.53323143720627	65.000000000000	0.00000000000000
25.049999237061	0.76175701618195	-0.53360289335251	65.000000000000	0.00000000000000
25.059999465942	0.76123952865601	-0.53397428989410	65.000000000000	0.00000000000000
25.069999694824	0.76072084903717	-0.53434556722641	65.000000000000	0.00000000000000
25.079999923706	0.76020091772079	-0.53471690416336	65.000000000000	0.00000000000000
25.090000152588	0.75967979431152	-0.53508806228638	65.000000000000	0.00000000000000
25.100000381470	0.75915753841400	-0.53545922040939	65.000000000000	0.00000000000000
25.110000610352	0.75863409042358	-0.53583037853241	65.000000000000	0.00000000000000
25.120000839233	0.75810939073563	-0.53620141744614	65.000000000000	0.00000000000000
25.129999160767	0.75758343935013	-0.53657245635986	65.000000000000	0.00000000000000
25.139999389648	0.75705635547638	-0.53694325685501	65.000000000000	0.00000000000000
25.149999618530	0.75652807950974	-0.53731411695480	65.000000000000	0.00000000000000
25.159999847412	0.75599849224091	-0.53768485784531	65.000000000000	0.00000000000000
25.170000076294	0.75546777248383	-0.53805565834045	65.000000000000	0.00000000000000
25.180000305176	0.75493562221527	-0.53842616081238	65.000000000000	0.00000000000000
25.190000534058	0.75440233945847	-0.53879678249359	65.000000000000	0.00000000000000
25.200000762939	0.75386792421341	-0.53916716575623	65.000000000000	0.00000000000000
25.209999084473	0.75333219766617	-0.53953754901886	65.000000000000	0.00000000000000
25.219999313354	0.75279533863068	-0.53990781307220	65.000000000000	0.00000000000000
25.229999542236	0.75225704908371	-0.54027801752090	65.000000000000	0.00000000000000
25.239999771118	0.75171762704849	-0.54064816236496	65.000000000000	0.00000000000000
25.250000000000	0.75117677450180	-0.54101812839508	65.000000000000	0.00000000000000
25.260000228882	0.75063478946686	-0.54138803482056	65.000000000000	0.00000000000000
25.270000457764	0.75009155273438	-0.54175782203674	65.000000000000	0.00000000000000
25.280000686646	0.74954688549042	-0.54212760925293	65.000000000000	0.00000000000000
25.290000915527	0.74900108575821	-0.54249721765518	65.000000000000	0.00000000000000
25.299999237061	0.74845403432846	-0.54286658763885	65.000000000000	0.00000000000000
25.309999465942	0.74790579080582	-0.54323607683182	65.000000000000	0.00000000000000
25.319999694824	0.74735599756241	-0.54360538721085	65.000000000000	0.00000000000000
25.329999923706	0.74680513143539	-0.54397457838058	65.000000000000	0.00000000000000
25.340000152588	0.74625289440155	-0.54434353113174	65.000000000000	0.00000000000000
25.350000381470	0.74569922685623	-0.54471248388290	65.000000000000	0.00000000000000
25.360000610352	0.74514448642731	-0.54508125782013	65.000000000000	0.00000000000000
25.370000839233	0.74458825588226	-0.54544997215271	65.000000000000	0.00000000000000
25.379999160767	0.74403083324432	-0.54581850767136	65.000000000000	0.00000000000000
25.389999389648	0.74347203969955	-0.54618686437607	65.000000000000	0.00000000000000
25.399999618530	0.74291187524796	-0.54655522108078	65.000000000000	0.00000000000000
25.409999847412	0.74235045909882	-0.54692327976227	65.000000000000	0.00000000000000
25.420000076294	0.74178785085678	-0.54729127883911	65.000000000000	0.00000000000000
25.430000305176	0.74122363328934	-0.54765909910202	65.000000000000	0.00000000000000
25.440000534058	0.74065834283829	-0.54802680015564	65.000000000000	0.00000000000000
25.450000762939	0.74009156227112	-0.54839438199997	65.000000000000	0.00000000000000
25.459999084473	0.73952353000641	-0.54876178503036	65.000000000000	0.00000000000000
25.469999313354	0.73895406723022	-0.54912900924683	65.000000000000	0.00000000000000
25.479999542236	0.73838329315186	-0.54949605464935	65.000000000000	0.00000000000000
25.489999771118	0.73781126737595	-0.54986292123795	65.000000000000	0.00000000000000
25.500000000000	0.73723763227463	-0.55022990703583	65.000000000000	0.00000000000000
25.510000228882	0.73666304349899	-0.55059617757797	65.000000000000	0.00000000000000
25.520000457764	0.73608660697937	-0.55096280574799	65.000000000000	0.00000000000000
25.530000686646	0.73550915718079	-0.55132883787155	65.000000000000	0.00000000000000
25.540000915527	0.73493039608002	-0.55169457197189	65.000000000000	0.00000000000000
25.549999237061	0.73434984683990	-0.55206066370010	65.000000000000	0.00000000000000
25.559999465942	0.73376834392548	-0.55242615938187	65.000000000000	0.00000000000000
25.569999694824	0.73318511247635	-0.55279171466827	65.000000000000	0.00000000000000
25.579999923706	0.73260068893433	-0.55315691232681	65.000000000000	0.00000000000000
25.590000152588	0.73201465606689	-0.55352210998535	65.000000000000	0.00000000000000
25.600000381470	0.73142737150192	-0.55388706922531	65.000000000000	0.00000000000000
25.610000610352	0.73083907365799	-0.55425131320953	65.000000000000	0.00000000000000
25.620000839233	0.73024886846542	-0.55461585521698	65.000000000000	0.00000000000000
25.629999160767	0.72965735197067	-0.55498015880585	65.000000000000	0.00000000000000
25.639999389648	0.72906446456909	-0.55534404516220	65.000000000000	0.00000000000000
25.649999618530	0.72847014665604	-0.55570799112320	65.000000000000	0.00000000000000
25.659999847412	0.72787445783615	-0.55607151985168	65.000000000000	0.00000000000000
25.670000076294	0.72727739810944	-0.55643469095230	65.000000000000	0.00000000000000
25.680000305176	0.72667902708054	-0.55679750442505	65.000000000000	0.00000000000000
25.690000534058	0.72607916593552	-0.55716031789780	65.000000000000	0.00000000000000
25.700000762939	0.72547757625580	-0.55752307176590	65.000000000000	0.00000000000000
25.709999084473	0.72487497329712	-0.55788511037827	65.000000000000	0.00000000000000
25.719999313354	0.72427058219910	-0.55824744701385	65.000000000000	0.00000000000000
25.729999542236	0.72366499900818	-0.55860900878906	65.000000000000	0.00000000000000
25.739999771118	0.72305786609650	-0.55897057056427	65.000000000000	0.00000000000000
25.750000000000	0.72244918346405	-0.55933207273483	65.000000000000	0.00000000000000
25.760000228882	0.72183907032013	-0.55969309806824	65.000000000000	0.00000000000000
25.770000457764	0.72122770547867	-0.56005382537842	65.000000000000	0.00000000000000
25.780000686646	0.72061461210251	-0.56041437387466	65.000000000000	0.00000000000000
25.790000915527	0.72000026702881	-0.56077432632446	65.000000000000	0.00000000000000
25.799999237061	0.71938443183899	-0.56113415956497	65.000000000000	0.00000000000000
25.809999465942	0.71876704692841	-0.56149381399155	65.000000000000	0.00000000000000
25.819999694824	0.71814823150635	-0.56185317039490	65.000000000000	0.00000000000000
25.829999923706	0.71752798557281	-0.56221210956573	65.000000000000	0.00000000000000
25.840000152588	0.71690618991852	-0.56257081031799	65.000000000000	0.00000000000000
25.850000381470	0.71628308296204	-0.56292915344238	65.000000000000	0.00000000000000
25.860000610352	0.71565836668015	-0.56328725814819	65.000000000000	0.00000000000000
25.870000839233	0.71503221988678	-0.56364500522614	65.000000000000	0.00000000000000
25.879999160767	0.71440458297729	-0.56400245428085	65.000000000000	0.00000000000000
25.889999389648	0.71377521753311	-0.56435954570770	65.000000000000	0.00000000000000
25.899999618530	0.71314471960068	-0.56471627950668	65.000000000000	0.00000000000000
25.909999847412	0.71251249313354	-0.56507277488708	65.000000000000	0.00000000000000
25.920000076294	0.71187883615494	-0.56542879343033	65.000000000000	0.00000000000000
25.930000305176	0.71124368906021	-0.56578463315964	65.000000000000	0.00000000000000
25.940000534058	0.71060693264008	-0.56613993644714	65.000000000000	0.00000000000000
25.950000762939	0.70996868610382	-0.56649500131607	65.000000000000	0.00000000000000
25.959999084473	0.70932906866074	-0.56684970855713	65.000000000000	0.00000000000000
25.969999313354	0.70868784189224	-0.56720405817032	65.000000000000	0.00000000000000
25.979999542236	0.70804506540298	-0.56755799055099	65.000000000000	0.00000000000000
25.989999771118	0.70740079879761	-0.56791162490845	65.000000000000	0.00000000000000
26.000000000000	0.70675498247147	-0.56826478242874	65.000000000000	0.00000000000000
26.010000228882	0.70610761642456	-0.56861764192581	65.000000000000	0.00000000000000
26.020000457764	0.70545870065689	-0.56897008419037	65.000000000000	0.00000000000000
26.030000686646	0.70480847358704	-0.56932210922241	65.000000000000	0.00000000000000
26.040000915527	0.70415639877319	-0.56967371702194	65.000000000000	0.00000000000000
26.049999237061	0.70350295305252	-0.57002502679825	65.000000000000	0.00000000000000
26.059999465942	0.70284795761108	-0.57037585973740	65.000000000000	0.00000000000000
26.069999694824	0.70219135284424	-0.57072633504868	65.000000000000	0.00000000000000
26.079999923706	0.70153319835663	-0.57107633352280	65.000000000000	0.00000000000000
26.090000152588	0.70087361335754	-0.57142591476440	65.000000000000	0.00000000000000
26.100000381470	0.70021241903305	-0.57177507877350	65.000000000000	0.00000000000000
26.110000610352	0.69954949617386	-0.57212382555008	65.000000000000	0.00000000000000
26.120000839233	0.69888520240784	-0.57247209548950	65.000000000000	0.00000000000000
26.129999160767	0.69821923971176	-0.57282000780106	65.000000000000	0.00000000000000
26.139999389648	0.69755184650421	-0.57316744327545	65.000000000000	0.00000000000000
26.149999618530	0.69688272476196	-0.57351434230804	65.000000000000	0.00000000000000
26.159999847412	0.69621205329895	-0.57386088371277	65.000000000000	0.00000000000000
26.170000076294	0.69553971290588	-0.57420694828033	65.000000000000	0.00000000000000
26.180000305176	0.69486606121063	-0.57455247640610	65.000000000000	0.00000000000000
26.190000534058	0.69419062137604	-0.57489764690399	65.000000000000	0.00000000000000
26.200000762939	0.69351369142532	-0.57524222135544	65.000000000000	0.00000000000000
26.209999084473	0.69283515214920	-0.57558643817902	65.000000000000	0.00000000000000
26.219999313354	0.69215500354767	-0.57593005895615	65.000000000000	0.00000000000000
26.229999542236	0.69147324562073	-0.57627332210541	65.000000000000	0.00000000000000
26.239999771118	0.69078993797302	-0.57661598920822	65.000000000000	0.00000000000000
26.250000000000	0.69010496139526	-0.57695817947388	65.000000000000	0.00000000000000
26.260000228882	0.68941849470139	-0.57729977369308	65.000000000000	0.00000000000000
26.270000457764	0.68873035907745	-0.57764095067978	65.000000000000	0.00000000000000
26.280000686646	0.68804049491882	-0.57798165082932	65.000000000000	0.00000000000000
26.290000915527	0.68734920024872	-0.57832169532776	65.000000000000	0.00000000000000
26.299999237061	0.68665617704391	-0.57866132259369	65.000000000000	0.00000000000000
26.309999465942	0.68596166372299	-0.57900041341782	65.000000000000	0.00000000000000
26.319999694824	0.68526548147202	-0.57933890819550	65.000000000000	0.00000000000000
26.329999923706	0.68456757068634	-0.57967686653137	65.000000000000	0.00000000000000
26.340000152588	0.68386828899384	-0.58001428842545	65.000000000000	0.00000000000000
26.350000381470	0.68316721916199	-0.58035117387772	65.000000000000	0.00000000000000
26.360000610352	0.68246442079544	-0.58068752288818	65.000000000000	0.00000000000000
26.370000839233	0.68176019191742	-0.58102327585220	65.000000000000	0.00000000000000
26.379999160767	0.68105417490005	-0.58135843276978	65.000000000000	0.00000000000000
26.389999389648	0.68034660816193	-0.58169305324554	65.000000000000	0.00000000000000
26.399999618530	0.67963725328445	-0.58202707767487	65.000000000000	0.00000000000000
26.409999847412	0.67892634868622	-0.58236050605774	65.000000000000	0.00000000000000
26.420000076294	0.67821401357651	-0.58269327878952	65.000000000000	0.00000000000000
26.430000305176	0.67749977111816	-0.58302563428879	65.000000000000	0.00000000000000
26.440000534058	0.67678391933441	-0.58335721492767	65.000000000000	0.00000000000000
26.450000762939	0.67606651782990	-0.58368831872940	65.000000000000	0.00000000000000
26.459999084473	0.67534744739532	-0.58401864767075	65.000000000000	0.00000000000000
26.469999313354	0.67462664842606	-0.58434844017029	65.000000000000	0.00000000000000
26.479999542236	0.67390418052673	-0.58467769622803	65.000000000000	0.00000000000000
26.489999771118	0.67318016290665	-0.58500617742538	65.000000000000	0.00000000000000
26.500000000000	0.67245447635651	-0.58533406257629	65.000000000000	0.00000000000000
26.510000228882	0.67172694206238	-0.58566129207611	65.000000000000	0.00000000000000
26.520000457764	0.67099803686142	-0.58598792552948	65.000000000000	0.00000000000000
26.530000686646	0.67026716470718	-0.58631396293640	65.000000000000	0.00000000000000
26.540000915527	0.66953468322754	-0.58663922548294	65.000000000000	0.00000000000000
26.549999237061	0.66880065202713	-0.58696383237839	65.000000000000	0.00000000000000
26.559999465942	0.66806495189667	-0.58728778362274	65.000000000000	0.00000000000000
26.569999694824	0.66732740402222	-0.58761107921600	65.000000000000	0.00000000000000
26.579999923706	0.66658824682236	-0.58793365955353	65.000000000000	0.00000000000000
26.590000152588	0.66584748029709	-0.58825552463531	65.000000000000	0.00000000000000
26.600000381470	0.66510492563248	-0.58857685327530	65.000000000000	0.00000000000000
26.610000610352	0.66436076164246	-0.58889734745026	65.000000000000	0.00000000000000
26.620000839233	0.66361498832703	-0.58921718597412	65.000000000000	0.00000000000000
26.629999160767	0.66286736726761	-0.58953624963760	65.000000000000	0.00000000000000
26.639999389648	0.66211801767349	-0.58985465764999	65.000000000000	0.00000000000000
26.649999618530	0.66136705875397	-0.59017229080200	65.000000000000	0.00000000000000
26.659999847412	0.66061449050903	-0.59048926830292	65.000000000000	0.00000000000000
26.670000076294	0.65985995531082	-0.59080541133881	65.000000000000	0.00000000000000
26.680000305176	0.65910398960114	-0.59112089872360	65.000000000000	0.00000000000000
26.690000534058	0.65834623575211	-0.59143561124802	65.000000000000	0.00000000000000
26.700000762939	0.65758675336838	-0.59174960851669	65.000000000000	0.00000000000000
26.709999084473	0.65682548284531	-0.59206277132034	65.000000000000	0.00000000000000
26.719999313354	0.65606266260147	-0.59237521886826	65.000000000000	0.00000000000000
26.729999542236	0.65529799461365	-0.59268683195114	65.000000000000	0.00000000000000
26.739999771118	0.65453165769577	-0.59299772977829	65.000000000000	0.00000000000000
26.750000000000	0.65376359224319	-0.59330785274506	65.000000000000	0.00000000000000
26.760000228882	0.65299385786057	-0.59361720085144	65.000000000000	0.00000000000000
26.770000457764	0.65222221612930	-0.59392571449280	65.000000000000	0.00000000000000
26.780000686646	0.65144908428192	-0.59423345327377	65.000000000000	0.00000000000000
26.790000915527	0.65067410469055	-0.59454029798508	65.000000000000	0.00000000000000
26.799999237061	0.64989745616913	-0.59484642744064	65.000000000000	0.00000000000000
26.809999465942	0.64911895990372	-0.59515166282654	65.000000000000	0.00000000000000
26.819999694824	0.64833873510361	-0.59545612335205	65.000000000000	0.00000000000000
26.829999923706	0.64755696058273	-0.59575974941254	65.000000000000	0.00000000000000
26.840000152588	0.64677327871323	-0.59606248140335	65.000000000000	0.00000000000000
26.850000381470	0.64598780870438	-0.59636443853378	65.000000000000	0.00000000000000
26.860000610352	0.64520066976547	-0.59666550159454	65.000000000000	0.00000000000000
26.870000839233	0.64441180229187	-0.59696573019028	65.000000000000	0.00000000000000
26.879999160767	0.64362126588821	-0.59726506471634	65.000000000000	0.00000000000000
26.889999389648	0.64282894134521	-0.59756362438202	65.000000000000	0.00000000000000
26.899999618530	0.64203482866287	-0.59786111116409	65.000000000000	0.00000000000000
26.909999847412	0.64123898744583	-0.59815794229507	65.000000000000	0.00000000000000
26.920000076294	0.64044129848480	-0.59845376014709	65.000000000000	0.00000000000000
26.930000305176	0.63964194059372	-0.59874868392944	65.000000000000	0.00000000000000
26.940000534058	0.63884085416794	-0.59904271364212	65.000000000000	0.00000000000000
26.950000762939	0.63803797960281	-0.59933584928513	65.000000000000	0.00000000000000
26.959999084473	0.63723319768906	-0.59962803125381	65.000000000000	0.00000000000000
26.969999313354	0.63642692565918	-0.59991931915283	65.000000000000	0.00000000000000
26.979999542236	0.63561856746674	-0.60020959377289	65.000000000000	0.00000000000000
26.989999771118	0.63480871915817	-0.60049909353256	65.000000000000	0.00000000000000
27.000000000000	0.63399696350098	-0.60078758001328	65.000000000000	0.00000000000000
27.010000228882	0.63318359851837	-0.60107505321503	65.000000000000	0.00000000000000
27.020000457764	0.63236832618713	-0.60136163234711	65.000000000000	0.00000000000000
27.030000686646	0.63155120611191	-0.60164725780487	65.000000000000	0.00000000000000
27.040000915527	0.63073229789734	-0.60193192958832	65.000000000000	0.00000000000000
27.049999237061	0.62991178035736	-0.60221558809280	65.000000000000	0.00000000000000
27.059999465942	0.62908941507339	-0.60249823331833	65.000000000000	0.00000000000000
27.069999694824	0.62826514244080	-0.60277998447418	65.000000000000	0.00000000000000
27.079999923706	0.62743914127350	-0.60306060314178	65.000000000000	0.00000000000000
27.090000152588	0.62661147117615	-0.60334032773972	65.000000000000	0.00000000000000
27.100000381470	0.62578195333481	-0.60361903905869	65.000000000000	0.00000000000000
27.110000610352	0.62495058774948	-0.60389661788940	65.000000000000	0.00000000000000
27.120000839233	0.62411749362946	-0.60417330265045	65.000000000000	0.00000000000000
27.129999160767	0.62328255176544	-0.60444891452789	65.000000000000	0.00000000000000
27.139999389648	0.62244600057602	-0.60472351312637	65.000000000000	0.00000000000000
27.149999618530	0.62160748243332	-0.60499697923660	65.000000000000	0.00000000000000
27.159999847412	0.62076717615128	-0.60526955127716	65.000000000000	0.00000000000000
27.170000076294	0.61992502212524	-0.60554087162018	65.000000000000	0.00000000000000
27.180000305176	0.61908107995987	-0.60581129789352	65.000000000000	0.00000000000000
27.190000534058	0.61823540925980	-0.60608053207397	65.000000000000	0.00000000000000
27.200000762939	0.61738789081573	-0.60634869337082	65.000000000000	0.00000000000000
27.209999084473	0.61653870344162	-0.60661578178406	65.000000000000	0.00000000000000
27.219999313354	0.61568742990494	-0.60688179731369	65.000000000000	0.00000000000000
27.229999542236	0.61483448743820	-0.60714668035507	65.000000000000	0.00000000000000
27.239999771118	0.61397975683212	-0.60741049051285	65.000000000000	0.00000000000000
27.250000000000	0.61312311887741	-0.60767316818237	65.000000000000	0.00000000000000
27.260000228882	0.61226481199265	-0.60793471336365	65.000000000000	0.00000000000000
27.270000457764	0.61140471696854	-0.60819518566132	65.000000000000	0.00000000000000
27.280000686646	0.61054259538651	-0.60845440626144	65.000000000000	0.00000000000000
27.290000915527	0.60967874526978	-0.60871255397797	65.000000000000	0.00000000000000
27.299999237061	0.60881310701370	-0.60896950960159	65.000000000000	0.00000000000000
27.309999465942	0.60794562101364	-0.60922539234161	65.000000000000	0.00000000000000
27.319999694824	0.60707634687424	-0.60948002338409	65.000000000000	0.00000000000000
27.329999923706	0.60620516538620	-0.60973352193832	65.000000000000	0.00000000000000
27.340000152588	0.60533225536346	-0.60998576879501	65.000000000000	0.00000000000000
27.350000381470	0.60445749759674	-0.61023682355881	65.000000000000	0.00000000000000
27.360000610352	0.60358089208603	-0.61048674583435	65.000000000000	0.00000000000000
27.370000839233	0.60270243883133	-0.61073547601700	65.000000000000	0.00000000000000
27.379999160767	0.60182207822800	-0.61098289489746	65.000000000000	0.00000000000000
27.389999389648	0.60093992948532	-0.61122912168503	65.000000000000	0.00000000000000
27.399999618530	0.60005599260330	-0.61147415637970	65.000000000000	0.00000000000000
27.409999847412	0.59917020797729	-0.61171799898148	65.000000000000	0.00000000000000
27.420000076294	0.59828269481659	-0.61196053028107	65.000000000000	0.00000000000000
27.430000305176	0.59739309549332	-0.61220180988312	65.000000000000	0.00000000000000
27.440000534058	0.59650182723999	-0.61244183778763	65.000000000000	0.00000000000000
27.450000762939	0.59560859203339	-0.61268055438995	65.000000000000	0.00000000000000
27.459999084473	0.59471368789673	-0.61291795969009	65.000000000000	0.00000000000000
27.469999313354	0.59381687641144	-0.61315423250198	65.000000000000	0.00000000000000
27.479999542236	0.59291815757751	-0.61338913440704	65.000000000000	0.00000000000000
27.489999771118	0.59201759099960	-0.61362266540527	65.000000000000	0.00000000000000
27.500000000000	0.59111523628235	-0.61385500431061	65.000000000000	0.00000000000000
27.510000228882	0.59021085500717	-0.61408591270447	65.000000000000	0.00000000000000
27.520000457764	0.58930474519730	-0.61431562900543	65.000000000000	0.00000000000000
27.530000686646	0.58839684724808	-0.61454391479492	65.000000000000	0.00000000000000
27.540000915527	0.58748716115952	-0.61477082967758	65.000000000000	0.00000000000000
27.549999237061	0.58657550811768	-0.61499649286270	65.000000000000	0.00000000000000
27.559999465942	0.58566200733185	-0.61522066593170	65.000000000000	0.00000000000000
27.569999694824	0.58474671840668	-0.61544358730316	65.000000000000	0.00000000000000
27.579999923706	0.58382946252823	-0.61566507816315	65.000000000000	0.00000000000000
27.590000152588	0.58291041851044	-0.61588519811630	65.000000000000	0.00000000000000
27.600000381470	0.58198952674866	-0.61610394716263	65.000000000000	0.00000000000000
27.610000610352	0.58106660842896	-0.61632126569748	65.000000000000	0.00000000000000
27.620000839233	0.58014202117920	-0.61653721332550	65.000000000000	0.00000000000000
27.629999160767	0.57921540737152	-0.61675167083740	65.000000000000	0.00000000000000
27.639999389648	0.57828712463379	-0.61696469783783	65.000000000000	0.00000000000000
27.649999618530	0.57735681533813	-0.61717641353607	65.000000000000	0.00000000000000
27.659999847412	0.57642471790314	-0.61738657951355	65.000000000000	0.00000000000000
27.670000076294	0.57549071311951	-0.61759531497955	65.000000000000	0.00000000000000
27.680000305176	0.57455492019653	-0.61780261993408	65.000000000000	0.00000000000000
27.690000534058	0.57361733913422	-0.61800837516785	65.000000000000	0.00000000000000
27.700000762939	0.57267767190933	-0.61821275949478	65.000000000000	0.00000000000000
27.709999084473	0.57173627614975	-0.61841559410095	65.000000000000	0.00000000000000
27.719999313354	0.57079303264618	-0.61861687898636	65.000000000000	0.00000000000000
27.729999542236	0.56984776258469	-0.61881679296494	65.000000000000	0.00000000000000
27.739999771118	0.56890082359314	-0.61901509761810	65.000000000000	0.00000000000000
27.750000000000	0.56795179843903	-0.61921185255051	65.000000000000	0.00000000000000
27.760000228882	0.56700122356415	-0.61940711736679	65.000000000000	0.00000000000000
27.770000457764	0.56604850292206	-0.61960089206696	65.000000000000	0.00000000000000
27.780000686646	0.56509387493134	-0.61979305744171	65.000000000000	0.00000000000000
27.790000915527	0.56413745880127	-0.61998361349106	65.000000000000	0.00000000000000
27.799999237061	0.56317931413651	-0.62017267942429	65.000000000000	0.00000000000000
27.809999465942	0.56221908330917	-0.62036019563675	65.000000000000	0.00000000000000
27.819999694824	0.56125718355179	-0.62054604291916	65.000000000000	0.00000000000000
27.829999923706	0.56029331684113	-0.62073040008545	65.000000000000	0.00000000000000
27.840000152588	0.55932748317719	-0.62091302871704	65.000000000000	0.00000000000000
27.850000381470	0.55835986137390	-0.62109410762787	65.000000000000	0.00000000000000
27.860000610352	0.55739033222198	-0.62127351760864	65.000000000000	0.00000000000000
27.870000839233	0.55641901493073	-0.62145131826401	65.000000000000	0.00000000000000
27.879999160767	0.55544567108154	-0.62162750959396	65.000000000000	0.00000000000000
27.889999389648	0.55447059869766	-0.62180203199387	65.000000000000	0.00000000000000
27.899999618530	0.55349361896515	-0.62197494506836	65.000000000000	0.00000000000000
27.909999847412	0.55251473188400	-0.62214607000351	65.000000000000	0.00000000000000
27.920000076294	0.55153387784958	-0.62231558561325	65.000000000000	0.00000000000000
27.930000305176	0.55055129528046	-0.62248343229294	65.000000000000	0.00000000000000
27.940000534058	0.54956680536270	-0.62264949083328	65.000000000000	0.00000000000000
27.950000762939	0.54858046770096	-0.62281388044357	65.000000000000	0.00000000000000
27.959999084473	0.54759216308594	-0.62297654151917	65.000000000000	0.00000000000000
27.969999313354	0.54660224914551	-0.62313753366470	65.000000000000	0.00000000000000
27.979999542236	0.54561012983322	-0.62329673767090	65.000000000000	0.00000000000000
27.989999771118	0.54461634159088	-0.62345421314240	65.000000000000	0.00000000000000
28.000000000000	0.54362052679062	-0.62360990047455	65.000000000000	0.00000000000000
28.010000228882	0.54262292385101	-0.62376379966736	65.000000000000	0.00000000000000
28.020000457764	0.54162347316742	-0.62391602993011	65.000000000000	0.00000000000000
28.030000686646	0.54062205553055	-0.62406641244888	65.000000000000	0.00000000000000
28.040000915527	0.53961884975433	-0.62421494722366	65.000000000000	0.00000000000000
28.049999237061	0.53861373662949	-0.62436169385910	65.000000000000	0.00000000000000
28.059999465942	0.53760677576065	-0.62450665235519	65.000000000000	0.00000000000000
28.069999694824	0.53659784793854	-0.62464976310730	65.000000000000	0.00000000000000
28.079999923706	0.53558713197708	-0.62479102611542	65.000000000000	0.00000000000000
28.090000152588	0.53457462787628	-0.62493044137955	65.000000000000	0.00000000000000
28.100000381470	0.53356015682220	-0.62506800889969	65.000000000000	0.00000000000000
28.110000610352	0.53254377841949	-0.62520372867584	65.000000000000	0.00000000000000
28.120000839233	0.53152573108673	-0.62533754110336	65.000000000000	0.00000000000000
28.129999160767	0.53050565719604	-0.62546950578690	65.000000000000	0.00000000000000
28.139999389648	0.52948367595673	-0.62559950351715	65.000000000000	0.00000000000000
28.149999618530	0.52845996618271	-0.62572759389877	65.000000000000	0.00000000000000
28.159999847412	0.52743434906006	-0.62585377693176	65.000000000000	0.00000000000000
28.170000076294	0.52640688419342	-0.62597811222076	65.000000000000	0.00000000000000
28.180000305176	0.52537745237350	-0.62610042095184	65.000000000000	0.00000000000000
28.190000534058	0.52434623241425	-0.62622082233429	65.000000000000	0.00000000000000
28.200000762939	0.52331316471100	-0.62633925676346	65.000000000000	0.00000000000000
28.209999084473	0.52227842807770	-0.62645554542542	65.000000000000	0.00000000000000
28.219999313354	0.52124148607254	-0.62657010555267	65.000000000000	0.00000000000000
28.229999542236	0.52020263671875	-0.62668275833130	65.000000000000	0.00000000000000
28.239999771118	0.51916229724884	-0.62679302692413	65.000000000000	0.00000000000000
28.250000000000	0.51812005043030	-0.62690138816833	65.000000000000	0.00000000000000
28.260000228882	0.51707577705383	-0.62700778245926	65.000000000000	0.00000000000000
28.270000457764	0.51602989435196	-0.62711209058762	65.000000000000	0.00000000000000
28.280000686646	0.51498168706894	-0.62721467018127	65.000000000000	0.00000000000000
28.290000915527	0.51393210887909	-0.62731474637985	65.000000000000	0.00000000000000
28.299999237061	0.51288056373596	-0.62741285562515	65.000000000000	0.00000000000000
28.309999465942	0.51182711124420	-0.62750905752182	65.000000000000	0.00000000000000
28.319999694824	0.51077193021774	-0.62760299444199	65.000000000000	0.00000000000000
28.329999923706	0.50971448421478	-0.62769514322281	65.000000000000	0.00000000000000
28.340000152588	0.50865572690964	-0.62778478860855	65.000000000000	0.00000000000000
28.350000381470	0.50759500265121	-0.62787240743637	65.000000000000	0.00000000000000
28.360000610352	0.50653231143951	-0.62795799970627	65.000000000000	0.00000000000000
28.370000839233	0.50546765327454	-0.62804150581360	65.000000000000	0.00000000000000
28.379999160767	0.50440174341202	-0.62812250852585	65.000000000000	0.00000000000000
28.389999389648	0.50333350896835	-0.62820166349411	65.000000000000	0.00000000000000
28.399999618530	0.50226366519928	-0.62827837467194	65.000000000000	0.00000000000000
28.409999847412	0.50119155645370	-0.62835335731506	65.000000000000	0.00000000000000
28.420000076294	0.50011849403381	-0.62842547893524	65.000000000000	0.00000000000000
28.430000305176	0.49904283881187	-0.62849593162537	65.000000000000	0.00000000000000
28.440000534058	0.49796587228775	-0.62856376171112	65.000000000000	0.00000000000000
28.450000762939	0.49688637256622	-0.62862992286682	65.000000000000	0.00000000000000
28.459999084473	0.49580559134483	-0.62869346141815	65.000000000000	0.00000000000000
28.469999313354	0.49472293257713	-0.62875479459763	65.000000000000	0.00000000000000
28.479999542236	0.49363863468170	-0.62881362438202	65.000000000000	0.00000000000000
28.489999771118	0.49255242943764	-0.62887036800385	65.000000000000	0.00000000000000
28.500000000000	0.49146431684494	-0.62892484664917	65.000000000000	0.00000000000000
28.510000228882	0.49037465453148	-0.62897694110870	65.000000000000	0.00000000000000
28.520000457764	0.48928272724152	-0.62902688980103	65.000000000000	0.00000000000000
28.530000686646	0.48818954825401	-0.62907415628433	65.000000000000	0.00000000000000
28.540000915527	0.48709419369698	-0.62911939620972	65.000000000000	0.00000000000000
28.549999237061	0.48599696159363	-0.62916237115860	65.000000000000	0.00000000000000
28.559999465942	0.48489844799042	-0.62920260429382	65.000000000000	0.00000000000000
28.569999694824	0.48379775881767	-0.62924069166183	65.000000000000	0.00000000000000
28.579999923706	0.48269519209862	-0.62927651405334	65.000000000000	0.00000000000000
28.590000152588	0.48159137368202	-0.62930953502655	65.000000000000	0.00000000000000
28.600000381470	0.48048546910286	-0.62934041023254	65.000000000000	0.00000000000000
28.610000610352	0.47937780618668	-0.62936884164810	65.000000000000	0.00000000000000
28.620000839233	0.47826826572418	-0.62939488887787	65.000000000000	0.00000000000000
28.629999160767	0.47715705633163	-0.62941843271255	65.000000000000	0.00000000000000
28.639999389648	0.47604417800903	-0.62943941354752	65.000000000000	0.00000000000000
28.649999618530	0.47492945194244	-0.62945812940598	65.000000000000	0.00000000000000
28.659999847412	0.47381305694580	-0.62947428226471	65.000000000000	0.00000000000000
28.670000076294	0.47269496321678	-0.62948787212372	65.000000000000	0.00000000000000
28.680000305176	0.47157508134842	-0.62949901819229	65.000000000000	0.00000000000000
28.690000534058	0.47045338153839	-0.62950760126114	65.000000000000	0.00000000000000
28.700000762939	0.46932986378670	-0.62951374053955	65.000000000000	0.00000000000000
28.709999084473	0.46820488572121	-0.62951725721359	65.000000000000	0.00000000000000
28.719999313354	0.46707805991173	-0.62951815128326	65.000000000000	0.00000000000000
28.729999542236	0.46594962477684	-0.62951660156250	65.000000000000	0.00000000000000
28.739999771118	0.46481922268867	-0.62951242923737	65.000000000000	0.00000000000000
28.750000000000	0.46368736028671	-0.62950575351715	65.000000000000	0.00000000000000
28.760000228882	0.46255353093147	-0.62949633598328	65.000000000000	0.00000000000000
28.770000457764	0.46141827106476	-0.62948435544968	65.000000000000	0.00000000000000
28.780000686646	0.46028122305870	-0.62946975231171	65.000000000000	0.00000000000000
28.790000915527	0.45914247632027	-0.62945252656937	65.000000000000	0.00000000000000
28.799999237061	0.45800191164017	-0.62943267822266	65.000000000000	0.00000000000000
28.809999465942	0.45685994625092	-0.62941008806229	65.000000000000	0.00000000000000
28.819999694824	0.45571604371071	-0.62938487529755	65.000000000000	0.00000000000000
28.829999923706	0.45457053184509	-0.62935686111450	65.000000000000	0.00000000000000
28.840000152588	0.45342352986336	-0.62932628393173	65.000000000000	0.00000000000000
28.850000381470	0.45227459073067	-0.62929290533066	65.000000000000	0.00000000000000
28.860000610352	0.45112422108650	-0.62925684452057	65.000000000000	0.00000000000000
28.870000839233	0.44997203350067	-0.62921804189682	65.000000000000	0.00000000000000
28.879999160767	0.44881823658943	-0.62917649745941	65.000000000000	0.00000000000000
28.889999389648	0.44766291975975	-0.62913221120834	65.000000000000	0.00000000000000
28.899999618530	0.44650581479073	-0.62908506393433	65.000000000000	0.00000000000000
28.909999847412	0.44534721970558	-0.62903517484665	65.000000000000	0.00000000000000
28.920000076294	0.44418683648109	-0.62898242473602	65.000000000000	0.00000000000000
28.930000305176	0.44302496314049	-0.62892699241638	65.000000000000	0.00000000000000
28.940000534058	0.44186154007912	-0.62886863946915	65.000000000000	0.00000000000000
28.950000762939	0.44069626927376	-0.62880748510361	65.000000000000	0.00000000000000
28.959999084473	0.43952956795692	-0.62874346971512	65.000000000000	0.00000000000000
28.969999313354	0.43836134672165	-0.62867659330368	65.000000000000	0.00000000000000
28.979999542236	0.43719130754471	-0.62860679626465	65.000000000000	0.00000000000000
28.989999771118	0.43601995706558	-0.62853419780731	65.000000000000	0.00000000000000
29.000000000000	0.43484684824944	-0.62845861911774	65.000000000000	0.00000000000000
29.010000228882	0.43367227911949	-0.62838017940521	65.000000000000	0.00000000000000
29.020000457764	0.43249604105949	-0.62829881906509	65.000000000000	0.00000000000000
29.030000686646	0.43131837248802	-0.62821453809738	65.000000000000	0.00000000000000
29.040000915527	0.43013912439346	-0.62812715768814	65.000000000000	0.00000000000000
29.049999237061	0.42895823717117	-0.62803697586060	65.000000000000	0.00000000000000
29.059999465942	0.42777583003044	-0.62794381380081	65.000000000000	0.00000000000000
29.069999694824	0.42659196257591	-0.62784761190414	65.000000000000	0.00000000000000
29.079999923706	0.42540651559830	-0.62774842977524	65.000000000000	0.00000000000000
29.090000152588	0.42421954870224	-0.62764620780945	65.000000000000	0.00000000000000
29.100000381470	0.42303115129471	-0.62754088640213	65.000000000000	0.00000000000000
29.110000610352	0.42184120416641	-0.62743264436722	65.000000000000	0.00000000000000
29.120000839233	0.42064973711967	-0.62732136249542	65.000000000000	0.00000000000000
29.129999160767	0.41945689916611	-0.62720692157745	65.000000000000	0.00000000000000
29.139999389648	0.41826248168945	-0.62708944082260	65.000000000000	0.00000000000000
29.149999618530	0.41706660389900	-0.62696892023087	65.000000000000	0.00000000000000
29.159999847412	0.41586938500404	-0.62684530019760	65.000000000000	0.00000000000000
29.170000076294	0.41467067599297	-0.62671852111816	65.000000000000	0.00000000000000
29.180000305176	0.41347041726112	-0.62658852338791	65.000000000000	0.00000000000000
29.190000534058	0.41226869821548	-0.62645554542542	65.000000000000	0.00000000000000
29.200000762939	0.41106566786766	-0.62631934881210	65.000000000000	0.00000000000000
29.209999084473	0.40986117720604	-0.62617999315262	65.000000000000	0.00000000000000
29.219999313354	0.40865522623062	-0.62603747844696	65.000000000000	0.00000000000000
29.229999542236	0.40744796395302	-0.62589174509048	65.000000000000	0.00000000000000
29.239999771118	0.40623915195465	-0.62574285268784	65.000000000000	0.00000000000000
29.250000000000	0.40502902865410	-0.62559068202972	65.000000000000	0.00000000000000
29.260000228882	0.40381768345833	-0.62543535232544	65.000000000000	0.00000000000000
29.270000457764	0.40260469913483	-0.62527668476105	65.000000000000	0.00000000000000
29.280000686646	0.40139052271843	-0.62511479854584	65.000000000000	0.00000000000000
29.290000915527	0.40017494559288	-0.62494963407516	65.000000000000	0.00000000000000
29.299999237061	0.39895796775818	-0.62478131055832	65.000000000000	0.00000000000000
29.309999465942	0.39773964881897	-0.62460958957672	65.000000000000	0.00000000000000
29.319999694824	0.39652010798454	-0.62443459033966	65.000000000000	0.00000000000000
29.329999923706	0.39529916644096	-0.62425625324249	65.000000000000	0.00000000000000
29.340000152588	0.39407706260681	-0.62407457828522	65.000000000000	0.00000000000000
29.350000381470	0.39285361766815	-0.62388962507248	65.000000000000	0.00000000000000
29.360000610352	0.39162868261337	-0.62370127439499	65.000000000000	0.00000000000000
29.370000839233	0.39040276408195	-0.62350958585739	65.000000000000	0.00000000000000
29.379999160767	0.38917535543442	-0.62331444025040	65.000000000000	0.00000000000000
29.389999389648	0.38794669508934	-0.62311601638794	65.000000000000	0.00000000000000
29.399999618530	0.38671684265137	-0.62291413545609	65.000000000000	0.00000000000000
29.409999847412	0.38548576831818	-0.62270879745483	65.000000000000	0.00000000000000
29.420000076294	0.38425356149673	-0.62250012159348	65.000000000000	0.00000000000000
29.430000305176	0.38302004337311	-0.62228792905807	65.000000000000	0.00000000000000
29.440000534058	0.38178518414497	-0.62207227945328	65.000000000000	0.00000000000000
29.450000762939	0.38054934144020	-0.62185323238373	65.000000000000	0.00000000000000
29.459999084473	0.37931218743324	-0.62163072824478	65.000000000000	0.00000000000000
29.469999313354	0.37807375192642	-0.62140464782715	65.000000000000	0.00000000000000
29.479999542236	0.37683430314064	-0.62117505073547	65.000000000000	0.00000000000000
29.489999771118	0.37559366226196	-0.62094199657440	65.000000000000	0.00000000000000
29.500000000000	0.37435197830200	-0.62070542573929	65.000000000000	0.00000000000000
29.510000228882	0.37310910224915	-0.62046521902084	65.000000000000	0.00000000000000
29.520000457764	0.37186494469643	-0.62022155523300	65.000000000000	0.00000000000000
29.530000686646	0.37061992287636	-0.61997431516647	65.000000000000	0.00000000000000
29.540000915527	0.36937361955643	-0.61972349882126	65.000000000000	0.00000000000000
29.549999237061	0.36812618374825	-0.61946910619736	65.000000000000	0.00000000000000
29.559999465942	0.36687779426575	-0.61921107769012	65.000000000000	0.00000000000000
29.569999694824	0.36562824249268	-0.61894941329956	65.000000000000	0.00000000000000
29.579999923706	0.36437779664993	-0.61868411302567	65.000000000000	0.00000000000000
29.590000152588	0.36312627792358	-0.61841529607773	65.000000000000	0.00000000000000
29.600000381470	0.36187362670898	-0.61814272403717	65.000000000000	0.00000000000000
29.610000610352	0.36062002182007	-0.61786657571793	65.000000000000	0.00000000000000
29.620000839233	0.35936540365219	-0.61758661270142	65.000000000000	0.00000000000000
29.629999160767	0.35810983181000	-0.61730307340622	65.000000000000	0.00000000000000
29.639999389648	0.35685318708420	-0.61701577901840	65.000000000000	0.00000000000000
29.649999618530	0.35559555888176	-0.61672478914261	65.000000000000	0.00000000000000
29.659999847412	0.35433688759804	-0.61643010377884	65.000000000000	0.00000000000000
29.670000076294	0.35307741165161	-0.61613172292709	65.000000000000	0.00000000000000
29.680000305176	0.35181695222855	-0.61582952737808	65.000000000000	0.00000000000000
29.690000534058	0.35055568814278	-0.61552363634109	65.000000000000	0.00000000000000
29.700000762939	0.34929347038269	-0.61521393060684	65.000000000000	0.00000000000000
29.709999084473	0.34803029894829	-0.61490052938461	65.000000000000	0.00000000000000
29.719999313354	0.34676620364189	-0.61458319425583	65.000000000000	0.00000000000000
29.729999542236	0.34550121426582	-0.61426216363907	65.000000000000	0.00000000000000
29.739999771118	0.34423559904099	-0.61393731832504	65.000000000000	0.00000000000000
29.750000000000	0.34296882152557	-0.61360859870911	65.000000000000	0.00000000000000
29.760000228882	0.34170144796371	-0.61327606439590	65.000000000000	0.00000000000000
29.770000457764	0.34043318033218	-0.61293965578079	65.000000000000	0.00000000000000
29.780000686646	0.33916413784027	-0.61259943246841	65.000000000000	0.00000000000000
29.790000915527	0.33789417147636	-0.61225527524948	65.000000000000	0.00000000000000
29.799999237061	0.33662360906601	-0.61190730333328	65.000000000000	0.00000000000000
29.809999465942	0.33535221219063	-0.61155539751053	65.000000000000	0.00000000000000
29.819999694824	0.33408012986183	-0.61119961738586	65.000000000000	0.00000000000000
29.829999923706	0.33280730247498	-0.61083990335464	65.000000000000	0.00000000000000
29.840000152588	0.33153370022774	-0.61047625541687	65.000000000000	0.00000000000000
29.850000381470	0.33025932312012	-0.61010867357254	65.000000000000	0.00000000000000
29.860000610352	0.32898437976837	-0.60973709821701	65.000000000000	0.00000000000000
29.870000839233	0.32770869135857	-0.60936164855957	65.000000000000	0.00000000000000
29.879999160767	0.32643243670464	-0.60898220539093	65.000000000000	0.00000000000000
29.889999389648	0.32515549659729	-0.60859870910645	65.000000000000	0.00000000000000
29.899999618530	0.32387784123421	-0.60821121931076	65.000000000000	0.00000000000000
29.909999847412	0.32259956002235	-0.60781985521317	65.000000000000	0.00000000000000
29.920000076294	0.32132086157799	-0.60742431879044	65.000000000000	0.00000000000000
29.930000305176	0.32004123926163	-0.60702484846115	65.000000000000	0.00000000000000
29.940000534058	0.31876131892204	-0.60662138462067	65.000000000000	0.00000000000000
29.950000762939	0.31748086214066	-0.60621368885040	65.000000000000	0.00000000000000
29.959999084473	0.31619971990585	-0.60580211877823	65.000000000000	0.00000000000000
29.969999313354	0.31491813063622	-0.60538643598557	65.000000000000	0.00000000000000
29.979999542236	0.31363609433174	-0.60496658086777	65.000000000000	0.00000000000000
29.989999771118	0.31235352158546	-0.60454279184341	65.000000000000	0.00000000000000
30.000000000000	0.31107035279274	-0.60411477088928	65.000000000000	0.00000000000000
30.010000228882	0.30978670716286	-0.60368269681931	65.000000000000	0.00000000000000
30.020000457764	0.30850285291672	-0.60324651002884	65.000000000000	0.00000000000000
30.030000686646	0.30721831321716	-0.60280621051788	65.000000000000	0.00000000000000
30.040000915527	0.30593347549438	-0.60236173868179	65.000000000000	0.00000000000000
30.049999237061	0.30464828014374	-0.60191309452057	65.000000000000	0.00000000000000
30.059999465942	0.30336266756058	-0.60146027803421	65.000000000000	0.00000000000000
30.069999694824	0.30207657814026	-0.60100334882736	65.000000000000	0.00000000000000
30.079999923706	0.30079025030136	-0.60054224729538	65.000000000000	0.00000000000000
30.090000152588	0.29950353503227	-0.60007691383362	65.000000000000	0.00000000000000
30.100000381470	0.29821667075157	-0.59960734844208	65.000000000000	0.00000000000000
30.110000610352	0.29692915081978	-0.59913367033005	65.000000000000	0.00000000000000
30.120000839233	0.29564157128334	-0.59865570068359	65.000000000000	0.00000000000000
30.129999160767	0.29435381293297	-0.59817355871201	65.000000000000	0.00000000000000
30.139999389648	0.29306569695473	-0.59768712520599	65.000000000000	0.00000000000000
30.149999618530	0.29177743196487	-0.59719645977020	65.000000000000	0.00000000000000
30.159999847412	0.29048889875412	-0.59670156240463	65.000000000000	0.00000000000000
30.170000076294	0.28920006752014	-0.59620231389999	65.000000000000	0.00000000000000
30.180000305176	0.28791123628616	-0.59569889307022	65.000000000000	0.00000000000000
30.190000534058	0.28662216663361	-0.59519112110138	65.000000000000	0.00000000000000
30.200000762939	0.28533288836479	-0.59467917680740	65.000000000000	0.00000000000000
30.209999084473	0.28404340147972	-0.59416282176971	65.000000000000	0.00000000000000
30.219999313354	0.28275400400162	-0.59364211559296	65.000000000000	0.00000000000000
30.229999542236	0.28146442770958	-0.59311717748642	65.000000000000	0.00000000000000
30.239999771118	0.28017497062683	-0.59258788824081	65.000000000000	0.00000000000000
30.250000000000	0.27888521552086	-0.59205418825150	65.000000000000	0.00000000000000
30.260000228882	0.27759552001953	-0.59151631593704	65.000000000000	0.00000000000000
30.270000457764	0.27630567550659	-0.59097403287888	65.000000000000	0.00000000000000
30.280000686646	0.27501586079597	-0.59042733907700	65.000000000000	0.00000000000000
30.290000915527	0.27372610569000	-0.58987629413605	65.000000000000	0.00000000000000
30.299999237061	0.27243661880493	-0.58932083845139	65.000000000000	0.00000000000000
30.309999465942	0.27114692330360	-0.58876103162766	65.000000000000	0.00000000000000
30.319999694824	0.26985734701157	-0.58819675445557	65.000000000000	0.00000000000000
30.329999923706	0.26856791973114	-0.58762824535370	65.000000000000	0.00000000000000
30.340000152588	0.26727846264839	-0.58705520629883	65.000000000000	0.00000000000000
30.350000381470	0.26598933339119	-0.58647775650024	65.000000000000	0.00000000000000
30.360000610352	0.26470011472702	-0.58589589595795	65.000000000000	0.00000000000000
30.370000839233	0.26341125369072	-0.58530962467194	65.000000000000	0.00000000000000
30.379999160767	0.26212260127068	-0.58471882343292	65.000000000000	0.00000000000000
30.389999389648	0.26083406805992	-0.58412373065948	65.000000000000	0.00000000000000
30.399999618530	0.25954577326775	-0.58352410793304	65.000000000000	0.00000000000000
30.409999847412	0.25825774669647	-0.58292001485825	65.000000000000	0.00000000000000
30.420000076294	0.25697001814842	-0.58231139183044	65.000000000000	0.00000000000000
30.430000305176	0.25568258762360	-0.58169835805893	65.000000000000	0.00000000000000
30.440000534058	0.25439536571503	-0.58108085393906	65.000000000000	0.00000000000000
30.450000762939	0.25310847163200	-0.58045881986618	65.000000000000	0.00000000000000
30.459999084473	0.25182196497917	-0.57983237504959	65.000000000000	0.00000000000000
30.469999313354	0.25053581595421	-0.57920128107071	65.000000000000	0.00000000000000
30.479999542236	0.24925008416176	-0.57856583595276	65.000000000000	0.00000000000000
30.489999771118	0.24796475470066	-0.57792580127716	65.000000000000	0.00000000000000
30.500000000000	0.24667985737324	-0.57728123664856	65.000000000000	0.00000000000000
30.510000228882	0.24539530277252	-0.57663214206696	65.000000000000	0.00000000000000
30.520000457764	0.24411135911942	-0.57597857713699	65.000000000000	0.00000000000000
30.530000686646	0.24282777309418	-0.57532042264938	65.000000000000	0.00000000000000
30.540000915527	0.24154482781887	-0.57465773820877	65.000000000000	0.00000000000000
30.549999237061	0.24026228487492	-0.57399046421051	65.000000000000	0.00000000000000
30.559999465942	0.23898039758205	-0.57331866025925	65.000000000000	0.00000000000000
30.569999694824	0.23769910633564	-0.57264226675034	65.000000000000	0.00000000000000
30.579999923706	0.23641827702522	-0.57196140289307	65.000000000000	0.00000000000000
30.590000152588	0.23513802886009	-0.57127583026886	65.000000000000	0.00000000000000
30.600000381470	0.23385857045650	-0.57058572769165	65.000000000000	0.00000000000000
30.610000610352	0.23257960379124	-0.56989109516144	65.000000000000	0.00000000000000
30.620000839233	0.23130144178867	-0.56919187307358	65.000000000000	0.00000000000000
30.629999160767	0.23002396523952	-0.56848800182343	65.000000000000	0.00000000000000
30.639999389648	0.22874717414379	-0.56777948141098	65.000000000000	0.00000000000000
30.649999618530	0.22747111320496	-0.56706643104553	65.000000000000	0.00000000000000
30.659999847412	0.22619582712650	-0.56634885072708	65.000000000000	0.00000000000000
30.670000076294	0.22492128610611	-0.56562656164169	65.000000000000	0.00000000000000
30.680000305176	0.22364763915539	-0.56489962339401	65.000000000000	0.00000000000000
30.690000534058	0.22237479686737	-0.56416809558868	65.000000000000	0.00000000000000
30.700000762939	0.22110280394554	-0.56343203783035	65.000000000000	0.00000000000000
30.709999084473	0.21983163058758	-0.56269121170044	65.000000000000	0.00000000000000
30.719999313354	0.21856130659580	-0.56194585561752	65.000000000000	0.00000000000000
30.729999542236	0.21729199588299	-0.56119585037231	65.000000000000	0.00000000000000
30.739999771118	0.21602360904217	-0.56044113636017	65.000000000000	0.00000000000000
30.750000000000	0.21475626528263	-0.55968177318573	65.000000000000	0.00000000000000
30.760000228882	0.21348975598812	-0.55891788005829	65.000000000000	0.00000000000000
30.770000457764	0.21222428977489	-0.55814927816391	65.000000000000	0.00000000000000
30.780000686646	0.21095982193947	-0.55737596750259	65.000000000000	0.00000000000000
30.790000915527	0.20969648659229	-0.55659806728363	65.000000000000	0.00000000000000
30.799999237061	0.20843417942524	-0.55581551790237	65.000000000000	0.00000000000000
30.809999465942	0.20717291533947	-0.55502825975418	65.000000000000	0.00000000000000
30.819999694824	0.20591270923615	-0.55423635244370	65.000000000000	0.00000000000000
30.829999923706	0.20465385913849	-0.55343979597092	65.000000000000	0.00000000000000
30.840000152588	0.20339594781399	-0.55263859033585	65.000000000000	0.00000000000000
30.850000381470	0.20213945209980	-0.55183261632919	65.000000000000	0.00000000000000
30.860000610352	0.20088395476341	-0.55102211236954	65.000000000000	0.00000000000000
30.870000839233	0.19962990283966	-0.55020684003830	65.000000000000	0.00000000000000
30.879999160767	0.19837687909603	-0.54938691854477	65.000000000000	0.00000000000000
30.889999389648	0.19712521135807	-0.54856234788895	65.000000000000	0.00000000000000
30.899999618530	0.19587513804436	-0.54773294925690	65.000000000000	0.00000000000000
30.909999847412	0.19462592899799	-0.54689896106720	65.000000000000	0.00000000000000
30.920000076294	0.19337838888168	-0.54606032371521	65.000000000000	0.00000000000000
30.930000305176	0.19213172793388	-0.54521703720093	65.000000000000	0.00000000000000
30.940000534058	0.19088676571846	-0.54436910152435	65.000000000000	0.00000000000000
30.950000762939	0.18964327871799	-0.54351633787155	65.000000000000	0.00000000000000
30.959999084473	0.18840153515339	-0.54265886545181	65.000000000000	0.00000000000000
30.969999313354	0.18716074526310	-0.54179674386978	65.000000000000	0.00000000000000
30.979999542236	0.18592175841331	-0.54092997312546	65.000000000000	0.00000000000000
30.989999771118	0.18468379974365	-0.54005867242813	65.000000000000	0.00000000000000
31.000000000000	0.18344789743423	-0.53918242454529	65.000000000000	0.00000000000000
31.010000228882	0.18221360445023	-0.53830152750015	65.000000000000	0.00000000000000
31.020000457764	0.18098038434982	-0.53741610050201	65.000000000000	0.00000000000000
31.030000686646	0.17974905669689	-0.53652584552765	65.000000000000	0.00000000000000
31.040000915527	0.17851938307285	-0.53563094139099	65.000000000000	0.00000000000000
31.049999237061	0.17729136347771	-0.53473132848740	65.000000000000	0.00000000000000
31.059999465942	0.17606478929520	-0.53382712602615	65.000000000000	0.00000000000000
31.069999694824	0.17484018206596	-0.53291815519333	65.000000000000	0.00000000000000
31.079999923706	0.17361730337143	-0.53200447559357	65.000000000000	0.00000000000000
31.090000152588	0.17239592969418	-0.53108620643616	65.000000000000	0.00000000000000
31.100000381470	0.17117656767368	-0.53016316890717	65.000000000000	0.00000000000000
31.110000610352	0.16995899379253	-0.52923542261124	65.000000000000	0.00000000000000
31.120000839233	0.16874299943447	-0.52830308675766	65.000000000000	0.00000000000000
31.129999160767	0.16752910614014	-0.52736604213715	65.000000000000	0.00000000000000
31.139999389648	0.16631706058979	-0.52642428874969	65.000000000000	0.00000000000000
31.149999618530	0.16510663926601	-0.52547794580460	65.000000000000	0.00000000000000
31.159999847412	0.16389861702919	-0.52452677488327	65.000000000000	0.00000000000000
31.170000076294	0.16269204020500	-0.52357113361359	65.000000000000	0.00000000000000
31.180000305176	0.16148763895035	-0.52261072397232	65.000000000000	0.00000000000000
31.190000534058	0.16028520464897	-0.52164566516876	65.000000000000	0.00000000000000
31.200000762939	0.15908475220203	-0.52067595720291	65.000000000000	0.00000000000000
31.209999084473	0.15788656473160	-0.51970148086548	65.000000000000	0.00000000000000
31.219999313354	0.15669016540051	-0.51872247457504	65.000000000000	0.00000000000000
31.229999542236	0.15549604594707	-0.51773875951767	65.000000000000	0.00000000000000
31.239999771118	0.15430401265621	-0.51675039529800	65.000000000000	0.00000000000000
31.250000000000	0.15311382710934	-0.51575750112534	65.000000000000	0.00000000000000
31.260000228882	0.15192601084709	-0.51475983858109	65.000000000000	0.00000000000000
31.270000457764	0.15074056386948	-0.51375752687454	65.000000000000	0.00000000000000
31.280000686646	0.14955729246140	-0.51275056600571	65.000000000000	0.00000000000000
31.290000915527	0.14837592840195	-0.51173913478851	65.000000000000	0.00000000000000
31.299999237061	0.14719702303410	-0.51072293519974	65.000000000000	0.00000000000000
31.309999465942	0.14602059125900	-0.50970208644867	65.000000000000	0.00000000000000
31.319999694824	0.14484617114067	-0.50867676734924	65.000000000000	0.00000000000000
31.329999923706	0.14367400109768	-0.50764679908752	65.000000000000	0.00000000000000
31.340000152588	0.14250460267067	-0.50661212205887	65.000000000000	0.00000000000000
31.350000381470	0.14133727550507	-0.50557291507721	65.000000000000	0.00000000000000
31.360000610352	0.14017252624035	-0.50452905893326	65.000000000000	0.00000000000000
31.370000839233	0.13901011645794	-0.50348067283630	65.000000000000	0.00000000000000
31.379999160767	0.13784983754158	-0.50242769718170	65.000000000000	0.00000000000000
31.389999389648	0.13669270277023	-0.50137013196945	65.000000000000	0.00000000000000
31.399999618530	0.13553772866726	-0.50030797719955	65.000000000000	0.00000000000000
31.409999847412	0.13438515365124	-0.49924123287201	65.000000000000	0.00000000000000
31.420000076294	0.13323532044888	-0.49816998839378	65.000000000000	0.00000000000000
31.430000305176	0.13208797574043	-0.49709421396255	65.000000000000	0.00000000000000
31.440000534058	0.13094334304333	-0.49601376056671	65.000000000000	0.00000000000000
31.450000762939	0.12980125844479	-0.49492889642715	65.000000000000	0.00000000000000
31.459999084473	0.12866182625294	-0.49383941292763	65.000000000000	0.00000000000000
31.469999313354	0.12752509117126	-0.49274542927742	65.000000000000	0.00000000000000
31.479999542236	0.12639105319977	-0.49164694547653	65.000000000000	0.00000000000000
31.489999771118	0.12525974214077	-0.49054393172264	65.000000000000	0.00000000000000
31.500000000000	0.12413129955530	-0.48943641781807	65.000000000000	0.00000000000000
31.510000228882	0.12300551682711	-0.48832437396049	65.000000000000	0.00000000000000
31.520000457764	0.12188252806664	-0.48720788955688	65.000000000000	0.00000000000000
31.530000686646	0.12076233327389	-0.48608687520027	65.000000000000	0.00000000000000
31.540000915527	0.11964510381222	-0.48496142029762	65.000000000000	0.00000000000000
31.549999237061	0.11853072047234	-0.48383152484894	65.000000000000	0.00000000000000
31.559999465942	0.11741922050714	-0.48269712924957	65.000000000000	0.00000000000000
31.569999694824	0.11631073057652	-0.48155829310417	65.000000000000	0.00000000000000
31.579999923706	0.11520503461361	-0.48041498661041	65.000000000000	0.00000000000000
31.590000152588	0.11410240828991	-0.47926729917526	65.000000000000	0.00000000000000
31.600000381470	0.11300273239613	-0.47811514139175	65.000000000000	0.00000000000000
31.610000610352	0.11190614849329	-0.47695863246918	65.000000000000	0.00000000000000
31.620000839233	0.11081257462502	-0.47579771280289	65.000000000000	0.00000000000000
31.629999160767	0.10972201824188	-0.47463238239288	65.000000000000	0.00000000000000
31.639999389648	0.10863462090492	-0.47346270084381	65.000000000000	0.00000000000000
31.649999618530	0.10755028575659	-0.47228857874870	65.000000000000	0.00000000000000
31.659999847412	0.10646925866604	-0.47111013531685	65.000000000000	0.00000000000000
31.670000076294	0.10539123415947	-0.46992734074593	65.000000000000	0.00000000000000
31.680000305176	0.10431655496359	-0.46874022483826	65.000000000000	0.00000000000000
31.690000534058	0.10324502736330	-0.46754872798920	65.000000000000	0.00000000000000
31.700000762939	0.10217677801847	-0.46635293960571	65.000000000000	0.00000000000000
31.709999084473	0.10111171752214	-0.46515282988548	65.000000000000	0.00000000000000
31.719999313354	0.10004997253418	-0.46394848823547	65.000000000000	0.00000000000000
31.729999542236	0.098991565406322	-0.46273979544640	65.000000000000	0.00000000000000
31.739999771118	0.097936533391476	-0.46152687072754	65.000000000000	0.00000000000000
31.750000000000	0.096884861588478	-0.46030962467194	65.000000000000	0.00000000000000
31.760000228882	0.095836497843266	-0.45908820629120	65.000000000000	0.00000000000000
31.770000457764	0.094791553914547	-0.45786246657372	65.000000000000	0.00000000000000
31.780000686646	0.093750156462193	-0.45663255453110	65.000000000000	0.00000000000000
31.790000915527	0.092712216079235	-0.45539844036102	65.000000000000	0.00000000000000
31.799999237061	0.091677650809288	-0.45416009426117	65.000000000000	0.00000000000000
31.809999465942	0.090646587312222	-0.45291754603386	65.000000000000	0.00000000000000
31.819999694824	0.089619152247906	-0.45167085528374	65.000000000000	0.00000000000000
31.829999923706	0.088595256209373	-0.45041999220848	65.000000000000	0.00000000000000
31.840000152588	0.087574921548367	-0.44916495680809	65.000000000000	0.00000000000000
31.850000381470	0.086558170616627	-0.44790580868721	65.000000000000	0.00000000000000
31.860000610352	0.085545115172863	-0.44664254784584	65.000000000000	0.00000000000000
31.870000839233	0.084535688161850	-0.44537520408630	65.000000000000	0.00000000000000
31.879999160767	0.083530001342297	-0.44410368800163	65.000000000000	0.00000000000000
31.889999389648	0.082527868449688	-0.44282817840576	65.000000000000	0.00000000000000
31.899999618530	0.081529513001442	-0.44154855608940	65.000000000000	0.00000000000000
31.909999847412	0.080534957349300	-0.44026491045952	65.000000000000	0.00000000000000
31.920000076294	0.079544126987457	-0.43897718191147	65.000000000000	0.00000000000000
31.930000305176	0.078557133674622	-0.43768543004990	65.000000000000	0.00000000000000
31.940000534058	0.077573888003826	-0.43638971447945	65.000000000000	0.00000000000000
31.950000762939	0.076594524085522	-0.43509003520012	65.000000000000	0.00000000000000
31.959999084473	0.075619049370289	-0.43378630280495	65.000000000000	0.00000000000000
31.969999313354	0.074647389352322	-0.43247866630554	65.000000000000	0.00000000000000
31.979999542236	0.073679663240910	-0.43116706609726	65.000000000000	0.00000000000000
31.989999771118	0.072715885937214	-0.42985153198242	65.000000000000	0.00000000000000
32.000000000000	0.071756079792976	-0.42853212356567	65.000000000000	0.00000000000000
32.009998321533	0.070800252258778	-0.42720875144005	65.000000000000	0.00000000000000
32.020000457764	0.069848336279392	-0.42588156461716	65.000000000000	0.00000000000000
32.029998779297	0.068900540471077	-0.42455047369003	65.000000000000	0.00000000000000
32.040000915527	0.067956693470478	-0.42321556806564	65.000000000000	0.00000000000000
32.049999237061	0.067017003893852	-0.42187681794167	65.000000000000	0.00000000000000
32.060001373291	0.066081389784813	-0.42053425312042	65.000000000000	0.00000000000000
32.069999694824	0.065149866044521	-0.41918787360191	65.000000000000	0.00000000000000
32.080001831055	0.064222455024719	-0.41783773899078	65.000000000000	0.00000000000000
32.090000152588	0.063299275934696	-0.41648384928703	65.000000000000	0.00000000000000
32.099998474121	0.062380146235228	-0.41512620449066	65.000000000000	0.00000000000000
32.110000610352	0.061465375125408	-0.41376480460167	65.000000000000	0.00000000000000
32.119998931885	0.060554694384336	-0.41239976882935	65.000000000000	0.00000000000000
32.130001068115	0.059648308902979	-0.41103094816208	65.000000000000	0.00000000000000
32.139999389648	0.058746140450239	-0.40965855121613	65.000000000000	0.00000000000000
32.150001525879	0.057848300784826	-0.40828245878220	65.000000000000	0.00000000000000
32.159999847412	0.056954707950354	-0.40690273046494	65.000000000000	0.00000000000000
32.169998168945	0.056065581738949	-0.40551939606667	65.000000000000	0.00000000000000
32.180000305176	0.055180732160807	-0.40413245558739	65.000000000000	0.00000000000000
32.189998626709	0.054300189018250	-0.40274196863174	65.000000000000	0.00000000000000
32.200000762939	0.053424157202244	-0.40134787559509	65.000000000000	0.00000000000000
32.209999084473	0.052552361041307	-0.39995032548904	65.000000000000	0.00000000000000
32.220001220703	0.051685199141502	-0.39854919910431	65.000000000000	0.00000000000000
32.229999542236	0.050822302699089	-0.39714458584785	65.000000000000	0.00000000000000
32.240001678467	0.049964081496000	-0.39573645591736	65.000000000000	0.00000000000000
32.250000000000	0.049110155552626	-0.39432486891747	65.000000000000	0.00000000000000
32.259998321533	0.048260927200317	-0.39290991425514	65.000000000000	0.00000000000000
32.270000457764	0.047416035085917	-0.39149147272110	65.000000000000	0.00000000000000
32.279998779297	0.046575870364904	-0.39006966352463	65.000000000000	0.00000000000000
32.290000915527	0.045740254223347	-0.38864448666573	65.000000000000	0.00000000000000
32.299999237061	0.044909209012985	-0.38721594214439	65.000000000000	0.00000000000000
32.310001373291	0.044082652777433	-0.38578405976295	65.000000000000	0.00000000000000
32.319999694824	0.043260879814625	-0.38434886932373	65.000000000000	0.00000000000000
32.330001831055	0.042443718761206	-0.38291037082672	65.000000000000	0.00000000000000
32.340000152588	0.041631184518337	-0.38146865367889	65.000000000000	0.00000000000000
32.349998474121	0.040823381394148	-0.38002362847328	65.000000000000	0.00000000000000
32.360000610352	0.040020234882832	-0.37857541441917	65.000000000000	0.00000000000000
32.369998931885	0.039221942424774	-0.37712398171425	65.000000000000	0.00000000000000
32.380001068115	0.038428328931332	-0.37566933035851	65.000000000000	0.00000000000000
32.389999389648	0.037639420479536	-0.37421154975891	65.000000000000	0.00000000000000
32.400001525879	0.036855392158031	-0.37275061011314	65.000000000000	0.00000000000000
32.409999847412	0.036076188087463	-0.37128660082817	65.000000000000	0.00000000000000
32.419998168945	0.035301715135574	-0.36981949210167	65.000000000000	0.00000000000000
32.430000305176	0.034532260149717	-0.36834925413132	65.000000000000	0.00000000000000
32.439998626709	0.033767487853765	-0.36687600612640	65.000000000000	0.00000000000000
32.450000762939	0.033007580786943	-0.36539974808693	65.000000000000	0.00000000000000
32.459999084473	0.032252635806799	-0.36392048001289	65.000000000000	0.00000000000000
32.470001220703	0.031502582132816	-0.36243823170662	65.000000000000	0.00000000000000
32.479999542236	0.030757518485188	-0.36095300316811	65.000000000000	0.00000000000000
32.490001678467	0.030017284676433	-0.35946488380432	65.000000000000	0.00000000000000
32.500000000000	0.029282150790095	-0.35797381401062	65.000000000000	0.00000000000000
32.509998321533	0.028551869094372	-0.35647988319397	65.000000000000	0.00000000000000
32.520000457764	0.027826625853777	-0.35498309135437	65.000000000000	0.00000000000000
32.529998779297	0.027106430381536	-0.35348349809647	65.000000000000	0.00000000000000
32.540000915527	0.026391291990876	-0.35198104381561	65.000000000000	0.00000000000000
32.549999237061	0.025681138038635	-0.35047581791878	65.000000000000	0.00000000000000
32.560001373291	0.024976067245007	-0.34896782040596	65.000000000000	0.00000000000000
32.569999694824	0.024276087060571	-0.34745711088181	65.000000000000	0.00000000000000
32.580001831055	0.023581204935908	-0.34594365954399	65.000000000000	0.00000000000000
32.590000152588	0.022891519591212	-0.34442752599716	65.000000000000	0.00000000000000
32.599998474121	0.022206790745258	-0.34290871024132	65.000000000000	0.00000000000000
32.610000610352	0.021527357399464	-0.34138727188110	65.000000000000	0.00000000000000
32.619998931885	0.020852986723185	-0.33986327052116	65.000000000000	0.00000000000000
32.630001068115	0.020183764398098	-0.33833664655685	65.000000000000	0.00000000000000
32.639999389648	0.019519787281752	-0.33680745959282	65.000000000000	0.00000000000000
32.650001525879	0.018860977143049	-0.33527573943138	65.000000000000	0.00000000000000
32.659999847412	0.018207505345345	-0.33374151587486	65.000000000000	0.00000000000000
32.669998168945	0.017559144645929	-0.33220478892326	65.000000000000	0.00000000000000
32.680000305176	0.016916060820222	-0.33066561818123	65.000000000000	0.00000000000000
32.689998626709	0.016278259456158	-0.32912400364876	65.000000000000	0.00000000000000
32.700000762939	0.015645749866962	-0.32757997512817	65.000000000000	0.00000000000000
32.709999084473	0.015018466860056	-0.32603362202644	65.000000000000	0.00000000000000
32.720001220703	0.014396490529180	-0.32448485493660	65.000000000000	0.00000000000000
32.729999542236	0.013779907487333	-0.32293376326561	65.000000000000	0.00000000000000
32.740001678467	0.013168648816645	-0.32138040661812	65.000000000000	0.00000000000000
32.750000000000	0.012562642805278	-0.31982478499413	65.000000000000	0.00000000000000
32.759998321533	0.011962051503360	-0.31826686859131	65.000000000000	0.00000000000000
32.770000457764	0.011366730555892	-0.31670677661896	65.000000000000	0.00000000000000
32.779998779297	0.010776987299323	-0.31514444947243	65.000000000000	0.00000000000000
32.790000915527	0.010192451067269	-0.31357997655869	65.000000000000	0.00000000000000
32.799999237061	0.0096134291961789	-0.31201338768005	65.000000000000	0.00000000000000
32.810001373291	0.0090397791936994	-0.31044468283653	65.000000000000	0.00000000000000
32.819999694824	0.0084715783596039	-0.30887386202812	65.000000000000	0.00000000000000
32.830001831055	0.0079088350757957	-0.30730101466179	65.000000000000	0.00000000000000
32.840000152588	0.0073514785617590	-0.30572614073753	65.000000000000	0.00000000000000
32.849998474121	0.0067995893768966	-0.30414927005768	65.000000000000	0.00000000000000
32.860000610352	0.0062533151358366	-0.30257040262222	65.000000000000	0.00000000000000
32.869998931885	0.0057123736478388	-0.30098959803581	65.000000000000	0.00000000000000
32.880001068115	0.0051770554855466	-0.29940688610077	65.000000000000	0.00000000000000
32.889999389648	0.0046470789238811	-0.29782232642174	65.000000000000	0.00000000000000
32.900001525879	0.0041227336041629	-0.29623582959175	65.000000000000	0.00000000000000
32.909999847412	0.0036038807593286	-0.29464757442474	65.000000000000	0.00000000000000
32.919998168945	0.0030906640458852	-0.29305747151375	65.000000000000	0.00000000000000
32.930000305176	0.0025828767102212	-0.29146561026573	65.000000000000	0.00000000000000
32.939998626709	0.0020807313267142	-0.28987202048302	65.000000000000	0.00000000000000
32.950000762939	0.0015840916894376	-0.28827670216560	65.000000000000	0.00000000000000
32.959999084473	0.0010930295102298	-0.28667962551117	65.000000000000	0.00000000000000
32.970001220703	0.00060754729202017	-0.28508096933365	65.000000000000	0.00000000000000
32.979999542236	0.00012764715938829	-0.28348064422607	65.000000000000	0.00000000000000
32.990001678467	-0.00034660164965317	-0.28187873959541	65.000000000000	0.00000000000000
33.000000000000	-0.00081519852392375	-0.28027525544167	65.000000000000	0.00000000000000
33.009998321533	-0.0012782756239176	-0.27867025136948	65.000000000000	0.00000000000000
33.020000457764	-0.0017356319585815	-0.27706366777420	65.000000000000	0.00000000000000
33.029998779297	-0.0021873996593058	-0.27545565366745	65.000000000000	0.00000000000000
33.040000915527	-0.0026335776783526	-0.27384611964226	65.000000000000	0.00000000000000
33.049999237061	-0.0030740345828235	-0.27223524451256	65.000000000000	0.00000000000000
33.060001373291	-0.0035088367294520	-0.27062293887138	65.000000000000	0.00000000000000
33.069999694824	-0.0039379838854074	-0.26900926232338	65.000000000000	0.00000000000000
33.080001831055	-0.0043614762835205	-0.26739424467087	65.000000000000	0.00000000000000
33.090000152588	-0.0047793146222830	-0.26577788591385	65.000000000000	0.00000000000000
33.099998474121	-0.0051914365030825	-0.26416027545929	65.000000000000	0.00000000000000
33.110000610352	-0.0055979057215154	-0.26254141330719	65.000000000000	0.00000000000000
33.119998931885	-0.0059986002743244	-0.26092135906219	65.000000000000	0.00000000000000
33.130001068115	-0.0063936458900571	-0.25930005311966	65.000000000000	0.00000000000000
33.139999389648	-0.0067829824984074	-0.25767761468887	65.000000000000	0.00000000000000
33.150001525879	-0.0071666128933430	-0.25605404376984	65.000000000000	0.00000000000000
33.159999847412	-0.0075444784015417	-0.25442934036255	65.000000000000	0.00000000000000
33.169998168945	-0.0079167038202286	-0.25280362367630	65.000000000000	0.00000000000000
33.180000305176	-0.0082831718027592	-0.25117680430412	65.000000000000	0.00000000000000
33.189998626709	-0.0086438264697790	-0.24954903125763	65.000000000000	0.00000000000000
33.200000762939	-0.0089988503605127	-0.24792024493217	65.000000000000	0.00000000000000
33.209999084473	-0.0093481279909611	-0.24629050493240	65.000000000000	0.00000000000000
33.220001220703	-0.0096916062757373	-0.24465984106064	65.000000000000	0.00000000000000
33.229999542236	-0.010029347613454	-0.24302826821804	65.000000000000	0.00000000000000
33.240001678467	-0.010361358523369	-0.24139583110809	65.000000000000	0.00000000000000
33.250000000000	-0.010687643662095	-0.23976258933544	65.000000000000	0.00000000000000
33.259998321533	-0.011008093133569	-0.23812854290009	65.000000000000	0.00000000000000
33.270000457764	-0.011322828941047	-0.23649370670319	65.000000000000	0.00000000000000
33.279998779297	-0.011631799861789	-0.23485814034939	65.000000000000	0.00000000000000
33.290000915527	-0.011935069225729	-0.23322184383869	65.000000000000	0.00000000000000
33.299999237061	-0.012232529930770	-0.23158489167690	65.000000000000	0.00000000000000
33.310001373291	-0.012524192221463	-0.22994726896286	65.000000000000	0.00000000000000
33.319999694824	-0.012810062617064	-0.22830900549889	65.000000000000	0.00000000000000
33.330001831055	-0.013090204447508	-0.22667017579079	65.000000000000	0.00000000000000
33.340000152588	-0.013364572077990	-0.22503077983856	65.000000000000	0.00000000000000
33.349998474121	-0.013633173890412	-0.22339083254337	65.000000000000	0.00000000000000
33.360000610352	-0.013896018266678	-0.22175040841103	65.000000000000	0.00000000000000
33.369998931885	-0.014153009280562	-0.22010950744152	65.000000000000	0.00000000000000
33.380001068115	-0.014404262416065	-0.21846815943718	65.000000000000	0.00000000000000
33.389999389648	-0.014649784192443	-0.21682637929916	65.000000000000	0.00000000000000
33.400001525879	-0.014889487065375	-0.21518425643444	65.000000000000	0.00000000000000
33.409999847412	-0.015123429708183	-0.21354176104069	65.000000000000	0.00000000000000
33.419998168945	-0.015351574867964	-0.21189893782139	65.000000000000	0.00000000000000
33.430000305176	-0.015573980286717	-0.21025583148003	65.000000000000	0.00000000000000
33.439998626709	-0.015790611505508	-0.20861245691776	65.000000000000	0.00000000000000
33.450000762939	-0.016001429408789	-0.20696885883808	65.000000000000	0.00000000000000
33.459999084473	-0.016206547617912	-0.20532506704330	65.000000000000	0.00000000000000
33.470001220703	-0.016405830159783	-0.20368109643459	65.000000000000	0.00000000000000
33.479999542236	-0.016599388793111	-0.20203699171543	65.000000000000	0.00000000000000
33.490001678467	-0.016787039116025	-0.20039275288582	65.000000000000	0.00000000000000
33.500000000000	-0.016969140619040	-0.19874843955040	65.000000000000	0.00000000000000
33.509998321533	-0.017145464196801	-0.19710406661034	65.000000000000	0.00000000000000
33.520000457764	-0.017315840348601	-0.19545969367027	65.000000000000	0.00000000000000
33.529998779297	-0.017480563372374	-0.19381533563137	65.000000000000	0.00000000000000
33.540000915527	-0.017639648169279	-0.19217099249363	65.000000000000	0.00000000000000
33.549999237061	-0.017792927101254	-0.19052670896053	65.000000000000	0.00000000000000
33.560001373291	-0.017940418794751	-0.18888254463673	65.000000000000	0.00000000000000
33.569999694824	-0.018082138150930	-0.18723849952221	65.000000000000	0.00000000000000
33.580001831055	-0.018218195065856	-0.18559460341930	65.000000000000	0.00000000000000
33.590000152588	-0.018348433077335	-0.18395090103149	65.000000000000	0.00000000000000
33.599998474121	-0.018473042175174	-0.18230740725994	65.000000000000	0.00000000000000
33.610000610352	-0.018591783940792	-0.18066418170929	65.000000000000	0.00000000000000
33.619998931885	-0.018704935908318	-0.17902119457722	65.000000000000	0.00000000000000
33.630001068115	-0.018812263384461	-0.17737855017185	65.000000000000	0.00000000000000
33.639999389648	-0.018913958221674	-0.17573620378971	65.000000000000	0.00000000000000
33.650001525879	-0.019010037183762	-0.17409421503544	65.000000000000	0.00000000000000
33.659999847412	-0.019100356847048	-0.17245264351368	65.000000000000	0.00000000000000
33.669998168945	-0.019184857606888	-0.17081147432327	65.000000000000	0.00000000000000
33.680000305176	-0.019263811409473	-0.16917076706886	65.000000000000	0.00000000000000
33.689998626709	-0.019336998462677	-0.16753053665161	65.000000000000	0.00000000000000
33.700000762939	-0.019404603168368	-0.16589081287384	65.000000000000	0.00000000000000
33.709999084473	-0.019466489553452	-0.16425161063671	65.000000000000	0.00000000000000
33.720001220703	-0.019522761926055	-0.16261298954487	65.000000000000	0.00000000000000
33.729999542236	-0.019573371857405	-0.16097493469715	65.000000000000	0.00000000000000
33.740001678467	-0.019618269056082	-0.15933752059937	65.000000000000	0.00000000000000
33.750000000000	-0.019657483324409	-0.15770077705383	65.000000000000	0.00000000000000
33.759998321533	-0.019691264256835	-0.15606467425823	65.000000000000	0.00000000000000
33.770000457764	-0.019719274714589	-0.15442930161953	65.000000000000	0.00000000000000
33.779998779297	-0.019741684198380	-0.15279464423656	65.000000000000	0.00000000000000
33.790000915527	-0.019758531823754	-0.15116077661514	65.000000000000	0.00000000000000
33.799999237061	-0.019769700244069	-0.14952768385410	65.000000000000	0.00000000000000
33.810001373291	-0.019775370135903	-0.14789541065693	65.000000000000	0.00000000000000
33.819999694824	-0.019775429740548	-0.14626400172710	65.000000000000	0.00000000000000
33.830001831055	-0.019769908860326	-0.14463344216347	65.000000000000	0.00000000000000
33.840000152588	-0.019758850336075	-0.14300377666950	65.000000000000	0.00000000000000
33.849998474121	-0.019742216914892	-0.14137506484985	65.000000000000	0.00000000000000
33.860000610352	-0.019720051437616	-0.13974730670452	65.000000000000	0.00000000000000
33.869998931885	-0.019692257046700	-0.13812054693699	65.000000000000	0.00000000000000
33.880001068115	-0.019659133628011	-0.13649477064610	65.000000000000	0.00000000000000
33.889999389648	-0.019620331004262	-0.13487003743649	65.000000000000	0.00000000000000
33.900001525879	-0.019576085731387	-0.13324639201164	65.000000000000	0.00000000000000
33.909999847412	-0.019526377320290	-0.13162380456924	65.000000000000	0.00000000000000
33.919998168945	-0.019471187144518	-0.13000236451626	65.000000000000	0.00000000000000
33.930000305176	-0.019410431385040	-0.12838207185268	65.000000000000	0.00000000000000
33.939998626709	-0.019344348460436	-0.12676294147968	65.000000000000	0.00000000000000
33.950000762939	-0.019272675737739	-0.12514503300190	65.000000000000	0.00000000000000
33.959999084473	-0.019195653498173	-0.12352833896875	65.000000000000	0.00000000000000
33.970001220703	-0.019113261252642	-0.12191286683083	65.000000000000	0.00000000000000
33.979999542236	-0.019025381654501	-0.12029870599508	65.000000000000	0.00000000000000
33.990001678467	-0.018932070583105	-0.11868584901094	65.000000000000	0.00000000000000
34.000000000000	-0.018833439797163	-0.11707430332899	65.000000000000	0.00000000000000
34.009998321533	-0.018729379400611	-0.11546413600445	65.000000000000	0.00000000000000
34.020000457764	-0.018619947135448	-0.11385533958673	65.000000000000	0.00000000000000
34.029998779297	-0.018505211919546	-0.11224794387817	65.000000000000	0.00000000000000
34.040000915527	-0.018385121598840	-0.11064197868109	65.000000000000	0.00000000000000
34.049999237061	-0.018259745091200	-0.10903747379780	65.000000000000	0.00000000000000
34.060001373291	-0.018128996714950	-0.10743445903063	65.000000000000	0.00000000000000
34.069999694824	-0.017992945387959	-0.10583295673132	65.000000000000	0.00000000000000
34.080001831055	-0.017851615324616	-0.10423298180103	65.000000000000	0.00000000000000
34.090000152588	-0.017705082893372	-0.10263454914093	65.000000000000	0.00000000000000
34.099998474121	-0.017553178593516	-0.10103771090508	65.000000000000	0.00000000000000
34.110000610352	-0.017396086826921	-0.099442474544048	65.000000000000	0.00000000000000
34.119998931885	-0.017233746126294	-0.097848869860172	65.000000000000	0.00000000000000
34.130001068115	-0.017066249623895	-0.096256919205189	65.000000000000	0.00000000000000
34.139999389648	-0.016893500462174	-0.094666644930840	65.000000000000	0.00000000000000
34.150001525879	-0.016715550795197	-0.093078076839447	65.000000000000	0.00000000000000
34.159999847412	-0.016532460227609	-0.091491222381592	65.000000000000	0.00000000000000
34.169998168945	-0.016344198957086	-0.089906126260757	65.000000000000	0.00000000000000
34.180000305176	-0.016150793060660	-0.088322795927525	65.000000000000	0.00000000000000
34.189998626709	-0.015952270478010	-0.086741268634796	65.000000000000	0.00000000000000
34.200000762939	-0.015748627483845	-0.085161559283733	65.000000000000	0.00000000000000
34.209999084473	-0.015539906919003	-0.083583682775497	65.000000000000	0.00000000000000
34.220001220703	-0.015326040796936	-0.082007683813572	65.000000000000	0.00000000000000
34.229999542236	-0.015107173472643	-0.080433554947376	65.000000000000	0.00000000000000
34.240001678467	-0.014883211813867	-0.078861355781555	65.000000000000	0.00000000000000
34.250000000000	-0.014654252678156	-0.077291056513786	65.000000000000	0.00000000000000
34.259998321533	-0.014420256949961	-0.075722739100456	65.000000000000	0.00000000000000
34.270000457764	-0.014181246049702	-0.074156381189823	65.000000000000	0.00000000000000
34.279998779297	-0.013937260955572	-0.072592020034790	65.000000000000	0.00000000000000
34.290000915527	-0.013688299804926	-0.071029685437679	65.000000000000	0.00000000000000
34.299999237061	-0.013434390537441	-0.069469377398491	65.000000000000	0.00000000000000
34.310001373291	-0.013175535015762	-0.067911140620708	65.000000000000	0.00000000000000
34.319999694824	-0.012911776080728	-0.066354990005493	65.000000000000	0.00000000000000
34.330001831055	-0.012643117457628	-0.064800925552845	65.000000000000	0.00000000000000
34.340000152588	-0.012369537726045	-0.063248991966248	65.000000000000	0.00000000000000
34.349998474121	-0.012091114185750	-0.061699204146862	65.000000000000	0.00000000000000
34.360000610352	-0.011807830072939	-0.060151584446430	65.000000000000	0.00000000000000
34.369998931885	-0.011519724503160	-0.058606144040823	65.000000000000	0.00000000000000
34.380001068115	-0.011226784437895	-0.057062905281782	65.000000000000	0.00000000000000
34.389999389648	-0.010929044336081	-0.055521897971630	65.000000000000	0.00000000000000
34.400001525879	-0.010626523755491	-0.053983129560947	65.000000000000	0.00000000000000
34.409999847412	-0.010319232940674	-0.052446618676186	65.000000000000	0.00000000000000
34.419998168945	-0.010007201693952	-0.050912398844957	65.000000000000	0.00000000000000
34.430000305176	-0.0096904411911964	-0.049380481243134	65.000000000000	0.00000000000000
34.439998626709	-0.0093689719215035	-0.047850880771875	65.000000000000	0.00000000000000
34.450000762939	-0.0090427882969379	-0.046323619782925	65.000000000000	0.00000000000000
34.459999084473	-0.0087119443342090	-0.044798724353313	65.000000000000	0.00000000000000
34.470001220703	-0.0083764400333166	-0.043276194483042	65.000000000000	0.00000000000000
34.479999542236	-0.0080362977460027	-0.041756067425013	65.000000000000	0.00000000000000
34.490001678467	-0.0076915239915252	-0.040238350629807	65.000000000000	0.00000000000000
34.500000000000	-0.0073421620763838	-0.038723066449165	65.000000000000	0.00000000000000
34.509998321533	-0.0069882031530142	-0.037210229784250	65.000000000000	0.00000000000000
34.520000457764	-0.0066296793520451	-0.035699859261513	65.000000000000	0.00000000000000
34.529998779297	-0.0062666079029441	-0.034191973507404	65.000000000000	0.00000000000000
34.540000915527	-0.0058990139514208	-0.032686587423086	65.000000000000	0.00000000000000
34.549999237061	-0.0055268937721848	-0.031183719635010	65.000000000000	0.00000000000000
34.560001373291	-0.0051502892747521	-0.029683386906981	65.000000000000	0.00000000000000
34.569999694824	-0.0047692153602839	-0.028185606002808	65.000000000000	0.00000000000000
34.580001831055	-0.0043836855329573	-0.026690391823649	65.000000000000	0.00000000000000
34.590000152588	-0.0039937151595950	-0.025197762995958	65.000000000000	0.00000000000000
34.599998474121	-0.0035993310157210	-0.023707732558250	65.000000000000	0.00000000000000
34.610000610352	-0.0032005431130528	-0.022220319136977	65.000000000000	0.00000000000000
34.619998931885	-0.0027973800897598	-0.020735539495945	65.000000000000	0.00000000000000
34.630001068115	-0.0023898601066321	-0.019253404811025	65.000000000000	0.00000000000000
34.639999389648	-0.0019779975991696	-0.017773935571313	65.000000000000	0.00000000000000
34.650001525879	-0.0015618135221303	-0.016297141090035	65.000000000000	0.00000000000000
34.659999847412	-0.0011413245229051	-0.014823043718934	65.000000000000	0.00000000000000
34.669998168945	-0.00071655394276604	-0.013351654633880	65.000000000000	0.00000000000000
34.680000305176	-0.00028752011712641	-0.011882985942066	65.000000000000	0.00000000000000
34.689998626709	0.00014575979730580	-0.010417054407299	65.000000000000	0.00000000000000
34.700000762939	0.00058326433645561	-0.0089538758620620	65.000000000000	0.00000000000000
34.709999084473	0.0010249774204567	-0.0074934628792107	65.000000000000	0.00000000000000
34.720001220703	0.0014708769740537	-0.0060358298942447	65.000000000000	0.00000000000000
34.729999542236	0.0019209434976801	-0.0045809904113412	65.000000000000	0.00000000000000
34.740001678467	0.0023751598782837	-0.0031289584003389	65.000000000000	0.00000000000000
34.750000000000	0.0028335037641227	-0.0016797471325845	65.000000000000	0.00000000000000
34.759998321533	0.0032959585078061	-0.00023337021411862	65.000000000000	0.00000000000000
34.770000457764	0.0037625031545758	0.0012101593893021	65.000000000000	0.00000000000000
34.779998779297	0.0042331186123192	0.0026508290320635	65.000000000000	0.00000000000000
34.790000915527	0.0047077862545848	0.0040886248461902	65.000000000000	0.00000000000000
34.799999237061	0.0051864851266146	0.0055235363543034	65.000000000000	0.00000000000000
34.810001373291	0.0056691998615861	0.0069555481895804	65.000000000000	0.00000000000000
34.819999694824	0.0061559057794511	0.0083846505731344	65.000000000000	0.00000000000000
34.830001831055	0.0066465847194195	0.0098108295351267	65.000000000000	0.00000000000000
34.840000152588	0.0071412199176848	0.011234075762331	65.000000000000	0.00000000000000
34.849998474121	0.0076397908851504	0.012654374353588	65.000000000000	0.00000000000000
34.860000610352	0.0081422757357359	0.014071715064347	65.000000000000	0.00000000000000
34.869998931885	0.0086486600339413	0.015486086718738	65.000000000000	0.00000000000000
34.880001068115	0.0091589214280248	0.016897477209568	65.000000000000	0.00000000000000
34.889999389648	0.0096730384975672	0.018305877223611	65.000000000000	0.00000000000000
34.900001525879	0.010190995410085	0.019711272791028	65.000000000000	0.00000000000000
34.909999847412	0.010712770745158	0.021113654598594	65.000000000000	0.00000000000000
34.919998168945	0.011238353326917	0.022513013333082	65.000000000000	0.00000000000000
34.930000305176	0.011767705902457	0.023909335955977	65.000000000000	0.00000000000000
34.939998626709	0.012300831265748	0.025302613154054	65.000000000000	0.00000000000000
34.950000762939	0.012837688438594	0.026692833751440	65.000000000000	0.00000000000000
34.959999084473	0.013378276489675	0.028079990297556	65.000000000000	0.00000000000000
34.970001220703	0.013922573067248	0.029464069753885	65.000000000000	0.00000000000000
34.979999542236	0.014470547437668	0.030845066532493	65.000000000000	0.00000000000000
34.990001678467	0.015022188425064	0.032222963869572	65.000000000000	0.00000000000000
35.000000000000	0.015577482059598	0.033597763627768	65.000000000000	0.00000000000000
