25.000000000000	-0.0027087200433016	0.0059440694749355	65.000000000000	0.00000000000000
25.010000228882	-0.0020518396049738	0.0079993540421128	65.000000000000	0.00000000000000
25.020000457764	-0.0013865934452042	0.010049011558294	65.000000000000	0.00000000000000
25.030000686646	-0.00071304122684523	0.012092997319996	65.000000000000	0.00000000000000
25.040000915527	-3.1233379559126e-05	0.014131272211671	65.000000000000	0.00000000000000
25.049999237061	0.00065877975430340	0.016163790598512	65.000000000000	0.00000000000000
25.059999465942	0.0013569344300777	0.018190519884229	65.000000000000	0.00000000000000
25.069999694824	0.0020631900988519	0.020211406052113	65.000000000000	0.00000000000000
25.079999923706	0.0027774842455983	0.022226421162486	65.000000000000	0.00000000000000
25.090000152588	0.0034997551701963	0.024235516786575	65.000000000000	0.00000000000000
25.100000381470	0.0042299581691623	0.026238661259413	65.000000000000	0.00000000000000
25.110000610352	0.0049680364318192	0.028235813602805	65.000000000000	0.00000000000000
25.120000839233	0.0057139345444739	0.030226934701204	65.000000000000	0.00000000000000
25.129999160767	0.0064675905741751	0.032211989164352	65.000000000000	0.00000000000000
25.139999389648	0.0072289612144232	0.034190941601992	65.000000000000	0.00000000000000
25.149999618530	0.0079979859292507	0.036163751035929	65.000000000000	0.00000000000000
25.159999847412	0.0087745944038033	0.038130383938551	65.000000000000	0.00000000000000
25.170000076294	0.0095587521791458	0.040090817958117	65.000000000000	0.00000000000000
25.180000305176	0.010350393131375	0.042045004665852	65.000000000000	0.00000000000000
25.190000534058	0.011149462312460	0.043992906808853	65.000000000000	0.00000000000000
25.200000762939	0.011955910362303	0.045934502035379	65.000000000000	0.00000000000000
25.209999084473	0.012769658118486	0.047869756817818	65.000000000000	0.00000000000000
25.219999313354	0.013590687885880	0.049798633903265	65.000000000000	0.00000000000000
25.229999542236	0.014418910257518	0.051721107214689	65.000000000000	0.00000000000000
25.239999771118	0.015254272148013	0.053637143224478	65.000000000000	0.00000000000000
25.250000000000	0.016096733510494	0.055546712130308	65.000000000000	0.00000000000000
25.260000228882	0.016946218907833	0.057449780404568	65.000000000000	0.00000000000000
25.270000457764	0.017802683636546	0.059346329420805	65.000000000000	0.00000000000000
25.280000686646	0.018666079267859	0.061236314475536	65.000000000000	0.00000000000000
25.290000915527	0.019536321982741	0.063119724392891	65.000000000000	0.00000000000000
25.299999237061	0.020413372665644	0.064996525645256	65.000000000000	0.00000000000000
25.309999465942	0.021297179162502	0.066866688430309	65.000000000000	0.00000000000000
25.319999694824	0.022187693044543	0.068730182945728	65.000000000000	0.00000000000000
25.329999923706	0.023084813728929	0.070586994290352	65.000000000000	0.00000000000000
25.340000152588	0.023988526314497	0.072437092661858	65.000000000000	0.00000000000000
25.350000381470	0.024898737668991	0.074280448257923	65.000000000000	0.00000000000000
25.360000610352	0.025815447792411	0.076117053627968	65.000000000000	0.00000000000000
25.370000839233	0.026738556101918	0.077946856617928	65.000000000000	0.00000000000000
25.379999160767	0.027667999267578	0.079769849777222	65.000000000000	0.00000000000000
25.389999389648	0.028603745624423	0.081586018204689	65.000000000000	0.00000000000000
25.399999618530	0.029545722529292	0.083395324647427	65.000000000000	0.00000000000000
25.409999847412	0.030493890866637	0.085197769105434	65.000000000000	0.00000000000000
25.420000076294	0.031448185443878	0.086993306875229	65.000000000000	0.00000000000000
25.430000305176	0.032408516854048	0.088781930506229	65.000000000000	0.00000000000000
25.440000534058	0.033374875783920	0.090563617646694	65.000000000000	0.00000000000000
25.450000762939	0.034347202628851	0.092338345944881	65.000000000000	0.00000000000000
25.459999084473	0.035325400531292	0.094106100499630	65.000000000000	0.00000000000000
25.469999313354	0.036309439688921	0.095866866409779	65.000000000000	0.00000000000000
25.479999542236	0.037299271672964	0.097620613873005	65.000000000000	0.00000000000000
25.489999771118	0.038294803351164	0.099367327988148	65.000000000000	0.00000000000000
25.500000000000	0.039296023547649	0.10110700875521	65.000000000000	0.00000000000000
25.510000228882	0.040302861481905	0.10283961892128	65.000000000000	0.00000000000000
25.520000457764	0.041315231472254	0.10456515103579	65.000000000000	0.00000000000000
25.530000686646	0.042333099991083	0.10628359764814	65.000000000000	0.00000000000000
25.540000915527	0.043356444686651	0.10799492895603	65.000000000000	0.00000000000000
25.549999237061	0.044385153800249	0.10969913005829	65.000000000000	0.00000000000000
25.559999465942	0.045419204980135	0.11139621585608	65.000000000000	0.00000000000000
25.569999694824	0.046458516269922	0.11308613419533	65.000000000000	0.00000000000000
25.579999923706	0.047503035515547	0.11476889997721	65.000000000000	0.00000000000000
25.590000152588	0.048552703112364	0.11644447594881	65.000000000000	0.00000000000000
25.600000381470	0.049607537686825	0.11811288446188	65.000000000000	0.00000000000000
25.610000610352	0.050667379051447	0.11977408826351	65.000000000000	0.00000000000000
25.620000839233	0.051732212305069	0.12142807245255	65.000000000000	0.00000000000000
25.629999160767	0.052801992744207	0.12307484447956	65.000000000000	0.00000000000000
25.639999389648	0.053876664489508	0.12471437454224	65.000000000000	0.00000000000000
25.649999618530	0.054956186562777	0.12634667754173	65.000000000000	0.00000000000000
25.659999847412	0.056040454655886	0.12797172367573	65.000000000000	0.00000000000000
25.670000076294	0.057129431515932	0.12958952784538	65.000000000000	0.00000000000000
25.680000305176	0.058223076164722	0.13120004534721	65.000000000000	0.00000000000000
25.690000534058	0.059321351349354	0.13280330598354	65.000000000000	0.00000000000000
25.700000762939	0.060424149036407	0.13439926505089	65.000000000000	0.00000000000000
25.709999084473	0.061531502753496	0.13598795235157	65.000000000000	0.00000000000000
25.719999313354	0.062643282115459	0.13756935298443	65.000000000000	0.00000000000000
25.729999542236	0.063759416341782	0.13914342224598	65.000000000000	0.00000000000000
25.739999771118	0.064879909157753	0.14071020483971	65.000000000000	0.00000000000000
25.750000000000	0.066004700958729	0.14226967096329	65.000000000000	0.00000000000000
25.760000228882	0.067133702337742	0.14382180571556	65.000000000000	0.00000000000000
25.770000457764	0.068266883492470	0.14536663889885	65.000000000000	0.00000000000000
25.780000686646	0.069404207170010	0.14690415561199	65.000000000000	0.00000000000000
25.790000915527	0.070545658469200	0.14843431115150	65.000000000000	0.00000000000000
25.799999237061	0.071690998971462	0.14995719492435	65.000000000000	0.00000000000000
25.809999465942	0.072840400040150	0.15147267282009	65.000000000000	0.00000000000000
25.819999694824	0.073993727564812	0.15298083424568	65.000000000000	0.00000000000000
25.829999923706	0.075150795280933	0.15448169410229	65.000000000000	0.00000000000000
25.840000152588	0.076311752200127	0.15597517788410	65.000000000000	0.00000000000000
25.850000381470	0.077476426959038	0.15746133029461	65.000000000000	0.00000000000000
25.860000610352	0.078644812107086	0.15894013643265	65.000000000000	0.00000000000000
25.870000839233	0.079816915094852	0.16041159629822	65.000000000000	0.00000000000000
25.879999160767	0.080992557108402	0.16187573969364	65.000000000000	0.00000000000000
25.889999389648	0.082171812653542	0.16333246231079	65.000000000000	0.00000000000000
25.899999618530	0.083354532718658	0.16478189826012	65.000000000000	0.00000000000000
25.909999847412	0.084540642797947	0.16622401773930	65.000000000000	0.00000000000000
25.920000076294	0.085730202496052	0.16765874624252	65.000000000000	0.00000000000000
25.930000305176	0.086923167109489	0.16908614337444	65.000000000000	0.00000000000000
25.940000534058	0.088119275867939	0.17050626873970	65.000000000000	0.00000000000000
25.950000762939	0.089318774640560	0.17191897332668	65.000000000000	0.00000000000000
25.959999084473	0.090521357953548	0.17332440614700	65.000000000000	0.00000000000000
25.969999313354	0.091727137565613	0.17472250759602	65.000000000000	0.00000000000000
25.979999542236	0.092936076223850	0.17611323297024	65.000000000000	0.00000000000000
25.989999771118	0.094147980213165	0.17749668657780	65.000000000000	0.00000000000000
26.000000000000	0.095362842082977	0.17887285351753	65.000000000000	0.00000000000000
26.010000228882	0.096580773591995	0.18024162948132	65.000000000000	0.00000000000000
26.020000457764	0.097801528871059	0.18160316348076	65.000000000000	0.00000000000000
26.030000686646	0.099025122821331	0.18295739591122	65.000000000000	0.00000000000000
26.040000915527	0.10025158524513	0.18430429697037	65.000000000000	0.00000000000000
26.049999237061	0.10148075968027	0.18564391136169	65.000000000000	0.00000000000000
26.059999465942	0.10271257907152	0.18697629868984	65.000000000000	0.00000000000000
26.069999694824	0.10394716262817	0.18830135464668	65.000000000000	0.00000000000000
26.079999923706	0.10518436133862	0.18961915373802	65.000000000000	0.00000000000000
26.090000152588	0.10642400383949	0.19092972576618	65.000000000000	0.00000000000000
26.100000381470	0.10766631364822	0.19223296642303	65.000000000000	0.00000000000000
26.110000610352	0.10891095548868	0.19352905452251	65.000000000000	0.00000000000000
26.120000839233	0.11015824228525	0.19481778144836	65.000000000000	0.00000000000000
26.129999160767	0.11140773445368	0.19609938561916	65.000000000000	0.00000000000000
26.139999389648	0.11265964061022	0.19737368822098	65.000000000000	0.00000000000000
26.149999618530	0.11391374468803	0.19864085316658	65.000000000000	0.00000000000000
26.159999847412	0.11517015099525	0.19990077614784	65.000000000000	0.00000000000000
26.170000076294	0.11642881482840	0.20115347206593	65.000000000000	0.00000000000000
26.180000305176	0.11768947541714	0.20239907503128	65.000000000000	0.00000000000000
26.190000534058	0.11895228922367	0.20363746583462	65.000000000000	0.00000000000000
26.200000762939	0.12021727114916	0.20486864447594	65.000000000000	0.00000000000000
26.209999084473	0.12148430198431	0.20609265565872	65.000000000000	0.00000000000000
26.219999313354	0.12275319546461	0.20730957388878	65.000000000000	0.00000000000000
26.229999542236	0.12402401864529	0.20851938426495	65.000000000000	0.00000000000000
26.239999771118	0.12529680132866	0.20972202718258	65.000000000000	0.00000000000000
26.250000000000	0.12657128274441	0.21091759204865	65.000000000000	0.00000000000000
26.260000228882	0.12784770131111	0.21210606396198	65.000000000000	0.00000000000000
26.270000457764	0.12912586331367	0.21328741312027	65.000000000000	0.00000000000000
26.280000686646	0.13040573894978	0.21446171402931	65.000000000000	0.00000000000000
26.290000915527	0.13168725371361	0.21562893688679	65.000000000000	0.00000000000000
26.299999237061	0.13297043740749	0.21678914129734	65.000000000000	0.00000000000000
26.309999465942	0.13425521552563	0.21794229745865	65.000000000000	0.00000000000000
26.319999694824	0.13554155826569	0.21908842027187	65.000000000000	0.00000000000000
26.329999923706	0.13682940602303	0.22022758424282	65.000000000000	0.00000000000000
26.340000152588	0.13811869919300	0.22135971486568	65.000000000000	0.00000000000000
26.350000381470	0.13940952718258	0.22248485684395	65.000000000000	0.00000000000000
26.360000610352	0.14070157706738	0.22360303997993	65.000000000000	0.00000000000000
26.370000839233	0.14199507236481	0.22471427917480	65.000000000000	0.00000000000000
26.379999160767	0.14328990876675	0.22581855952740	65.000000000000	0.00000000000000
26.389999389648	0.14458592236042	0.22691595554352	65.000000000000	0.00000000000000
26.399999618530	0.14588321745396	0.22800643742085	65.000000000000	0.00000000000000
26.409999847412	0.14718167483807	0.22908999025822	65.000000000000	0.00000000000000
26.420000076294	0.14848132431507	0.23016668856144	65.000000000000	0.00000000000000
26.430000305176	0.14978212118149	0.23123653233051	65.000000000000	0.00000000000000
26.440000534058	0.15108390152454	0.23229956626892	65.000000000000	0.00000000000000
26.450000762939	0.15238676965237	0.23335571587086	65.000000000000	0.00000000000000
26.459999084473	0.15369062125683	0.23440507054329	65.000000000000	0.00000000000000
26.469999313354	0.15499545633793	0.23544761538506	65.000000000000	0.00000000000000
26.479999542236	0.15630117058754	0.23648341000080	65.000000000000	0.00000000000000
26.489999771118	0.15760783851147	0.23751243948936	65.000000000000	0.00000000000000
26.500000000000	0.15891531109810	0.23853470385075	65.000000000000	0.00000000000000
26.510000228882	0.16022363305092	0.23955021798611	65.000000000000	0.00000000000000
26.520000457764	0.16153271496296	0.24055905640125	65.000000000000	0.00000000000000
26.530000686646	0.16284248232841	0.24156118929386	65.000000000000	0.00000000000000
26.540000915527	0.16415305435658	0.24255664646626	65.000000000000	0.00000000000000
26.549999237061	0.16546423733234	0.24354544281960	65.000000000000	0.00000000000000
26.559999465942	0.16677613556385	0.24452757835388	65.000000000000	0.00000000000000
26.569999694824	0.16808857023716	0.24550312757492	65.000000000000	0.00000000000000
26.579999923706	0.16940155625343	0.24647206068039	65.000000000000	0.00000000000000
26.590000152588	0.17071515321732	0.24743439257145	65.000000000000	0.00000000000000
26.600000381470	0.17202913761139	0.24839015305042	65.000000000000	0.00000000000000
26.610000610352	0.17334362864494	0.24933937191963	65.000000000000	0.00000000000000
26.620000839233	0.17465861141682	0.25028204917908	65.000000000000	0.00000000000000
26.629999160767	0.17597392201424	0.25121822953224	65.000000000000	0.00000000000000
26.639999389648	0.17728966474533	0.25214791297913	65.000000000000	0.00000000000000
26.649999618530	0.17860567569733	0.25307109951973	65.000000000000	0.00000000000000
26.659999847412	0.17992207407951	0.25398787856102	65.000000000000	0.00000000000000
26.670000076294	0.18123868107796	0.25489819049835	65.000000000000	0.00000000000000
26.680000305176	0.18255552649498	0.25580206513405	65.000000000000	0.00000000000000
26.690000534058	0.18387252092361	0.25669956207275	65.000000000000	0.00000000000000
26.700000762939	0.18518981337547	0.25759068131447	65.000000000000	0.00000000000000
26.709999084473	0.18650709092617	0.25847545266151	65.000000000000	0.00000000000000
26.719999313354	0.18782462179661	0.25935387611389	65.000000000000	0.00000000000000
26.729999542236	0.18914215266705	0.26022601127625	65.000000000000	0.00000000000000
26.739999771118	0.19045975804329	0.26109182834625	65.000000000000	0.00000000000000
26.750000000000	0.19177742302418	0.26195132732391	65.000000000000	0.00000000000000
26.760000228882	0.19309498369694	0.26280462741852	65.000000000000	0.00000000000000
26.770000457764	0.19441260397434	0.26365166902542	65.000000000000	0.00000000000000
26.780000686646	0.19573011994362	0.26449251174927	65.000000000000	0.00000000000000
26.790000915527	0.19704748690128	0.26532712578773	65.000000000000	0.00000000000000
26.799999237061	0.19836479425430	0.26615557074547	65.000000000000	0.00000000000000
26.809999465942	0.19968192279339	0.26697787642479	65.000000000000	0.00000000000000
26.819999694824	0.20099888741970	0.26779407262802	65.000000000000	0.00000000000000
26.829999923706	0.20231561362743	0.26860412955284	65.000000000000	0.00000000000000
26.840000152588	0.20363211631775	0.26940810680389	65.000000000000	0.00000000000000
26.850000381470	0.20494827628136	0.27020603418350	65.000000000000	0.00000000000000
26.860000610352	0.20626419782639	0.27099788188934	65.000000000000	0.00000000000000
26.870000839233	0.20757980644703	0.27178370952606	65.000000000000	0.00000000000000
26.879999160767	0.20889511704445	0.27256354689598	65.000000000000	0.00000000000000
26.889999389648	0.21020995080471	0.27333736419678	65.000000000000	0.00000000000000
26.899999618530	0.21152444183826	0.27410528063774	65.000000000000	0.00000000000000
26.909999847412	0.21283848583698	0.27486720681190	65.000000000000	0.00000000000000
26.920000076294	0.21415209770203	0.27562323212624	65.000000000000	0.00000000000000
26.930000305176	0.21546520292759	0.27637335658073	65.000000000000	0.00000000000000
26.940000534058	0.21677777171135	0.27711760997772	65.000000000000	0.00000000000000
26.950000762939	0.21808983385563	0.27785602211952	65.000000000000	0.00000000000000
26.959999084473	0.21940137445927	0.27858859300613	65.000000000000	0.00000000000000
26.969999313354	0.22071234881878	0.27931535243988	65.000000000000	0.00000000000000
26.979999542236	0.22202268242836	0.28003633022308	65.000000000000	0.00000000000000
26.989999771118	0.22333239018917	0.28075152635574	65.000000000000	0.00000000000000
27.000000000000	0.22464147210121	0.28146100044250	65.000000000000	0.00000000000000
27.010000228882	0.22594980895519	0.28216475248337	65.000000000000	0.00000000000000
27.020000457764	0.22725743055344	0.28286278247833	65.000000000000	0.00000000000000
27.030000686646	0.22856444120407	0.28355517983437	65.000000000000	0.00000000000000
27.040000915527	0.22987058758736	0.28424188494682	65.000000000000	0.00000000000000
27.049999237061	0.23117606341839	0.28492298722267	65.000000000000	0.00000000000000
27.059999465942	0.23248067498207	0.28559848666191	65.000000000000	0.00000000000000
27.069999694824	0.23378452658653	0.28626838326454	65.000000000000	0.00000000000000
27.079999923706	0.23508751392365	0.28693270683289	65.000000000000	0.00000000000000
27.090000152588	0.23638963699341	0.28759148716927	65.000000000000	0.00000000000000
27.100000381470	0.23769092559814	0.28824478387833	65.000000000000	0.00000000000000
27.110000610352	0.23899130523205	0.28889253735542	65.000000000000	0.00000000000000
27.120000839233	0.24029070138931	0.28953486680984	65.000000000000	0.00000000000000
27.129999160767	0.24158921837807	0.29017168283463	65.000000000000	0.00000000000000
27.139999389648	0.24288673698902	0.29080313444138	65.000000000000	0.00000000000000
27.149999618530	0.24418324232101	0.29142916202545	65.000000000000	0.00000000000000
27.159999847412	0.24547874927521	0.29204976558685	65.000000000000	0.00000000000000
27.170000076294	0.24677330255508	0.29266503453255	65.000000000000	0.00000000000000
27.180000305176	0.24806673824787	0.29327499866486	65.000000000000	0.00000000000000
27.190000534058	0.24935913085938	0.29387962818146	65.000000000000	0.00000000000000
27.200000762939	0.25065046548843	0.29447892308235	65.000000000000	0.00000000000000
27.209999084473	0.25194069743156	0.29507300257683	65.000000000000	0.00000000000000
27.219999313354	0.25322976708412	0.29566180706024	65.000000000000	0.00000000000000
27.229999542236	0.25451773405075	0.29624539613724	65.000000000000	0.00000000000000
27.239999771118	0.25580450892448	0.29682379961014	65.000000000000	0.00000000000000
27.250000000000	0.25709009170532	0.29739701747894	65.000000000000	0.00000000000000
27.260000228882	0.25837454199791	0.29796507954597	65.000000000000	0.00000000000000
27.270000457764	0.25965777039528	0.29852798581123	65.000000000000	0.00000000000000
27.280000686646	0.26093971729279	0.29908579587936	65.000000000000	0.00000000000000
27.290000915527	0.26222044229507	0.29963853955269	65.000000000000	0.00000000000000
27.299999237061	0.26349988579750	0.30018621683121	65.000000000000	0.00000000000000
27.309999465942	0.26477801799774	0.30072882771492	65.000000000000	0.00000000000000
27.319999694824	0.26605495810509	0.30126640200615	65.000000000000	0.00000000000000
27.329999923706	0.26733043789864	0.30179902911186	65.000000000000	0.00000000000000
27.340000152588	0.26860472559929	0.30232667922974	65.000000000000	0.00000000000000
27.350000381470	0.26987758278847	0.30284935235977	65.000000000000	0.00000000000000
27.360000610352	0.27114909887314	0.30336707830429	65.000000000000	0.00000000000000
27.370000839233	0.27241924405098	0.30387994647026	65.000000000000	0.00000000000000
27.379999160767	0.27368789911270	0.30438789725304	65.000000000000	0.00000000000000
27.389999389648	0.27495521306992	0.30489104986191	65.000000000000	0.00000000000000
27.399999618530	0.27622109651566	0.30538928508759	65.000000000000	0.00000000000000
27.409999847412	0.27748551964760	0.30588275194168	65.000000000000	0.00000000000000
27.420000076294	0.27874851226807	0.30637142062187	65.000000000000	0.00000000000000
27.430000305176	0.28001007437706	0.30685532093048	65.000000000000	0.00000000000000
27.440000534058	0.28127002716064	0.30733445286751	65.000000000000	0.00000000000000
27.450000762939	0.28252857923508	0.30780890583992	65.000000000000	0.00000000000000
27.459999084473	0.28378558158875	0.30827865004539	65.000000000000	0.00000000000000
27.469999313354	0.28504103422165	0.30874362587929	65.000000000000	0.00000000000000
27.479999542236	0.28629499673843	0.30920407176018	65.000000000000	0.00000000000000
27.489999771118	0.28754737973213	0.30965980887413	65.000000000000	0.00000000000000
27.500000000000	0.28879812359810	0.31011092662811	65.000000000000	0.00000000000000
27.510000228882	0.29004737734795	0.31055748462677	65.000000000000	0.00000000000000
27.520000457764	0.29129499197006	0.31099951267242	65.000000000000	0.00000000000000
27.530000686646	0.29254102706909	0.31143689155579	65.000000000000	0.00000000000000
27.540000915527	0.29378539323807	0.31186982989311	65.000000000000	0.00000000000000
27.549999237061	0.29502820968628	0.31229826807976	65.000000000000	0.00000000000000
27.559999465942	0.29626932740211	0.31272217631340	65.000000000000	0.00000000000000
27.569999694824	0.29750874638557	0.31314170360565	65.000000000000	0.00000000000000
27.579999923706	0.29874649643898	0.31355673074722	65.000000000000	0.00000000000000
27.590000152588	0.29998260736465	0.31396740674973	65.000000000000	0.00000000000000
27.600000381470	0.30121704936028	0.31437364220619	65.000000000000	0.00000000000000
27.610000610352	0.30244970321655	0.31477549672127	65.000000000000	0.00000000000000
27.620000839233	0.30368068814278	0.31517305970192	65.000000000000	0.00000000000000
27.629999160767	0.30490991473198	0.31556627154350	65.000000000000	0.00000000000000
27.639999389648	0.30613744258881	0.31595516204834	65.000000000000	0.00000000000000
27.649999618530	0.30736324191093	0.31633982062340	65.000000000000	0.00000000000000
27.659999847412	0.30858719348907	0.31672018766403	65.000000000000	0.00000000000000
27.670000076294	0.30980944633484	0.31709632277489	65.000000000000	0.00000000000000
27.680000305176	0.31102985143661	0.31746828556061	65.000000000000	0.00000000000000
27.690000534058	0.31224858760834	0.31783598661423	65.000000000000	0.00000000000000
27.700000762939	0.31346538662910	0.31819957494736	65.000000000000	0.00000000000000
27.709999084473	0.31468042731285	0.31855899095535	65.000000000000	0.00000000000000
27.719999313354	0.31589367985725	0.31891429424286	65.000000000000	0.00000000000000
27.729999542236	0.31710508465767	0.31926548480988	65.000000000000	0.00000000000000
27.739999771118	0.31831464171410	0.31961256265640	65.000000000000	0.00000000000000
27.750000000000	0.31952232122421	0.31995561718941	65.000000000000	0.00000000000000
27.760000228882	0.32072818279266	0.32029461860657	65.000000000000	0.00000000000000
27.770000457764	0.32193210721016	0.32062956690788	65.000000000000	0.00000000000000
27.780000686646	0.32313427329063	0.32096055150032	65.000000000000	0.00000000000000
27.790000915527	0.32433447241783	0.32128754258156	65.000000000000	0.00000000000000
27.799999237061	0.32553279399872	0.32161059975624	65.000000000000	0.00000000000000
27.809999465942	0.32672926783562	0.32192969322205	65.000000000000	0.00000000000000
27.819999694824	0.32792377471924	0.32224491238594	65.000000000000	0.00000000000000
27.829999923706	0.32911637425423	0.32255619764328	65.000000000000	0.00000000000000
27.840000152588	0.33030703663826	0.32286363840103	65.000000000000	0.00000000000000
27.850000381470	0.33149582147598	0.32316720485687	65.000000000000	0.00000000000000
27.860000610352	0.33268257975578	0.32346692681313	65.000000000000	0.00000000000000
27.870000839233	0.33386749029160	0.32376289367676	65.000000000000	0.00000000000000
27.879999160767	0.33505040407181	0.32405504584312	65.000000000000	0.00000000000000
27.889999389648	0.33623135089874	0.32434341311455	65.000000000000	0.00000000000000
27.899999618530	0.33741027116776	0.32462808489799	65.000000000000	0.00000000000000
27.909999847412	0.33858731389046	0.32490891218185	65.000000000000	0.00000000000000
27.920000076294	0.33976224064827	0.32518613338470	65.000000000000	0.00000000000000
27.930000305176	0.34093534946442	0.32545962929726	65.000000000000	0.00000000000000
27.940000534058	0.34210634231567	0.32572948932648	65.000000000000	0.00000000000000
27.950000762939	0.34327536821365	0.32599568367004	65.000000000000	0.00000000000000
27.959999084473	0.34444239735603	0.32625821232796	65.000000000000	0.00000000000000
27.969999313354	0.34560742974281	0.32651719450951	65.000000000000	0.00000000000000
27.979999542236	0.34677034616470	0.32677257061005	65.000000000000	0.00000000000000
27.989999771118	0.34793132543564	0.32702437043190	65.000000000000	0.00000000000000
28.000000000000	0.34909030795097	0.32727262377739	65.000000000000	0.00000000000000
28.010000228882	0.35024717450142	0.32751736044884	65.000000000000	0.00000000000000
28.020000457764	0.35140201449394	0.32775858044624	65.000000000000	0.00000000000000
28.030000686646	0.35255476832390	0.32799634337425	65.000000000000	0.00000000000000
28.040000915527	0.35370558500290	0.32823061943054	65.000000000000	0.00000000000000
28.049999237061	0.35485428571701	0.32846146821976	65.000000000000	0.00000000000000
28.059999465942	0.35600093007088	0.32868883013725	65.000000000000	0.00000000000000
28.069999694824	0.35714542865753	0.32891285419464	65.000000000000	0.00000000000000
28.079999923706	0.35828796029091	0.32913342118263	65.000000000000	0.00000000000000
28.090000152588	0.35942834615707	0.32935065031052	65.000000000000	0.00000000000000
28.100000381470	0.36056667566299	0.32956454157829	65.000000000000	0.00000000000000
28.110000610352	0.36170288920403	0.32977509498596	65.000000000000	0.00000000000000
28.120000839233	0.36283701658249	0.32998234033585	65.000000000000	0.00000000000000
28.129999160767	0.36396917700768	0.33018624782562	65.000000000000	0.00000000000000
28.139999389648	0.36509904265404	0.33038693666458	65.000000000000	0.00000000000000
28.149999618530	0.36622697114944	0.33058440685272	65.000000000000	0.00000000000000
28.159999847412	0.36735269427299	0.33077853918076	65.000000000000	0.00000000000000
28.170000076294	0.36847630143166	0.33096951246262	65.000000000000	0.00000000000000
28.180000305176	0.36959785223007	0.33115729689598	65.000000000000	0.00000000000000
28.190000534058	0.37071728706360	0.33134186267853	65.000000000000	0.00000000000000
28.200000762939	0.37183454632759	0.33152323961258	65.000000000000	0.00000000000000
28.209999084473	0.37294968962669	0.33170154690742	65.000000000000	0.00000000000000
28.219999313354	0.37406271696091	0.33187672495842	65.000000000000	0.00000000000000
28.229999542236	0.37517362833023	0.33204874396324	65.000000000000	0.00000000000000
28.239999771118	0.37628236413002	0.33221772313118	65.000000000000	0.00000000000000
28.250000000000	0.37738904356956	0.33238360285759	65.000000000000	0.00000000000000
28.260000228882	0.37849351763725	0.33254644274712	65.000000000000	0.00000000000000
28.270000457764	0.37959587574005	0.33270627260208	65.000000000000	0.00000000000000
28.280000686646	0.38069608807564	0.33286303281784	65.000000000000	0.00000000000000
28.290000915527	0.38179412484169	0.33301681280136	65.000000000000	0.00000000000000
28.299999237061	0.38289001584053	0.33316761255264	65.000000000000	0.00000000000000
28.309999465942	0.38398376107216	0.33331549167633	65.000000000000	0.00000000000000
28.319999694824	0.38507539033890	0.33346042037010	65.000000000000	0.00000000000000
28.329999923706	0.38616484403610	0.33360233902931	65.000000000000	0.00000000000000
28.340000152588	0.38725209236145	0.33374139666557	65.000000000000	0.00000000000000
28.350000381470	0.38833728432655	0.33387762308121	65.000000000000	0.00000000000000
28.360000610352	0.38942027091980	0.33401092886925	65.000000000000	0.00000000000000
28.370000839233	0.39050099253654	0.33414134383202	65.000000000000	0.00000000000000
28.379999160767	0.39157965779305	0.33426898717880	65.000000000000	0.00000000000000
28.389999389648	0.39265611767769	0.33439370989799	65.000000000000	0.00000000000000
28.399999618530	0.39373037219048	0.33451569080353	65.000000000000	0.00000000000000
28.409999847412	0.39480254054070	0.33463490009308	65.000000000000	0.00000000000000
28.420000076294	0.39587244391441	0.33475127816200	65.000000000000	0.00000000000000
28.430000305176	0.39694029092789	0.33486497402191	65.000000000000	0.00000000000000
28.440000534058	0.39800581336021	0.33497586846352	65.000000000000	0.00000000000000
28.450000762939	0.39906930923462	0.33508405089378	65.000000000000	0.00000000000000
28.459999084473	0.40013054013252	0.33518958091736	65.000000000000	0.00000000000000
28.469999313354	0.40118968486786	0.33529236912727	65.000000000000	0.00000000000000
28.479999542236	0.40224650502205	0.33539253473282	65.000000000000	0.00000000000000
28.489999771118	0.40330123901367	0.33548998832703	65.000000000000	0.00000000000000
28.500000000000	0.40435373783112	0.33558478951454	65.000000000000	0.00000000000000
28.510000228882	0.40540406107903	0.33567699790001	65.000000000000	0.00000000000000
28.520000457764	0.40645232796669	0.33576667308807	65.000000000000	0.00000000000000
28.530000686646	0.40749830007553	0.33585366606712	65.000000000000	0.00000000000000
28.540000915527	0.40854209661484	0.33593812584877	65.000000000000	0.00000000000000
28.549999237061	0.40958365797997	0.33602002263069	65.000000000000	0.00000000000000
28.559999465942	0.41062316298485	0.33609935641289	65.000000000000	0.00000000000000
28.569999694824	0.41166037321091	0.33617621660233	65.000000000000	0.00000000000000
28.579999923706	0.41269552707672	0.33625045418739	65.000000000000	0.00000000000000
28.590000152588	0.41372835636139	0.33632230758667	65.000000000000	0.00000000000000
28.600000381470	0.41475909948349	0.33639165759087	65.000000000000	0.00000000000000
28.610000610352	0.41578769683838	0.33645844459534	65.000000000000	0.00000000000000
28.620000839233	0.41681396961212	0.33652293682098	65.000000000000	0.00000000000000
28.629999160767	0.41783809661865	0.33658498525620	65.000000000000	0.00000000000000
28.639999389648	0.41886007785797	0.33664453029633	65.000000000000	0.00000000000000
28.649999618530	0.41987991333008	0.33670163154602	65.000000000000	0.00000000000000
28.659999847412	0.42089760303497	0.33675631880760	65.000000000000	0.00000000000000
28.670000076294	0.42191299796104	0.33680880069733	65.000000000000	0.00000000000000
28.680000305176	0.42292618751526	0.33685886859894	65.000000000000	0.00000000000000
28.690000534058	0.42393711209297	0.33690679073334	65.000000000000	0.00000000000000
28.700000762939	0.42494598031044	0.33695212006569	65.000000000000	0.00000000000000
28.709999084473	0.42595285177231	0.33699494600296	65.000000000000	0.00000000000000
28.719999313354	0.42695727944374	0.33703586459160	65.000000000000	0.00000000000000
28.729999542236	0.42795971035957	0.33707424998283	65.000000000000	0.00000000000000
28.739999771118	0.42895975708961	0.33711054921150	65.000000000000	0.00000000000000
28.750000000000	0.42995786666870	0.33714437484741	65.000000000000	0.00000000000000
28.760000228882	0.43095344305038	0.33717638254166	65.000000000000	0.00000000000000
28.770000457764	0.43194720149040	0.33720576763153	65.000000000000	0.00000000000000
28.780000686646	0.43293860554695	0.33723309636116	65.000000000000	0.00000000000000
28.790000915527	0.43392783403397	0.33725824952126	65.000000000000	0.00000000000000
28.799999237061	0.43491509556770	0.33728098869324	65.000000000000	0.00000000000000
28.809999465942	0.43590000271797	0.33730182051659	65.000000000000	0.00000000000000
28.819999694824	0.43688270449638	0.33732047677040	65.000000000000	0.00000000000000
28.829999923706	0.43786326050758	0.33733698725700	65.000000000000	0.00000000000000
28.840000152588	0.43884176015854	0.33735114336014	65.000000000000	0.00000000000000
28.850000381470	0.43981811404228	0.33736327290535	65.000000000000	0.00000000000000
28.860000610352	0.44079211354256	0.33737349510193	65.000000000000	0.00000000000000
28.870000839233	0.44176411628723	0.33738145232201	65.000000000000	0.00000000000000
28.879999160767	0.44273394346237	0.33738738298416	65.000000000000	0.00000000000000
28.889999389648	0.44370147585869	0.33739128708839	65.000000000000	0.00000000000000
28.899999618530	0.44466695189476	0.33739316463470	65.000000000000	0.00000000000000
28.909999847412	0.44563028216362	0.33739292621613	65.000000000000	0.00000000000000
28.920000076294	0.44659137725830	0.33739075064659	65.000000000000	0.00000000000000
28.930000305176	0.44755035638809	0.33738654851913	65.000000000000	0.00000000000000
28.940000534058	0.44850718975067	0.33738037943840	65.000000000000	0.00000000000000
28.950000762939	0.44946187734604	0.33737212419510	65.000000000000	0.00000000000000
28.959999084473	0.45041444897652	0.33736199140549	65.000000000000	0.00000000000000
28.969999313354	0.45136481523514	0.33734989166260	65.000000000000	0.00000000000000
28.979999542236	0.45231312513351	0.33733585476875	65.000000000000	0.00000000000000
28.989999771118	0.45325922966003	0.33731988072395	65.000000000000	0.00000000000000
29.000000000000	0.45420318841934	0.33730199933052	65.000000000000	0.00000000000000
29.010000228882	0.45514509081841	0.33728221058846	65.000000000000	0.00000000000000
29.020000457764	0.45608481764793	0.33726051449776	65.000000000000	0.00000000000000
29.030000686646	0.45702230930328	0.33723697066307	65.000000000000	0.00000000000000
29.040000915527	0.45795765519142	0.33721157908440	65.000000000000	0.00000000000000
29.049999237061	0.45889100432396	0.33718428015709	65.000000000000	0.00000000000000
29.059999465942	0.45982223749161	0.33715522289276	65.000000000000	0.00000000000000
29.069999694824	0.46075126528740	0.33712425827980	65.000000000000	0.00000000000000
29.079999923706	0.46167820692062	0.33709153532982	65.000000000000	0.00000000000000
29.090000152588	0.46260306239128	0.33705696463585	65.000000000000	0.00000000000000
29.100000381470	0.46352574229240	0.33702060580254	65.000000000000	0.00000000000000
29.110000610352	0.46444627642632	0.33698242902756	65.000000000000	0.00000000000000
29.120000839233	0.46536481380463	0.33694255352020	65.000000000000	0.00000000000000
29.129999160767	0.46628114581108	0.33690091967583	65.000000000000	0.00000000000000
29.139999389648	0.46719536185265	0.33685752749443	65.000000000000	0.00000000000000
29.149999618530	0.46810752153397	0.33681240677834	65.000000000000	0.00000000000000
29.159999847412	0.46901759505272	0.33676555752754	65.000000000000	0.00000000000000
29.170000076294	0.46992552280426	0.33671703934669	65.000000000000	0.00000000000000
29.180000305176	0.47083139419556	0.33666679263115	65.000000000000	0.00000000000000
29.190000534058	0.47173511981964	0.33661481738091	65.000000000000	0.00000000000000
29.200000762939	0.47263672947884	0.33656123280525	65.000000000000	0.00000000000000
29.209999084473	0.47353637218475	0.33650594949722	65.000000000000	0.00000000000000
29.219999313354	0.47443386912346	0.33644899725914	65.000000000000	0.00000000000000
29.229999542236	0.47532925009727	0.33639043569565	65.000000000000	0.00000000000000
29.239999771118	0.47622257471085	0.33633026480675	65.000000000000	0.00000000000000
29.250000000000	0.47711384296417	0.33626842498779	65.000000000000	0.00000000000000
29.260000228882	0.47800296545029	0.33620503544807	65.000000000000	0.00000000000000
29.270000457764	0.47889009118080	0.33614003658295	65.000000000000	0.00000000000000
29.280000686646	0.47977510094643	0.33607348799706	65.000000000000	0.00000000000000
29.290000915527	0.48065802454948	0.33600527048111	65.000000000000	0.00000000000000
29.299999237061	0.48153895139694	0.33593553304672	65.000000000000	0.00000000000000
29.309999465942	0.48241779208183	0.33586421608925	65.000000000000	0.00000000000000
29.319999694824	0.48329463601112	0.33579143881798	65.000000000000	0.00000000000000
29.329999923706	0.48416924476624	0.33571708202362	65.000000000000	0.00000000000000
29.340000152588	0.48504200577736	0.33564114570618	65.000000000000	0.00000000000000
29.350000381470	0.48591265082359	0.33556374907494	65.000000000000	0.00000000000000
29.360000610352	0.48678120970726	0.33548486232758	65.000000000000	0.00000000000000
29.370000839233	0.48764774203300	0.33540451526642	65.000000000000	0.00000000000000
29.379999160767	0.48851221799850	0.33532264828682	65.000000000000	0.00000000000000
29.389999389648	0.48937469720840	0.33523929119110	65.000000000000	0.00000000000000
29.399999618530	0.49023509025574	0.33515453338623	65.000000000000	0.00000000000000
29.409999847412	0.49109351634979	0.33506825566292	65.000000000000	0.00000000000000
29.420000076294	0.49194985628128	0.33498060703278	65.000000000000	0.00000000000000
29.430000305176	0.49280425906181	0.33489149808884	65.000000000000	0.00000000000000
29.440000534058	0.49365660548210	0.33480098843575	65.000000000000	0.00000000000000
29.450000762939	0.49450689554214	0.33470907807350	65.000000000000	0.00000000000000
29.459999084473	0.49535515904427	0.33461573719978	65.000000000000	0.00000000000000
29.469999313354	0.49620151519775	0.33452099561691	65.000000000000	0.00000000000000
29.479999542236	0.49704578518867	0.33442491292953	65.000000000000	0.00000000000000
29.489999771118	0.49788808822632	0.33432745933533	65.000000000000	0.00000000000000
29.500000000000	0.49872839450836	0.33422863483429	65.000000000000	0.00000000000000
29.510000228882	0.49956664443016	0.33412846922874	65.000000000000	0.00000000000000
29.520000457764	0.50040298700333	0.33402693271637	65.000000000000	0.00000000000000
29.530000686646	0.50123727321625	0.33392408490181	65.000000000000	0.00000000000000
29.540000915527	0.50206959247589	0.33381989598274	65.000000000000	0.00000000000000
29.549999237061	0.50289994478226	0.33371442556381	65.000000000000	0.00000000000000
29.559999465942	0.50372827053070	0.33360764384270	65.000000000000	0.00000000000000
29.569999694824	0.50455462932587	0.33349955081940	65.000000000000	0.00000000000000
29.579999923706	0.50537908077240	0.33339023590088	65.000000000000	0.00000000000000
29.590000152588	0.50620162487030	0.33327955007553	65.000000000000	0.00000000000000
29.600000381470	0.50702202320099	0.33316764235497	65.000000000000	0.00000000000000
29.610000610352	0.50784051418304	0.33305445313454	65.000000000000	0.00000000000000
29.620000839233	0.50865703821182	0.33294004201889	65.000000000000	0.00000000000000
29.629999160767	0.50947171449661	0.33282437920570	65.000000000000	0.00000000000000
29.639999389648	0.51028430461884	0.33270749449730	65.000000000000	0.00000000000000
29.649999618530	0.51109504699707	0.33258938789368	65.000000000000	0.00000000000000
29.659999847412	0.51190376281738	0.33247008919716	65.000000000000	0.00000000000000
29.670000076294	0.51271051168442	0.33234956860542	65.000000000000	0.00000000000000
29.680000305176	0.51351553201675	0.33222782611847	65.000000000000	0.00000000000000
29.690000534058	0.51431834697723	0.33210492134094	65.000000000000	0.00000000000000
29.700000762939	0.51511943340302	0.33198085427284	65.000000000000	0.00000000000000
29.709999084473	0.51591855287552	0.33185559511185	65.000000000000	0.00000000000000
29.719999313354	0.51671570539474	0.33172914385796	65.000000000000	0.00000000000000
29.729999542236	0.51751095056534	0.33160158991814	65.000000000000	0.00000000000000
29.739999771118	0.51830428838730	0.33147287368774	65.000000000000	0.00000000000000
29.750000000000	0.51909571886063	0.33134299516678	65.000000000000	0.00000000000000
29.760000228882	0.51988518238068	0.33121198415756	65.000000000000	0.00000000000000
29.770000457764	0.52067285776138	0.33107993006706	65.000000000000	0.00000000000000
29.780000686646	0.52145850658417	0.33094668388367	65.000000000000	0.00000000000000
29.790000915527	0.52224236726761	0.33081233501434	65.000000000000	0.00000000000000
29.799999237061	0.52302426099777	0.33067694306374	65.000000000000	0.00000000000000
29.809999465942	0.52380430698395	0.33054041862488	65.000000000000	0.00000000000000
29.819999694824	0.52458250522614	0.33040285110474	65.000000000000	0.00000000000000
29.829999923706	0.52535873651505	0.33026418089867	65.000000000000	0.00000000000000
29.840000152588	0.52613312005997	0.33012446761131	65.000000000000	0.00000000000000
29.850000381470	0.52690559625626	0.32998371124268	65.000000000000	0.00000000000000
29.860000610352	0.52767622470856	0.32984191179276	65.000000000000	0.00000000000000
29.870000839233	0.52844500541687	0.32969900965691	65.000000000000	0.00000000000000
29.879999160767	0.52921199798584	0.32955509424210	65.000000000000	0.00000000000000
29.889999389648	0.52997702360153	0.32941019535065	65.000000000000	0.00000000000000
29.899999618530	0.53074020147324	0.32926425337791	65.000000000000	0.00000000000000
29.909999847412	0.53150153160095	0.32911732792854	65.000000000000	0.00000000000000
29.920000076294	0.53226107358932	0.32896938920021	65.000000000000	0.00000000000000
29.930000305176	0.53301870822906	0.32882037758827	65.000000000000	0.00000000000000
29.940000534058	0.53377461433411	0.32867044210434	65.000000000000	0.00000000000000
29.950000762939	0.53452849388123	0.32851955294609	65.000000000000	0.00000000000000
29.959999084473	0.53528064489365	0.32836768031120	65.000000000000	0.00000000000000
29.969999313354	0.53603100776672	0.32821479439735	65.000000000000	0.00000000000000
29.979999542236	0.53677946329117	0.32806101441383	65.000000000000	0.00000000000000
29.989999771118	0.53752619028091	0.32790622115135	65.000000000000	0.00000000000000
30.000000000000	0.53827100992203	0.32775050401688	65.000000000000	0.00000000000000
30.010000228882	0.53901410102844	0.32759386301041	65.000000000000	0.00000000000000
30.020000457764	0.53975528478622	0.32743623852730	65.000000000000	0.00000000000000
30.030000686646	0.54049468040466	0.32727777957916	65.000000000000	0.00000000000000
30.040000915527	0.54123234748840	0.32711833715439	65.000000000000	0.00000000000000
30.049999237061	0.54196816682816	0.32695806026459	65.000000000000	0.00000000000000
30.059999465942	0.54270213842392	0.32679679989815	65.000000000000	0.00000000000000
30.069999694824	0.54343444108963	0.32663467526436	65.000000000000	0.00000000000000
30.079999923706	0.54416489601135	0.32647162675858	65.000000000000	0.00000000000000
30.090000152588	0.54489350318909	0.32630777359009	65.000000000000	0.00000000000000
30.100000381470	0.54562038183212	0.32614299654961	65.000000000000	0.00000000000000
30.110000610352	0.54634553194046	0.32597738504410	65.000000000000	0.00000000000000
30.120000839233	0.54706889390945	0.32581084966660	65.000000000000	0.00000000000000
30.129999160767	0.54779046773911	0.32564347982407	65.000000000000	0.00000000000000
30.139999389648	0.54851025342941	0.32547530531883	65.000000000000	0.00000000000000
30.149999618530	0.54922825098038	0.32530623674393	65.000000000000	0.00000000000000
30.159999847412	0.54994457960129	0.32513639330864	65.000000000000	0.00000000000000
30.170000076294	0.55065917968750	0.32496568560600	65.000000000000	0.00000000000000
30.180000305176	0.55137187242508	0.32479414343834	65.000000000000	0.00000000000000
30.190000534058	0.55208289623260	0.32462179660797	65.000000000000	0.00000000000000
30.200000762939	0.55279237031937	0.32444870471954	65.000000000000	0.00000000000000
30.209999084473	0.55349981784821	0.32427468895912	65.000000000000	0.00000000000000
30.219999313354	0.55420565605164	0.32409992814064	65.000000000000	0.00000000000000
30.229999542236	0.55490982532501	0.32392439246178	65.000000000000	0.00000000000000
30.239999771118	0.55561208724976	0.32374805212021	65.000000000000	0.00000000000000
30.250000000000	0.55631279945374	0.32357093691826	65.000000000000	0.00000000000000
30.260000228882	0.55701172351837	0.32339310646057	65.000000000000	0.00000000000000
30.270000457764	0.55770897865295	0.32321447134018	65.000000000000	0.00000000000000
30.280000686646	0.55840450525284	0.32303503155708	65.000000000000	0.00000000000000
30.290000915527	0.55909830331802	0.32285490632057	65.000000000000	0.00000000000000
30.299999237061	0.55979043245316	0.32267400622368	65.000000000000	0.00000000000000
30.309999465942	0.56048077344894	0.32249233126640	65.000000000000	0.00000000000000
30.319999694824	0.56116956472397	0.32230994105339	65.000000000000	0.00000000000000
30.329999923706	0.56185656785965	0.32212683558464	65.000000000000	0.00000000000000
30.340000152588	0.56254190206528	0.32194298505783	65.000000000000	0.00000000000000
30.350000381470	0.56322556734085	0.32175841927528	65.000000000000	0.00000000000000
30.360000610352	0.56390762329102	0.32157319784164	65.000000000000	0.00000000000000
30.370000839233	0.56458789110184	0.32138720154762	65.000000000000	0.00000000000000
30.379999160767	0.56526643037796	0.32120051980019	65.000000000000	0.00000000000000
30.389999389648	0.56594341993332	0.32101315259933	65.000000000000	0.00000000000000
30.399999618530	0.56661880016327	0.32082509994507	65.000000000000	0.00000000000000
30.409999847412	0.56729239225388	0.32063630223274	65.000000000000	0.00000000000000
30.420000076294	0.56796437501907	0.32044690847397	65.000000000000	0.00000000000000
30.430000305176	0.56863468885422	0.32025682926178	65.000000000000	0.00000000000000
30.440000534058	0.56930339336395	0.32006606459618	65.000000000000	0.00000000000000
30.450000762939	0.56997048854828	0.31987458467484	65.000000000000	0.00000000000000
30.459999084473	0.57063585519791	0.31968253850937	65.000000000000	0.00000000000000
30.469999313354	0.57129961252213	0.31948977708817	65.000000000000	0.00000000000000
30.479999542236	0.57196170091629	0.31929641962051	65.000000000000	0.00000000000000
30.489999771118	0.57262217998505	0.31910240650177	65.000000000000	0.00000000000000
30.500000000000	0.57328116893768	0.31890773773193	65.000000000000	0.00000000000000
30.510000228882	0.57393831014633	0.31871247291565	65.000000000000	0.00000000000000
30.520000457764	0.57459396123886	0.31851655244827	65.000000000000	0.00000000000000
30.530000686646	0.57524794340134	0.31831997632980	65.000000000000	0.00000000000000
30.540000915527	0.57590043544769	0.31812286376953	65.000000000000	0.00000000000000
30.549999237061	0.57655119895935	0.31792509555817	65.000000000000	0.00000000000000
30.559999465942	0.57720035314560	0.31772676110268	65.000000000000	0.00000000000000
30.569999694824	0.57784801721573	0.31752780079842	65.000000000000	0.00000000000000
30.579999923706	0.57849401235580	0.31732824444771	65.000000000000	0.00000000000000
30.590000152588	0.57913839817047	0.31712812185287	65.000000000000	0.00000000000000
30.600000381470	0.57978123426437	0.31692740321159	65.000000000000	0.00000000000000
30.610000610352	0.58042252063751	0.31672608852386	65.000000000000	0.00000000000000
30.620000839233	0.58106207847595	0.31652420759201	65.000000000000	0.00000000000000
30.629999160767	0.58170020580292	0.31632176041603	65.000000000000	0.00000000000000
30.639999389648	0.58233672380447	0.31611874699593	65.000000000000	0.00000000000000
30.649999618530	0.58297169208527	0.31591519713402	65.000000000000	0.00000000000000
30.659999847412	0.58360505104065	0.31571108102798	65.000000000000	0.00000000000000
30.670000076294	0.58423686027527	0.31550639867783	65.000000000000	0.00000000000000
30.680000305176	0.58486717939377	0.31530117988586	65.000000000000	0.00000000000000
30.690000534058	0.58549588918686	0.31509542465210	65.000000000000	0.00000000000000
30.700000762939	0.58612304925919	0.31488913297653	65.000000000000	0.00000000000000
30.709999084473	0.58674865961075	0.31468233466148	65.000000000000	0.00000000000000
30.719999313354	0.58737272024155	0.31447499990463	65.000000000000	0.00000000000000
30.729999542236	0.58799523115158	0.31426712870598	65.000000000000	0.00000000000000
30.739999771118	0.58861625194550	0.31405875086784	65.000000000000	0.00000000000000
30.750000000000	0.58923572301865	0.31384983658791	65.000000000000	0.00000000000000
30.760000228882	0.58985364437103	0.31364047527313	65.000000000000	0.00000000000000
30.770000457764	0.59047013521194	0.31343051791191	65.000000000000	0.00000000000000
30.780000686646	0.59108501672745	0.31322008371353	65.000000000000	0.00000000000000
30.790000915527	0.59169834852219	0.31300923228264	65.000000000000	0.00000000000000
30.799999237061	0.59231024980545	0.31279784440994	65.000000000000	0.00000000000000
30.809999465942	0.59292066097260	0.31258594989777	65.000000000000	0.00000000000000
30.819999694824	0.59352952241898	0.31237360835075	65.000000000000	0.00000000000000
30.829999923706	0.59413689374924	0.31216078996658	65.000000000000	0.00000000000000
30.840000152588	0.59474271535873	0.31194749474525	65.000000000000	0.00000000000000
30.850000381470	0.59534710645676	0.31173372268677	65.000000000000	0.00000000000000
30.860000610352	0.59594994783401	0.31151947379112	65.000000000000	0.00000000000000
30.870000839233	0.59655129909515	0.31130477786064	65.000000000000	0.00000000000000
30.879999160767	0.59715127944946	0.31108963489532	65.000000000000	0.00000000000000
30.889999389648	0.59774971008301	0.31087404489517	65.000000000000	0.00000000000000
30.899999618530	0.59834665060043	0.31065803766251	65.000000000000	0.00000000000000
30.909999847412	0.59894210100174	0.31044152379036	65.000000000000	0.00000000000000
30.920000076294	0.59953606128693	0.31022459268570	65.000000000000	0.00000000000000
30.930000305176	0.60012871026993	0.31000724434853	65.000000000000	0.00000000000000
30.940000534058	0.60071974992752	0.30978944897652	65.000000000000	0.00000000000000
30.950000762939	0.60130941867828	0.30957126617432	65.000000000000	0.00000000000000
30.959999084473	0.60189759731293	0.30935260653496	65.000000000000	0.00000000000000
30.969999313354	0.60248428583145	0.30913355946541	65.000000000000	0.00000000000000
30.979999542236	0.60306966304779	0.30891409516335	65.000000000000	0.00000000000000
30.989999771118	0.60365349054337	0.30869421362877	65.000000000000	0.00000000000000
31.000000000000	0.60423588752747	0.30847391486168	65.000000000000	0.00000000000000
31.010000228882	0.60481685400009	0.30825325846672	65.000000000000	0.00000000000000
31.020000457764	0.60539638996124	0.30803218483925	65.000000000000	0.00000000000000
31.030000686646	0.60597449541092	0.30781069397926	65.000000000000	0.00000000000000
31.040000915527	0.60655122995377	0.30758884549141	65.000000000000	0.00000000000000
31.049999237061	0.60712647438049	0.30736657977104	65.000000000000	0.00000000000000
31.059999465942	0.60770028829575	0.30714392662048	65.000000000000	0.00000000000000
31.069999694824	0.60827273130417	0.30692091584206	65.000000000000	0.00000000000000
31.079999923706	0.60884386301041	0.30669754743576	65.000000000000	0.00000000000000
31.090000152588	0.60941338539124	0.30647379159927	65.000000000000	0.00000000000000
31.100000381470	0.60998165607452	0.30624964833260	65.000000000000	0.00000000000000
31.110000610352	0.61054849624634	0.30602514743805	65.000000000000	0.00000000000000
31.120000839233	0.61111396551132	0.30580031871796	65.000000000000	0.00000000000000
31.129999160767	0.61167794466019	0.30557510256767	65.000000000000	0.00000000000000
31.139999389648	0.61224061250687	0.30534955859184	65.000000000000	0.00000000000000
31.149999618530	0.61280190944672	0.30512359738350	65.000000000000	0.00000000000000
31.159999847412	0.61336183547974	0.30489739775658	65.000000000000	0.00000000000000
31.170000076294	0.61392027139664	0.30467075109482	65.000000000000	0.00000000000000
31.180000305176	0.61447739601135	0.30444380640984	65.000000000000	0.00000000000000
31.190000534058	0.61503320932388	0.30421653389931	65.000000000000	0.00000000000000
31.200000762939	0.61558753252029	0.30398893356323	65.000000000000	0.00000000000000
31.209999084473	0.61614060401917	0.30376100540161	65.000000000000	0.00000000000000
31.219999313354	0.61669230461121	0.30353274941444	65.000000000000	0.00000000000000
31.229999542236	0.61724257469177	0.30330416560173	65.000000000000	0.00000000000000
31.239999771118	0.61779159307480	0.30307525396347	65.000000000000	0.00000000000000
31.250000000000	0.61833924055099	0.30284604430199	65.000000000000	0.00000000000000
31.260000228882	0.61888551712036	0.30261650681496	65.000000000000	0.00000000000000
31.270000457764	0.61943042278290	0.30238670110703	65.000000000000	0.00000000000000
31.280000686646	0.61997401714325	0.30215653777122	65.000000000000	0.00000000000000
31.290000915527	0.62051630020142	0.30192610621452	65.000000000000	0.00000000000000
31.299999237061	0.62105727195740	0.30169537663460	65.000000000000	0.00000000000000
31.309999465942	0.62159681320190	0.30146434903145	65.000000000000	0.00000000000000
31.319999694824	0.62213504314423	0.30123299360275	65.000000000000	0.00000000000000
31.329999923706	0.62267202138901	0.30100139975548	65.000000000000	0.00000000000000
31.340000152588	0.62320768833160	0.30076947808266	65.000000000000	0.00000000000000
31.350000381470	0.62374204397202	0.30053728818893	65.000000000000	0.00000000000000
31.360000610352	0.62427496910095	0.30030483007431	65.000000000000	0.00000000000000
31.370000839233	0.62480670213699	0.30007210373878	65.000000000000	0.00000000000000
31.379999160767	0.62533706426620	0.29983907938004	65.000000000000	0.00000000000000
31.389999389648	0.62586623430252	0.29960581660271	65.000000000000	0.00000000000000
31.399999618530	0.62639403343201	0.29937225580215	65.000000000000	0.00000000000000
31.409999847412	0.62692058086395	0.29913854598999	65.000000000000	0.00000000000000
31.420000076294	0.62744575738907	0.29890444874763	65.000000000000	0.00000000000000
31.430000305176	0.62796968221664	0.29867032170296	65.000000000000	0.00000000000000
31.440000534058	0.62849241495132	0.29843547940254	65.000000000000	0.00000000000000
31.450000762939	0.62901383638382	0.29820057749748	65.000000000000	0.00000000000000
31.459999084473	0.62953388690948	0.29796564579010	65.000000000000	0.00000000000000
31.469999313354	0.63005268573761	0.29773035645485	65.000000000000	0.00000000000000
31.479999542236	0.63057029247284	0.29749467968941	65.000000000000	0.00000000000000
31.489999771118	0.63108652830124	0.29725903272629	65.000000000000	0.00000000000000
31.500000000000	0.63160169124603	0.29702270030975	65.000000000000	0.00000000000000
31.510000228882	0.63211554288864	0.29678633809090	65.000000000000	0.00000000000000
31.520000457764	0.63262784481049	0.29655024409294	65.000000000000	0.00000000000000
31.530000686646	0.63313919305801	0.29631322622299	65.000000000000	0.00000000000000
31.540000915527	0.63364917039871	0.29607650637627	65.000000000000	0.00000000000000
31.549999237061	0.63415795564651	0.29583916068077	65.000000000000	0.00000000000000
31.559999465942	0.63466548919678	0.29560178518295	65.000000000000	0.00000000000000
31.569999694824	0.63517171144485	0.29536411166191	65.000000000000	0.00000000000000
31.579999923706	0.63567692041397	0.29512614011765	65.000000000000	0.00000000000000
31.590000152588	0.63618069887161	0.29488819837570	65.000000000000	0.00000000000000
31.600000381470	0.63668328523636	0.29464992880821	65.000000000000	0.00000000000000
31.610000610352	0.63718461990356	0.29441136121750	65.000000000000	0.00000000000000
31.620000839233	0.63768476247787	0.29417270421982	65.000000000000	0.00000000000000
31.629999160767	0.63818377256393	0.29393383860588	65.000000000000	0.00000000000000
31.639999389648	0.63868141174316	0.29369473457336	65.000000000000	0.00000000000000
31.649999618530	0.63917791843414	0.29345548152924	65.000000000000	0.00000000000000
31.659999847412	0.63967317342758	0.29321601986885	65.000000000000	0.00000000000000
31.670000076294	0.64016723632813	0.29297634959221	65.000000000000	0.00000000000000
31.680000305176	0.64066016674042	0.29273650050163	65.000000000000	0.00000000000000
31.690000534058	0.64115184545517	0.29249647259712	65.000000000000	0.00000000000000
31.700000762939	0.64164239168167	0.29225626587868	65.000000000000	0.00000000000000
31.709999084473	0.64213168621063	0.29201588034630	65.000000000000	0.00000000000000
31.719999313354	0.64261978864670	0.29177528619766	65.000000000000	0.00000000000000
31.729999542236	0.64310669898987	0.29153454303741	65.000000000000	0.00000000000000
31.739999771118	0.64359247684479	0.29129362106323	65.000000000000	0.00000000000000
31.750000000000	0.64407700300217	0.29105252027512	65.000000000000	0.00000000000000
31.760000228882	0.64456045627594	0.29081127047539	65.000000000000	0.00000000000000
31.770000457764	0.64504253864288	0.29056981205940	65.000000000000	0.00000000000000
31.780000686646	0.64552366733551	0.29032820463181	65.000000000000	0.00000000000000
31.790000915527	0.64600354433060	0.29008644819260	65.000000000000	0.00000000000000
31.799999237061	0.64648222923279	0.28984451293945	65.000000000000	0.00000000000000
31.809999465942	0.64695984125137	0.28960245847702	65.000000000000	0.00000000000000
31.819999694824	0.64743620157242	0.28936022520065	65.000000000000	0.00000000000000
31.829999923706	0.64791136980057	0.28911784291267	65.000000000000	0.00000000000000
31.840000152588	0.64838552474976	0.28887531161308	65.000000000000	0.00000000000000
31.850000381470	0.64885848760605	0.28863266110420	65.000000000000	0.00000000000000
31.860000610352	0.64933025836945	0.28838983178139	65.000000000000	0.00000000000000
31.870000839233	0.64980101585388	0.28814685344696	65.000000000000	0.00000000000000
31.879999160767	0.65027046203613	0.28790372610092	65.000000000000	0.00000000000000
31.889999389648	0.65073889493942	0.28766047954559	65.000000000000	0.00000000000000
31.899999618530	0.65120613574982	0.28741708397865	65.000000000000	0.00000000000000
31.909999847412	0.65167224407196	0.28717353940010	65.000000000000	0.00000000000000
31.920000076294	0.65213727951050	0.28692990541458	65.000000000000	0.00000000000000
31.930000305176	0.65260118246078	0.28668615221977	65.000000000000	0.00000000000000
31.940000534058	0.65306389331818	0.28644222021103	65.000000000000	0.00000000000000
31.950000762939	0.65352553129196	0.28619816899300	65.000000000000	0.00000000000000
31.959999084473	0.65398609638214	0.28595402836800	65.000000000000	0.00000000000000
31.969999313354	0.65444552898407	0.28570973873138	65.000000000000	0.00000000000000
31.979999542236	0.65490382909775	0.28546530008316	65.000000000000	0.00000000000000
31.989999771118	0.65536111593246	0.28522080183029	65.000000000000	0.00000000000000
32.000000000000	0.65581721067429	0.28497615456581	65.000000000000	0.00000000000000
32.009998321533	0.65627223253250	0.28473141789436	65.000000000000	0.00000000000000
32.020000457764	0.65672612190247	0.28448653221130	65.000000000000	0.00000000000000
32.029998779297	0.65717899799347	0.28424152731895	65.000000000000	0.00000000000000
32.040000915527	0.65763074159622	0.28399646282196	65.000000000000	0.00000000000000
32.049999237061	0.65808141231537	0.28375127911568	65.000000000000	0.00000000000000
32.060001373291	0.65853095054626	0.28350594639778	65.000000000000	0.00000000000000
32.069999694824	0.65897953510284	0.28326055407524	65.000000000000	0.00000000000000
32.080001831055	0.65942692756653	0.28301504254341	65.000000000000	0.00000000000000
32.090000152588	0.65987330675125	0.28276944160461	65.000000000000	0.00000000000000
32.099998474121	0.66031855344772	0.28252378106117	65.000000000000	0.00000000000000
32.110000610352	0.66076278686523	0.28227794170380	65.000000000000	0.00000000000000
32.119998931885	0.66120594739914	0.28203207254410	65.000000000000	0.00000000000000
32.130001068115	0.66164803504944	0.28178611397743	65.000000000000	0.00000000000000
32.139999389648	0.66208910942078	0.28154003620148	65.000000000000	0.00000000000000
32.150001525879	0.66252899169922	0.28129389882088	65.000000000000	0.00000000000000
32.159999847412	0.66296797990799	0.28104767203331	65.000000000000	0.00000000000000
32.169998168945	0.66340583562851	0.28080132603645	65.000000000000	0.00000000000000
32.180000305176	0.66384273767471	0.28055492043495	65.000000000000	0.00000000000000
32.189998626709	0.66427844762802	0.28030842542648	65.000000000000	0.00000000000000
32.200000762939	0.66471320390701	0.28006187081337	65.000000000000	0.00000000000000
32.209999084473	0.66514694690704	0.27981522679329	65.000000000000	0.00000000000000
32.220001220703	0.66557961702347	0.27956852316856	65.000000000000	0.00000000000000
32.229999542236	0.66601133346558	0.27932170033455	65.000000000000	0.00000000000000
32.240001678467	0.66644197702408	0.27907484769821	65.000000000000	0.00000000000000
32.250000000000	0.66687148809433	0.27882790565491	65.000000000000	0.00000000000000
32.259998321533	0.66730010509491	0.27858087420464	65.000000000000	0.00000000000000
32.270000457764	0.66772764921188	0.27833384275436	65.000000000000	0.00000000000000
32.279998779297	0.66815418004990	0.27808669209480	65.000000000000	0.00000000000000
32.290000915527	0.66857975721359	0.27783948183060	65.000000000000	0.00000000000000
32.299999237061	0.66900426149368	0.27759218215942	65.000000000000	0.00000000000000
32.310001373291	0.66942775249481	0.27734488248825	65.000000000000	0.00000000000000
32.319999694824	0.66985023021698	0.27709749341011	65.000000000000	0.00000000000000
32.330001831055	0.67027175426483	0.27685007452965	65.000000000000	0.00000000000000
32.340000152588	0.67069220542908	0.27660256624222	65.000000000000	0.00000000000000
32.349998474121	0.67111182212830	0.27635499835014	65.000000000000	0.00000000000000
32.360000610352	0.67153024673462	0.27610737085342	65.000000000000	0.00000000000000
32.369998931885	0.67194777727127	0.27585968375206	65.000000000000	0.00000000000000
32.380001068115	0.67236429452896	0.27561199665070	65.000000000000	0.00000000000000
32.389999389648	0.67277985811234	0.27536424994469	65.000000000000	0.00000000000000
32.400001525879	0.67319440841675	0.27511641383171	65.000000000000	0.00000000000000
32.409999847412	0.67360800504684	0.27486857771873	65.000000000000	0.00000000000000
32.419998168945	0.67402058839798	0.27462065219879	65.000000000000	0.00000000000000
32.430000305176	0.67443221807480	0.27437269687653	65.000000000000	0.00000000000000
32.439998626709	0.67484289407730	0.27412471175194	65.000000000000	0.00000000000000
32.450000762939	0.67525255680084	0.27387669682503	65.000000000000	0.00000000000000
32.459999084473	0.67566132545471	0.27362865209579	65.000000000000	0.00000000000000
32.470001220703	0.67606908082962	0.27338054776192	65.000000000000	0.00000000000000
32.479999542236	0.67647588253021	0.27313238382339	65.000000000000	0.00000000000000
32.490001678467	0.67688173055649	0.27288421988487	65.000000000000	0.00000000000000
32.500000000000	0.67728662490845	0.27263599634171	65.000000000000	0.00000000000000
32.509998321533	0.67769056558609	0.27238771319389	65.000000000000	0.00000000000000
32.520000457764	0.67809361219406	0.27213945984840	65.000000000000	0.00000000000000
32.529998779297	0.67849564552307	0.27189117670059	65.000000000000	0.00000000000000
32.540000915527	0.67889666557312	0.27164283394814	65.000000000000	0.00000000000000
32.549999237061	0.67929685115814	0.27139446139336	65.000000000000	0.00000000000000
32.560001373291	0.67969608306885	0.27114608883858	65.000000000000	0.00000000000000
32.569999694824	0.68009436130524	0.27089765667915	65.000000000000	0.00000000000000
32.580001831055	0.68049168586731	0.27064922451973	65.000000000000	0.00000000000000
32.590000152588	0.68088811635971	0.27040073275566	65.000000000000	0.00000000000000
32.599998474121	0.68128359317780	0.27015230059624	65.000000000000	0.00000000000000
32.610000610352	0.68167817592621	0.26990377902985	65.000000000000	0.00000000000000
32.619998931885	0.68207180500031	0.26965525746346	65.000000000000	0.00000000000000
32.630001068115	0.68246454000473	0.26940667629242	65.000000000000	0.00000000000000
32.639999389648	0.68285632133484	0.26915812492371	65.000000000000	0.00000000000000
32.650001525879	0.68324714899063	0.26890957355499	65.000000000000	0.00000000000000
32.659999847412	0.68363714218140	0.26866096258163	65.000000000000	0.00000000000000
32.669998168945	0.68402624130249	0.26841238141060	65.000000000000	0.00000000000000
32.680000305176	0.68441438674927	0.26816377043724	65.000000000000	0.00000000000000
32.689998626709	0.68480157852173	0.26791515946388	65.000000000000	0.00000000000000
32.700000762939	0.68518793582916	0.26766651868820	65.000000000000	0.00000000000000
32.709999084473	0.68557339906693	0.26741784811020	65.000000000000	0.00000000000000
32.720001220703	0.68595790863037	0.26716920733452	65.000000000000	0.00000000000000
32.729999542236	0.68634152412415	0.26692053675652	65.000000000000	0.00000000000000
32.740001678467	0.68672424554825	0.26667186617851	65.000000000000	0.00000000000000
32.750000000000	0.68710625171661	0.26642319560051	65.000000000000	0.00000000000000
32.759998321533	0.68748712539673	0.26617455482483	65.000000000000	0.00000000000000
32.770000457764	0.68786722421646	0.26592585444450	65.000000000000	0.00000000000000
32.779998779297	0.68824642896652	0.26567718386650	65.000000000000	0.00000000000000
32.790000915527	0.68862479925156	0.26542848348618	65.000000000000	0.00000000000000
32.799999237061	0.68900221586227	0.26517978310585	65.000000000000	0.00000000000000
32.810001373291	0.68937879800797	0.26493117213249	65.000000000000	0.00000000000000
32.819999694824	0.68975448608398	0.26468244194984	65.000000000000	0.00000000000000
32.830001831055	0.69012928009033	0.26443377137184	65.000000000000	0.00000000000000
32.840000152588	0.69050323963165	0.26418513059616	65.000000000000	0.00000000000000
32.849998474121	0.69087630510330	0.26393646001816	65.000000000000	0.00000000000000
32.860000610352	0.69124865531921	0.26368778944016	65.000000000000	0.00000000000000
32.869998931885	0.69161999225616	0.26343914866447	65.000000000000	0.00000000000000
32.880001068115	0.69199043512344	0.26319050788879	65.000000000000	0.00000000000000
32.889999389648	0.69236010313034	0.26294189691544	65.000000000000	0.00000000000000
32.900001525879	0.69272887706757	0.26269325613976	65.000000000000	0.00000000000000
32.909999847412	0.69309681653976	0.26244461536407	65.000000000000	0.00000000000000
32.919998168945	0.69346398115158	0.26219603419304	65.000000000000	0.00000000000000
32.930000305176	0.69383019208908	0.26194745302200	65.000000000000	0.00000000000000
32.939998626709	0.69419556856155	0.26169887185097	65.000000000000	0.00000000000000
32.950000762939	0.69456011056900	0.26145035028458	65.000000000000	0.00000000000000
32.959999084473	0.69492381811142	0.26120176911354	65.000000000000	0.00000000000000
32.970001220703	0.69528675079346	0.26095321774483	65.000000000000	0.00000000000000
32.979999542236	0.69564878940582	0.26070475578308	65.000000000000	0.00000000000000
32.990001678467	0.69600999355316	0.26045623421669	65.000000000000	0.00000000000000
33.000000000000	0.69637036323547	0.26020777225494	65.000000000000	0.00000000000000
33.009998321533	0.69672995805740	0.25995928049088	65.000000000000	0.00000000000000
33.020000457764	0.69708865880966	0.25971084833145	65.000000000000	0.00000000000000
33.029998779297	0.69744652509689	0.25946244597435	65.000000000000	0.00000000000000
33.040000915527	0.69780361652374	0.25921404361725	65.000000000000	0.00000000000000
33.049999237061	0.69815981388092	0.25896567106247	65.000000000000	0.00000000000000
33.060001373291	0.69851529598236	0.25871729850769	65.000000000000	0.00000000000000
33.069999694824	0.69886988401413	0.25846898555756	65.000000000000	0.00000000000000
33.080001831055	0.69922369718552	0.25822070240974	65.000000000000	0.00000000000000
33.090000152588	0.69957673549652	0.25797241926193	65.000000000000	0.00000000000000
33.099998474121	0.69992887973785	0.25772413611412	65.000000000000	0.00000000000000
33.110000610352	0.70028030872345	0.25747594237328	65.000000000000	0.00000000000000
33.119998931885	0.70063084363937	0.25722771883011	65.000000000000	0.00000000000000
33.130001068115	0.70098066329956	0.25697958469391	65.000000000000	0.00000000000000
33.139999389648	0.70132958889008	0.25673145055771	65.000000000000	0.00000000000000
33.150001525879	0.70167773962021	0.25648334622383	65.000000000000	0.00000000000000
33.159999847412	0.70202517509460	0.25623524188995	65.000000000000	0.00000000000000
33.169998168945	0.70237165689468	0.25598722696304	65.000000000000	0.00000000000000
33.180000305176	0.70271754264832	0.25573918223381	65.000000000000	0.00000000000000
33.189998626709	0.70306253433228	0.25549122691154	65.000000000000	0.00000000000000
33.200000762939	0.70340675115585	0.25524327158928	65.000000000000	0.00000000000000
33.209999084473	0.70375013351440	0.25499534606934	65.000000000000	0.00000000000000
33.220001220703	0.70409280061722	0.25474748015404	65.000000000000	0.00000000000000
33.229999542236	0.70443457365036	0.25449964404106	65.000000000000	0.00000000000000
33.240001678467	0.70477569103241	0.25425183773041	65.000000000000	0.00000000000000
33.250000000000	0.70511603355408	0.25400406122208	65.000000000000	0.00000000000000
33.259998321533	0.70545554161072	0.25375634431839	65.000000000000	0.00000000000000
33.270000457764	0.70579427480698	0.25350865721703	65.000000000000	0.00000000000000
33.279998779297	0.70613211393356	0.25326099991798	65.000000000000	0.00000000000000
33.290000915527	0.70646935701370	0.25301337242126	65.000000000000	0.00000000000000
33.299999237061	0.70680582523346	0.25276580452919	65.000000000000	0.00000000000000
33.310001373291	0.70714151859283	0.25251826643944	65.000000000000	0.00000000000000
33.319999694824	0.70747637748718	0.25227078795433	65.000000000000	0.00000000000000
33.330001831055	0.70781052112579	0.25202330946922	65.000000000000	0.00000000000000
33.340000152588	0.70814388990402	0.25177592039108	65.000000000000	0.00000000000000
33.349998474121	0.70847654342651	0.25152856111526	65.000000000000	0.00000000000000
33.360000610352	0.70880836248398	0.25128123164177	65.000000000000	0.00000000000000
33.369998931885	0.70913946628571	0.25103396177292	65.000000000000	0.00000000000000
33.380001068115	0.70946985483170	0.25078675150871	65.000000000000	0.00000000000000
33.389999389648	0.70979946851730	0.25053954124451	65.000000000000	0.00000000000000
33.400001525879	0.71012824773788	0.25029239058495	65.000000000000	0.00000000000000
33.409999847412	0.71045637130737	0.25004535913467	65.000000000000	0.00000000000000
33.419998168945	0.71078372001648	0.24979829788208	65.000000000000	0.00000000000000
33.430000305176	0.71111029386520	0.24955129623413	65.000000000000	0.00000000000000
33.439998626709	0.71143615245819	0.24930435419083	65.000000000000	0.00000000000000
33.450000762939	0.71176129579544	0.24905750155449	65.000000000000	0.00000000000000
33.459999084473	0.71208572387695	0.24881063401699	65.000000000000	0.00000000000000
33.470001220703	0.71240937709808	0.24856382608414	65.000000000000	0.00000000000000
33.479999542236	0.71273231506348	0.24831707775593	65.000000000000	0.00000000000000
33.490001678467	0.71305447816849	0.24807041883469	65.000000000000	0.00000000000000
33.500000000000	0.71337598562241	0.24782378971577	65.000000000000	0.00000000000000
33.509998321533	0.71369659900665	0.24757720530033	65.000000000000	0.00000000000000
33.520000457764	0.71401661634445	0.24733066558838	65.000000000000	0.00000000000000
33.529998779297	0.71433585882187	0.24708418548107	65.000000000000	0.00000000000000
33.540000915527	0.71465450525284	0.24683779478073	65.000000000000	0.00000000000000
33.549999237061	0.71497231721878	0.24659141898155	65.000000000000	0.00000000000000
33.560001373291	0.71528935432434	0.24634510278702	65.000000000000	0.00000000000000
33.569999694824	0.71560573577881	0.24609886109829	65.000000000000	0.00000000000000
33.580001831055	0.71592146158218	0.24585267901421	65.000000000000	0.00000000000000
33.590000152588	0.71623635292053	0.24560654163361	65.000000000000	0.00000000000000
33.599998474121	0.71655058860779	0.24536044895649	65.000000000000	0.00000000000000
33.610000610352	0.71686410903931	0.24511444568634	65.000000000000	0.00000000000000
33.619998931885	0.71717697381973	0.24486851692200	65.000000000000	0.00000000000000
33.630001068115	0.71748900413513	0.24462257325649	65.000000000000	0.00000000000000
33.639999389648	0.71780043840408	0.24437677860260	65.000000000000	0.00000000000000
33.650001525879	0.71811115741730	0.24413098394871	65.000000000000	0.00000000000000
33.659999847412	0.71842116117477	0.24388529360294	65.000000000000	0.00000000000000
33.669998168945	0.71873044967651	0.24363963305950	65.000000000000	0.00000000000000
33.680000305176	0.71903902292252	0.24339406192303	65.000000000000	0.00000000000000
33.689998626709	0.71934688091278	0.24314853549004	65.000000000000	0.00000000000000
33.700000762939	0.71965402364731	0.24290308356285	65.000000000000	0.00000000000000
33.709999084473	0.71996051073074	0.24265770614147	65.000000000000	0.00000000000000
33.720001220703	0.72026628255844	0.24241237342358	65.000000000000	0.00000000000000
33.729999542236	0.72057145833969	0.24216711521149	65.000000000000	0.00000000000000
33.740001678467	0.72087579965591	0.24192193150520	65.000000000000	0.00000000000000
33.750000000000	0.72117960453033	0.24167680740356	65.000000000000	0.00000000000000
33.759998321533	0.72148263454437	0.24143174290657	65.000000000000	0.00000000000000
33.770000457764	0.72178494930267	0.24118673801422	65.000000000000	0.00000000000000
33.779998779297	0.72208666801453	0.24094183743000	65.000000000000	0.00000000000000
33.790000915527	0.72238761186600	0.24069696664810	65.000000000000	0.00000000000000
33.799999237061	0.72268790006638	0.24045221507549	65.000000000000	0.00000000000000
33.810001373291	0.72298759222031	0.24020747840405	65.000000000000	0.00000000000000
33.819999694824	0.72328650951385	0.23996284604073	65.000000000000	0.00000000000000
33.830001831055	0.72358477115631	0.23971830308437	65.000000000000	0.00000000000000
33.840000152588	0.72388237714767	0.23947381973267	65.000000000000	0.00000000000000
33.849998474121	0.72417926788330	0.23922936618328	65.000000000000	0.00000000000000
33.860000610352	0.72447550296783	0.23898503184319	65.000000000000	0.00000000000000
33.869998931885	0.72477108240128	0.23874075710773	65.000000000000	0.00000000000000
33.880001068115	0.72506600618362	0.23849655687809	65.000000000000	0.00000000000000
33.889999389648	0.72536021471024	0.23825246095657	65.000000000000	0.00000000000000
33.900001525879	0.72565382719040	0.23800840973854	65.000000000000	0.00000000000000
33.909999847412	0.72594672441483	0.23776444792747	65.000000000000	0.00000000000000
33.919998168945	0.72623902559280	0.23752054572105	65.000000000000	0.00000000000000
33.930000305176	0.72653061151505	0.23727674782276	65.000000000000	0.00000000000000
33.939998626709	0.72682154178619	0.23703302443027	65.000000000000	0.00000000000000
33.950000762939	0.72711175680161	0.23678936064243	65.000000000000	0.00000000000000
33.959999084473	0.72740131616592	0.23654580116272	65.000000000000	0.00000000000000
33.970001220703	0.72769033908844	0.23630230128765	65.000000000000	0.00000000000000
33.979999542236	0.72797858715057	0.23605887591839	65.000000000000	0.00000000000000
33.990001678467	0.72826629877090	0.23581555485725	65.000000000000	0.00000000000000
34.000000000000	0.72855335474014	0.23557227849960	65.000000000000	0.00000000000000
34.009998321533	0.72883963584900	0.23532912135124	65.000000000000	0.00000000000000
34.020000457764	0.72912532091141	0.23508606851101	65.000000000000	0.00000000000000
34.029998779297	0.72941040992737	0.23484306037426	65.000000000000	0.00000000000000
34.040000915527	0.72969484329224	0.23460014164448	65.000000000000	0.00000000000000
34.049999237061	0.72997850179672	0.23435729742050	65.000000000000	0.00000000000000
34.060001373291	0.73026162385941	0.23411457240582	65.000000000000	0.00000000000000
34.069999694824	0.73054420948029	0.23387190699577	65.000000000000	0.00000000000000
34.080001831055	0.73082596063614	0.23362933099270	65.000000000000	0.00000000000000
34.090000152588	0.73110723495483	0.23338687419891	65.000000000000	0.00000000000000
34.099998474121	0.73138779401779	0.23314447700977	65.000000000000	0.00000000000000
34.110000610352	0.73166769742966	0.23290215432644	65.000000000000	0.00000000000000
34.119998931885	0.73194700479507	0.23265995085239	65.000000000000	0.00000000000000
34.130001068115	0.73222571611404	0.23241782188416	65.000000000000	0.00000000000000
34.139999389648	0.73250377178192	0.23217579722404	65.000000000000	0.00000000000000
34.150001525879	0.73278117179871	0.23193383216858	65.000000000000	0.00000000000000
34.159999847412	0.73305791616440	0.23169201612473	65.000000000000	0.00000000000000
34.169998168945	0.73333412408829	0.23145022988319	65.000000000000	0.00000000000000
34.180000305176	0.73360967636108	0.23120857775211	65.000000000000	0.00000000000000
34.189998626709	0.73388457298279	0.23096700012684	65.000000000000	0.00000000000000
34.200000762939	0.73415887355804	0.23072552680969	65.000000000000	0.00000000000000
34.209999084473	0.73443251848221	0.23048415780067	65.000000000000	0.00000000000000
34.220001220703	0.73470556735992	0.23024287819862	65.000000000000	0.00000000000000
34.229999542236	0.73497796058655	0.23000185191631	65.000000000000	0.00000000000000
34.240001678467	0.73524987697601	0.22976058721542	65.000000000000	0.00000000000000
34.250000000000	0.73552113771439	0.22951932251453	65.000000000000	0.00000000000000
34.259998321533	0.73579168319702	0.22927881777287	65.000000000000	0.00000000000000
34.270000457764	0.73606169223785	0.22903762757778	65.000000000000	0.00000000000000
34.279998779297	0.73633098602295	0.22879721224308	65.000000000000	0.00000000000000
34.290000915527	0.73659980297089	0.22855648398399	65.000000000000	0.00000000000000
34.299999237061	0.73686790466309	0.22831614315510	65.000000000000	0.00000000000000
34.310001373291	0.73713541030884	0.22807584702969	65.000000000000	0.00000000000000
34.319999694824	0.73740249872208	0.22783528268337	65.000000000000	0.00000000000000
34.330001831055	0.73766869306564	0.22759544849396	65.000000000000	0.00000000000000
34.340000152588	0.73793452978134	0.22735531628132	65.000000000000	0.00000000000000
34.349998474121	0.73819965124130	0.22711521387100	65.000000000000	0.00000000000000
34.360000610352	0.73846417665482	0.22687534987926	65.000000000000	0.00000000000000
34.369998931885	0.73872810602188	0.22663559019566	65.000000000000	0.00000000000000
34.380001068115	0.73899149894714	0.22639593482018	65.000000000000	0.00000000000000
34.389999389648	0.73925417661667	0.22615635395050	65.000000000000	0.00000000000000
34.400001525879	0.73951637744904	0.22591692209244	65.000000000000	0.00000000000000
34.409999847412	0.73977792263031	0.22567757964134	65.000000000000	0.00000000000000
34.419998168945	0.74003893136978	0.22543834149837	65.000000000000	0.00000000000000
34.430000305176	0.74029934406281	0.22519925236702	65.000000000000	0.00000000000000
34.439998626709	0.74055910110474	0.22496023774147	65.000000000000	0.00000000000000
34.450000762939	0.74081838130951	0.22472135722637	65.000000000000	0.00000000000000
34.459999084473	0.74107706546783	0.22448258101940	65.000000000000	0.00000000000000
34.470001220703	0.74133503437042	0.22424390912056	65.000000000000	0.00000000000000
34.479999542236	0.74159264564514	0.22400532662868	65.000000000000	0.00000000000000
34.490001678467	0.74184954166412	0.22376690804958	65.000000000000	0.00000000000000
34.500000000000	0.74210578203201	0.22352860867977	65.000000000000	0.00000000000000
34.509998321533	0.74236154556274	0.22329036891460	65.000000000000	0.00000000000000
34.520000457764	0.74261671304703	0.22305224835873	65.000000000000	0.00000000000000
34.529998779297	0.74287134408951	0.22281429171562	65.000000000000	0.00000000000000
34.540000915527	0.74312531948090	0.22257640957832	65.000000000000	0.00000000000000
34.549999237061	0.74337887763977	0.22233869135380	65.000000000000	0.00000000000000
34.560001373291	0.74363172054291	0.22210107743740	65.000000000000	0.00000000000000
34.569999694824	0.74388402700424	0.22186355292797	65.000000000000	0.00000000000000
34.580001831055	0.74413573741913	0.22162616252899	65.000000000000	0.00000000000000
34.590000152588	0.74438703060150	0.22138890624046	65.000000000000	0.00000000000000
34.599998474121	0.74463766813278	0.22115175426006	65.000000000000	0.00000000000000
34.610000610352	0.74488782882690	0.22091475129128	65.000000000000	0.00000000000000
34.619998931885	0.74513727426529	0.22067783772945	65.000000000000	0.00000000000000
34.630001068115	0.74538624286652	0.22044107317924	65.000000000000	0.00000000000000
34.639999389648	0.74563461542130	0.22020439803600	65.000000000000	0.00000000000000
34.650001525879	0.74588245153427	0.21996790170670	65.000000000000	0.00000000000000
34.659999847412	0.74612981081009	0.21973149478436	65.000000000000	0.00000000000000
34.669998168945	0.74637651443481	0.21949520707130	65.000000000000	0.00000000000000
34.680000305176	0.74662274122238	0.21925908327103	65.000000000000	0.00000000000000
34.689998626709	0.74686843156815	0.21902306377888	65.000000000000	0.00000000000000
34.700000762939	0.74711346626282	0.21878713369370	65.000000000000	0.00000000000000
34.709999084473	0.74735808372498	0.21855136752129	65.000000000000	0.00000000000000
34.720001220703	0.74760216474533	0.21831575036049	65.000000000000	0.00000000000000
34.729999542236	0.74784559011459	0.21808025240898	65.000000000000	0.00000000000000
34.740001678467	0.74808853864670	0.21784485876560	65.000000000000	0.00000000000000
34.750000000000	0.74833095073700	0.21760958433151	65.000000000000	0.00000000000000
34.759998321533	0.74857282638550	0.21737447381020	65.000000000000	0.00000000000000
34.770000457764	0.74881410598755	0.21713951230049	65.000000000000	0.00000000000000
34.779998779297	0.74905490875244	0.21690467000008	65.000000000000	0.00000000000000
34.790000915527	0.74929529428482	0.21666994690895	65.000000000000	0.00000000000000
34.799999237061	0.74953496456146	0.21643535792828	65.000000000000	0.00000000000000
34.810001373291	0.74977421760559	0.21620093286037	65.000000000000	0.00000000000000
34.819999694824	0.75001287460327	0.21596658229828	65.000000000000	0.00000000000000
34.830001831055	0.75025105476379	0.21573242545128	65.000000000000	0.00000000000000
34.840000152588	0.75048869848251	0.21549838781357	65.000000000000	0.00000000000000
34.849998474121	0.75072586536407	0.21526445448399	65.000000000000	0.00000000000000
34.860000610352	0.75096249580383	0.21503069996834	65.000000000000	0.00000000000000
34.869998931885	0.75119853019714	0.21479707956314	65.000000000000	0.00000000000000
34.880001068115	0.75143414735794	0.21456359326839	65.000000000000	0.00000000000000
34.889999389648	0.75166916847229	0.21433021128178	65.000000000000	0.00000000000000
34.900001525879	0.75190377235413	0.21409699320793	65.000000000000	0.00000000000000
34.909999847412	0.75213778018951	0.21386390924454	65.000000000000	0.00000000000000
34.919998168945	0.75237131118774	0.21363100409508	65.000000000000	0.00000000000000
34.930000305176	0.75260430574417	0.21339815855026	65.000000000000	0.00000000000000
34.939998626709	0.75283688306808	0.21316555142403	65.000000000000	0.00000000000000
34.950000762939	0.75306886434555	0.21293303370476	65.000000000000	0.00000000000000
34.959999084473	0.75330042839050	0.21270063519478	65.000000000000	0.00000000000000
34.970001220703	0.75353139638901	0.21246841549873	65.000000000000	0.00000000000000
34.979999542236	0.75376200675964	0.21223634481430	65.000000000000	0.00000000000000
34.990001678467	0.75399202108383	0.21200437843800	65.000000000000	0.00000000000000
35.000000000000	0.75422149896622	0.21177259087563	65.000000000000	0.00000000000000
