25.000000000000	-0.025676263496280	-0.14686578512192	65.000000000000	0.00000000000000
25.010000228882	-0.025704430416226	-0.14461883902550	65.000000000000	0.00000000000000
25.020000457764	-0.025722129270434	-0.14237317442894	65.000000000000	0.00000000000000
25.030000686646	-0.025729281827807	-0.14012888073921	65.000000000000	0.00000000000000
25.040000915527	-0.025726018473506	-0.13788598775864	65.000000000000	0.00000000000000
25.049999237061	-0.025712188333273	-0.13564462959766	65.000000000000	0.00000000000000
25.059999465942	-0.025687912479043	-0.13340483605862	65.000000000000	0.00000000000000
25.069999694824	-0.025653224438429	-0.13116665184498	65.000000000000	0.00000000000000
25.079999923706	-0.025608098134398	-0.12893022596836	65.000000000000	0.00000000000000
25.090000152588	-0.025552680715919	-0.12669554352760	65.000000000000	0.00000000000000
25.100000381470	-0.025486811995506	-0.12446274608374	65.000000000000	0.00000000000000
25.110000610352	-0.025410676375031	-0.12223181128502	65.000000000000	0.00000000000000
25.120000839233	-0.025324163958430	-0.12000291794538	65.000000000000	0.00000000000000
25.129999160767	-0.025227434933186	-0.11777604371309	65.000000000000	0.00000000000000
25.139999389648	-0.025120360776782	-0.11555131524801	65.000000000000	0.00000000000000
25.149999618530	-0.025003140792251	-0.11332876235247	65.000000000000	0.00000000000000
25.159999847412	-0.024875624105334	-0.11110848933458	65.000000000000	0.00000000000000
25.170000076294	-0.024738080799580	-0.10889051109552	65.000000000000	0.00000000000000
25.180000305176	-0.024590237066150	-0.10667494684458	65.000000000000	0.00000000000000
25.190000534058	-0.024432336911559	-0.10446182638407	65.000000000000	0.00000000000000
25.200000762939	-0.024264380335808	-0.10225121676922	65.000000000000	0.00000000000000
25.209999084473	-0.024086315184832	-0.10004322230816	65.000000000000	0.00000000000000
25.219999313354	-0.023898266255856	-0.097837857902050	65.000000000000	0.00000000000000
25.229999542236	-0.023700229823589	-0.095635205507278	65.000000000000	0.00000000000000
25.239999771118	-0.023492237553000	-0.093435347080231	65.000000000000	0.00000000000000
25.250000000000	-0.023274291306734	-0.091238319873810	65.000000000000	0.00000000000000
25.260000228882	-0.023046413436532	-0.089044213294983	65.000000000000	0.00000000000000
25.270000457764	-0.022808723151684	-0.086853064596653	65.000000000000	0.00000000000000
25.280000686646	-0.022561183199286	-0.084664940834045	65.000000000000	0.00000000000000
25.290000915527	-0.022303840145469	-0.082479931414127	65.000000000000	0.00000000000000
25.299999237061	-0.022036746144295	-0.080298058688641	65.000000000000	0.00000000000000
25.309999465942	-0.021759949624538	-0.078119397163391	65.000000000000	0.00000000000000
25.319999694824	-0.021473439410329	-0.075944013893604	65.000000000000	0.00000000000000
25.329999923706	-0.021177275106311	-0.073771968483925	65.000000000000	0.00000000000000
25.340000152588	-0.020871492102742	-0.071603313088417	65.000000000000	0.00000000000000
25.350000381470	-0.020556159317493	-0.069438107311726	65.000000000000	0.00000000000000
25.360000610352	-0.020231241360307	-0.067276418209076	65.000000000000	0.00000000000000
25.370000839233	-0.019896816462278	-0.065118297934532	65.000000000000	0.00000000000000
25.379999160767	-0.019552972167730	-0.062963806092739	65.000000000000	0.00000000000000
25.389999389648	-0.019199645146728	-0.060812998563051	65.000000000000	0.00000000000000
25.399999618530	-0.018836965784431	-0.058665920048952	65.000000000000	0.00000000000000
25.409999847412	-0.018464924767613	-0.056522641330957	65.000000000000	0.00000000000000
25.420000076294	-0.018083574250340	-0.054383218288422	65.000000000000	0.00000000000000
25.430000305176	-0.017692962661386	-0.052247706800699	65.000000000000	0.00000000000000
25.440000534058	-0.017293127253652	-0.050116147845984	65.000000000000	0.00000000000000
25.450000762939	-0.016884075477719	-0.047988615930080	65.000000000000	0.00000000000000
25.459999084473	-0.016465889289975	-0.045865144580603	65.000000000000	0.00000000000000
25.469999313354	-0.016038620844483	-0.043745793402195	65.000000000000	0.00000000000000
25.479999542236	-0.015602269209921	-0.041630625724792	65.000000000000	0.00000000000000
25.489999771118	-0.015156895853579	-0.039519682526588	65.000000000000	0.00000000000000
25.500000000000	-0.014702565968037	-0.037413015961647	65.000000000000	0.00000000000000
25.510000228882	-0.014239285141230	-0.035310681909323	65.000000000000	0.00000000000000
25.520000457764	-0.013767110183835	-0.033212732523680	65.000000000000	0.00000000000000
25.530000686646	-0.013286106288433	-0.031119205057621	65.000000000000	0.00000000000000
25.540000915527	-0.012796290218830	-0.029030164703727	65.000000000000	0.00000000000000
25.549999237061	-0.012297715991735	-0.026945656165481	65.000000000000	0.00000000000000
25.559999465942	-0.011790432035923	-0.024865724146366	65.000000000000	0.00000000000000
25.569999694824	-0.011274473741651	-0.022790422663093	65.000000000000	0.00000000000000
25.579999923706	-0.010749898850918	-0.020719787105918	65.000000000000	0.00000000000000
25.590000152588	-0.010216732509434	-0.018653888255358	65.000000000000	0.00000000000000
25.600000381470	-0.0096750548109412	-0.016592744737864	65.000000000000	0.00000000000000
25.610000610352	-0.0091248741373420	-0.014536426402628	65.000000000000	0.00000000000000
25.620000839233	-0.0085662612691522	-0.012484962120652	65.000000000000	0.00000000000000
25.629999160767	-0.0079992581158876	-0.010438402183354	65.000000000000	0.00000000000000
25.639999389648	-0.0074239112436771	-0.0083967950195074	65.000000000000	0.00000000000000
25.649999618530	-0.0068402606993914	-0.0063601811416447	65.000000000000	0.00000000000000
25.659999847412	-0.0062483618967235	-0.0043286057189107	65.000000000000	0.00000000000000
25.670000076294	-0.0056482586078346	-0.0023021111264825	65.000000000000	0.00000000000000
25.680000305176	-0.0050399992614985	-0.00028073973953724	65.000000000000	0.00000000000000
25.690000534058	-0.0044236322864890	0.0017354657175019	65.000000000000	0.00000000000000
25.700000762939	-0.0037992068100721	0.0037464653141797	65.000000000000	0.00000000000000
25.709999084473	-0.0031667703296989	0.0057522160932422	65.000000000000	0.00000000000000
25.719999313354	-0.0025263726711273	0.0077526778914034	65.000000000000	0.00000000000000
25.729999542236	-0.0018780591199175	0.0097478134557605	65.000000000000	0.00000000000000
25.739999771118	-0.0012218856718391	0.011737578548491	65.000000000000	0.00000000000000
25.750000000000	-0.00055789091857150	0.013721938244998	65.000000000000	0.00000000000000
25.760000228882	0.00011386285041226	0.015700850635767	65.000000000000	0.00000000000000
25.770000457764	0.00079333368921652	0.017674282193184	65.000000000000	0.00000000000000
25.780000686646	0.0014804721577093	0.019642192870378	65.000000000000	0.00000000000000
25.790000915527	0.0021752309985459	0.021604545414448	65.000000000000	0.00000000000000
25.799999237061	0.0028775574173778	0.023561306297779	65.000000000000	0.00000000000000
25.809999465942	0.0035873837769032	0.025512434542179	65.000000000000	0.00000000000000
25.819999694824	0.0043046982027590	0.027457898482680	65.000000000000	0.00000000000000
25.829999923706	0.0050294059328735	0.029397666454315	65.000000000000	0.00000000000000
25.840000152588	0.0057614906691015	0.031331695616245	65.000000000000	0.00000000000000
25.850000381470	0.0065008862875402	0.033259954303503	65.000000000000	0.00000000000000
25.860000610352	0.0072475257329643	0.035182420164347	65.000000000000	0.00000000000000
25.870000839233	0.0080014057457447	0.037099048495293	65.000000000000	0.00000000000000
25.879999160767	0.0087624387815595	0.039009802043438	65.000000000000	0.00000000000000
25.889999389648	0.0095305703580379	0.040914669632912	65.000000000000	0.00000000000000
25.899999618530	0.010305752046406	0.042813610285521	65.000000000000	0.00000000000000
25.909999847412	0.011087961494923	0.044706579297781	65.000000000000	0.00000000000000
25.920000076294	0.011877134442329	0.046593554317951	65.000000000000	0.00000000000000
25.930000305176	0.012673183344305	0.048474520444870	65.000000000000	0.00000000000000
25.940000534058	0.013476070947945	0.050349444150925	65.000000000000	0.00000000000000
25.950000762939	0.014285774901509	0.052218277007341	65.000000000000	0.00000000000000
25.959999084473	0.015102243050933	0.054081004112959	65.000000000000	0.00000000000000
25.969999313354	0.015925398096442	0.055937595665455	65.000000000000	0.00000000000000
25.979999542236	0.016755200922489	0.057788029313087	65.000000000000	0.00000000000000
25.989999771118	0.017591562122107	0.059632282704115	65.000000000000	0.00000000000000
26.000000000000	0.018434515222907	0.061470303684473	65.000000000000	0.00000000000000
26.010000228882	0.019283900037408	0.063302114605904	65.000000000000	0.00000000000000
26.020000457764	0.020139757543802	0.065127626061440	65.000000000000	0.00000000000000
26.030000686646	0.021001964807510	0.066946871578693	65.000000000000	0.00000000000000
26.040000915527	0.021870527416468	0.068759791553020	65.000000000000	0.00000000000000
26.049999237061	0.022745385766029	0.070566371083260	65.000000000000	0.00000000000000
26.059999465942	0.023626442998648	0.072366587817669	65.000000000000	0.00000000000000
26.069999694824	0.024513661861420	0.074160434305668	65.000000000000	0.00000000000000
26.079999923706	0.025407025590539	0.075947858393192	65.000000000000	0.00000000000000
26.090000152588	0.026306428015232	0.077728874981403	65.000000000000	0.00000000000000
26.100000381470	0.027211872860789	0.079503424465656	65.000000000000	0.00000000000000
26.110000610352	0.028123300522566	0.081271499395370	65.000000000000	0.00000000000000
26.120000839233	0.029040643945336	0.083033069968224	65.000000000000	0.00000000000000
26.129999160767	0.029963798820972	0.084788151085377	65.000000000000	0.00000000000000
26.139999389648	0.030892753973603	0.086536712944508	65.000000000000	0.00000000000000
26.149999618530	0.031827498227358	0.088278710842133	65.000000000000	0.00000000000000
26.159999847412	0.032767962664366	0.090014129877090	65.000000000000	0.00000000000000
26.170000076294	0.033714052289724	0.091742962598801	65.000000000000	0.00000000000000
26.180000305176	0.034665696322918	0.093465216457844	65.000000000000	0.00000000000000
26.190000534058	0.035622972995043	0.095180816948414	65.000000000000	0.00000000000000
26.200000762939	0.036585710942745	0.096889786422253	65.000000000000	0.00000000000000
26.209999084473	0.037553846836090	0.098592117428780	65.000000000000	0.00000000000000
26.219999313354	0.038527425378561	0.10028775781393	65.000000000000	0.00000000000000
26.229999542236	0.039506267756224	0.10197674483061	65.000000000000	0.00000000000000
26.239999771118	0.040490489453077	0.10365899652243	65.000000000000	0.00000000000000
26.250000000000	0.041479896754026	0.10533454269171	65.000000000000	0.00000000000000
26.260000228882	0.042474478483200	0.10700335353613	65.000000000000	0.00000000000000
26.270000457764	0.043474204838276	0.10866542905569	65.000000000000	0.00000000000000
26.280000686646	0.044478990137577	0.11032075434923	65.000000000000	0.00000000000000
26.290000915527	0.045488815754652	0.11196931451559	65.000000000000	0.00000000000000
26.299999237061	0.046503677964211	0.11361104249954	65.000000000000	0.00000000000000
26.309999465942	0.047523349523544	0.11524602770805	65.000000000000	0.00000000000000
26.319999694824	0.048547953367233	0.11687418073416	65.000000000000	0.00000000000000
26.329999923706	0.049577366560698	0.11849554628134	65.000000000000	0.00000000000000
26.340000152588	0.050611577928066	0.12011006474495	65.000000000000	0.00000000000000
26.350000381470	0.051650471985340	0.12171775847673	65.000000000000	0.00000000000000
26.360000610352	0.052694059908390	0.12331859767437	65.000000000000	0.00000000000000
26.370000839233	0.053742222487926	0.12491257488728	65.000000000000	0.00000000000000
26.379999160767	0.054794993251562	0.12649969756603	65.000000000000	0.00000000000000
26.389999389648	0.055852249264717	0.12807993590832	65.000000000000	0.00000000000000
26.399999618530	0.056913971900940	0.12965330481529	65.000000000000	0.00000000000000
26.409999847412	0.057980142533779	0.13121977448463	65.000000000000	0.00000000000000
26.420000076294	0.059050645679235	0.13277934491634	65.000000000000	0.00000000000000
26.430000305176	0.060125455260277	0.13433203101158	65.000000000000	0.00000000000000
26.440000534058	0.061204560101032	0.13587777316570	65.000000000000	0.00000000000000
26.450000762939	0.062287826091051	0.13741661608219	65.000000000000	0.00000000000000
26.459999084473	0.063375301659107	0.13894854485989	65.000000000000	0.00000000000000
26.469999313354	0.064466886222363	0.14047352969646	65.000000000000	0.00000000000000
26.479999542236	0.065562546253204	0.14199160039425	65.000000000000	0.00000000000000
26.489999771118	0.066662184894085	0.14350271224976	65.000000000000	0.00000000000000
26.500000000000	0.067765802145004	0.14500690996647	65.000000000000	0.00000000000000
26.510000228882	0.068873301148415	0.14650414884090	65.000000000000	0.00000000000000
26.520000457764	0.069984704256058	0.14799441397190	65.000000000000	0.00000000000000
26.530000686646	0.071099951863289	0.14947775006294	65.000000000000	0.00000000000000
26.540000915527	0.072218909859657	0.15095412731171	65.000000000000	0.00000000000000
26.549999237061	0.073341608047485	0.15242356061935	65.000000000000	0.00000000000000
26.559999465942	0.074467994272709	0.15388600528240	65.000000000000	0.00000000000000
26.569999694824	0.075598008930683	0.15534149110317	65.000000000000	0.00000000000000
26.579999923706	0.076731555163860	0.15679003298283	65.000000000000	0.00000000000000
26.590000152588	0.077868647873402	0.15823161602020	65.000000000000	0.00000000000000
26.600000381470	0.079009249806404	0.15966621041298	65.000000000000	0.00000000000000
26.610000610352	0.080153234302998	0.16109386086464	65.000000000000	0.00000000000000
26.620000839233	0.081300646066666	0.16251453757286	65.000000000000	0.00000000000000
26.629999160767	0.082451373338699	0.16392824053764	65.000000000000	0.00000000000000
26.639999389648	0.083605408668518	0.16533498466015	65.000000000000	0.00000000000000
26.649999618530	0.084762685000896	0.16673476994038	65.000000000000	0.00000000000000
26.659999847412	0.085923135280609	0.16812759637833	65.000000000000	0.00000000000000
26.670000076294	0.087086744606495	0.16951344907284	65.000000000000	0.00000000000000
26.680000305176	0.088253460824490	0.17089235782623	65.000000000000	0.00000000000000
26.690000534058	0.089423209428787	0.17226429283619	65.000000000000	0.00000000000000
26.700000762939	0.090596005320549	0.17362929880619	65.000000000000	0.00000000000000
26.709999084473	0.091771781444550	0.17498734593391	65.000000000000	0.00000000000000
26.719999313354	0.092950411140919	0.17633844912052	65.000000000000	0.00000000000000
26.729999542236	0.094131946563721	0.17768262326717	65.000000000000	0.00000000000000
26.739999771118	0.095316328108311	0.17901983857155	65.000000000000	0.00000000000000
26.750000000000	0.096503458917141	0.18035009503365	65.000000000000	0.00000000000000
26.760000228882	0.097693376243114	0.18167346715927	65.000000000000	0.00000000000000
26.770000457764	0.098885960876942	0.18298989534378	65.000000000000	0.00000000000000
26.780000686646	0.10008114576340	0.18429940938950	65.000000000000	0.00000000000000
26.790000915527	0.10127899795771	0.18560197949409	65.000000000000	0.00000000000000
26.799999237061	0.10247939080000	0.18689765036106	65.000000000000	0.00000000000000
26.809999465942	0.10368233919144	0.18818643689156	65.000000000000	0.00000000000000
26.819999694824	0.10488768666983	0.18946832418442	65.000000000000	0.00000000000000
26.829999923706	0.10609551519156	0.19074331223965	65.000000000000	0.00000000000000
26.840000152588	0.10730571299791	0.19201141595840	65.000000000000	0.00000000000000
26.850000381470	0.10851828753948	0.19327265024185	65.000000000000	0.00000000000000
26.860000610352	0.10973311960697	0.19452700018883	65.000000000000	0.00000000000000
26.870000839233	0.11095020174980	0.19577449560165	65.000000000000	0.00000000000000
26.879999160767	0.11216951906681	0.19701515138149	65.000000000000	0.00000000000000
26.889999389648	0.11339098215103	0.19824892282486	65.000000000000	0.00000000000000
26.899999618530	0.11461462825537	0.19947588443756	65.000000000000	0.00000000000000
26.909999847412	0.11584033817053	0.20069602131844	65.000000000000	0.00000000000000
26.920000076294	0.11706808209419	0.20190931856632	65.000000000000	0.00000000000000
26.930000305176	0.11829788982868	0.20311583578587	65.000000000000	0.00000000000000
26.940000534058	0.11952956020832	0.20431551337242	65.000000000000	0.00000000000000
26.950000762939	0.12076324224472	0.20550842583179	65.000000000000	0.00000000000000
26.959999084473	0.12199877947569	0.20669455826283	65.000000000000	0.00000000000000
26.969999313354	0.12323613464832	0.20787389576435	65.000000000000	0.00000000000000
26.979999542236	0.12447535246611	0.20904648303986	65.000000000000	0.00000000000000
26.989999771118	0.12571626901627	0.21021230518818	65.000000000000	0.00000000000000
27.000000000000	0.12695893645287	0.21137140691280	65.000000000000	0.00000000000000
27.010000228882	0.12820333242416	0.21252377331257	65.000000000000	0.00000000000000
27.020000457764	0.12944926321507	0.21366943418980	65.000000000000	0.00000000000000
27.030000686646	0.13069690763950	0.21480834484100	65.000000000000	0.00000000000000
27.040000915527	0.13194602727890	0.21594060957432	65.000000000000	0.00000000000000
27.049999237061	0.13319677114487	0.21706618368626	65.000000000000	0.00000000000000
27.059999465942	0.13444890081882	0.21818506717682	65.000000000000	0.00000000000000
27.069999694824	0.13570256531239	0.21929728984833	65.000000000000	0.00000000000000
27.079999923706	0.13695755600929	0.22040286660194	65.000000000000	0.00000000000000
27.090000152588	0.13821399211884	0.22150184214115	65.000000000000	0.00000000000000
27.100000381470	0.13947173953056	0.22259417176247	65.000000000000	0.00000000000000
27.110000610352	0.14073078334332	0.22367988526821	65.000000000000	0.00000000000000
27.120000839233	0.14199109375477	0.22475902736187	65.000000000000	0.00000000000000
27.129999160767	0.14325268566608	0.22583156824112	65.000000000000	0.00000000000000
27.139999389648	0.14451539516449	0.22689752280712	65.000000000000	0.00000000000000
27.149999618530	0.14577928185463	0.22795698046684	65.000000000000	0.00000000000000
27.159999847412	0.14704427123070	0.22900985181332	65.000000000000	0.00000000000000
27.170000076294	0.14831033349037	0.23005621135235	65.000000000000	0.00000000000000
27.180000305176	0.14957745373249	0.23109605908394	65.000000000000	0.00000000000000
27.190000534058	0.15084563195705	0.23212942481041	65.000000000000	0.00000000000000
27.200000762939	0.15211473405361	0.23315630853176	65.000000000000	0.00000000000000
27.209999084473	0.15338477492332	0.23417672514915	65.000000000000	0.00000000000000
27.219999313354	0.15465573966503	0.23519067466259	65.000000000000	0.00000000000000
27.229999542236	0.15592759847641	0.23619820177555	65.000000000000	0.00000000000000
27.239999771118	0.15720023214817	0.23719930648804	65.000000000000	0.00000000000000
27.250000000000	0.15847368538380	0.23819400370121	65.000000000000	0.00000000000000
27.260000228882	0.15974789857864	0.23918233811855	65.000000000000	0.00000000000000
27.270000457764	0.16102288663387	0.24016425013542	65.000000000000	0.00000000000000
27.280000686646	0.16229857504368	0.24113982915878	65.000000000000	0.00000000000000
27.290000915527	0.16357490420341	0.24210906028748	65.000000000000	0.00000000000000
27.299999237061	0.16485185921192	0.24307200312614	65.000000000000	0.00000000000000
27.309999465942	0.16612944006920	0.24402859807014	65.000000000000	0.00000000000000
27.319999694824	0.16740761697292	0.24497890472412	65.000000000000	0.00000000000000
27.329999923706	0.16868630051613	0.24592292308807	65.000000000000	0.00000000000000
27.340000152588	0.16996547579765	0.24686072766781	65.000000000000	0.00000000000000
27.350000381470	0.17124515771866	0.24779222905636	65.000000000000	0.00000000000000
27.360000610352	0.17252530157566	0.24871757626534	65.000000000000	0.00000000000000
27.370000839233	0.17380575835705	0.24963669478893	65.000000000000	0.00000000000000
27.379999160767	0.17508666217327	0.25054961442947	65.000000000000	0.00000000000000
27.389999389648	0.17636790871620	0.25145635008812	65.000000000000	0.00000000000000
27.399999618530	0.17764952778816	0.25235694646835	65.000000000000	0.00000000000000
27.409999847412	0.17893135547638	0.25325143337250	65.000000000000	0.00000000000000
27.420000076294	0.18021354079247	0.25413975119591	65.000000000000	0.00000000000000
27.430000305176	0.18149586021900	0.25502198934555	65.000000000000	0.00000000000000
27.440000534058	0.18277841806412	0.25589817762375	65.000000000000	0.00000000000000
27.450000762939	0.18406115472317	0.25676828622818	65.000000000000	0.00000000000000
27.459999084473	0.18534405529499	0.25763231515884	65.000000000000	0.00000000000000
27.469999313354	0.18662701547146	0.25849035382271	65.000000000000	0.00000000000000
27.479999542236	0.18791007995605	0.25934237241745	65.000000000000	0.00000000000000
27.489999771118	0.18919321894646	0.26018837094307	65.000000000000	0.00000000000000
27.500000000000	0.19047634303570	0.26102843880653	65.000000000000	0.00000000000000
27.510000228882	0.19175951182842	0.26186254620552	65.000000000000	0.00000000000000
27.520000457764	0.19304263591766	0.26269072294235	65.000000000000	0.00000000000000
27.530000686646	0.19432568550110	0.26351299881935	65.000000000000	0.00000000000000
27.540000915527	0.19560870528221	0.26432937383652	65.000000000000	0.00000000000000
27.549999237061	0.19689160585403	0.26513984799385	65.000000000000	0.00000000000000
27.559999465942	0.19817435741425	0.26594451069832	65.000000000000	0.00000000000000
27.569999694824	0.19945690035820	0.26674327254295	65.000000000000	0.00000000000000
27.579999923706	0.20073929429054	0.26753625273705	65.000000000000	0.00000000000000
27.590000152588	0.20202149450779	0.26832345128059	65.000000000000	0.00000000000000
27.600000381470	0.20330342650414	0.26910483837128	65.000000000000	0.00000000000000
27.610000610352	0.20458512008190	0.26988050341606	65.000000000000	0.00000000000000
27.620000839233	0.20586647093296	0.27065038681030	65.000000000000	0.00000000000000
27.629999160767	0.20714759826660	0.27141457796097	65.000000000000	0.00000000000000
27.639999389648	0.20842830836773	0.27217307686806	65.000000000000	0.00000000000000
27.649999618530	0.20970869064331	0.27292588353157	65.000000000000	0.00000000000000
27.659999847412	0.21098861098289	0.27367302775383	65.000000000000	0.00000000000000
27.670000076294	0.21226817369461	0.27441453933716	65.000000000000	0.00000000000000
27.680000305176	0.21354730427265	0.27515041828156	65.000000000000	0.00000000000000
27.690000534058	0.21482597291470	0.27588075399399	65.000000000000	0.00000000000000
27.700000762939	0.21610413491726	0.27660545706749	65.000000000000	0.00000000000000
27.709999084473	0.21738180518150	0.27732461690903	65.000000000000	0.00000000000000
27.719999313354	0.21865889430046	0.27803823351860	65.000000000000	0.00000000000000
27.729999542236	0.21993549168110	0.27874636650085	65.000000000000	0.00000000000000
27.739999771118	0.22121149301529	0.27944895625114	65.000000000000	0.00000000000000
27.750000000000	0.22248686850071	0.28014609217644	65.000000000000	0.00000000000000
27.760000228882	0.22376166284084	0.28083777427673	65.000000000000	0.00000000000000
27.770000457764	0.22503575682640	0.28152400255203	65.000000000000	0.00000000000000
27.780000686646	0.22630926966667	0.28220483660698	65.000000000000	0.00000000000000
27.790000915527	0.22758194804192	0.28288027644157	65.000000000000	0.00000000000000
27.799999237061	0.22885400056839	0.28355032205582	65.000000000000	0.00000000000000
27.809999465942	0.23012538254261	0.28421503305435	65.000000000000	0.00000000000000
27.819999694824	0.23139594495296	0.28487443923950	65.000000000000	0.00000000000000
27.829999923706	0.23266576230526	0.28552851080894	65.000000000000	0.00000000000000
27.840000152588	0.23393471539021	0.28617727756500	65.000000000000	0.00000000000000
27.850000381470	0.23520293831825	0.28682076931000	65.000000000000	0.00000000000000
27.860000610352	0.23647029697895	0.28745904564857	65.000000000000	0.00000000000000
27.870000839233	0.23773679137230	0.28809210658073	65.000000000000	0.00000000000000
27.879999160767	0.23900248110294	0.28871989250183	65.000000000000	0.00000000000000
27.889999389648	0.24026715755463	0.28934258222580	65.000000000000	0.00000000000000
27.899999618530	0.24153102934361	0.28996002674103	65.000000000000	0.00000000000000
27.909999847412	0.24279391765594	0.29057240486145	65.000000000000	0.00000000000000
27.920000076294	0.24405580759048	0.29117962718010	65.000000000000	0.00000000000000
27.930000305176	0.24531683325768	0.29178172349930	65.000000000000	0.00000000000000
27.940000534058	0.24657677114010	0.29237878322601	65.000000000000	0.00000000000000
27.950000762939	0.24783577024937	0.29297077655792	65.000000000000	0.00000000000000
27.959999084473	0.24909369647503	0.29355773329735	65.000000000000	0.00000000000000
27.969999313354	0.25035065412521	0.29413965344429	65.000000000000	0.00000000000000
27.979999542236	0.25160649418831	0.29471656680107	65.000000000000	0.00000000000000
27.989999771118	0.25286126136780	0.29528856277466	65.000000000000	0.00000000000000
28.000000000000	0.25411498546600	0.29585558176041	65.000000000000	0.00000000000000
28.010000228882	0.25536751747131	0.29641762375832	65.000000000000	0.00000000000000
28.020000457764	0.25661897659302	0.29697480797768	65.000000000000	0.00000000000000
28.030000686646	0.25786924362183	0.29752710461617	65.000000000000	0.00000000000000
28.040000915527	0.25911831855774	0.29807451367378	65.000000000000	0.00000000000000
28.049999237061	0.26036632061005	0.29861709475517	65.000000000000	0.00000000000000
28.059999465942	0.26161304116249	0.29915484786034	65.000000000000	0.00000000000000
28.069999694824	0.26285859942436	0.29968774318695	65.000000000000	0.00000000000000
28.079999923706	0.26410290598869	0.30021592974663	65.000000000000	0.00000000000000
28.090000152588	0.26534596085548	0.30073931813240	65.000000000000	0.00000000000000
28.100000381470	0.26658782362938	0.30125799775124	65.000000000000	0.00000000000000
28.110000610352	0.26782831549644	0.30177193880081	65.000000000000	0.00000000000000
28.120000839233	0.26906758546829	0.30228117108345	65.000000000000	0.00000000000000
28.129999160767	0.27030554413795	0.30278569459915	65.000000000000	0.00000000000000
28.139999389648	0.27154219150543	0.30328559875488	65.000000000000	0.00000000000000
28.149999618530	0.27277752757072	0.30378091335297	65.000000000000	0.00000000000000
28.159999847412	0.27401143312454	0.30427154898643	65.000000000000	0.00000000000000
28.170000076294	0.27524402737617	0.30475762486458	65.000000000000	0.00000000000000
28.180000305176	0.27647525072098	0.30523911118507	65.000000000000	0.00000000000000
28.190000534058	0.27770510315895	0.30571606755257	65.000000000000	0.00000000000000
28.200000762939	0.27893355488777	0.30618846416473	65.000000000000	0.00000000000000
28.209999084473	0.28016051650047	0.30665636062622	65.000000000000	0.00000000000000
28.219999313354	0.28138613700867	0.30711981654167	65.000000000000	0.00000000000000
28.229999542236	0.28261029720306	0.30757877230644	65.000000000000	0.00000000000000
28.239999771118	0.28383293747902	0.30803325772285	65.000000000000	0.00000000000000
28.250000000000	0.28505420684814	0.30848336219788	65.000000000000	0.00000000000000
28.260000228882	0.28627395629883	0.30892899632454	65.000000000000	0.00000000000000
28.270000457764	0.28749221563339	0.30937027931213	65.000000000000	0.00000000000000
28.280000686646	0.28870898485184	0.30980727076530	65.000000000000	0.00000000000000
28.290000915527	0.28992417454720	0.31023985147476	65.000000000000	0.00000000000000
28.299999237061	0.29113787412643	0.31066811084747	65.000000000000	0.00000000000000
28.309999465942	0.29234996438026	0.31109207868576	65.000000000000	0.00000000000000
28.319999694824	0.29356059432030	0.31151181459427	65.000000000000	0.00000000000000
28.329999923706	0.29476973414421	0.31192722916603	65.000000000000	0.00000000000000
28.340000152588	0.29597714543343	0.31233841180801	65.000000000000	0.00000000000000
28.350000381470	0.29718300700188	0.31274539232254	65.000000000000	0.00000000000000
28.360000610352	0.29838731884956	0.31314817070961	65.000000000000	0.00000000000000
28.370000839233	0.29959005117416	0.31354683637619	65.000000000000	0.00000000000000
28.379999160767	0.30079105496407	0.31394127011299	65.000000000000	0.00000000000000
28.389999389648	0.30199047923088	0.31433159112930	65.000000000000	0.00000000000000
28.399999618530	0.30318832397461	0.31471776962280	65.000000000000	0.00000000000000
28.409999847412	0.30438438057899	0.31509989500046	65.000000000000	0.00000000000000
28.420000076294	0.30557894706726	0.31547793745995	65.000000000000	0.00000000000000
28.430000305176	0.30677178502083	0.31585195660591	65.000000000000	0.00000000000000
28.440000534058	0.30796289443970	0.31622186303139	65.000000000000	0.00000000000000
28.450000762939	0.30915227532387	0.31658780574799	65.000000000000	0.00000000000000
28.459999084473	0.31034004688263	0.31694975495338	65.000000000000	0.00000000000000
28.469999313354	0.31152614951134	0.31730774044991	65.000000000000	0.00000000000000
28.479999542236	0.31271046400070	0.31766179203987	65.000000000000	0.00000000000000
28.489999771118	0.31389304995537	0.31801187992096	65.000000000000	0.00000000000000
28.500000000000	0.31507390737534	0.31835806369781	65.000000000000	0.00000000000000
28.510000228882	0.31625306606293	0.31870037317276	65.000000000000	0.00000000000000
28.520000457764	0.31743040680885	0.31903877854347	65.000000000000	0.00000000000000
28.530000686646	0.31860601902008	0.31937333941460	65.000000000000	0.00000000000000
28.540000915527	0.31977984309196	0.31970405578613	65.000000000000	0.00000000000000
28.549999237061	0.32095193862915	0.32003098726273	65.000000000000	0.00000000000000
28.559999465942	0.32212215662003	0.32035413384438	65.000000000000	0.00000000000000
28.569999694824	0.32329067587852	0.32067346572876	65.000000000000	0.00000000000000
28.579999923706	0.32445740699768	0.32098910212517	65.000000000000	0.00000000000000
28.590000152588	0.32562232017517	0.32130095362663	65.000000000000	0.00000000000000
28.600000381470	0.32678544521332	0.32160910964012	65.000000000000	0.00000000000000
28.610000610352	0.32794669270515	0.32191354036331	65.000000000000	0.00000000000000
28.620000839233	0.32910615205765	0.32221430540085	65.000000000000	0.00000000000000
28.629999160767	0.33026364445686	0.32251152396202	65.000000000000	0.00000000000000
28.639999389648	0.33141946792603	0.32280489802361	65.000000000000	0.00000000000000
28.649999618530	0.33257335424423	0.32309481501579	65.000000000000	0.00000000000000
28.659999847412	0.33372536301613	0.32338112592697	65.000000000000	0.00000000000000
28.670000076294	0.33487552404404	0.32366380095482	65.000000000000	0.00000000000000
28.680000305176	0.33602368831635	0.32394304871559	65.000000000000	0.00000000000000
28.690000534058	0.33717030286789	0.32421845197678	65.000000000000	0.00000000000000
28.700000762939	0.33831462264061	0.32449078559875	65.000000000000	0.00000000000000
28.709999084473	0.33945748209953	0.32475918531418	65.000000000000	0.00000000000000
28.719999313354	0.34059813618660	0.32502433657646	65.000000000000	0.00000000000000
28.729999542236	0.34173694252968	0.32528606057167	65.000000000000	0.00000000000000
28.739999771118	0.34287393093109	0.32554414868355	65.000000000000	0.00000000000000
28.750000000000	0.34400892257690	0.32579898834229	65.000000000000	0.00000000000000
28.760000228882	0.34514212608337	0.32605022192001	65.000000000000	0.00000000000000
28.770000457764	0.34627339243889	0.32629811763763	65.000000000000	0.00000000000000
28.780000686646	0.34740260243416	0.32654279470444	65.000000000000	0.00000000000000
28.790000915527	0.34852999448776	0.32678392529488	65.000000000000	0.00000000000000
28.799999237061	0.34965527057648	0.32702195644379	65.000000000000	0.00000000000000
28.809999465942	0.35077875852585	0.32725647091866	65.000000000000	0.00000000000000
28.819999694824	0.35190030932426	0.32748776674271	65.000000000000	0.00000000000000
28.829999923706	0.35302001237869	0.32771560549736	65.000000000000	0.00000000000000
28.840000152588	0.35413759946823	0.32794031500816	65.000000000000	0.00000000000000
28.850000381470	0.35525304079056	0.32816204428673	65.000000000000	0.00000000000000
28.860000610352	0.35636681318283	0.32838019728661	65.000000000000	0.00000000000000
28.870000839233	0.35747841000557	0.32859537005424	65.000000000000	0.00000000000000
28.879999160767	0.35858830809593	0.32880708575249	65.000000000000	0.00000000000000
28.889999389648	0.35969606041908	0.32901576161385	65.000000000000	0.00000000000000
28.899999618530	0.36080160737038	0.32922151684761	65.000000000000	0.00000000000000
28.909999847412	0.36190548539162	0.32942384481430	65.000000000000	0.00000000000000
28.920000076294	0.36300748586655	0.32962289452553	65.000000000000	0.00000000000000
28.930000305176	0.36410710215569	0.32981926202774	65.000000000000	0.00000000000000
28.940000534058	0.36520484089851	0.33001232147217	65.000000000000	0.00000000000000
28.950000762939	0.36630070209503	0.33020234107971	65.000000000000	0.00000000000000
28.959999084473	0.36739450693130	0.33038938045502	65.000000000000	0.00000000000000
28.969999313354	0.36848625540733	0.33057329058647	65.000000000000	0.00000000000000
28.979999542236	0.36957612633705	0.33075422048569	65.000000000000	0.00000000000000
28.989999771118	0.37066388130188	0.33093217015266	65.000000000000	0.00000000000000
29.000000000000	0.37174957990646	0.33110710978508	65.000000000000	0.00000000000000
29.010000228882	0.37283334136009	0.33127915859222	65.000000000000	0.00000000000000
29.020000457764	0.37391501665115	0.33144816756248	65.000000000000	0.00000000000000
29.030000686646	0.37499475479126	0.33161428570747	65.000000000000	0.00000000000000
29.040000915527	0.37607240676880	0.33177751302719	65.000000000000	0.00000000000000
29.049999237061	0.37714800238609	0.33193784952164	65.000000000000	0.00000000000000
29.059999465942	0.37822160124779	0.33209529519081	65.000000000000	0.00000000000000
29.069999694824	0.37929314374924	0.33224985003471	65.000000000000	0.00000000000000
29.079999923706	0.38036262989044	0.33240151405334	65.000000000000	0.00000000000000
29.090000152588	0.38143017888069	0.33255046606064	65.000000000000	0.00000000000000
29.100000381470	0.38249561190605	0.33269652724266	65.000000000000	0.00000000000000
29.110000610352	0.38355901837349	0.33283981680870	65.000000000000	0.00000000000000
29.120000839233	0.38462036848068	0.33298033475876	65.000000000000	0.00000000000000
29.129999160767	0.38567960262299	0.33311808109283	65.000000000000	0.00000000000000
29.139999389648	0.38673689961433	0.33325308561325	65.000000000000	0.00000000000000
29.149999618530	0.38779208064079	0.33338534832001	65.000000000000	0.00000000000000
29.159999847412	0.38884535431862	0.33351489901543	65.000000000000	0.00000000000000
29.170000076294	0.38989639282227	0.33364173769951	65.000000000000	0.00000000000000
29.180000305176	0.39094543457031	0.33376592397690	65.000000000000	0.00000000000000
29.190000534058	0.39199241995811	0.33388739824295	65.000000000000	0.00000000000000
29.200000762939	0.39303737878799	0.33400627970695	65.000000000000	0.00000000000000
29.209999084473	0.39408025145531	0.33412247896194	65.000000000000	0.00000000000000
29.219999313354	0.39512100815773	0.33423602581024	65.000000000000	0.00000000000000
29.229999542236	0.39615979790688	0.33434706926346	65.000000000000	0.00000000000000
29.239999771118	0.39719644188881	0.33445549011230	65.000000000000	0.00000000000000
29.250000000000	0.39823114871979	0.33456125855446	65.000000000000	0.00000000000000
29.260000228882	0.39926362037659	0.33466458320618	65.000000000000	0.00000000000000
29.270000457764	0.40029421448708	0.33476525545120	65.000000000000	0.00000000000000
29.280000686646	0.40132263302803	0.33486345410347	65.000000000000	0.00000000000000
29.290000915527	0.40234890580177	0.33495911955833	65.000000000000	0.00000000000000
29.299999237061	0.40337321162224	0.33505231142044	65.000000000000	0.00000000000000
29.309999465942	0.40439546108246	0.33514302968979	65.000000000000	0.00000000000000
29.319999694824	0.40541562438011	0.33523124456406	65.000000000000	0.00000000000000
29.329999923706	0.40643370151520	0.33531698584557	65.000000000000	0.00000000000000
29.340000152588	0.40744972229004	0.33540034294128	65.000000000000	0.00000000000000
29.350000381470	0.40846371650696	0.33548125624657	65.000000000000	0.00000000000000
29.360000610352	0.40947556495667	0.33555978536606	65.000000000000	0.00000000000000
29.370000839233	0.41048535704613	0.33563587069511	65.000000000000	0.00000000000000
29.379999160767	0.41149309277534	0.33570960164070	65.000000000000	0.00000000000000
29.389999389648	0.41249880194664	0.33578097820282	65.000000000000	0.00000000000000
29.399999618530	0.41350233554840	0.33585000038147	65.000000000000	0.00000000000000
29.409999847412	0.41450393199921	0.33591666817665	65.000000000000	0.00000000000000
29.420000076294	0.41550335288048	0.33598101139069	65.000000000000	0.00000000000000
29.430000305176	0.41650077700615	0.33604308962822	65.000000000000	0.00000000000000
29.440000534058	0.41749608516693	0.33610284328461	65.000000000000	0.00000000000000
29.450000762939	0.41848933696747	0.33616027235985	65.000000000000	0.00000000000000
29.459999084473	0.41948053240776	0.33621552586555	65.000000000000	0.00000000000000
29.469999313354	0.42046958208084	0.33626845479012	65.000000000000	0.00000000000000
29.479999542236	0.42145672440529	0.33631917834282	65.000000000000	0.00000000000000
29.489999771118	0.42244163155556	0.33636766672134	65.000000000000	0.00000000000000
29.500000000000	0.42342454195023	0.33641391992569	65.000000000000	0.00000000000000
29.510000228882	0.42440542578697	0.33645802736282	65.000000000000	0.00000000000000
29.520000457764	0.42538419365883	0.33649992942810	65.000000000000	0.00000000000000
29.530000686646	0.42636093497276	0.33653965592384	65.000000000000	0.00000000000000
29.540000915527	0.42733550071716	0.33657726645470	65.000000000000	0.00000000000000
29.549999237061	0.42830812931061	0.33661264181137	65.000000000000	0.00000000000000
29.559999465942	0.42927867174149	0.33664593100548	65.000000000000	0.00000000000000
29.569999694824	0.43024712800980	0.33667713403702	65.000000000000	0.00000000000000
29.579999923706	0.43121352791786	0.33670622110367	65.000000000000	0.00000000000000
29.590000152588	0.43217784166336	0.33673316240311	65.000000000000	0.00000000000000
29.600000381470	0.43314018845558	0.33675810694695	65.000000000000	0.00000000000000
29.610000610352	0.43410041928291	0.33678096532822	65.000000000000	0.00000000000000
29.620000839233	0.43505856394768	0.33680173754692	65.000000000000	0.00000000000000
29.629999160767	0.43601471185684	0.33682048320770	65.000000000000	0.00000000000000
29.639999389648	0.43696877360344	0.33683726191521	65.000000000000	0.00000000000000
29.649999618530	0.43792077898979	0.33685198426247	65.000000000000	0.00000000000000
29.659999847412	0.43887066841125	0.33686468005180	65.000000000000	0.00000000000000
29.670000076294	0.43981856107712	0.33687540888786	65.000000000000	0.00000000000000
29.680000305176	0.44076448678970	0.33688420057297	65.000000000000	0.00000000000000
29.690000534058	0.44170832633972	0.33689093589783	65.000000000000	0.00000000000000
29.700000762939	0.44265007972717	0.33689582347870	65.000000000000	0.00000000000000
29.709999084473	0.44358980655670	0.33689871430397	65.000000000000	0.00000000000000
29.719999313354	0.44452750682831	0.33689969778061	65.000000000000	0.00000000000000
29.729999542236	0.44546315073967	0.33689880371094	65.000000000000	0.00000000000000
29.739999771118	0.44639682769775	0.33689591288567	65.000000000000	0.00000000000000
29.750000000000	0.44732832908630	0.33689123392105	65.000000000000	0.00000000000000
29.760000228882	0.44825783371925	0.33688461780548	65.000000000000	0.00000000000000
29.770000457764	0.44918534159660	0.33687612414360	65.000000000000	0.00000000000000
29.780000686646	0.45011079311371	0.33686581254005	65.000000000000	0.00000000000000
29.790000915527	0.45103430747986	0.33685362339020	65.000000000000	0.00000000000000
29.799999237061	0.45195567607880	0.33683964610100	65.000000000000	0.00000000000000
29.809999465942	0.45287501811981	0.33682385087013	65.000000000000	0.00000000000000
29.819999694824	0.45379242300987	0.33680623769760	65.000000000000	0.00000000000000
29.829999923706	0.45470774173737	0.33678680658340	65.000000000000	0.00000000000000
29.840000152588	0.45562100410461	0.33676561713219	65.000000000000	0.00000000000000
29.850000381470	0.45653238892555	0.33674266934395	65.000000000000	0.00000000000000
29.860000610352	0.45744159817696	0.33671793341637	65.000000000000	0.00000000000000
29.870000839233	0.45834890007973	0.33669149875641	65.000000000000	0.00000000000000
29.879999160767	0.45925414562225	0.33666321635246	65.000000000000	0.00000000000000
29.889999389648	0.46015733480453	0.33663329482079	65.000000000000	0.00000000000000
29.899999618530	0.46105858683586	0.33660164475441	65.000000000000	0.00000000000000
29.909999847412	0.46195781230927	0.33656832575798	65.000000000000	0.00000000000000
29.920000076294	0.46285507082939	0.33653324842453	65.000000000000	0.00000000000000
29.930000305176	0.46375024318695	0.33649647235870	65.000000000000	0.00000000000000
29.940000534058	0.46464353799820	0.33645811676979	65.000000000000	0.00000000000000
29.950000762939	0.46553474664688	0.33641806244850	65.000000000000	0.00000000000000
29.959999084473	0.46642389893532	0.33637630939484	65.000000000000	0.00000000000000
29.969999313354	0.46731117367744	0.33633297681808	65.000000000000	0.00000000000000
29.979999542236	0.46819639205933	0.33628800511360	65.000000000000	0.00000000000000
29.989999771118	0.46907970309258	0.33624139428139	65.000000000000	0.00000000000000
30.000000000000	0.46996095776558	0.33619320392609	65.000000000000	0.00000000000000
30.010000228882	0.47084021568298	0.33614337444305	65.000000000000	0.00000000000000
30.020000457764	0.47171753644943	0.33609199523926	65.000000000000	0.00000000000000
30.030000686646	0.47259289026260	0.33603900671005	65.000000000000	0.00000000000000
30.040000915527	0.47346633672714	0.33598446846008	65.000000000000	0.00000000000000
30.049999237061	0.47433766722679	0.33592838048935	65.000000000000	0.00000000000000
30.059999465942	0.47520703077316	0.33587074279785	65.000000000000	0.00000000000000
30.069999694824	0.47607454657555	0.33581158518791	65.000000000000	0.00000000000000
30.079999923706	0.47694000601768	0.33575090765953	65.000000000000	0.00000000000000
30.090000152588	0.47780352830887	0.33568874001503	65.000000000000	0.00000000000000
30.100000381470	0.47866511344910	0.33562502264977	65.000000000000	0.00000000000000
30.110000610352	0.47952467203140	0.33555981516838	65.000000000000	0.00000000000000
30.120000839233	0.48038238286972	0.33549314737320	65.000000000000	0.00000000000000
30.129999160767	0.48123806715012	0.33542495965958	65.000000000000	0.00000000000000
30.139999389648	0.48209184408188	0.33535531163216	65.000000000000	0.00000000000000
30.149999618530	0.48294362425804	0.33528426289558	65.000000000000	0.00000000000000
30.159999847412	0.48379352688789	0.33521172404289	65.000000000000	0.00000000000000
30.170000076294	0.48464146256447	0.33513778448105	65.000000000000	0.00000000000000
30.180000305176	0.48548743128777	0.33506238460541	65.000000000000	0.00000000000000
30.190000534058	0.48633149266243	0.33498561382294	65.000000000000	0.00000000000000
30.200000762939	0.48717358708382	0.33490738272667	65.000000000000	0.00000000000000
30.209999084473	0.48801386356354	0.33482778072357	65.000000000000	0.00000000000000
30.219999313354	0.48885214328766	0.33474680781364	65.000000000000	0.00000000000000
30.229999542236	0.48968842625618	0.33466440439224	65.000000000000	0.00000000000000
30.239999771118	0.49052286148071	0.33458065986633	65.000000000000	0.00000000000000
30.250000000000	0.49135535955429	0.33449554443359	65.000000000000	0.00000000000000
30.260000228882	0.49218598008156	0.33440908789635	65.000000000000	0.00000000000000
30.270000457764	0.49301460385323	0.33432132005692	65.000000000000	0.00000000000000
30.280000686646	0.49384143948555	0.33423212170601	65.000000000000	0.00000000000000
30.290000915527	0.49466633796692	0.33414173126221	65.000000000000	0.00000000000000
30.299999237061	0.49548926949501	0.33404994010925	65.000000000000	0.00000000000000
30.309999465942	0.49631032347679	0.33395683765411	65.000000000000	0.00000000000000
30.319999694824	0.49712944030762	0.33386251330376	65.000000000000	0.00000000000000
30.329999923706	0.49794673919678	0.33376681804657	65.000000000000	0.00000000000000
30.340000152588	0.49876213073730	0.33366990089417	65.000000000000	0.00000000000000
30.350000381470	0.49957573413849	0.33357170224190	65.000000000000	0.00000000000000
30.360000610352	0.50038737058640	0.33347219228745	65.000000000000	0.00000000000000
30.370000839233	0.50119704008102	0.33337152004242	65.000000000000	0.00000000000000
30.379999160767	0.50200492143631	0.33326953649521	65.000000000000	0.00000000000000
30.389999389648	0.50281089544296	0.33316630125046	65.000000000000	0.00000000000000
30.399999618530	0.50361508131027	0.33306184411049	65.000000000000	0.00000000000000
30.409999847412	0.50441724061966	0.33295619487762	65.000000000000	0.00000000000000
30.420000076294	0.50521767139435	0.33284935355186	65.000000000000	0.00000000000000
30.430000305176	0.50601619482040	0.33274129033089	65.000000000000	0.00000000000000
30.440000534058	0.50681281089783	0.33263197541237	65.000000000000	0.00000000000000
30.450000762939	0.50760769844055	0.33252152800560	65.000000000000	0.00000000000000
30.459999084473	0.50840061903000	0.33240991830826	65.000000000000	0.00000000000000
30.469999313354	0.50919169187546	0.33229714632034	65.000000000000	0.00000000000000
30.479999542236	0.50998103618622	0.33218321204185	65.000000000000	0.00000000000000
30.489999771118	0.51076841354370	0.33206805586815	65.000000000000	0.00000000000000
30.500000000000	0.51155400276184	0.33195179700851	65.000000000000	0.00000000000000
30.510000228882	0.51233780384064	0.33183440566063	65.000000000000	0.00000000000000
30.520000457764	0.51311963796616	0.33171588182449	65.000000000000	0.00000000000000
30.530000686646	0.51389974355698	0.33159616589546	65.000000000000	0.00000000000000
30.540000915527	0.51467800140381	0.33147540688515	65.000000000000	0.00000000000000
30.549999237061	0.51545447111130	0.33135357499123	65.000000000000	0.00000000000000
30.559999465942	0.51622909307480	0.33123058080673	65.000000000000	0.00000000000000
30.569999694824	0.51700186729431	0.33110651373863	65.000000000000	0.00000000000000
30.579999923706	0.51777285337448	0.33098137378693	65.000000000000	0.00000000000000
30.590000152588	0.51854193210602	0.33085516095161	65.000000000000	0.00000000000000
30.600000381470	0.51930940151215	0.33072784543037	65.000000000000	0.00000000000000
30.610000610352	0.52007496356964	0.33059951663017	65.000000000000	0.00000000000000
30.620000839233	0.52083873748779	0.33047011494637	65.000000000000	0.00000000000000
30.629999160767	0.52160072326660	0.33033964037895	65.000000000000	0.00000000000000
30.639999389648	0.52236086130142	0.33020821213722	65.000000000000	0.00000000000000
30.649999618530	0.52311927080154	0.33007565140724	65.000000000000	0.00000000000000
30.659999847412	0.52387589216232	0.32994219660759	65.000000000000	0.00000000000000
30.670000076294	0.52463072538376	0.32980760931969	65.000000000000	0.00000000000000
30.680000305176	0.52538371086121	0.32967203855515	65.000000000000	0.00000000000000
30.690000534058	0.52613502740860	0.32953542470932	65.000000000000	0.00000000000000
30.700000762939	0.52688449621201	0.32939785718918	65.000000000000	0.00000000000000
30.709999084473	0.52763223648071	0.32925936579704	65.000000000000	0.00000000000000
30.719999313354	0.52837824821472	0.32911986112595	65.000000000000	0.00000000000000
30.729999542236	0.52912235260010	0.32897934317589	65.000000000000	0.00000000000000
30.739999771118	0.52986484766006	0.32883787155151	65.000000000000	0.00000000000000
30.750000000000	0.53060549497604	0.32869544625282	65.000000000000	0.00000000000000
30.760000228882	0.53134447336197	0.32855206727982	65.000000000000	0.00000000000000
30.770000457764	0.53208160400391	0.32840773463249	65.000000000000	0.00000000000000
30.780000686646	0.53281706571579	0.32826253771782	65.000000000000	0.00000000000000
30.790000915527	0.53355079889297	0.32811632752419	65.000000000000	0.00000000000000
30.799999237061	0.53428274393082	0.32796922326088	65.000000000000	0.00000000000000
30.809999465942	0.53501296043396	0.32782113552094	65.000000000000	0.00000000000000
30.819999694824	0.53574144840240	0.32767221331596	65.000000000000	0.00000000000000
30.829999923706	0.53646820783615	0.32752236723900	65.000000000000	0.00000000000000
30.840000152588	0.53719329833984	0.32737159729004	65.000000000000	0.00000000000000
30.850000381470	0.53791660070419	0.32721996307373	65.000000000000	0.00000000000000
30.860000610352	0.53863817453384	0.32706743478775	65.000000000000	0.00000000000000
30.870000839233	0.53935801982880	0.32691401243210	65.000000000000	0.00000000000000
30.879999160767	0.54007625579834	0.32675978541374	65.000000000000	0.00000000000000
30.889999389648	0.54079270362854	0.32660466432571	65.000000000000	0.00000000000000
30.899999618530	0.54150754213333	0.32644864916801	65.000000000000	0.00000000000000
30.909999847412	0.54222059249878	0.32629176974297	65.000000000000	0.00000000000000
30.920000076294	0.54293191432953	0.32613408565521	65.000000000000	0.00000000000000
30.930000305176	0.54364162683487	0.32597556710243	65.000000000000	0.00000000000000
30.940000534058	0.54434961080551	0.32581618428230	65.000000000000	0.00000000000000
30.950000762939	0.54505592584610	0.32565599679947	65.000000000000	0.00000000000000
30.959999084473	0.54576051235199	0.32549494504929	65.000000000000	0.00000000000000
30.969999313354	0.54646342992783	0.32533314824104	65.000000000000	0.00000000000000
30.979999542236	0.54716467857361	0.32517051696777	65.000000000000	0.00000000000000
30.989999771118	0.54786425828934	0.32500708103180	65.000000000000	0.00000000000000
31.000000000000	0.54856216907501	0.32484284043312	65.000000000000	0.00000000000000
31.010000228882	0.54925847053528	0.32467779517174	65.000000000000	0.00000000000000
31.020000457764	0.54995304346085	0.32451194524765	65.000000000000	0.00000000000000
31.030000686646	0.55064600706100	0.32434540987015	65.000000000000	0.00000000000000
31.040000915527	0.55133724212646	0.32417801022530	65.000000000000	0.00000000000000
31.049999237061	0.55202686786652	0.32400986552238	65.000000000000	0.00000000000000
31.059999465942	0.55271482467651	0.32384097576141	65.000000000000	0.00000000000000
31.069999694824	0.55340123176575	0.32367137074471	65.000000000000	0.00000000000000
31.079999923706	0.55408591032028	0.32350093126297	65.000000000000	0.00000000000000
31.090000152588	0.55476891994476	0.32332977652550	65.000000000000	0.00000000000000
31.100000381470	0.55545037984848	0.32315790653229	65.000000000000	0.00000000000000
31.110000610352	0.55613023042679	0.32298535108566	65.000000000000	0.00000000000000
31.120000839233	0.55680835247040	0.32281199097633	65.000000000000	0.00000000000000
31.129999160767	0.55748486518860	0.32263791561127	65.000000000000	0.00000000000000
31.139999389648	0.55815982818604	0.32246315479279	65.000000000000	0.00000000000000
31.149999618530	0.55883312225342	0.32228764891624	65.000000000000	0.00000000000000
31.159999847412	0.55950480699539	0.32211151719093	65.000000000000	0.00000000000000
31.170000076294	0.56017488241196	0.32193464040756	65.000000000000	0.00000000000000
31.180000305176	0.56084334850311	0.32175704836845	65.000000000000	0.00000000000000
31.190000534058	0.56151026487350	0.32157880067825	65.000000000000	0.00000000000000
31.200000762939	0.56217557191849	0.32139983773232	65.000000000000	0.00000000000000
31.209999084473	0.56283921003342	0.32122021913528	65.000000000000	0.00000000000000
31.219999313354	0.56350129842758	0.32103994488716	65.000000000000	0.00000000000000
31.229999542236	0.56416177749634	0.32085895538330	65.000000000000	0.00000000000000
31.239999771118	0.56482064723969	0.32067734003067	65.000000000000	0.00000000000000
31.250000000000	0.56547802686691	0.32049506902695	65.000000000000	0.00000000000000
31.260000228882	0.56613385677338	0.32031214237213	65.000000000000	0.00000000000000
31.270000457764	0.56678795814514	0.32012858986855	65.000000000000	0.00000000000000
31.280000686646	0.56744062900543	0.31994438171387	65.000000000000	0.00000000000000
31.290000915527	0.56809163093567	0.31975954771042	65.000000000000	0.00000000000000
31.299999237061	0.56874108314514	0.31957402825356	65.000000000000	0.00000000000000
31.309999465942	0.56938904523849	0.31938800215721	65.000000000000	0.00000000000000
31.319999694824	0.57003545761108	0.31920123100281	65.000000000000	0.00000000000000
31.329999923706	0.57068026065826	0.31901395320892	65.000000000000	0.00000000000000
31.340000152588	0.57132351398468	0.31882598996162	65.000000000000	0.00000000000000
31.350000381470	0.57196521759033	0.31863743066788	65.000000000000	0.00000000000000
31.360000610352	0.57260537147522	0.31844830513000	65.000000000000	0.00000000000000
31.370000839233	0.57324397563934	0.31825861334801	65.000000000000	0.00000000000000
31.379999160767	0.57388114929199	0.31806829571724	65.000000000000	0.00000000000000
31.389999389648	0.57451665401459	0.31787738204002	65.000000000000	0.00000000000000
31.399999618530	0.57515078783035	0.31768590211868	65.000000000000	0.00000000000000
31.409999847412	0.57578337192535	0.31749376654625	65.000000000000	0.00000000000000
31.420000076294	0.57641422748566	0.31730136275291	65.000000000000	0.00000000000000
31.430000305176	0.57704383134842	0.31710785627365	65.000000000000	0.00000000000000
31.440000534058	0.57767170667648	0.31691440939903	65.000000000000	0.00000000000000
31.450000762939	0.57829809188843	0.31672012805939	65.000000000000	0.00000000000000
31.459999084473	0.57892316579819	0.31652513146400	65.000000000000	0.00000000000000
31.469999313354	0.57954663038254	0.31632956862450	65.000000000000	0.00000000000000
31.479999542236	0.58016848564148	0.31613385677338	65.000000000000	0.00000000000000
31.489999771118	0.58078891038895	0.31593734025955	65.000000000000	0.00000000000000
31.500000000000	0.58140784502029	0.31574034690857	65.000000000000	0.00000000000000
31.510000228882	0.58202528953552	0.31554287672043	65.000000000000	0.00000000000000
31.520000457764	0.58264130353928	0.31534469127655	65.000000000000	0.00000000000000
31.530000686646	0.58325582742691	0.31514599919319	65.000000000000	0.00000000000000
31.540000915527	0.58386874198914	0.31494715809822	65.000000000000	0.00000000000000
31.549999237061	0.58448034524918	0.31474733352661	65.000000000000	0.00000000000000
31.559999465942	0.58509057760239	0.31454706192017	65.000000000000	0.00000000000000
31.569999694824	0.58569902181625	0.31434661149979	65.000000000000	0.00000000000000
31.579999923706	0.58630615472794	0.31414547562599	65.000000000000	0.00000000000000
31.590000152588	0.58691179752350	0.31394392251968	65.000000000000	0.00000000000000
31.600000381470	0.58751595020294	0.31374195218086	65.000000000000	0.00000000000000
31.610000610352	0.58811873197556	0.31353929638863	65.000000000000	0.00000000000000
31.620000839233	0.58872008323669	0.31333622336388	65.000000000000	0.00000000000000
31.629999160767	0.58931982517242	0.31313276290894	65.000000000000	0.00000000000000
31.639999389648	0.58991819620132	0.31292876601219	65.000000000000	0.00000000000000
31.649999618530	0.59051519632339	0.31272432208061	65.000000000000	0.00000000000000
31.659999847412	0.59111070632935	0.31251937150955	65.000000000000	0.00000000000000
31.670000076294	0.59170484542847	0.31231403350830	65.000000000000	0.00000000000000
31.680000305176	0.59229749441147	0.31210818886757	65.000000000000	0.00000000000000
31.690000534058	0.59288871288300	0.31190195679665	65.000000000000	0.00000000000000
31.700000762939	0.59347850084305	0.31169518828392	65.000000000000	0.00000000000000
31.709999084473	0.59406691789627	0.31148806214333	65.000000000000	0.00000000000000
31.719999313354	0.59465396404266	0.31128042936325	65.000000000000	0.00000000000000
31.729999542236	0.59523946046829	0.31107240915298	65.000000000000	0.00000000000000
31.739999771118	0.59582364559174	0.31086394190788	65.000000000000	0.00000000000000
31.750000000000	0.59640640020370	0.31065505743027	65.000000000000	0.00000000000000
31.760000228882	0.59698766469955	0.31044575572014	65.000000000000	0.00000000000000
31.770000457764	0.59756767749786	0.31023603677750	65.000000000000	0.00000000000000
31.780000686646	0.59814614057541	0.31002590060234	65.000000000000	0.00000000000000
31.790000915527	0.59872335195541	0.30981531739235	65.000000000000	0.00000000000000
31.799999237061	0.59929907321930	0.30960437655449	65.000000000000	0.00000000000000
31.809999465942	0.59987342357635	0.30939301848412	65.000000000000	0.00000000000000
31.819999694824	0.60044646263123	0.30918127298355	65.000000000000	0.00000000000000
31.829999923706	0.60101813077927	0.30896914005280	65.000000000000	0.00000000000000
31.840000152588	0.60158836841583	0.30875658988953	65.000000000000	0.00000000000000
31.850000381470	0.60215723514557	0.30854368209839	65.000000000000	0.00000000000000
31.860000610352	0.60272479057312	0.30833035707474	65.000000000000	0.00000000000000
31.870000839233	0.60329091548920	0.30811670422554	65.000000000000	0.00000000000000
31.879999160767	0.60385560989380	0.30790260434151	65.000000000000	0.00000000000000
31.889999389648	0.60441899299622	0.30768820643425	65.000000000000	0.00000000000000
31.899999618530	0.60498106479645	0.30747336149216	65.000000000000	0.00000000000000
31.909999847412	0.60554182529449	0.30725821852684	65.000000000000	0.00000000000000
31.920000076294	0.60610115528107	0.30704271793365	65.000000000000	0.00000000000000
31.930000305176	0.60665917396545	0.30682682991028	65.000000000000	0.00000000000000
31.940000534058	0.60721588134766	0.30661058425903	65.000000000000	0.00000000000000
31.950000762939	0.60777127742767	0.30639401078224	65.000000000000	0.00000000000000
31.959999084473	0.60832524299622	0.30617704987526	65.000000000000	0.00000000000000
31.969999313354	0.60887789726257	0.30595979094505	65.000000000000	0.00000000000000
31.979999542236	0.60942924022675	0.30574220418930	65.000000000000	0.00000000000000
31.989999771118	0.60997927188873	0.30552423000336	65.000000000000	0.00000000000000
32.000000000000	0.61052799224854	0.30530595779419	65.000000000000	0.00000000000000
32.009998321533	0.61107528209686	0.30508732795715	65.000000000000	0.00000000000000
32.020000457764	0.61162137985229	0.30486837029457	65.000000000000	0.00000000000000
32.029998779297	0.61216616630554	0.30464911460876	65.000000000000	0.00000000000000
32.040000915527	0.61270952224731	0.30442953109741	65.000000000000	0.00000000000000
32.049999237061	0.61325174570084	0.30420964956284	65.000000000000	0.00000000000000
32.060001373291	0.61379259824753	0.30398941040039	65.000000000000	0.00000000000000
32.069999694824	0.61433219909668	0.30376887321472	65.000000000000	0.00000000000000
32.080001831055	0.61487048864365	0.30354809761047	65.000000000000	0.00000000000000
32.090000152588	0.61540740728378	0.30332696437836	65.000000000000	0.00000000000000
32.099998474121	0.61594313383102	0.30310553312302	65.000000000000	0.00000000000000
32.110000610352	0.61647742986679	0.30288380384445	65.000000000000	0.00000000000000
32.119998931885	0.61701053380966	0.30266174674034	65.000000000000	0.00000000000000
32.130001068115	0.61754238605499	0.30243948101997	65.000000000000	0.00000000000000
32.139999389648	0.61807298660278	0.30221688747406	65.000000000000	0.00000000000000
32.150001525879	0.61860227584839	0.30199399590492	65.000000000000	0.00000000000000
32.159999847412	0.61913031339645	0.30177083611488	65.000000000000	0.00000000000000
32.169998168945	0.61965709924698	0.30154740810394	65.000000000000	0.00000000000000
32.180000305176	0.62018263339996	0.30132368206978	65.000000000000	0.00000000000000
32.189998626709	0.62070691585541	0.30109968781471	65.000000000000	0.00000000000000
32.200000762939	0.62122988700867	0.30087542533875	65.000000000000	0.00000000000000
32.209999084473	0.62175160646439	0.30065092444420	65.000000000000	0.00000000000000
32.220001220703	0.62227213382721	0.30042612552643	65.000000000000	0.00000000000000
32.229999542236	0.62279134988785	0.30020105838776	65.000000000000	0.00000000000000
32.240001678467	0.62330937385559	0.29997578263283	65.000000000000	0.00000000000000
32.250000000000	0.62382620573044	0.29975023865700	65.000000000000	0.00000000000000
32.259998321533	0.62434172630310	0.29952439665794	65.000000000000	0.00000000000000
32.270000457764	0.62485605478287	0.29929834604263	65.000000000000	0.00000000000000
32.279998779297	0.62536919116974	0.29907205700874	65.000000000000	0.00000000000000
32.290000915527	0.62588095664978	0.29884549975395	65.000000000000	0.00000000000000
32.299999237061	0.62639158964157	0.29861873388290	65.000000000000	0.00000000000000
32.310001373291	0.62690109014511	0.29839169979095	65.000000000000	0.00000000000000
32.319999694824	0.62740927934647	0.29816445708275	65.000000000000	0.00000000000000
32.330001831055	0.62791633605957	0.29793694615364	65.000000000000	0.00000000000000
32.340000152588	0.62842214107513	0.29770925641060	65.000000000000	0.00000000000000
32.349998474121	0.62892669439316	0.29748129844666	65.000000000000	0.00000000000000
32.360000610352	0.62943005561829	0.29725310206413	65.000000000000	0.00000000000000
32.369998931885	0.62993234395981	0.29702472686768	65.000000000000	0.00000000000000
32.380001068115	0.63043332099915	0.29679611325264	65.000000000000	0.00000000000000
32.389999389648	0.63093316555023	0.29656732082367	65.000000000000	0.00000000000000
32.400001525879	0.63143175840378	0.29633828997612	65.000000000000	0.00000000000000
32.409999847412	0.63192915916443	0.29610902070999	65.000000000000	0.00000000000000
32.419998168945	0.63242548704147	0.29587954282761	65.000000000000	0.00000000000000
32.430000305176	0.63292056322098	0.29564991593361	65.000000000000	0.00000000000000
32.439998626709	0.63341444730759	0.29542005062103	65.000000000000	0.00000000000000
32.450000762939	0.63390719890594	0.29518994688988	65.000000000000	0.00000000000000
32.459999084473	0.63439881801605	0.29495972394943	65.000000000000	0.00000000000000
32.470001220703	0.63488918542862	0.29472926259041	65.000000000000	0.00000000000000
32.479999542236	0.63537842035294	0.29449856281281	65.000000000000	0.00000000000000
32.490001678467	0.63586646318436	0.29426774382591	65.000000000000	0.00000000000000
32.500000000000	0.63635349273682	0.29403674602509	65.000000000000	0.00000000000000
32.509998321533	0.63683927059174	0.29380550980568	65.000000000000	0.00000000000000
32.520000457764	0.63732397556305	0.29357409477234	65.000000000000	0.00000000000000
32.529998779297	0.63780742883682	0.29334253072739	65.000000000000	0.00000000000000
32.540000915527	0.63828969001770	0.29311078786850	65.000000000000	0.00000000000000
32.549999237061	0.63877093791962	0.29287883639336	65.000000000000	0.00000000000000
32.560001373291	0.63925099372864	0.29264670610428	65.000000000000	0.00000000000000
32.569999694824	0.63972991704941	0.29241439700127	65.000000000000	0.00000000000000
32.580001831055	0.64020776748657	0.29218196868896	65.000000000000	0.00000000000000
32.590000152588	0.64068442583084	0.29194939136505	65.000000000000	0.00000000000000
32.599998474121	0.64115995168686	0.29171657562256	65.000000000000	0.00000000000000
32.610000610352	0.64163440465927	0.29148364067078	65.000000000000	0.00000000000000
32.619998931885	0.64210772514343	0.29125049710274	65.000000000000	0.00000000000000
32.630001068115	0.64257991313934	0.29101723432541	65.000000000000	0.00000000000000
32.639999389648	0.64305102825165	0.29078382253647	65.000000000000	0.00000000000000
32.650001525879	0.64352101087570	0.29055020213127	65.000000000000	0.00000000000000
32.659999847412	0.64398992061615	0.29031649231911	65.000000000000	0.00000000000000
32.669998168945	0.64445769786835	0.29008260369301	65.000000000000	0.00000000000000
32.680000305176	0.64492434263229	0.28984856605530	65.000000000000	0.00000000000000
32.689998626709	0.64538991451263	0.28961437940598	65.000000000000	0.00000000000000
32.700000762939	0.64585447311401	0.28938010334969	65.000000000000	0.00000000000000
32.709999084473	0.64631783962250	0.28914561867714	65.000000000000	0.00000000000000
32.720001220703	0.64678019285202	0.28891101479530	65.000000000000	0.00000000000000
32.729999542236	0.64724141359329	0.28867623209953	65.000000000000	0.00000000000000
32.740001678467	0.64770156145096	0.28844141960144	65.000000000000	0.00000000000000
32.750000000000	0.64816063642502	0.28820633888245	65.000000000000	0.00000000000000
32.759998321533	0.64861869812012	0.28797125816345	65.000000000000	0.00000000000000
32.770000457764	0.64907556772232	0.28773593902588	65.000000000000	0.00000000000000
32.779998779297	0.64953142404556	0.28750056028366	65.000000000000	0.00000000000000
32.790000915527	0.64998626708984	0.28726500272751	65.000000000000	0.00000000000000
32.799999237061	0.65043997764587	0.28702935576439	65.000000000000	0.00000000000000
32.810001373291	0.65089267492294	0.28679355978966	65.000000000000	0.00000000000000
32.819999694824	0.65134429931641	0.28655767440796	65.000000000000	0.00000000000000
32.830001831055	0.65179485082626	0.28632164001465	65.000000000000	0.00000000000000
32.840000152588	0.65224438905716	0.28608551621437	65.000000000000	0.00000000000000
32.849998474121	0.65269285440445	0.28584927320480	65.000000000000	0.00000000000000
32.860000610352	0.65314030647278	0.28561288118362	65.000000000000	0.00000000000000
32.869998931885	0.65358668565750	0.28537639975548	65.000000000000	0.00000000000000
32.880001068115	0.65403199195862	0.28513982892036	65.000000000000	0.00000000000000
32.889999389648	0.65447634458542	0.28490310907364	65.000000000000	0.00000000000000
32.900001525879	0.65491962432861	0.28466632962227	65.000000000000	0.00000000000000
32.909999847412	0.65536189079285	0.28442940115929	65.000000000000	0.00000000000000
32.919998168945	0.65580308437347	0.28419238328934	65.000000000000	0.00000000000000
32.930000305176	0.65624326467514	0.28395524621010	65.000000000000	0.00000000000000
32.939998626709	0.65668243169785	0.28371801972389	65.000000000000	0.00000000000000
32.950000762939	0.65712064504623	0.28348073363304	65.000000000000	0.00000000000000
32.959999084473	0.65755778551102	0.28324329853058	65.000000000000	0.00000000000000
32.970001220703	0.65799397230148	0.28300580382347	65.000000000000	0.00000000000000
32.979999542236	0.65842908620834	0.28276818990707	65.000000000000	0.00000000000000
32.990001678467	0.65886318683624	0.28253051638603	65.000000000000	0.00000000000000
33.000000000000	0.65929627418518	0.28229269385338	65.000000000000	0.00000000000000
33.009998321533	0.65972840785980	0.28205481171608	65.000000000000	0.00000000000000
33.020000457764	0.66015952825546	0.28181684017181	65.000000000000	0.00000000000000
33.029998779297	0.66058969497681	0.28157880902290	65.000000000000	0.00000000000000
33.040000915527	0.66101878881454	0.28134065866470	65.000000000000	0.00000000000000
33.049999237061	0.66144686937332	0.28110244870186	65.000000000000	0.00000000000000
33.060001373291	0.66187405586243	0.28086414933205	65.000000000000	0.00000000000000
33.069999694824	0.66230016946793	0.28062576055527	65.000000000000	0.00000000000000
33.080001831055	0.66272538900375	0.28038728237152	65.000000000000	0.00000000000000
33.090000152588	0.66314959526062	0.28014874458313	65.000000000000	0.00000000000000
33.099998474121	0.66357278823853	0.27991014719009	65.000000000000	0.00000000000000
33.110000610352	0.66399502754211	0.27967140078545	65.000000000000	0.00000000000000
33.119998931885	0.66441637277603	0.27943265438080	65.000000000000	0.00000000000000
33.130001068115	0.66483664512634	0.27919381856918	65.000000000000	0.00000000000000
33.139999389648	0.66525602340698	0.27895489335060	65.000000000000	0.00000000000000
33.150001525879	0.66567438840866	0.27871593832970	65.000000000000	0.00000000000000
33.159999847412	0.66609185934067	0.27847689390182	65.000000000000	0.00000000000000
33.169998168945	0.66650831699371	0.27823778986931	65.000000000000	0.00000000000000
33.180000305176	0.66692382097244	0.27799856662750	65.000000000000	0.00000000000000
33.189998626709	0.66733837127686	0.27775934338570	65.000000000000	0.00000000000000
33.200000762939	0.66775202751160	0.27752000093460	65.000000000000	0.00000000000000
33.209999084473	0.66816467046738	0.27728065848351	65.000000000000	0.00000000000000
33.220001220703	0.66857635974884	0.27704119682312	65.000000000000	0.00000000000000
33.229999542236	0.66898715496063	0.27680173516273	65.000000000000	0.00000000000000
33.240001678467	0.66939699649811	0.27656215429306	65.000000000000	0.00000000000000
33.250000000000	0.66980588436127	0.27632257342339	65.000000000000	0.00000000000000
33.259998321533	0.67021393775940	0.27608293294907	65.000000000000	0.00000000000000
33.270000457764	0.67062091827393	0.27584320306778	65.000000000000	0.00000000000000
33.279998779297	0.67102706432343	0.27560344338417	65.000000000000	0.00000000000000
33.290000915527	0.67143225669861	0.27536362409592	65.000000000000	0.00000000000000
33.299999237061	0.67183649539948	0.27512371540070	65.000000000000	0.00000000000000
33.310001373291	0.67223984003067	0.27488380670547	65.000000000000	0.00000000000000
33.319999694824	0.67264223098755	0.27464386820793	65.000000000000	0.00000000000000
33.330001831055	0.67304378747940	0.27440378069878	65.000000000000	0.00000000000000
33.340000152588	0.67344439029694	0.27416372299194	65.000000000000	0.00000000000000
33.349998474121	0.67384403944016	0.27392360568047	65.000000000000	0.00000000000000
33.360000610352	0.67424279451370	0.27368342876434	65.000000000000	0.00000000000000
33.369998931885	0.67464065551758	0.27344325184822	65.000000000000	0.00000000000000
33.380001068115	0.67503762245178	0.27320304512978	65.000000000000	0.00000000000000
33.389999389648	0.67543369531631	0.27296271920204	65.000000000000	0.00000000000000
33.400001525879	0.67582887411118	0.27272239327431	65.000000000000	0.00000000000000
33.409999847412	0.67622309923172	0.27248200774193	65.000000000000	0.00000000000000
33.419998168945	0.67661648988724	0.27224162220955	65.000000000000	0.00000000000000
33.430000305176	0.67700892686844	0.27200117707253	65.000000000000	0.00000000000000
33.439998626709	0.67740046977997	0.27176067233086	65.000000000000	0.00000000000000
33.450000762939	0.67779123783112	0.27152016758919	65.000000000000	0.00000000000000
33.459999084473	0.67818099260330	0.27127963304520	65.000000000000	0.00000000000000
33.470001220703	0.67856997251511	0.27103903889656	65.000000000000	0.00000000000000
33.479999542236	0.67895805835724	0.27079841494560	65.000000000000	0.00000000000000
33.490001678467	0.67934513092041	0.27055779099464	65.000000000000	0.00000000000000
33.500000000000	0.67973142862320	0.27031707763672	65.000000000000	0.00000000000000
33.509998321533	0.68011689186096	0.27007639408112	65.000000000000	0.00000000000000
33.520000457764	0.68050146102905	0.26983565092087	65.000000000000	0.00000000000000
33.529998779297	0.68088507652283	0.26959487795830	65.000000000000	0.00000000000000
33.540000915527	0.68126791715622	0.26935407519341	65.000000000000	0.00000000000000
33.549999237061	0.68164986371994	0.26911327242851	65.000000000000	0.00000000000000
33.560001373291	0.68203091621399	0.26887243986130	65.000000000000	0.00000000000000
33.569999694824	0.68241101503372	0.26863154768944	65.000000000000	0.00000000000000
33.580001831055	0.68279051780701	0.26839068531990	65.000000000000	0.00000000000000
33.590000152588	0.68316900730133	0.26814979314804	65.000000000000	0.00000000000000
33.599998474121	0.68354660272598	0.26790884137154	65.000000000000	0.00000000000000
33.610000610352	0.68392348289490	0.26766788959503	65.000000000000	0.00000000000000
33.619998931885	0.68429940938950	0.26742690801620	65.000000000000	0.00000000000000
33.630001068115	0.68467444181442	0.26718589663506	65.000000000000	0.00000000000000
33.639999389648	0.68504875898361	0.26694488525391	65.000000000000	0.00000000000000
33.650001525879	0.68542212247849	0.26670387387276	65.000000000000	0.00000000000000
33.659999847412	0.68579465150833	0.26646283268929	65.000000000000	0.00000000000000
33.669998168945	0.68616646528244	0.26622173190117	65.000000000000	0.00000000000000
33.680000305176	0.68653726577759	0.26598069071770	65.000000000000	0.00000000000000
33.689998626709	0.68690741062164	0.26573956012726	65.000000000000	0.00000000000000
33.700000762939	0.68727654218674	0.26549845933914	65.000000000000	0.00000000000000
33.709999084473	0.68764495849609	0.26525735855103	65.000000000000	0.00000000000000
33.720001220703	0.68801254034042	0.26501622796059	65.000000000000	0.00000000000000
33.729999542236	0.68837928771973	0.26477509737015	65.000000000000	0.00000000000000
33.740001678467	0.68874520063400	0.26453396677971	65.000000000000	0.00000000000000
33.750000000000	0.68911021947861	0.26429280638695	65.000000000000	0.00000000000000
33.759998321533	0.68947446346283	0.26405164599419	65.000000000000	0.00000000000000
33.770000457764	0.68983793258667	0.26381045579910	65.000000000000	0.00000000000000
33.779998779297	0.69020056724548	0.26356929540634	65.000000000000	0.00000000000000
33.790000915527	0.69056230783463	0.26332810521126	65.000000000000	0.00000000000000
33.799999237061	0.69092339277267	0.26308691501617	65.000000000000	0.00000000000000
33.810001373291	0.69128358364105	0.26284572482109	65.000000000000	0.00000000000000
33.819999694824	0.69164288043976	0.26260453462601	65.000000000000	0.00000000000000
33.830001831055	0.69200140237808	0.26236331462860	65.000000000000	0.00000000000000
33.840000152588	0.69235914945602	0.26212209463120	65.000000000000	0.00000000000000
33.849998474121	0.69271612167358	0.26188090443611	65.000000000000	0.00000000000000
33.860000610352	0.69307231903076	0.26163971424103	65.000000000000	0.00000000000000
33.869998931885	0.69342762231827	0.26139849424362	65.000000000000	0.00000000000000
33.880001068115	0.69378215074539	0.26115730404854	65.000000000000	0.00000000000000
33.889999389648	0.69413584470749	0.26091608405113	65.000000000000	0.00000000000000
33.900001525879	0.69448888301849	0.26067489385605	65.000000000000	0.00000000000000
33.909999847412	0.69484102725983	0.26043370366096	65.000000000000	0.00000000000000
33.919998168945	0.69519239664078	0.26019251346588	65.000000000000	0.00000000000000
33.930000305176	0.69554293155670	0.25995132327080	65.000000000000	0.00000000000000
33.939998626709	0.69589275121689	0.25971016287804	65.000000000000	0.00000000000000
33.950000762939	0.69624179601669	0.25946894288063	65.000000000000	0.00000000000000
33.959999084473	0.69658994674683	0.25922781229019	65.000000000000	0.00000000000000
33.970001220703	0.69693738222122	0.25898662209511	65.000000000000	0.00000000000000
33.979999542236	0.69728398323059	0.25874549150467	65.000000000000	0.00000000000000
33.990001678467	0.69762986898422	0.25850436091423	65.000000000000	0.00000000000000
34.000000000000	0.69797497987747	0.25826323032379	65.000000000000	0.00000000000000
34.009998321533	0.69831925630569	0.25802209973335	65.000000000000	0.00000000000000
34.020000457764	0.69866281747818	0.25778099894524	65.000000000000	0.00000000000000
34.029998779297	0.69900554418564	0.25753992795944	65.000000000000	0.00000000000000
34.040000915527	0.69934755563736	0.25729882717133	65.000000000000	0.00000000000000
34.049999237061	0.69968873262405	0.25705775618553	65.000000000000	0.00000000000000
34.060001373291	0.70002925395966	0.25681671500206	65.000000000000	0.00000000000000
34.069999694824	0.70036894083023	0.25657567381859	65.000000000000	0.00000000000000
34.080001831055	0.70070773363113	0.25633463263512	65.000000000000	0.00000000000000
34.090000152588	0.70104598999023	0.25609365105629	65.000000000000	0.00000000000000
34.099998474121	0.70138329267502	0.25585266947746	65.000000000000	0.00000000000000
34.110000610352	0.70171993970871	0.25561171770096	65.000000000000	0.00000000000000
34.119998931885	0.70205581188202	0.25537079572678	65.000000000000	0.00000000000000
34.130001068115	0.70239096879959	0.25512987375259	65.000000000000	0.00000000000000
34.139999389648	0.70272523164749	0.25488895177841	65.000000000000	0.00000000000000
34.150001525879	0.70305883884430	0.25464805960655	65.000000000000	0.00000000000000
34.159999847412	0.70339173078537	0.25440719723701	65.000000000000	0.00000000000000
34.169998168945	0.70372384786606	0.25416636466980	65.000000000000	0.00000000000000
34.180000305176	0.70405524969101	0.25392559170723	65.000000000000	0.00000000000000
34.189998626709	0.70438581705093	0.25368481874466	65.000000000000	0.00000000000000
34.200000762939	0.70471560955048	0.25344404578209	65.000000000000	0.00000000000000
34.209999084473	0.70504468679428	0.25320330262184	65.000000000000	0.00000000000000
34.220001220703	0.70537304878235	0.25296258926392	65.000000000000	0.00000000000000
34.229999542236	0.70570063591003	0.25272226333618	65.000000000000	0.00000000000000
34.240001678467	0.70602756738663	0.25248122215271	65.000000000000	0.00000000000000
34.250000000000	0.70635378360748	0.25224044919014	65.000000000000	0.00000000000000
34.259998321533	0.70667910575867	0.25200030207634	65.000000000000	0.00000000000000
34.270000457764	0.70700377225876	0.25175967812538	65.000000000000	0.00000000000000
34.279998779297	0.70732766389847	0.25151932239532	65.000000000000	0.00000000000000
34.290000915527	0.70765089988708	0.25127857923508	65.000000000000	0.00000000000000
34.299999237061	0.70797342061996	0.25103807449341	65.000000000000	0.00000000000000
34.310001373291	0.70829522609711	0.25079751014709	65.000000000000	0.00000000000000
34.319999694824	0.70861601829529	0.25055754184723	65.000000000000	0.00000000000000
34.330001831055	0.70893639326096	0.25031679868698	65.000000000000	0.00000000000000
34.340000152588	0.70925593376160	0.25007668137550	65.000000000000	0.00000000000000
34.349998474121	0.70957475900650	0.24983651936054	65.000000000000	0.00000000000000
34.360000610352	0.70989280939102	0.24959622323513	65.000000000000	0.00000000000000
34.369998931885	0.71021026372910	0.24935591220856	65.000000000000	0.00000000000000
34.380001068115	0.71052682399750	0.24911591410637	65.000000000000	0.00000000000000
34.389999389648	0.71084278821945	0.24887584149837	65.000000000000	0.00000000000000
34.400001525879	0.71115797758102	0.24863579869270	65.000000000000	0.00000000000000
34.409999847412	0.71147251129150	0.24839580059052	65.000000000000	0.00000000000000
34.419998168945	0.71178627014160	0.24815581738949	65.000000000000	0.00000000000000
34.430000305176	0.71209931373596	0.24791590869427	65.000000000000	0.00000000000000
34.439998626709	0.71241164207458	0.24767605960369	65.000000000000	0.00000000000000
34.450000762939	0.71272331476212	0.24743624031544	65.000000000000	0.00000000000000
34.459999084473	0.71303427219391	0.24719648063183	65.000000000000	0.00000000000000
34.470001220703	0.71334445476532	0.24695678055286	65.000000000000	0.00000000000000
34.479999542236	0.71365404129028	0.24671709537506	65.000000000000	0.00000000000000
34.490001678467	0.71396273374557	0.24647751450539	65.000000000000	0.00000000000000
34.500000000000	0.71427088975906	0.24623794853687	65.000000000000	0.00000000000000
34.509998321533	0.71457833051682	0.24599847197533	65.000000000000	0.00000000000000
34.520000457764	0.71488499641418	0.24575904011726	65.000000000000	0.00000000000000
34.529998779297	0.71519106626511	0.24551960825920	65.000000000000	0.00000000000000
34.540000915527	0.71549636125565	0.24528031051159	65.000000000000	0.00000000000000
34.549999237061	0.71580088138580	0.24504104256630	65.000000000000	0.00000000000000
34.560001373291	0.71610486507416	0.24480184912682	65.000000000000	0.00000000000000
34.569999694824	0.71640807390213	0.24456268548965	65.000000000000	0.00000000000000
34.580001831055	0.71671056747437	0.24432358145714	65.000000000000	0.00000000000000
34.590000152588	0.71701246500015	0.24408456683159	65.000000000000	0.00000000000000
34.599998474121	0.71731364727020	0.24384562671185	65.000000000000	0.00000000000000
34.610000610352	0.71761405467987	0.24360671639442	65.000000000000	0.00000000000000
34.619998931885	0.71791380643845	0.24336789548397	65.000000000000	0.00000000000000
34.630001068115	0.71821290254593	0.24312914907932	65.000000000000	0.00000000000000
34.639999389648	0.71851134300232	0.24289044737816	65.000000000000	0.00000000000000
34.650001525879	0.71880906820297	0.24265183508396	65.000000000000	0.00000000000000
34.659999847412	0.71910613775253	0.24241328239441	65.000000000000	0.00000000000000
34.669998168945	0.71940249204636	0.24217478930950	65.000000000000	0.00000000000000
34.680000305176	0.71969813108444	0.24193640053272	65.000000000000	0.00000000000000
34.689998626709	0.71999317407608	0.24169807136059	65.000000000000	0.00000000000000
34.700000762939	0.72028738260269	0.24145981669426	65.000000000000	0.00000000000000
34.709999084473	0.72058111429214	0.24122165143490	65.000000000000	0.00000000000000
34.720001220703	0.72087413072586	0.24098354578018	65.000000000000	0.00000000000000
34.729999542236	0.72116643190384	0.24074551463127	65.000000000000	0.00000000000000
34.740001678467	0.72145801782608	0.24050757288933	65.000000000000	0.00000000000000
34.750000000000	0.72174900770187	0.24026970565319	65.000000000000	0.00000000000000
34.759998321533	0.72203934192657	0.24003191292286	65.000000000000	0.00000000000000
34.770000457764	0.72232896089554	0.23979422450066	65.000000000000	0.00000000000000
34.779998779297	0.72261798381805	0.23955662548542	65.000000000000	0.00000000000000
34.790000915527	0.72290629148483	0.23931911587715	65.000000000000	0.00000000000000
34.799999237061	0.72319394350052	0.23908165097237	65.000000000000	0.00000000000000
34.810001373291	0.72348093986511	0.23884430527687	65.000000000000	0.00000000000000
34.819999694824	0.72376728057861	0.23860703408718	65.000000000000	0.00000000000000
34.830001831055	0.72405302524567	0.23836989700794	65.000000000000	0.00000000000000
34.840000152588	0.72433799505234	0.23813280463219	65.000000000000	0.00000000000000
34.849998474121	0.72462242841721	0.23789583146572	65.000000000000	0.00000000000000
34.860000610352	0.72490614652634	0.23765891790390	65.000000000000	0.00000000000000
34.869998931885	0.72518926858902	0.23742210865021	65.000000000000	0.00000000000000
34.880001068115	0.72547173500061	0.23718543350697	65.000000000000	0.00000000000000
34.889999389648	0.72575348615646	0.23694881796837	65.000000000000	0.00000000000000
34.900001525879	0.72603458166122	0.23671230673790	65.000000000000	0.00000000000000
34.909999847412	0.72631514072418	0.23647589981556	65.000000000000	0.00000000000000
34.919998168945	0.72659498453140	0.23623961210251	65.000000000000	0.00000000000000
34.930000305176	0.72687417268753	0.23600339889526	65.000000000000	0.00000000000000
34.939998626709	0.72715282440186	0.23576733469963	65.000000000000	0.00000000000000
34.950000762939	0.72743076086044	0.23553133010864	65.000000000000	0.00000000000000
34.959999084473	0.72770804166794	0.23529545962811	65.000000000000	0.00000000000000
34.970001220703	0.72798478603363	0.23505966365337	65.000000000000	0.00000000000000
34.979999542236	0.72826081514359	0.23482398688793	65.000000000000	0.00000000000000
34.990001678467	0.72853624820709	0.23458842933178	65.000000000000	0.00000000000000
35.000000000000	0.72881108522415	0.23435297608376	65.000000000000	0.00000000000000
