25.000000000000	0.72476786375046	-0.55760115385056	65.000000000000	0.00000000000000
25.010000228882	0.72415167093277	-0.55797106027603	65.000000000000	0.00000000000000
25.020000457764	0.72353404760361	-0.55834072828293	65.000000000000	0.00000000000000
25.030000686646	0.72291481494904	-0.55871033668518	65.000000000000	0.00000000000000
25.040000915527	0.72229421138763	-0.55907964706421	65.000000000000	0.00000000000000
25.049999237061	0.72167205810547	-0.55944889783859	65.000000000000	0.00000000000000
25.059999465942	0.72104835510254	-0.55981802940369	65.000000000000	0.00000000000000
25.069999694824	0.72042304277420	-0.56018692255020	65.000000000000	0.00000000000000
25.079999923706	0.71979629993439	-0.56055569648743	65.000000000000	0.00000000000000
25.090000152588	0.71916788816452	-0.56092423200607	65.000000000000	0.00000000000000
25.100000381470	0.71853798627853	-0.56129252910614	65.000000000000	0.00000000000000
25.110000610352	0.71790647506714	-0.56166076660156	65.000000000000	0.00000000000000
25.120000839233	0.71727347373962	-0.56202864646912	65.000000000000	0.00000000000000
25.129999160767	0.71663886308670	-0.56239646673203	65.000000000000	0.00000000000000
25.139999389648	0.71600264310837	-0.56276398897171	65.000000000000	0.00000000000000
25.149999618530	0.71536481380463	-0.56313127279282	65.000000000000	0.00000000000000
25.159999847412	0.71472543478012	-0.56349837779999	65.000000000000	0.00000000000000
25.170000076294	0.71408450603485	-0.56386530399323	65.000000000000	0.00000000000000
25.180000305176	0.71344196796417	-0.56423193216324	65.000000000000	0.00000000000000
25.190000534058	0.71279770135880	-0.56459826231003	65.000000000000	0.00000000000000
25.200000762939	0.71215200424194	-0.56496441364288	65.000000000000	0.00000000000000
25.209999084473	0.71150451898575	-0.56533026695251	65.000000000000	0.00000000000000
25.219999313354	0.71085548400879	-0.56569588184357	65.000000000000	0.00000000000000
25.229999542236	0.71020472049713	-0.56606125831604	65.000000000000	0.00000000000000
25.239999771118	0.70955240726471	-0.56642627716064	65.000000000000	0.00000000000000
25.250000000000	0.70889842510223	-0.56679111719131	65.000000000000	0.00000000000000
25.260000228882	0.70824289321899	-0.56715565919876	65.000000000000	0.00000000000000
25.270000457764	0.70758551359177	-0.56751990318298	65.000000000000	0.00000000000000
25.280000686646	0.70692682266235	-0.56788372993469	65.000000000000	0.00000000000000
25.290000915527	0.70626616477966	-0.56824731826782	65.000000000000	0.00000000000000
25.299999237061	0.70560383796692	-0.56861054897308	65.000000000000	0.00000000000000
25.309999465942	0.70494002103806	-0.56897360086441	65.000000000000	0.00000000000000
25.319999694824	0.70427441596985	-0.56933617591858	65.000000000000	0.00000000000000
25.329999923706	0.70360726118088	-0.56969845294952	65.000000000000	0.00000000000000
25.340000152588	0.70293819904327	-0.57006031274796	65.000000000000	0.00000000000000
25.350000381470	0.70226764678955	-0.57042199373245	65.000000000000	0.00000000000000
25.360000610352	0.70159530639648	-0.57078319787979	65.000000000000	0.00000000000000
25.370000839233	0.70092123746872	-0.57114398479462	65.000000000000	0.00000000000000
25.379999160767	0.70024555921555	-0.57150453329086	65.000000000000	0.00000000000000
25.389999389648	0.69956809282303	-0.57186460494995	65.000000000000	0.00000000000000
25.399999618530	0.69888895750046	-0.57222431898117	65.000000000000	0.00000000000000
25.409999847412	0.69820809364319	-0.57258367538452	65.000000000000	0.00000000000000
25.420000076294	0.69752562046051	-0.57294255495071	65.000000000000	0.00000000000000
25.430000305176	0.69684129953384	-0.57330107688904	65.000000000000	0.00000000000000
25.440000534058	0.69615519046783	-0.57365918159485	65.000000000000	0.00000000000000
25.450000762939	0.69546747207642	-0.57401686906815	65.000000000000	0.00000000000000
25.459999084473	0.69477796554565	-0.57437407970428	65.000000000000	0.00000000000000
25.469999313354	0.69408673048019	-0.57473087310791	65.000000000000	0.00000000000000
25.479999542236	0.69339400529861	-0.57508718967438	65.000000000000	0.00000000000000
25.489999771118	0.69269919395447	-0.57544314861298	65.000000000000	0.00000000000000
25.500000000000	0.69200265407562	-0.57579874992371	65.000000000000	0.00000000000000
25.510000228882	0.69130432605743	-0.57615387439728	65.000000000000	0.00000000000000
25.520000457764	0.69060456752777	-0.57650822401047	65.000000000000	0.00000000000000
25.530000686646	0.68990296125412	-0.57686209678650	65.000000000000	0.00000000000000
25.540000915527	0.68919956684113	-0.57721549272537	65.000000000000	0.00000000000000
25.549999237061	0.68849414587021	-0.57756876945496	65.000000000000	0.00000000000000
25.559999465942	0.68778693675995	-0.57792150974274	65.000000000000	0.00000000000000
25.569999694824	0.68707847595215	-0.57827317714691	65.000000000000	0.00000000000000
25.579999923706	0.68636763095856	-0.57862496376038	65.000000000000	0.00000000000000
25.590000152588	0.68565559387207	-0.57897555828094	65.000000000000	0.00000000000000
25.600000381470	0.68494147062302	-0.57932603359222	65.000000000000	0.00000000000000
25.610000610352	0.68422555923462	-0.57967597246170	65.000000000000	0.00000000000000
25.620000839233	0.68350785970688	-0.58002531528473	65.000000000000	0.00000000000000
25.629999160767	0.68278837203979	-0.58037418127060	65.000000000000	0.00000000000000
25.639999389648	0.68206703662872	-0.58072251081467	65.000000000000	0.00000000000000
25.649999618530	0.68134409189224	-0.58106988668442	65.000000000000	0.00000000000000
25.659999847412	0.68061918020248	-0.58141708374023	65.000000000000	0.00000000000000
25.670000076294	0.67989242076874	-0.58176374435425	65.000000000000	0.00000000000000
25.680000305176	0.67916435003281	-0.58210915327072	65.000000000000	0.00000000000000
25.690000534058	0.67843365669250	-0.58245491981506	65.000000000000	0.00000000000000
25.700000762939	0.67770171165466	-0.58279943466187	65.000000000000	0.00000000000000
25.709999084473	0.67696797847748	-0.58314335346222	65.000000000000	0.00000000000000
25.719999313354	0.67623203992844	-0.58348697423935	65.000000000000	0.00000000000000
25.729999542236	0.67549467086792	-0.58382970094681	65.000000000000	0.00000000000000
25.739999771118	0.67475539445877	-0.58417171239853	65.000000000000	0.00000000000000
25.750000000000	0.67401432991028	-0.58451318740845	65.000000000000	0.00000000000000
25.760000228882	0.67327135801315	-0.58485400676727	65.000000000000	0.00000000000000
25.770000457764	0.67252635955811	-0.58519440889359	65.000000000000	0.00000000000000
25.780000686646	0.67177975177765	-0.58553391695023	65.000000000000	0.00000000000000
25.790000915527	0.67103135585785	-0.58587265014648	65.000000000000	0.00000000000000
25.799999237061	0.67028093338013	-0.58621078729630	65.000000000000	0.00000000000000
25.809999465942	0.66952884197235	-0.58654826879501	65.000000000000	0.00000000000000
25.819999694824	0.66877484321594	-0.58688503503799	65.000000000000	0.00000000000000
25.829999923706	0.66801905632019	-0.58722114562988	65.000000000000	0.00000000000000
25.840000152588	0.66726142168045	-0.58755642175674	65.000000000000	0.00000000000000
25.850000381470	0.66650205850601	-0.58789104223251	65.000000000000	0.00000000000000
25.860000610352	0.66574072837830	-0.58822494745255	65.000000000000	0.00000000000000
25.870000839233	0.66497755050659	-0.58855813741684	65.000000000000	0.00000000000000
25.879999160767	0.66421252489090	-0.58889049291611	65.000000000000	0.00000000000000
25.889999389648	0.66344565153122	-0.58922213315964	65.000000000000	0.00000000000000
25.899999618530	0.66267687082291	-0.58955305814743	65.000000000000	0.00000000000000
25.909999847412	0.66190630197525	-0.58988314867020	65.000000000000	0.00000000000000
25.920000076294	0.66113394498825	-0.59021246433258	65.000000000000	0.00000000000000
25.930000305176	0.66035962104797	-0.59054106473923	65.000000000000	0.00000000000000
25.940000534058	0.65958344936371	-0.59086877107620	65.000000000000	0.00000000000000
25.950000762939	0.65880560874939	-0.59119570255280	65.000000000000	0.00000000000000
25.959999084473	0.65802568197250	-0.59152185916901	65.000000000000	0.00000000000000
25.969999313354	0.65724390745163	-0.59184724092484	65.000000000000	0.00000000000000
25.979999542236	0.65646028518677	-0.59217178821564	65.000000000000	0.00000000000000
25.989999771118	0.65567481517792	-0.59249544143677	65.000000000000	0.00000000000000
26.000000000000	0.65488755702972	-0.59281831979752	65.000000000000	0.00000000000000
26.010000228882	0.65409833192825	-0.59314036369324	65.000000000000	0.00000000000000
26.020000457764	0.65330725908279	-0.59346145391464	65.000000000000	0.00000000000000
26.030000686646	0.65251427888870	-0.59378182888031	65.000000000000	0.00000000000000
26.040000915527	0.65171945095062	-0.59410125017166	65.000000000000	0.00000000000000
26.049999237061	0.65092277526855	-0.59441983699799	65.000000000000	0.00000000000000
26.059999465942	0.65012419223785	-0.59473752975464	65.000000000000	0.00000000000000
26.069999694824	0.64932382106781	-0.59505426883698	65.000000000000	0.00000000000000
26.079999923706	0.64852148294449	-0.59537017345428	65.000000000000	0.00000000000000
26.090000152588	0.64771729707718	-0.59568512439728	65.000000000000	0.00000000000000
26.100000381470	0.64691108465195	-0.59599924087524	65.000000000000	0.00000000000000
26.110000610352	0.64610314369202	-0.59631240367889	65.000000000000	0.00000000000000
26.120000839233	0.64529335498810	-0.59662461280823	65.000000000000	0.00000000000000
26.129999160767	0.64448153972626	-0.59693592786789	65.000000000000	0.00000000000000
26.139999389648	0.64366787672043	-0.59724628925323	65.000000000000	0.00000000000000
26.149999618530	0.64285248517990	-0.59755563735962	65.000000000000	0.00000000000000
26.159999847412	0.64203500747681	-0.59786409139633	65.000000000000	0.00000000000000
26.170000076294	0.64121568202972	-0.59817159175873	65.000000000000	0.00000000000000
26.180000305176	0.64039444923401	-0.59847807884216	65.000000000000	0.00000000000000
26.190000534058	0.63957136869431	-0.59878367185593	65.000000000000	0.00000000000000
26.200000762939	0.63874644041061	-0.59908819198608	65.000000000000	0.00000000000000
26.209999084473	0.63791948556900	-0.59939175844193	65.000000000000	0.00000000000000
26.219999313354	0.63709080219269	-0.59969431161880	65.000000000000	0.00000000000000
26.229999542236	0.63626003265381	-0.59999579191208	65.000000000000	0.00000000000000
26.239999771118	0.63542747497559	-0.60029637813568	65.000000000000	0.00000000000000
26.250000000000	0.63459295034409	-0.60059577226639	65.000000000000	0.00000000000000
26.260000228882	0.63375663757324	-0.60089433193207	65.000000000000	0.00000000000000
26.270000457764	0.63291835784912	-0.60119169950485	65.000000000000	0.00000000000000
26.280000686646	0.63207811117172	-0.60148811340332	65.000000000000	0.00000000000000
26.290000915527	0.63123595714569	-0.60178339481354	65.000000000000	0.00000000000000
26.299999237061	0.63039207458496	-0.60207766294479	65.000000000000	0.00000000000000
26.309999465942	0.62954604625702	-0.60237079858780	65.000000000000	0.00000000000000
26.319999694824	0.62869828939438	-0.60266298055649	65.000000000000	0.00000000000000
26.329999923706	0.62784862518311	-0.60295397043228	65.000000000000	0.00000000000000
26.340000152588	0.62699693441391	-0.60324388742447	65.000000000000	0.00000000000000
26.350000381470	0.62614339590073	-0.60353273153305	65.000000000000	0.00000000000000
26.360000610352	0.62528795003891	-0.60382050275803	65.000000000000	0.00000000000000
26.370000839233	0.62443047761917	-0.60410702228546	65.000000000000	0.00000000000000
26.379999160767	0.62357115745544	-0.60439252853394	65.000000000000	0.00000000000000
26.389999389648	0.62271010875702	-0.60467678308487	65.000000000000	0.00000000000000
26.399999618530	0.62184685468674	-0.60496008396149	65.000000000000	0.00000000000000
26.409999847412	0.62098175287247	-0.60524213314056	65.000000000000	0.00000000000000
26.420000076294	0.62011486291885	-0.60552304983139	65.000000000000	0.00000000000000
26.430000305176	0.61924582719803	-0.60580277442932	65.000000000000	0.00000000000000
26.440000534058	0.61837512254715	-0.60608130693436	65.000000000000	0.00000000000000
26.450000762939	0.61750239133835	-0.60635876655579	65.000000000000	0.00000000000000
26.459999084473	0.61662775278091	-0.60663497447968	65.000000000000	0.00000000000000
26.469999313354	0.61575120687485	-0.60690993070602	65.000000000000	0.00000000000000
26.479999542236	0.61487269401550	-0.60718375444412	65.000000000000	0.00000000000000
26.489999771118	0.61399227380753	-0.60745638608932	65.000000000000	0.00000000000000
26.500000000000	0.61311006546021	-0.60772782564163	65.000000000000	0.00000000000000
26.510000228882	0.61222565174103	-0.60799789428711	65.000000000000	0.00000000000000
26.520000457764	0.61133956909180	-0.60826689004898	65.000000000000	0.00000000000000
26.530000686646	0.61045128107071	-0.60853457450867	65.000000000000	0.00000000000000
26.540000915527	0.60956126451492	-0.60880100727081	65.000000000000	0.00000000000000
26.549999237061	0.60866928100586	-0.60906618833542	65.000000000000	0.00000000000000
26.559999465942	0.60777539014816	-0.60933005809784	65.000000000000	0.00000000000000
26.569999694824	0.60687953233719	-0.60959267616272	65.000000000000	0.00000000000000
26.579999923706	0.60598188638687	-0.60985410213470	65.000000000000	0.00000000000000
26.590000152588	0.60508215427399	-0.61011415719986	65.000000000000	0.00000000000000
26.600000381470	0.60418045520782	-0.61037296056747	65.000000000000	0.00000000000000
26.610000610352	0.60327684879303	-0.61063039302826	65.000000000000	0.00000000000000
26.620000839233	0.60237127542496	-0.61088663339615	65.000000000000	0.00000000000000
26.629999160767	0.60146397352219	-0.61114144325256	65.000000000000	0.00000000000000
26.639999389648	0.60055446624756	-0.61139500141144	65.000000000000	0.00000000000000
26.649999618530	0.59964311122894	-0.61164718866348	65.000000000000	0.00000000000000
26.659999847412	0.59872990846634	-0.61189800500870	65.000000000000	0.00000000000000
26.670000076294	0.59781473875046	-0.61214751005173	65.000000000000	0.00000000000000
26.680000305176	0.59689748287201	-0.61239564418793	65.000000000000	0.00000000000000
26.690000534058	0.59597843885422	-0.61264240741730	65.000000000000	0.00000000000000
26.700000762939	0.59505736827850	-0.61288779973984	65.000000000000	0.00000000000000
26.709999084473	0.59413439035416	-0.61313182115555	65.000000000000	0.00000000000000
26.719999313354	0.59320956468582	-0.61337435245514	65.000000000000	0.00000000000000
26.729999542236	0.59228265285492	-0.61361563205719	65.000000000000	0.00000000000000
26.739999771118	0.59135383367538	-0.61385536193848	65.000000000000	0.00000000000000
26.750000000000	0.59042310714722	-0.61409372091293	65.000000000000	0.00000000000000
26.760000228882	0.58949047327042	-0.61433064937592	65.000000000000	0.00000000000000
26.770000457764	0.58855575323105	-0.61456620693207	65.000000000000	0.00000000000000
26.780000686646	0.58761906623840	-0.61480021476746	65.000000000000	0.00000000000000
26.790000915527	0.58668059110641	-0.61503291130066	65.000000000000	0.00000000000000
26.799999237061	0.58574020862579	-0.61526399850845	65.000000000000	0.00000000000000
26.809999465942	0.58479773998260	-0.61549371480942	65.000000000000	0.00000000000000
26.819999694824	0.58385336399078	-0.61572188138962	65.000000000000	0.00000000000000
26.829999923706	0.58290702104568	-0.61594867706299	65.000000000000	0.00000000000000
26.840000152588	0.58195877075195	-0.61617380380630	65.000000000000	0.00000000000000
26.850000381470	0.58100849390030	-0.61639755964279	65.000000000000	0.00000000000000
26.860000610352	0.58005625009537	-0.61661976575851	65.000000000000	0.00000000000000
26.870000839233	0.57910209894180	-0.61684048175812	65.000000000000	0.00000000000000
26.879999160767	0.57814610004425	-0.61705964803696	65.000000000000	0.00000000000000
26.889999389648	0.57718795537949	-0.61727726459503	65.000000000000	0.00000000000000
26.899999618530	0.57622796297073	-0.61749333143234	65.000000000000	0.00000000000000
26.909999847412	0.57526600360870	-0.61770790815353	65.000000000000	0.00000000000000
26.920000076294	0.57430219650269	-0.61792075634003	65.000000000000	0.00000000000000
26.930000305176	0.57333630323410	-0.61813217401505	65.000000000000	0.00000000000000
26.940000534058	0.57236856222153	-0.61834198236465	65.000000000000	0.00000000000000
26.950000762939	0.57139861583710	-0.61855018138885	65.000000000000	0.00000000000000
26.959999084473	0.57042688131332	-0.61875677108765	65.000000000000	0.00000000000000
26.969999313354	0.56945317983627	-0.61896175146103	65.000000000000	0.00000000000000
26.979999542236	0.56847757101059	-0.61916512250900	65.000000000000	0.00000000000000
26.989999771118	0.56749993562698	-0.61936688423157	65.000000000000	0.00000000000000
27.000000000000	0.56652039289474	-0.61956691741943	65.000000000000	0.00000000000000
27.010000228882	0.56553888320923	-0.61976540088654	65.000000000000	0.00000000000000
27.020000457764	0.56455528736115	-0.61996227502823	65.000000000000	0.00000000000000
27.030000686646	0.56356990337372	-0.62015736103058	65.000000000000	0.00000000000000
27.040000915527	0.56258261203766	-0.62035083770752	65.000000000000	0.00000000000000
27.049999237061	0.56159317493439	-0.62054264545441	65.000000000000	0.00000000000000
27.059999465942	0.56060189008713	-0.62073272466660	65.000000000000	0.00000000000000
27.069999694824	0.55960851907730	-0.62092107534409	65.000000000000	0.00000000000000
27.079999923706	0.55861335992813	-0.62110775709152	65.000000000000	0.00000000000000
27.090000152588	0.55761611461639	-0.62129271030426	65.000000000000	0.00000000000000
27.100000381470	0.55661702156067	-0.62147593498230	65.000000000000	0.00000000000000
27.110000610352	0.55561584234238	-0.62165737152100	65.000000000000	0.00000000000000
27.120000839233	0.55461287498474	-0.62183707952499	65.000000000000	0.00000000000000
27.129999160767	0.55360776185989	-0.62201505899429	65.000000000000	0.00000000000000
27.139999389648	0.55260074138641	-0.62219125032425	65.000000000000	0.00000000000000
27.149999618530	0.55159175395966	-0.62236571311951	65.000000000000	0.00000000000000
27.159999847412	0.55058079957962	-0.62253826856613	65.000000000000	0.00000000000000
27.170000076294	0.54956799745560	-0.62270909547806	65.000000000000	0.00000000000000
27.180000305176	0.54855316877365	-0.62287813425064	65.000000000000	0.00000000000000
27.190000534058	0.54753625392914	-0.62304532527924	65.000000000000	0.00000000000000
27.200000762939	0.54651755094528	-0.62321066856384	65.000000000000	0.00000000000000
27.209999084473	0.54549682140350	-0.62337422370911	65.000000000000	0.00000000000000
27.219999313354	0.54447418451309	-0.62353593111038	65.000000000000	0.00000000000000
27.229999542236	0.54344958066940	-0.62369579076767	65.000000000000	0.00000000000000
27.239999771118	0.54242289066315	-0.62385368347168	65.000000000000	0.00000000000000
27.250000000000	0.54139447212219	-0.62400972843170	65.000000000000	0.00000000000000
27.260000228882	0.54036372900009	-0.62416398525238	65.000000000000	0.00000000000000
27.270000457764	0.53933131694794	-0.62431627511978	65.000000000000	0.00000000000000
27.280000686646	0.53829693794250	-0.62446653842926	65.000000000000	0.00000000000000
27.290000915527	0.53726047277451	-0.62461507320404	65.000000000000	0.00000000000000
27.299999237061	0.53622210025787	-0.62476158142090	65.000000000000	0.00000000000000
27.309999465942	0.53518187999725	-0.62490612268448	65.000000000000	0.00000000000000
27.319999694824	0.53413957357407	-0.62504869699478	65.000000000000	0.00000000000000
27.329999923706	0.53309535980225	-0.62518936395645	65.000000000000	0.00000000000000
27.340000152588	0.53204917907715	-0.62532806396484	65.000000000000	0.00000000000000
27.350000381470	0.53100103139877	-0.62546473741531	65.000000000000	0.00000000000000
27.360000610352	0.52995097637177	-0.62559950351715	65.000000000000	0.00000000000000
27.370000839233	0.52889907360077	-0.62573218345642	65.000000000000	0.00000000000000
27.379999160767	0.52784502506256	-0.62586283683777	65.000000000000	0.00000000000000
27.389999389648	0.52678894996643	-0.62599146366119	65.000000000000	0.00000000000000
27.399999618530	0.52573120594025	-0.62611812353134	65.000000000000	0.00000000000000
27.409999847412	0.52467137575150	-0.62624263763428	65.000000000000	0.00000000000000
27.420000076294	0.52360957860947	-0.62636518478394	65.000000000000	0.00000000000000
27.430000305176	0.52254581451416	-0.62648558616638	65.000000000000	0.00000000000000
27.440000534058	0.52148008346558	-0.62660390138626	65.000000000000	0.00000000000000
27.450000762939	0.52041250467300	-0.62672019004822	65.000000000000	0.00000000000000
27.459999084473	0.51934283971786	-0.62683433294296	65.000000000000	0.00000000000000
27.469999313354	0.51827150583267	-0.62694633007050	65.000000000000	0.00000000000000
27.479999542236	0.51719796657562	-0.62705630064011	65.000000000000	0.00000000000000
27.489999771118	0.51612246036530	-0.62716406583786	65.000000000000	0.00000000000000
27.500000000000	0.51504522562027	-0.62726962566376	65.000000000000	0.00000000000000
27.510000228882	0.51396602392197	-0.62737309932709	65.000000000000	0.00000000000000
27.520000457764	0.51288479566574	-0.62747436761856	65.000000000000	0.00000000000000
27.530000686646	0.51180154085159	-0.62757349014282	65.000000000000	0.00000000000000
27.540000915527	0.51071649789810	-0.62767040729523	65.000000000000	0.00000000000000
27.549999237061	0.50962954759598	-0.62776511907578	65.000000000000	0.00000000000000
27.559999465942	0.50854068994522	-0.62785756587982	65.000000000000	0.00000000000000
27.569999694824	0.50744962692261	-0.62794786691666	65.000000000000	0.00000000000000
27.579999923706	0.50635695457458	-0.62803578376770	65.000000000000	0.00000000000000
27.590000152588	0.50526225566864	-0.62812161445618	65.000000000000	0.00000000000000
27.600000381470	0.50416564941406	-0.62820506095886	65.000000000000	0.00000000000000
27.610000610352	0.50306695699692	-0.62828624248505	65.000000000000	0.00000000000000
27.620000839233	0.50196653604507	-0.62836521863937	65.000000000000	0.00000000000000
27.629999160767	0.50086414813995	-0.62844175100327	65.000000000000	0.00000000000000
27.639999389648	0.49975976347923	-0.62851601839066	65.000000000000	0.00000000000000
27.649999618530	0.49865362048149	-0.62858802080154	65.000000000000	0.00000000000000
27.659999847412	0.49754536151886	-0.62865769863129	65.000000000000	0.00000000000000
27.670000076294	0.49643534421921	-0.62872493267059	65.000000000000	0.00000000000000
27.680000305176	0.49532344937325	-0.62878990173340	65.000000000000	0.00000000000000
27.690000534058	0.49420967698097	-0.62885236740112	65.000000000000	0.00000000000000
27.700000762939	0.49309384822845	-0.62891262769699	65.000000000000	0.00000000000000
27.709999084473	0.49197617173195	-0.62897038459778	65.000000000000	0.00000000000000
27.719999313354	0.49085661768913	-0.62902575731277	65.000000000000	0.00000000000000
27.729999542236	0.48973512649536	-0.62907868623734	65.000000000000	0.00000000000000
27.739999771118	0.48861187696457	-0.62912917137146	65.000000000000	0.00000000000000
27.750000000000	0.48748654127121	-0.62917721271515	65.000000000000	0.00000000000000
27.760000228882	0.48635944724083	-0.62922275066376	65.000000000000	0.00000000000000
27.770000457764	0.48523050546646	-0.62926590442657	65.000000000000	0.00000000000000
27.780000686646	0.48409962654114	-0.62930655479431	65.000000000000	0.00000000000000
27.790000915527	0.48296684026718	-0.62934464216232	65.000000000000	0.00000000000000
27.799999237061	0.48183220624924	-0.62938028573990	65.000000000000	0.00000000000000
27.809999465942	0.48069560527802	-0.62941336631775	65.000000000000	0.00000000000000
27.819999694824	0.47955739498138	-0.62944388389587	65.000000000000	0.00000000000000
27.829999923706	0.47841721773148	-0.62947189807892	65.000000000000	0.00000000000000
27.840000152588	0.47727507352829	-0.62949734926224	65.000000000000	0.00000000000000
27.850000381470	0.47613114118576	-0.62952017784119	65.000000000000	0.00000000000000
27.860000610352	0.47498542070389	-0.62954050302505	65.000000000000	0.00000000000000
27.870000839233	0.47383767366409	-0.62955820560455	65.000000000000	0.00000000000000
27.879999160767	0.47268822789192	-0.62957322597504	65.000000000000	0.00000000000000
27.889999389648	0.47153675556183	-0.62958568334579	65.000000000000	0.00000000000000
27.899999618530	0.47038364410400	-0.62959545850754	65.000000000000	0.00000000000000
27.909999847412	0.46922868490219	-0.62960261106491	65.000000000000	0.00000000000000
27.920000076294	0.46807190775871	-0.62960714101791	65.000000000000	0.00000000000000
27.930000305176	0.46691313385963	-0.62960886955261	65.000000000000	0.00000000000000
27.940000534058	0.46575269103050	-0.62960803508759	65.000000000000	0.00000000000000
27.950000762939	0.46459031105042	-0.62960445880890	65.000000000000	0.00000000000000
27.959999084473	0.46342629194260	-0.62959814071655	65.000000000000	0.00000000000000
27.969999313354	0.46226024627686	-0.62958908081055	65.000000000000	0.00000000000000
27.979999542236	0.46109259128571	-0.62957727909088	65.000000000000	0.00000000000000
27.989999771118	0.45992302894592	-0.62956273555756	65.000000000000	0.00000000000000
28.000000000000	0.45875161886215	-0.62954545021057	65.000000000000	0.00000000000000
28.010000228882	0.45757851004601	-0.62952536344528	65.000000000000	0.00000000000000
28.020000457764	0.45640358328819	-0.62950241565704	65.000000000000	0.00000000000000
28.030000686646	0.45522692799568	-0.62947672605515	65.000000000000	0.00000000000000
28.040000915527	0.45404848456383	-0.62944817543030	65.000000000000	0.00000000000000
28.049999237061	0.45286828279495	-0.62941682338715	65.000000000000	0.00000000000000
28.059999465942	0.45168620347977	-0.62938261032104	65.000000000000	0.00000000000000
28.069999694824	0.45050254464149	-0.62934547662735	65.000000000000	0.00000000000000
28.079999923706	0.44931697845459	-0.62930548191071	65.000000000000	0.00000000000000
28.090000152588	0.44812968373299	-0.62926262617111	65.000000000000	0.00000000000000
28.100000381470	0.44694066047668	-0.62921684980392	65.000000000000	0.00000000000000
28.110000610352	0.44574999809265	-0.62916815280914	65.000000000000	0.00000000000000
28.120000839233	0.44455739855766	-0.62911653518677	65.000000000000	0.00000000000000
28.129999160767	0.44336315989494	-0.62906193733215	65.000000000000	0.00000000000000
28.139999389648	0.44216734170914	-0.62900441884995	65.000000000000	0.00000000000000
28.149999618530	0.44096964597702	-0.62894392013550	65.000000000000	0.00000000000000
28.159999847412	0.43977022171021	-0.62888038158417	65.000000000000	0.00000000000000
28.170000076294	0.43856918811798	-0.62881398200989	65.000000000000	0.00000000000000
28.180000305176	0.43736651539803	-0.62874442338943	65.000000000000	0.00000000000000
28.190000534058	0.43616190552711	-0.62867200374603	65.000000000000	0.00000000000000
28.200000762939	0.43495592474937	-0.62859624624252	65.000000000000	0.00000000000000
28.209999084473	0.43374800682068	-0.62851762771606	65.000000000000	0.00000000000000
28.219999313354	0.43253877758980	-0.62843573093414	65.000000000000	0.00000000000000
28.229999542236	0.43132761120796	-0.62835097312927	65.000000000000	0.00000000000000
28.239999771118	0.43011483550072	-0.62826305627823	65.000000000000	0.00000000000000
28.250000000000	0.42890009284019	-0.62817215919495	65.000000000000	0.00000000000000
28.260000228882	0.42768412828445	-0.62807792425156	65.000000000000	0.00000000000000
28.270000457764	0.42646649479866	-0.62798058986664	65.000000000000	0.00000000000000
28.280000686646	0.42524707317352	-0.62788021564484	65.000000000000	0.00000000000000
28.290000915527	0.42402625083923	-0.62777644395828	65.000000000000	0.00000000000000
28.299999237061	0.42280331254005	-0.62766981124878	65.000000000000	0.00000000000000
28.309999465942	0.42157942056656	-0.62755966186523	65.000000000000	0.00000000000000
28.319999694824	0.42035335302353	-0.62744659185410	65.000000000000	0.00000000000000
28.329999923706	0.41912606358528	-0.62733006477356	65.000000000000	0.00000000000000
28.340000152588	0.41789722442627	-0.62721031904221	65.000000000000	0.00000000000000
28.350000381470	0.41666656732559	-0.62708747386932	65.000000000000	0.00000000000000
28.360000610352	0.41543436050415	-0.62696123123169	65.000000000000	0.00000000000000
28.370000839233	0.41420036554337	-0.62683200836182	65.000000000000	0.00000000000000
28.379999160767	0.41296547651291	-0.62669903039932	65.000000000000	0.00000000000000
28.389999389648	0.41172876954079	-0.62656289339066	65.000000000000	0.00000000000000
28.399999618530	0.41049057245255	-0.62642341852188	65.000000000000	0.00000000000000
28.409999847412	0.40925064682961	-0.62628072500229	65.000000000000	0.00000000000000
28.420000076294	0.40800923109055	-0.62613463401794	65.000000000000	0.00000000000000
28.430000305176	0.40676632523537	-0.62598520517349	65.000000000000	0.00000000000000
28.440000534058	0.40552201867104	-0.62583231925964	65.000000000000	0.00000000000000
28.450000762939	0.40427592396736	-0.62567621469498	65.000000000000	0.00000000000000
28.459999084473	0.40302875638008	-0.62551653385162	65.000000000000	0.00000000000000
28.469999313354	0.40178009867668	-0.62535327672958	65.000000000000	0.00000000000000
28.479999542236	0.40052977204323	-0.62518680095673	65.000000000000	0.00000000000000
28.489999771118	0.39927807450294	-0.62501686811447	65.000000000000	0.00000000000000
28.500000000000	0.39802497625351	-0.62484335899353	65.000000000000	0.00000000000000
28.510000228882	0.39677014946938	-0.62466657161713	65.000000000000	0.00000000000000
28.520000457764	0.39551401138306	-0.62448632717133	65.000000000000	0.00000000000000
28.530000686646	0.39425647258759	-0.62430244684219	65.000000000000	0.00000000000000
28.540000915527	0.39299789071083	-0.62411481142044	65.000000000000	0.00000000000000
28.549999237061	0.39173766970634	-0.62392389774323	65.000000000000	0.00000000000000
28.559999465942	0.39047586917877	-0.62372946739197	65.000000000000	0.00000000000000
28.569999694824	0.38921296596527	-0.62353134155273	65.000000000000	0.00000000000000
28.579999923706	0.38794851303101	-0.62332975864410	65.000000000000	0.00000000000000
28.590000152588	0.38668304681778	-0.62312436103821	65.000000000000	0.00000000000000
28.600000381470	0.38541573286057	-0.62291550636292	65.000000000000	0.00000000000000
28.610000610352	0.38414737582207	-0.62270307540894	65.000000000000	0.00000000000000
28.620000839233	0.38287779688835	-0.62248694896698	65.000000000000	0.00000000000000
28.629999160767	0.38160666823387	-0.62226718664169	65.000000000000	0.00000000000000
28.639999389648	0.38033425807953	-0.62204378843307	65.000000000000	0.00000000000000
28.649999618530	0.37906080484390	-0.62181669473648	65.000000000000	0.00000000000000
28.659999847412	0.37778583168983	-0.62158596515656	65.000000000000	0.00000000000000
28.670000076294	0.37650972604752	-0.62135142087936	65.000000000000	0.00000000000000
28.680000305176	0.37523236870766	-0.62111324071884	65.000000000000	0.00000000000000
28.690000534058	0.37395381927490	-0.62087136507034	65.000000000000	0.00000000000000
28.700000762939	0.37267392873764	-0.62062567472458	65.000000000000	0.00000000000000
28.709999084473	0.37139284610748	-0.62037622928619	65.000000000000	0.00000000000000
28.719999313354	0.37011051177979	-0.62012308835983	65.000000000000	0.00000000000000
28.729999542236	0.36882701516151	-0.61986607313156	65.000000000000	0.00000000000000
28.739999771118	0.36754238605499	-0.61960530281067	65.000000000000	0.00000000000000
28.750000000000	0.36625665426254	-0.61934065818787	65.000000000000	0.00000000000000
28.760000228882	0.36496967077255	-0.61907225847244	65.000000000000	0.00000000000000
28.770000457764	0.36368158459663	-0.61879998445511	65.000000000000	0.00000000000000
28.780000686646	0.36239212751389	-0.61852389574051	65.000000000000	0.00000000000000
28.790000915527	0.36110189557076	-0.61824387311935	65.000000000000	0.00000000000000
28.799999237061	0.35981035232544	-0.61796003580093	65.000000000000	0.00000000000000
28.809999465942	0.35851773619652	-0.61767220497131	65.000000000000	0.00000000000000
28.819999694824	0.35722410678864	-0.61738061904907	65.000000000000	0.00000000000000
28.829999923706	0.35592946410179	-0.61708498001099	65.000000000000	0.00000000000000
28.840000152588	0.35463351011276	-0.61678552627563	65.000000000000	0.00000000000000
28.850000381470	0.35333690047264	-0.61648207902908	65.000000000000	0.00000000000000
28.860000610352	0.35203900933266	-0.61617463827133	65.000000000000	0.00000000000000
28.870000839233	0.35074013471603	-0.61586314439774	65.000000000000	0.00000000000000
28.879999160767	0.34944033622742	-0.61554783582687	65.000000000000	0.00000000000000
28.889999389648	0.34813958406448	-0.61522841453552	65.000000000000	0.00000000000000
28.899999618530	0.34683763980865	-0.61490499973297	65.000000000000	0.00000000000000
28.909999847412	0.34553503990173	-0.61457753181458	65.000000000000	0.00000000000000
28.920000076294	0.34423130750656	-0.61424607038498	65.000000000000	0.00000000000000
28.930000305176	0.34292668104172	-0.61391049623489	65.000000000000	0.00000000000000
28.940000534058	0.34162119030952	-0.61357098817825	65.000000000000	0.00000000000000
28.950000762939	0.34031480550766	-0.61322724819183	65.000000000000	0.00000000000000
28.959999084473	0.33900746703148	-0.61287945508957	65.000000000000	0.00000000000000
28.969999313354	0.33769932389259	-0.61252760887146	65.000000000000	0.00000000000000
28.979999542236	0.33639022707939	-0.61217164993286	65.000000000000	0.00000000000000
28.989999771118	0.33508044481277	-0.61181151866913	65.000000000000	0.00000000000000
29.000000000000	0.33376976847649	-0.61144721508026	65.000000000000	0.00000000000000
29.010000228882	0.33245831727982	-0.61107879877090	65.000000000000	0.00000000000000
29.020000457764	0.33114594221115	-0.61070626974106	65.000000000000	0.00000000000000
29.030000686646	0.32983303070068	-0.61032950878143	65.000000000000	0.00000000000000
29.040000915527	0.32851910591125	-0.60994851589203	65.000000000000	0.00000000000000
29.049999237061	0.32720473408699	-0.60956335067749	65.000000000000	0.00000000000000
29.059999465942	0.32588937878609	-0.60917395353317	65.000000000000	0.00000000000000
29.069999694824	0.32457336783409	-0.60878032445908	65.000000000000	0.00000000000000
29.079999923706	0.32325670123100	-0.60838252305984	65.000000000000	0.00000000000000
29.090000152588	0.32193937897682	-0.60798037052155	65.000000000000	0.00000000000000
29.100000381470	0.32062143087387	-0.60757398605347	65.000000000000	0.00000000000000
29.110000610352	0.31930270791054	-0.60716331005096	65.000000000000	0.00000000000000
29.120000839233	0.31798341870308	-0.60674834251404	65.000000000000	0.00000000000000
29.129999160767	0.31666353344917	-0.60632914304733	65.000000000000	0.00000000000000
29.139999389648	0.31534308195114	-0.60590553283691	65.000000000000	0.00000000000000
29.149999618530	0.31402194499969	-0.60547769069672	65.000000000000	0.00000000000000
29.159999847412	0.31270027160645	-0.60504549741745	65.000000000000	0.00000000000000
29.170000076294	0.31137806177139	-0.60460889339447	65.000000000000	0.00000000000000
29.180000305176	0.31005534529686	-0.60416787862778	65.000000000000	0.00000000000000
29.190000534058	0.30873218178749	-0.60372257232666	65.000000000000	0.00000000000000
29.200000762939	0.30740854144096	-0.60327291488647	65.000000000000	0.00000000000000
29.209999084473	0.30608442425728	-0.60281878709793	65.000000000000	0.00000000000000
29.219999313354	0.30475974082947	-0.60236030817032	65.000000000000	0.00000000000000
29.229999542236	0.30343464016914	-0.60189741849899	65.000000000000	0.00000000000000
29.239999771118	0.30210930109024	-0.60143005847931	65.000000000000	0.00000000000000
29.250000000000	0.30078327655792	-0.60095828771591	65.000000000000	0.00000000000000
29.260000228882	0.29945698380470	-0.60048204660416	65.000000000000	0.00000000000000
29.270000457764	0.29813039302826	-0.60000133514404	65.000000000000	0.00000000000000
29.280000686646	0.29680347442627	-0.59951615333557	65.000000000000	0.00000000000000
29.290000915527	0.29547619819641	-0.59902650117874	65.000000000000	0.00000000000000
29.299999237061	0.29414850473404	-0.59853231906891	65.000000000000	0.00000000000000
29.309999465942	0.29282054305077	-0.59803372621536	65.000000000000	0.00000000000000
29.319999694824	0.29149258136749	-0.59753054380417	65.000000000000	0.00000000000000
29.329999923706	0.29016408324242	-0.59702289104462	65.000000000000	0.00000000000000
29.340000152588	0.28883534669876	-0.59651058912277	65.000000000000	0.00000000000000
29.350000381470	0.28750658035278	-0.59599381685257	65.000000000000	0.00000000000000
29.360000610352	0.28617757558823	-0.59547251462936	65.000000000000	0.00000000000000
29.370000839233	0.28484830260277	-0.59494662284851	65.000000000000	0.00000000000000
29.379999160767	0.28351885080338	-0.59441614151001	65.000000000000	0.00000000000000
29.389999389648	0.28218924999237	-0.59388107061386	65.000000000000	0.00000000000000
29.399999618530	0.28085967898369	-0.59334141016006	65.000000000000	0.00000000000000
29.409999847412	0.27953001856804	-0.59279721975327	65.000000000000	0.00000000000000
29.420000076294	0.27820011973381	-0.59224826097488	65.000000000000	0.00000000000000
29.430000305176	0.27687042951584	-0.59169477224350	65.000000000000	0.00000000000000
29.440000534058	0.27554044127464	-0.59113675355911	65.000000000000	0.00000000000000
29.450000762939	0.27421054244041	-0.59057390689850	65.000000000000	0.00000000000000
29.459999084473	0.27288064360619	-0.59000647068024	65.000000000000	0.00000000000000
29.469999313354	0.27155074477196	-0.58943444490433	65.000000000000	0.00000000000000
29.479999542236	0.27022087574005	-0.58885765075684	65.000000000000	0.00000000000000
29.489999771118	0.26889118552208	-0.58827620744705	65.000000000000	0.00000000000000
29.500000000000	0.26756146550179	-0.58769011497498	65.000000000000	0.00000000000000
29.510000228882	0.26623192429543	-0.58709925413132	65.000000000000	0.00000000000000
29.520000457764	0.26490253210068	-0.58650374412537	65.000000000000	0.00000000000000
29.530000686646	0.26357322931290	-0.58590346574783	65.000000000000	0.00000000000000
29.540000915527	0.26224419474602	-0.58529853820801	65.000000000000	0.00000000000000
29.549999237061	0.26091524958611	-0.58468884229660	65.000000000000	0.00000000000000
29.559999465942	0.25958645343781	-0.58407443761826	65.000000000000	0.00000000000000
29.569999694824	0.25825813412666	-0.58345526456833	65.000000000000	0.00000000000000
29.579999923706	0.25693005323410	-0.58283132314682	65.000000000000	0.00000000000000
29.590000152588	0.25560206174850	-0.58220267295837	65.000000000000	0.00000000000000
29.600000381470	0.25427448749542	-0.58156925439835	65.000000000000	0.00000000000000
29.610000610352	0.25294715166092	-0.58093094825745	65.000000000000	0.00000000000000
29.620000839233	0.25162032246590	-0.58028799295425	65.000000000000	0.00000000000000
29.629999160767	0.25029364228249	-0.57964015007019	65.000000000000	0.00000000000000
29.639999389648	0.24896760284901	-0.57898765802383	65.000000000000	0.00000000000000
29.649999618530	0.24764162302017	-0.57833027839661	65.000000000000	0.00000000000000
29.659999847412	0.24631632864475	-0.57766801118851	65.000000000000	0.00000000000000
29.670000076294	0.24499157071114	-0.57700103521347	65.000000000000	0.00000000000000
29.680000305176	0.24366724491119	-0.57632911205292	65.000000000000	0.00000000000000
29.690000534058	0.24234335124493	-0.57565242052078	65.000000000000	0.00000000000000
29.700000762939	0.24101991951466	-0.57497090101242	65.000000000000	0.00000000000000
29.709999084473	0.23969727754593	-0.57428449392319	65.000000000000	0.00000000000000
29.719999313354	0.23837496340275	-0.57359331846237	65.000000000000	0.00000000000000
29.729999542236	0.23705334961414	-0.57289719581604	65.000000000000	0.00000000000000
29.739999771118	0.23573243618011	-0.57219630479813	65.000000000000	0.00000000000000
29.750000000000	0.23441207408905	-0.57149046659470	65.000000000000	0.00000000000000
29.760000228882	0.23309232294559	-0.57077980041504	65.000000000000	0.00000000000000
29.770000457764	0.23177342116833	-0.57006412744522	65.000000000000	0.00000000000000
29.780000686646	0.23045505583286	-0.56934368610382	65.000000000000	0.00000000000000
29.790000915527	0.22913748025894	-0.56861841678619	65.000000000000	0.00000000000000
29.799999237061	0.22782069444656	-0.56788808107376	65.000000000000	0.00000000000000
29.809999465942	0.22650477290154	-0.56715303659439	65.000000000000	0.00000000000000
29.819999694824	0.22518953680992	-0.56641292572021	65.000000000000	0.00000000000000
29.829999923706	0.22387509047985	-0.56566798686981	65.000000000000	0.00000000000000
29.840000152588	0.22256164252758	-0.56491804122925	65.000000000000	0.00000000000000
29.850000381470	0.22124898433685	-0.56416326761246	65.000000000000	0.00000000000000
29.860000610352	0.21993730962276	-0.56340360641479	65.000000000000	0.00000000000000
29.870000839233	0.21862643957138	-0.56263893842697	65.000000000000	0.00000000000000
29.879999160767	0.21731668710709	-0.56186932325363	65.000000000000	0.00000000000000
29.889999389648	0.21600779891014	-0.56109482049942	65.000000000000	0.00000000000000
29.899999618530	0.21469996869564	-0.56031537055969	65.000000000000	0.00000000000000
29.909999847412	0.21339303255081	-0.55953097343445	65.000000000000	0.00000000000000
29.920000076294	0.21208730340004	-0.55874162912369	65.000000000000	0.00000000000000
29.930000305176	0.21078257262707	-0.55794739723206	65.000000000000	0.00000000000000
29.940000534058	0.20947892963886	-0.55714809894562	65.000000000000	0.00000000000000
29.950000762939	0.20817646384239	-0.55634385347366	65.000000000000	0.00000000000000
29.959999084473	0.20687511563301	-0.55553472042084	65.000000000000	0.00000000000000
29.969999313354	0.20557498931885	-0.55472058057785	65.000000000000	0.00000000000000
29.979999542236	0.20427590608597	-0.55390143394470	65.000000000000	0.00000000000000
29.989999771118	0.20297820866108	-0.55307734012604	65.000000000000	0.00000000000000
30.000000000000	0.20168176293373	-0.55224829912186	65.000000000000	0.00000000000000
30.010000228882	0.20038644969463	-0.55141431093216	65.000000000000	0.00000000000000
30.020000457764	0.19909258186817	-0.55057537555695	65.000000000000	0.00000000000000
30.030000686646	0.19779989123344	-0.54973137378693	65.000000000000	0.00000000000000
30.040000915527	0.19650880992413	-0.54888242483139	65.000000000000	0.00000000000000
30.049999237061	0.19521899521351	-0.54802852869034	65.000000000000	0.00000000000000
30.059999465942	0.19393040239811	-0.54716962575912	65.000000000000	0.00000000000000
30.069999694824	0.19264335930347	-0.54630583524704	65.000000000000	0.00000000000000
30.079999923706	0.19135774672031	-0.54543691873550	65.000000000000	0.00000000000000
30.090000152588	0.19007374346256	-0.54456299543381	65.000000000000	0.00000000000000
30.100000381470	0.18879105150700	-0.54368424415588	65.000000000000	0.00000000000000
30.110000610352	0.18751002848148	-0.54280042648315	65.000000000000	0.00000000000000
30.120000839233	0.18623054027557	-0.54191160202026	65.000000000000	0.00000000000000
30.129999160767	0.18495258688927	-0.54101783037186	65.000000000000	0.00000000000000
30.139999389648	0.18367619812489	-0.54011899232864	65.000000000000	0.00000000000000
30.149999618530	0.18240141868591	-0.53921526670456	65.000000000000	0.00000000000000
30.159999847412	0.18112850189209	-0.53830653429031	65.000000000000	0.00000000000000
30.170000076294	0.17985713481903	-0.53739285469055	65.000000000000	0.00000000000000
30.180000305176	0.17858752608299	-0.53647410869598	65.000000000000	0.00000000000000
30.190000534058	0.17731960117817	-0.53555029630661	65.000000000000	0.00000000000000
30.200000762939	0.17605341970921	-0.53462171554565	65.000000000000	0.00000000000000
30.209999084473	0.17478908598423	-0.53368800878525	65.000000000000	0.00000000000000
30.219999313354	0.17352652549744	-0.53274935483932	65.000000000000	0.00000000000000
30.229999542236	0.17226597666740	-0.53180569410324	65.000000000000	0.00000000000000
30.239999771118	0.17100714147091	-0.53085708618164	65.000000000000	0.00000000000000
30.250000000000	0.16975022852421	-0.52990347146988	65.000000000000	0.00000000000000
30.260000228882	0.16849507391453	-0.52894490957260	65.000000000000	0.00000000000000
30.270000457764	0.16724202036858	-0.52798140048981	65.000000000000	0.00000000000000
30.280000686646	0.16599100828171	-0.52701288461685	65.000000000000	0.00000000000000
30.290000915527	0.16474193334579	-0.52603942155838	65.000000000000	0.00000000000000
30.299999237061	0.16349489986897	-0.52506095170975	65.000000000000	0.00000000000000
30.309999465942	0.16224986314774	-0.52407753467560	65.000000000000	0.00000000000000
30.319999694824	0.16100694239140	-0.52308911085129	65.000000000000	0.00000000000000
30.329999923706	0.15976603329182	-0.52209579944611	65.000000000000	0.00000000000000
30.340000152588	0.15852755308151	-0.52109748125076	65.000000000000	0.00000000000000
30.350000381470	0.15729101002216	-0.52009427547455	65.000000000000	0.00000000000000
30.360000610352	0.15605668723583	-0.51908606290817	65.000000000000	0.00000000000000
30.370000839233	0.15482459962368	-0.51807296276093	65.000000000000	0.00000000000000
30.379999160767	0.15359464287758	-0.51705491542816	65.000000000000	0.00000000000000
30.389999389648	0.15236696600914	-0.51603186130524	65.000000000000	0.00000000000000
30.399999618530	0.15114174783230	-0.51500391960144	65.000000000000	0.00000000000000
30.409999847412	0.14991883933544	-0.51397103071213	65.000000000000	0.00000000000000
30.420000076294	0.14869804680347	-0.51293331384659	65.000000000000	0.00000000000000
30.430000305176	0.14747987687588	-0.51189053058624	65.000000000000	0.00000000000000
30.440000534058	0.14626400172710	-0.51084291934967	65.000000000000	0.00000000000000
30.450000762939	0.14505054056644	-0.50979042053223	65.000000000000	0.00000000000000
30.459999084473	0.14383965730667	-0.50873297452927	65.000000000000	0.00000000000000
30.469999313354	0.14263124763966	-0.50767064094543	65.000000000000	0.00000000000000
30.479999542236	0.14142510294914	-0.50660341978073	65.000000000000	0.00000000000000
30.489999771118	0.14022170007229	-0.50553131103516	65.000000000000	0.00000000000000
30.500000000000	0.13902086019516	-0.50445431470871	65.000000000000	0.00000000000000
30.510000228882	0.13782258331776	-0.50337243080139	65.000000000000	0.00000000000000
30.520000457764	0.13662689924240	-0.50228571891785	65.000000000000	0.00000000000000
30.530000686646	0.13543383777142	-0.50119417905807	65.000000000000	0.00000000000000
30.540000915527	0.13424353301525	-0.50009769201279	65.000000000000	0.00000000000000
30.549999237061	0.13305588066578	-0.49899640679359	65.000000000000	0.00000000000000
30.559999465942	0.13187105953693	-0.49789026379585	65.000000000000	0.00000000000000
30.569999694824	0.13068868219852	-0.49677929282188	65.000000000000	0.00000000000000
30.579999923706	0.12950928509235	-0.49566349387169	65.000000000000	0.00000000000000
30.590000152588	0.12833276391029	-0.49454283714294	65.000000000000	0.00000000000000
30.600000381470	0.12715904414654	-0.49341747164726	65.000000000000	0.00000000000000
30.610000610352	0.12598821520805	-0.49228715896606	65.000000000000	0.00000000000000
30.620000839233	0.12482012808323	-0.49115219712257	65.000000000000	0.00000000000000
30.629999160767	0.12365511804819	-0.49001237750053	65.000000000000	0.00000000000000
30.639999389648	0.12249285727739	-0.48886778950691	65.000000000000	0.00000000000000
30.649999618530	0.12133373320103	-0.48771843314171	65.000000000000	0.00000000000000
30.659999847412	0.12017753720284	-0.48656436800957	65.000000000000	0.00000000000000
30.670000076294	0.11902429163456	-0.48540547490120	65.000000000000	0.00000000000000
30.680000305176	0.11787423491478	-0.48424184322357	65.000000000000	0.00000000000000
30.690000534058	0.11672717332840	-0.48307350277901	65.000000000000	0.00000000000000
30.700000762939	0.11558324843645	-0.48190048336983	65.000000000000	0.00000000000000
30.709999084473	0.11444236338139	-0.48072269558907	65.000000000000	0.00000000000000
30.719999313354	0.11330477148294	-0.47954022884369	65.000000000000	0.00000000000000
30.729999542236	0.11217027157545	-0.47835305333138	65.000000000000	0.00000000000000
30.739999771118	0.11103899031878	-0.47716119885445	65.000000000000	0.00000000000000
30.750000000000	0.10991106927395	-0.47596469521523	65.000000000000	0.00000000000000
30.760000228882	0.10878618806601	-0.47476351261139	65.000000000000	0.00000000000000
30.770000457764	0.10766471922398	-0.47355768084526	65.000000000000	0.00000000000000
30.780000686646	0.10654657334089	-0.47234722971916	65.000000000000	0.00000000000000
30.790000915527	0.10543175786734	-0.47113215923309	65.000000000000	0.00000000000000
30.799999237061	0.10432030260563	-0.46991243958473	65.000000000000	0.00000000000000
30.809999465942	0.10321246832609	-0.46868810057640	65.000000000000	0.00000000000000
30.819999694824	0.10210780799389	-0.46745920181274	65.000000000000	0.00000000000000
30.829999923706	0.10100647062063	-0.46622574329376	65.000000000000	0.00000000000000
30.840000152588	0.099908694624901	-0.46498772501945	65.000000000000	0.00000000000000
30.850000381470	0.098814502358437	-0.46374508738518	65.000000000000	0.00000000000000
30.860000610352	0.097723707556725	-0.46249794960022	65.000000000000	0.00000000000000
30.870000839233	0.096636749804020	-0.46124625205994	65.000000000000	0.00000000000000
30.879999160767	0.095553226768970	-0.45999005436897	65.000000000000	0.00000000000000
30.889999389648	0.094473168253899	-0.45872938632965	65.000000000000	0.00000000000000
30.899999618530	0.093396797776222	-0.45746418833733	65.000000000000	0.00000000000000
30.909999847412	0.092324152588844	-0.45619451999664	65.000000000000	0.00000000000000
30.920000076294	0.091255031526089	-0.45492044091225	65.000000000000	0.00000000000000
30.930000305176	0.090189889073372	-0.45364183187485	65.000000000000	0.00000000000000
30.940000534058	0.089128307998180	-0.45235878229141	65.000000000000	0.00000000000000
30.950000762939	0.088070549070835	-0.45107141137123	65.000000000000	0.00000000000000
30.959999084473	0.087016612291336	-0.44977957010269	65.000000000000	0.00000000000000
30.969999313354	0.085966520011425	-0.44848331809044	65.000000000000	0.00000000000000
30.979999542236	0.084920093417168	-0.44718271493912	65.000000000000	0.00000000000000
30.989999771118	0.083877556025982	-0.44587776064873	65.000000000000	0.00000000000000
31.000000000000	0.082839146256447	-0.44456839561462	65.000000000000	0.00000000000000
31.010000228882	0.081804245710373	-0.44325479865074	65.000000000000	0.00000000000000
31.020000457764	0.080773733556271	-0.44193679094315	65.000000000000	0.00000000000000
31.030000686646	0.079746775329113	-0.44061458110809	65.000000000000	0.00000000000000
31.040000915527	0.078723818063736	-0.43928807973862	65.000000000000	0.00000000000000
31.049999237061	0.077705085277557	-0.43795725703239	65.000000000000	0.00000000000000
31.059999465942	0.076690614223480	-0.43662217259407	65.000000000000	0.00000000000000
31.069999694824	0.075679786503315	-0.43528291583061	65.000000000000	0.00000000000000
31.079999923706	0.074673250317574	-0.43393939733505	65.000000000000	0.00000000000000
31.090000152588	0.073670819401741	-0.43259167671204	65.000000000000	0.00000000000000
31.100000381470	0.072672307491302	-0.43123978376389	65.000000000000	0.00000000000000
31.110000610352	0.071678355336189	-0.42988368868828	65.000000000000	0.00000000000000
31.120000839233	0.070688158273697	-0.42852351069450	65.000000000000	0.00000000000000
31.129999160767	0.069702558219433	-0.42715916037560	65.000000000000	0.00000000000000
31.139999389648	0.068720966577530	-0.42579066753387	65.000000000000	0.00000000000000
31.149999618530	0.067743800580502	-0.42441812157631	65.000000000000	0.00000000000000
31.159999847412	0.066770687699318	-0.42304149270058	65.000000000000	0.00000000000000
31.170000076294	0.065802045166492	-0.42166084051132	65.000000000000	0.00000000000000
31.180000305176	0.064837686717510	-0.42027607560158	65.000000000000	0.00000000000000
31.190000534058	0.063877642154694	-0.41888734698296	65.000000000000	0.00000000000000
31.200000762939	0.062922120094299	-0.41749456524849	65.000000000000	0.00000000000000
31.209999084473	0.061970755457878	-0.41609784960747	65.000000000000	0.00000000000000
31.219999313354	0.061024155467749	-0.41469711065292	65.000000000000	0.00000000000000
31.229999542236	0.060081750154495	-0.41329246759415	65.000000000000	0.00000000000000
31.239999771118	0.059143945574760	-0.41188389062881	65.000000000000	0.00000000000000
31.250000000000	0.058210566639900	-0.41047143936157	65.000000000000	0.00000000000000
31.260000228882	0.057281635701656	-0.40905505418777	65.000000000000	0.00000000000000
31.270000457764	0.056357566267252	-0.40763479471207	65.000000000000	0.00000000000000
31.280000686646	0.055437780916691	-0.40621075034142	65.000000000000	0.00000000000000
31.290000915527	0.054522693157196	-0.40478283166885	65.000000000000	0.00000000000000
31.299999237061	0.053612135350704	-0.40335109829903	65.000000000000	0.00000000000000
31.309999465942	0.052706304937601	-0.40191555023193	65.000000000000	0.00000000000000
31.319999694824	0.051805041730404	-0.40047633647919	65.000000000000	0.00000000000000
31.329999923706	0.050908736884594	-0.39903330802917	65.000000000000	0.00000000000000
31.340000152588	0.050016831606627	-0.39758655428886	65.000000000000	0.00000000000000
31.350000381470	0.049129739403725	-0.39613613486290	65.000000000000	0.00000000000000
31.360000610352	0.048247281461954	-0.39468204975128	65.000000000000	0.00000000000000
31.370000839233	0.047369662672281	-0.39322432875633	65.000000000000	0.00000000000000
31.379999160767	0.046496905386448	-0.39176291227341	65.000000000000	0.00000000000000
31.389999389648	0.045629020780325	-0.39029785990715	65.000000000000	0.00000000000000
31.399999618530	0.044765844941139	-0.38882929086685	65.000000000000	0.00000000000000
31.409999847412	0.043907567858696	-0.38735711574554	65.000000000000	0.00000000000000
31.420000076294	0.043054133653641	-0.38588139414787	65.000000000000	0.00000000000000
31.430000305176	0.042205642908812	-0.38440215587616	65.000000000000	0.00000000000000
31.440000534058	0.041362021118402	-0.38291943073273	65.000000000000	0.00000000000000
31.450000762939	0.040523376315832	-0.38143321871758	65.000000000000	0.00000000000000
31.459999084473	0.039689719676971	-0.37994354963303	65.000000000000	0.00000000000000
31.469999313354	0.038861073553562	-0.37845045328140	65.000000000000	0.00000000000000
31.479999542236	0.038037363439798	-0.37695395946503	65.000000000000	0.00000000000000
31.489999771118	0.037218693643808	-0.37545406818390	65.000000000000	0.00000000000000
31.500000000000	0.036405079066753	-0.37395080924034	65.000000000000	0.00000000000000
31.510000228882	0.035596538335085	-0.37244427204132	65.000000000000	0.00000000000000
31.520000457764	0.034792993217707	-0.37093436717987	65.000000000000	0.00000000000000
31.530000686646	0.033994730561972	-0.36942118406296	65.000000000000	0.00000000000000
31.540000915527	0.033201411366463	-0.36790478229523	65.000000000000	0.00000000000000
31.549999237061	0.032413396984339	-0.36638513207436	65.000000000000	0.00000000000000
31.559999465942	0.031630359590054	-0.36486220359802	65.000000000000	0.00000000000000
31.569999694824	0.030852656811476	-0.36333614587784	65.000000000000	0.00000000000000
31.579999923706	0.030080135911703	-0.36180689930916	65.000000000000	0.00000000000000
31.590000152588	0.029312720522285	-0.36027455329895	65.000000000000	0.00000000000000
31.600000381470	0.028550682589412	-0.35873907804489	65.000000000000	0.00000000000000
31.610000610352	0.027793778106570	-0.35720050334930	65.000000000000	0.00000000000000
31.620000839233	0.027042282745242	-0.35565888881683	65.000000000000	0.00000000000000
31.629999160767	0.026295952498913	-0.35411423444748	65.000000000000	0.00000000000000
31.639999389648	0.025554966181517	-0.35256657004356	65.000000000000	0.00000000000000
31.649999618530	0.024819346144795	-0.35101592540741	65.000000000000	0.00000000000000
31.659999847412	0.024089096114039	-0.34946233034134	65.000000000000	0.00000000000000
31.670000076294	0.023364149034023	-0.34790578484535	65.000000000000	0.00000000000000
31.680000305176	0.022644685581326	-0.34634637832642	65.000000000000	0.00000000000000
31.690000534058	0.021930551156402	-0.34478405117989	65.000000000000	0.00000000000000
31.700000762939	0.021221762523055	-0.34321889281273	65.000000000000	0.00000000000000
31.709999084473	0.020518489181995	-0.34165090322495	65.000000000000	0.00000000000000
31.719999313354	0.019820665940642	-0.34008014202118	65.000000000000	0.00000000000000
31.729999542236	0.019128305837512	-0.33850657939911	65.000000000000	0.00000000000000
31.739999771118	0.018441418185830	-0.33693030476570	65.000000000000	0.00000000000000
31.750000000000	0.017760096117854	-0.33535131812096	65.000000000000	0.00000000000000
31.760000228882	0.017084186896682	-0.33376961946487	65.000000000000	0.00000000000000
31.770000457764	0.016413867473602	-0.33218529820442	65.000000000000	0.00000000000000
31.780000686646	0.015749147161841	-0.33059829473495	65.000000000000	0.00000000000000
31.790000915527	0.015089875087142	-0.32900875806808	65.000000000000	0.00000000000000
31.799999237061	0.014436224475503	-0.32741656899452	65.000000000000	0.00000000000000
31.809999465942	0.013788201846182	-0.32582187652588	65.000000000000	0.00000000000000
31.819999694824	0.013145820237696	-0.32422471046448	65.000000000000	0.00000000000000
31.829999923706	0.012509007938206	-0.32262498140335	65.000000000000	0.00000000000000
31.840000152588	0.011877856217325	-0.32102280855179	65.000000000000	0.00000000000000
31.850000381470	0.011252220720053	-0.31941822171211	65.000000000000	0.00000000000000
31.860000610352	0.010632414370775	-0.31781128048897	65.000000000000	0.00000000000000
31.870000839233	0.010018295608461	-0.31620186567307	65.000000000000	0.00000000000000
31.879999160767	0.0094097964465618	-0.31459015607834	65.000000000000	0.00000000000000
31.889999389648	0.0088070034980774	-0.31297615170479	65.000000000000	0.00000000000000
31.899999618530	0.0082099987193942	-0.31135982275009	65.000000000000	0.00000000000000
31.909999847412	0.0076187150552869	-0.30974125862122	65.000000000000	0.00000000000000
31.920000076294	0.0070331627503037	-0.30812042951584	65.000000000000	0.00000000000000
31.930000305176	0.0064533487893641	-0.30649745464325	65.000000000000	0.00000000000000
31.940000534058	0.0058792810887098	-0.30487230420113	65.000000000000	0.00000000000000
31.950000762939	0.0053111123852432	-0.30324497818947	65.000000000000	0.00000000000000
31.959999084473	0.0047487053088844	-0.30161559581757	65.000000000000	0.00000000000000
31.969999313354	0.0041920668445528	-0.29998409748077	65.000000000000	0.00000000000000
31.979999542236	0.0036413471680135	-0.29835060238838	65.000000000000	0.00000000000000
31.989999771118	0.0030963385943323	-0.29671502113342	65.000000000000	0.00000000000000
32.000000000000	0.0025572613812983	-0.29507747292519	65.000000000000	0.00000000000000
32.009998321533	0.0020240501035005	-0.29343798756599	65.000000000000	0.00000000000000
32.020000457764	0.0014966410817578	-0.29179659485817	65.000000000000	0.00000000000000
32.029998779297	0.00097511027706787	-0.29015323519707	65.000000000000	0.00000000000000
32.040000915527	0.00045953228254803	-0.28850805759430	65.000000000000	0.00000000000000
32.049999237061	-5.0157148507424e-05	-0.28686103224754	65.000000000000	0.00000000000000
32.060001373291	-0.00055402074940503	-0.28521221876144	65.000000000000	0.00000000000000
32.069999694824	-0.0010518493363634	-0.28356158733368	65.000000000000	0.00000000000000
32.080001831055	-0.0015438417904079	-0.28190925717354	65.000000000000	0.00000000000000
32.090000152588	-0.0020297919400036	-0.28025522828102	65.000000000000	0.00000000000000
32.099998474121	-0.0025098300538957	-0.27859950065613	65.000000000000	0.00000000000000
32.110000610352	-0.0029838855843991	-0.27694213390350	65.000000000000	0.00000000000000
32.119998931885	-0.0034520209301263	-0.27528312802315	65.000000000000	0.00000000000000
32.130001068115	-0.0039141662418842	-0.27362251281738	65.000000000000	0.00000000000000
32.139999389648	-0.0043703196570277	-0.27196040749550	65.000000000000	0.00000000000000
32.150001525879	-0.0048204772174358	-0.27029675245285	65.000000000000	0.00000000000000
32.159999847412	-0.0052646365948021	-0.26863157749176	65.000000000000	0.00000000000000
32.169998168945	-0.0057027959264815	-0.26696497201920	65.000000000000	0.00000000000000
32.180000305176	-0.0061348252929747	-0.26529693603516	65.000000000000	0.00000000000000
32.189998626709	-0.0065609775483608	-0.26362749934196	65.000000000000	0.00000000000000
32.200000762939	-0.0069809970445931	-0.26195669174194	65.000000000000	0.00000000000000
32.209999084473	-0.0073950099758804	-0.26028457283974	65.000000000000	0.00000000000000
32.220001220703	-0.0078030130825937	-0.25861114263535	65.000000000000	0.00000000000000
32.229999542236	-0.0082048829644918	-0.25693643093109	65.000000000000	0.00000000000000
32.240001678467	-0.0086007425561547	-0.25526049733162	65.000000000000	0.00000000000000
32.250000000000	-0.0089905904605985	-0.25358334183693	65.000000000000	0.00000000000000
32.259998321533	-0.0093742450699210	-0.25190505385399	65.000000000000	0.00000000000000
32.270000457764	-0.0097518879920244	-0.25022557377815	65.000000000000	0.00000000000000
32.279998779297	-0.010123459622264	-0.24854502081871	65.000000000000	0.00000000000000
32.290000915527	-0.010488902218640	-0.24686336517334	65.000000000000	0.00000000000000
32.299999237061	-0.010848332196474	-0.24518068134785	65.000000000000	0.00000000000000
32.310001373291	-0.011201518587768	-0.24349699914455	65.000000000000	0.00000000000000
32.319999694824	-0.011548697948456	-0.24181233346462	65.000000000000	0.00000000000000
32.330001831055	-0.011889752000570	-0.24012672901154	65.000000000000	0.00000000000000
32.340000152588	-0.012224687263370	-0.23844018578529	65.000000000000	0.00000000000000
32.349998474121	-0.012553559616208	-0.23675279319286	65.000000000000	0.00000000000000
32.360000610352	-0.012876261025667	-0.23506452143192	65.000000000000	0.00000000000000
32.369998931885	-0.013192849233747	-0.23337543010712	65.000000000000	0.00000000000000
32.380001068115	-0.013503273949027	-0.23168557882309	65.000000000000	0.00000000000000
32.389999389648	-0.013807647861540	-0.22999496757984	65.000000000000	0.00000000000000
32.400001525879	-0.014105810783803	-0.22830365598202	65.000000000000	0.00000000000000
32.409999847412	-0.014397877268493	-0.22661164402962	65.000000000000	0.00000000000000
32.419998168945	-0.014683848246932	-0.22491896152496	65.000000000000	0.00000000000000
32.430000305176	-0.014963624998927	-0.22322566807270	65.000000000000	0.00000000000000
32.439998626709	-0.015237263403833	-0.22153179347515	65.000000000000	0.00000000000000
32.450000762939	-0.015504769980907	-0.21983736753464	65.000000000000	0.00000000000000
32.459999084473	-0.015766151249409	-0.21814243495464	65.000000000000	0.00000000000000
32.470001220703	-0.016021359711885	-0.21644698083401	65.000000000000	0.00000000000000
32.479999542236	-0.016270404681563	-0.21475107967854	65.000000000000	0.00000000000000
32.490001678467	-0.016513342037797	-0.21305476129055	65.000000000000	0.00000000000000
32.500000000000	-0.016750128939748	-0.21135805547237	65.000000000000	0.00000000000000
32.509998321533	-0.016980770975351	-0.20966099202633	65.000000000000	0.00000000000000
32.520000457764	-0.017205277457833	-0.20796358585358	65.000000000000	0.00000000000000
32.529998779297	-0.017423557117581	-0.20626589655876	65.000000000000	0.00000000000000
32.540000915527	-0.017635766416788	-0.20456795394421	65.000000000000	0.00000000000000
32.549999237061	-0.017841815948486	-0.20286978781223	65.000000000000	0.00000000000000
32.560001373291	-0.018041715025902	-0.20117139816284	65.000000000000	0.00000000000000
32.569999694824	-0.018235474824905	-0.19947287440300	65.000000000000	0.00000000000000
32.580001831055	-0.018423102796078	-0.19777421653271	65.000000000000	0.00000000000000
32.590000152588	-0.018604563549161	-0.19607545435429	65.000000000000	0.00000000000000
32.599998474121	-0.018779912963510	-0.19437663257122	65.000000000000	0.00000000000000
32.610000610352	-0.018949115648866	-0.19267776608467	65.000000000000	0.00000000000000
32.619998931885	-0.019112186506391	-0.19097894430161	65.000000000000	0.00000000000000
32.630001068115	-0.019269175827503	-0.18928013741970	65.000000000000	0.00000000000000
32.639999389648	-0.019419968128204	-0.18758137524128	65.000000000000	0.00000000000000
32.650001525879	-0.019564703106880	-0.18588271737099	65.000000000000	0.00000000000000
32.659999847412	-0.019703265279531	-0.18418420851231	65.000000000000	0.00000000000000
32.669998168945	-0.019835708662868	-0.18248584866524	65.000000000000	0.00000000000000
32.680000305176	-0.019962009042501	-0.18078771233559	65.000000000000	0.00000000000000
32.689998626709	-0.020082304254174	-0.17908976972103	65.000000000000	0.00000000000000
32.700000762939	-0.020196396857500	-0.17739211022854	65.000000000000	0.00000000000000
32.709999084473	-0.020304389297962	-0.17569473385811	65.000000000000	0.00000000000000
32.720001220703	-0.020406333729625	-0.17399767041206	65.000000000000	0.00000000000000
32.729999542236	-0.020502209663391	-0.17230097949505	65.000000000000	0.00000000000000
32.740001678467	-0.020591944456100	-0.17060469090939	65.000000000000	0.00000000000000
32.750000000000	-0.020675605162978	-0.16890880465508	65.000000000000	0.00000000000000
32.759998321533	-0.020753201097250	-0.16721338033676	65.000000000000	0.00000000000000
32.770000457764	-0.020824752748013	-0.16551844775677	65.000000000000	0.00000000000000
32.779998779297	-0.020890202373266	-0.16382402181625	65.000000000000	0.00000000000000
32.790000915527	-0.020949602127075	-0.16213014721870	65.000000000000	0.00000000000000
32.799999237061	-0.021002974361181	-0.16043685376644	65.000000000000	0.00000000000000
32.810001373291	-0.021050259470940	-0.15874417126179	65.000000000000	0.00000000000000
32.819999694824	-0.021091599017382	-0.15705215930939	65.000000000000	0.00000000000000
32.830001831055	-0.021126819774508	-0.15536080300808	65.000000000000	0.00000000000000
32.840000152588	-0.021156053990126	-0.15367014706135	65.000000000000	0.00000000000000
32.849998474121	-0.021179290488362	-0.15198023617268	65.000000000000	0.00000000000000
32.860000610352	-0.021196512505412	-0.15029111504555	65.000000000000	0.00000000000000
32.869998931885	-0.021207710728049	-0.14860278367996	65.000000000000	0.00000000000000
32.880001068115	-0.021212905645370	-0.14691525697708	65.000000000000	0.00000000000000
32.889999389648	-0.021212195977569	-0.14522863924503	65.000000000000	0.00000000000000
32.900001525879	-0.021205464377999	-0.14354291558266	65.000000000000	0.00000000000000
32.909999847412	-0.021192772313952	-0.14185808598995	65.000000000000	0.00000000000000
32.919998168945	-0.021174114197493	-0.14017425477505	65.000000000000	0.00000000000000
32.930000305176	-0.021149549633265	-0.13849139213562	65.000000000000	0.00000000000000
32.939998626709	-0.021119035780430	-0.13680952787399	65.000000000000	0.00000000000000
32.950000762939	-0.021082578226924	-0.13512875139713	65.000000000000	0.00000000000000
32.959999084473	-0.021040230989456	-0.13344903290272	65.000000000000	0.00000000000000
32.970001220703	-0.020991995930672	-0.13177041709423	65.000000000000	0.00000000000000
32.979999542236	-0.020937837660313	-0.13009296357632	65.000000000000	0.00000000000000
32.990001678467	-0.020877797156572	-0.12841668725014	65.000000000000	0.00000000000000
33.000000000000	-0.020811896771193	-0.12674158811569	65.000000000000	0.00000000000000
33.009998321533	-0.020740117877722	-0.12506772577763	65.000000000000	0.00000000000000
33.020000457764	-0.020662523806095	-0.12339513748884	65.000000000000	0.00000000000000
33.029998779297	-0.020579088479280	-0.12172383069992	65.000000000000	0.00000000000000
33.040000915527	-0.020489823073149	-0.12005384266376	65.000000000000	0.00000000000000
33.049999237061	-0.020394735038280	-0.11838521808386	65.000000000000	0.00000000000000
33.060001373291	-0.020293865352869	-0.11671796441078	65.000000000000	0.00000000000000
33.069999694824	-0.020187200978398	-0.11505212634802	65.000000000000	0.00000000000000
33.080001831055	-0.020074751228094	-0.11338772624731	65.000000000000	0.00000000000000
33.090000152588	-0.019956536591053	-0.11172477900982	65.000000000000	0.00000000000000
33.099998474121	-0.019832599908113	-0.11006334424019	65.000000000000	0.00000000000000
33.110000610352	-0.019702907651663	-0.10840342193842	65.000000000000	0.00000000000000
33.119998931885	-0.019567510113120	-0.10674506425858	65.000000000000	0.00000000000000
33.130001068115	-0.019426407292485	-0.10508828610182	65.000000000000	0.00000000000000
33.139999389648	-0.019279591739178	-0.10343312472105	65.000000000000	0.00000000000000
33.150001525879	-0.019127076491714	-0.10177959501743	65.000000000000	0.00000000000000
33.159999847412	-0.018968937918544	-0.10012774169445	65.000000000000	0.00000000000000
33.169998168945	-0.018805136904120	-0.098477579653263	65.000000000000	0.00000000000000
33.180000305176	-0.018635705113411	-0.096829138696194	65.000000000000	0.00000000000000
33.189998626709	-0.018460636958480	-0.095182448625565	65.000000000000	0.00000000000000
33.200000762939	-0.018279975280166	-0.093537539243698	65.000000000000	0.00000000000000
33.209999084473	-0.018093697726727	-0.091894440352917	65.000000000000	0.00000000000000
33.220001220703	-0.017901871353388	-0.090253174304962	65.000000000000	0.00000000000000
33.229999542236	-0.017704481258988	-0.088613763451576	65.000000000000	0.00000000000000
33.240001678467	-0.017501519992948	-0.086976252496243	65.000000000000	0.00000000000000
33.250000000000	-0.017293062061071	-0.085340648889542	65.000000000000	0.00000000000000
33.259998321533	-0.017079072073102	-0.083706989884377	65.000000000000	0.00000000000000
33.270000457764	-0.016859591007233	-0.082075290381908	65.000000000000	0.00000000000000
33.279998779297	-0.016634635627270	-0.080445595085621	65.000000000000	0.00000000000000
33.290000915527	-0.016404217109084	-0.078817911446095	65.000000000000	0.00000000000000
33.299999237061	-0.016168361529708	-0.077192276716232	65.000000000000	0.00000000000000
33.310001373291	-0.015927081927657	-0.075568720698357	65.000000000000	0.00000000000000
33.319999694824	-0.015680378302932	-0.073947265744209	65.000000000000	0.00000000000000
33.330001831055	-0.015428295359015	-0.072327926754951	65.000000000000	0.00000000000000
33.340000152588	-0.015170813538134	-0.070710740983486	65.000000000000	0.00000000000000
33.349998474121	-0.014907984063029	-0.069095738232136	65.000000000000	0.00000000000000
33.360000610352	-0.014639804139733	-0.067482925951481	65.000000000000	0.00000000000000
33.369998931885	-0.014366327784956	-0.065872341394424	65.000000000000	0.00000000000000
33.380001068115	-0.014087515883148	-0.064264006912708	65.000000000000	0.00000000000000
33.389999389648	-0.013803444802761	-0.062657959759235	65.000000000000	0.00000000000000
33.400001525879	-0.013514103367925	-0.061054185032845	65.000000000000	0.00000000000000
33.409999847412	-0.013219506479800	-0.059452749788761	65.000000000000	0.00000000000000
33.419998168945	-0.012919655069709	-0.057853657752275	65.000000000000	0.00000000000000
33.430000305176	-0.012614629231393	-0.056256935000420	65.000000000000	0.00000000000000
33.439998626709	-0.012304415926337	-0.054662611335516	65.000000000000	0.00000000000000
33.450000762939	-0.011989003978670	-0.053070705384016	65.000000000000	0.00000000000000
33.459999084473	-0.011668435297906	-0.051481246948242	65.000000000000	0.00000000000000
33.470001220703	-0.011342781595886	-0.049894228577614	65.000000000000	0.00000000000000
33.479999542236	-0.011011977680027	-0.048309717327356	65.000000000000	0.00000000000000
33.490001678467	-0.010676053352654	-0.046727720648050	65.000000000000	0.00000000000000
33.500000000000	-0.010335098952055	-0.045148245990276	65.000000000000	0.00000000000000
33.509998321533	-0.0099890762940049	-0.043571334332228	65.000000000000	0.00000000000000
33.520000457764	-0.0096380319446325	-0.041996985673904	65.000000000000	0.00000000000000
33.529998779297	-0.0092819742858410	-0.040425244718790	65.000000000000	0.00000000000000
33.540000915527	-0.0089209116995335	-0.038856130093336	65.000000000000	0.00000000000000
33.549999237061	-0.0085548842325807	-0.037289652973413	65.000000000000	0.00000000000000
33.560001373291	-0.0081839077174664	-0.035725835710764	65.000000000000	0.00000000000000
33.569999694824	-0.0078079830855131	-0.034164715558290	65.000000000000	0.00000000000000
33.580001831055	-0.0074271718040109	-0.032606292515993	65.000000000000	0.00000000000000
33.590000152588	-0.0070414659567177	-0.031050596386194	65.000000000000	0.00000000000000
33.599998474121	-0.0066508874297142	-0.029497649520636	65.000000000000	0.00000000000000
33.610000610352	-0.0062554772011936	-0.027947470545769	65.000000000000	0.00000000000000
33.619998931885	-0.0058552147820592	-0.026400083675981	65.000000000000	0.00000000000000
33.630001068115	-0.0054501788690686	-0.024855496361852	65.000000000000	0.00000000000000
33.639999389648	-0.0050403499044478	-0.023313743993640	65.000000000000	0.00000000000000
33.650001525879	-0.0046257600188255	-0.021774837747216	65.000000000000	0.00000000000000
33.659999847412	-0.0042064408771694	-0.020238796249032	65.000000000000	0.00000000000000
33.669998168945	-0.0037824080791324	-0.018705641850829	65.000000000000	0.00000000000000
33.680000305176	-0.0033536753617227	-0.017175393179059	65.000000000000	0.00000000000000
33.689998626709	-0.0029202799778432	-0.015648065134883	65.000000000000	0.00000000000000
33.700000762939	-0.0024822247214615	-0.014123682864010	65.000000000000	0.00000000000000
33.709999084473	-0.0020395501051098	-0.012602259404957	65.000000000000	0.00000000000000
33.720001220703	-0.0015922689344734	-0.011083815246820	65.000000000000	0.00000000000000
33.729999542236	-0.0011404063552618	-0.0095683671534061	65.000000000000	0.00000000000000
33.740001678467	-0.00068398501025513	-0.0080559328198433	65.000000000000	0.00000000000000
33.750000000000	-0.00022302559227683	-0.0065465308725834	65.000000000000	0.00000000000000
33.759998321533	0.00024244228552561	-0.0050401776097715	65.000000000000	0.00000000000000
33.770000457764	0.00071240618126467	-0.0035368907265365	65.000000000000	0.00000000000000
33.779998779297	0.0011868346482515	-0.0020366865210235	65.000000000000	0.00000000000000
33.790000915527	0.0016657095402479	-0.00053958158241585	65.000000000000	0.00000000000000
33.799999237061	0.0021490063518286	0.00095440732548013	65.000000000000	0.00000000000000
33.810001373291	0.0026367022655904	0.0024452642537653	65.000000000000	0.00000000000000
33.819999694824	0.0031287739984691	0.0039329733699560	65.000000000000	0.00000000000000
33.830001831055	0.0036251996643841	0.0054175178520381	65.000000000000	0.00000000000000
33.840000152588	0.0041259536519647	0.0068988841958344	65.000000000000	0.00000000000000
33.849998474121	0.0046310126781464	0.0083770547062159	65.000000000000	0.00000000000000
33.860000610352	0.0051403567194939	0.0098520172759891	65.000000000000	0.00000000000000
33.869998931885	0.0056539601646364	0.011323753744364	65.000000000000	0.00000000000000
33.880001068115	0.0061717978678644	0.012792251072824	65.000000000000	0.00000000000000
33.889999389648	0.0066938502714038	0.014257493428886	65.000000000000	0.00000000000000
33.900001525879	0.0072200871072710	0.015719471499324	65.000000000000	0.00000000000000
33.909999847412	0.0077504962682724	0.017178164795041	65.000000000000	0.00000000000000
33.919998168945	0.0082850446924567	0.018633559346199	65.000000000000	0.00000000000000
33.930000305176	0.0088237114250660	0.020085647702217	65.000000000000	0.00000000000000
33.939998626709	0.0093664750456810	0.021534413099289	65.000000000000	0.00000000000000
33.950000762939	0.0099133066833019	0.022979842498899	65.000000000000	0.00000000000000
33.959999084473	0.010464189574122	0.024421920999885	65.000000000000	0.00000000000000
33.970001220703	0.011019092984498	0.025860641151667	65.000000000000	0.00000000000000
33.979999542236	0.011577995494008	0.027295982465148	65.000000000000	0.00000000000000
33.990001678467	0.012140869162977	0.028727941215038	65.000000000000	0.00000000000000
34.000000000000	0.012707704678178	0.030156500637531	65.000000000000	0.00000000000000
34.009998321533	0.013278467580676	0.031581647694111	65.000000000000	0.00000000000000
34.020000457764	0.013853141106665	0.033003374934196	65.000000000000	0.00000000000000
34.029998779297	0.014431686140597	0.034421663731337	65.000000000000	0.00000000000000
34.040000915527	0.015014089643955	0.035836514085531	65.000000000000	0.00000000000000
34.049999237061	0.015600323677063	0.037247907370329	65.000000000000	0.00000000000000
34.060001373291	0.016190376132727	0.038655832409859	65.000000000000	0.00000000000000
34.069999694824	0.016784207895398	0.040060278028250	65.000000000000	0.00000000000000
34.080001831055	0.017381805926561	0.041461236774921	65.000000000000	0.00000000000000
34.090000152588	0.017983151599765	0.042858697474003	65.000000000000	0.00000000000000
34.099998474121	0.018588196486235	0.044252652674913	65.000000000000	0.00000000000000
34.110000610352	0.019196934998035	0.045643087476492	65.000000000000	0.00000000000000
34.119998931885	0.019809342920780	0.047029994428158	65.000000000000	0.00000000000000
34.130001068115	0.020425410941243	0.048413362354040	65.000000000000	0.00000000000000
34.139999389648	0.021045073866844	0.049793191254139	65.000000000000	0.00000000000000
34.150001525879	0.021668350324035	0.051169462502003	65.000000000000	0.00000000000000
34.159999847412	0.022295186296105	0.052542168647051	65.000000000000	0.00000000000000
34.169998168945	0.022925583645701	0.053911309689283	65.000000000000	0.00000000000000
34.180000305176	0.023559493944049	0.055276863276958	65.000000000000	0.00000000000000
34.189998626709	0.024196928367019	0.056638833135366	65.000000000000	0.00000000000000
34.200000762939	0.024837814271450	0.057997200638056	65.000000000000	0.00000000000000
34.209999084473	0.025482183322310	0.059351965785027	65.000000000000	0.00000000000000
34.220001220703	0.026129955425858	0.060703117400408	65.000000000000	0.00000000000000
34.229999542236	0.026781164109707	0.062050662934780	65.000000000000	0.00000000000000
34.240001678467	0.027435773983598	0.063394561409950	65.000000000000	0.00000000000000
34.250000000000	0.028093697503209	0.064734838902950	65.000000000000	0.00000000000000
34.259998321533	0.028754975646734	0.066071473062038	65.000000000000	0.00000000000000
34.270000457764	0.029419586062431	0.067404456436634	65.000000000000	0.00000000000000
34.279998779297	0.030087471008301	0.068733789026737	65.000000000000	0.00000000000000
34.290000915527	0.030758619308472	0.070059470832348	65.000000000000	0.00000000000000
34.299999237061	0.031433019787073	0.071381486952305	65.000000000000	0.00000000000000
34.310001373291	0.032110657542944	0.072699822485447	65.000000000000	0.00000000000000
34.319999694824	0.032791506499052	0.074014477431774	65.000000000000	0.00000000000000
34.330001831055	0.033475503325462	0.075325459241867	65.000000000000	0.00000000000000
34.340000152588	0.034162648022175	0.076632767915726	65.000000000000	0.00000000000000
34.349998474121	0.034852910786867	0.077936381101608	65.000000000000	0.00000000000000
34.360000610352	0.035546313971281	0.079236283898354	65.000000000000	0.00000000000000
34.369998931885	0.036242816597223	0.080532476305962	65.000000000000	0.00000000000000
34.380001068115	0.036942370235920	0.081824973225594	65.000000000000	0.00000000000000
34.389999389648	0.037644997239113	0.083113744854927	65.000000000000	0.00000000000000
34.400001525879	0.038350600749254	0.084398813545704	65.000000000000	0.00000000000000
34.409999847412	0.039059240370989	0.085680156946182	65.000000000000	0.00000000000000
34.419998168945	0.039770852774382	0.086957767605782	65.000000000000	0.00000000000000
34.430000305176	0.040485370904207	0.088231675326824	65.000000000000	0.00000000000000
34.439998626709	0.041202846914530	0.089501842856407	65.000000000000	0.00000000000000
34.450000762939	0.041923258453608	0.090768255293369	65.000000000000	0.00000000000000
34.459999084473	0.042646523565054	0.092030957341194	65.000000000000	0.00000000000000
34.470001220703	0.043372657150030	0.093289919197559	65.000000000000	0.00000000000000
34.479999542236	0.044101659208536	0.094545111060143	65.000000000000	0.00000000000000
34.490001678467	0.044833496212959	0.095796555280685	65.000000000000	0.00000000000000
34.500000000000	0.045568093657494	0.097044274210930	65.000000000000	0.00000000000000
34.509998321533	0.046305529773235	0.098288223147392	65.000000000000	0.00000000000000
34.520000457764	0.047045629471540	0.099528446793556	65.000000000000	0.00000000000000
34.529998779297	0.047788534313440	0.10076488554478	65.000000000000	0.00000000000000
34.540000915527	0.048534154891968	0.10199756920338	65.000000000000	0.00000000000000
34.549999237061	0.049282494932413	0.10322647541761	65.000000000000	0.00000000000000
34.560001373291	0.050033446401358	0.10445165634155	65.000000000000	0.00000000000000
34.569999694824	0.050787109881639	0.10567304491997	65.000000000000	0.00000000000000
34.580001831055	0.051543448120356	0.10689065605402	65.000000000000	0.00000000000000
34.590000152588	0.052302286028862	0.10810454189777	65.000000000000	0.00000000000000
34.599998474121	0.053063783794641	0.10931462049484	65.000000000000	0.00000000000000
34.610000610352	0.053827833384275	0.11052095890045	65.000000000000	0.00000000000000
34.619998931885	0.054594434797764	0.11172351241112	65.000000000000	0.00000000000000
34.630001068115	0.055363636463881	0.11292227357626	65.000000000000	0.00000000000000
34.639999389648	0.056135263293982	0.11411728709936	65.000000000000	0.00000000000000
34.650001525879	0.056909486651421	0.11530850082636	65.000000000000	0.00000000000000
34.659999847412	0.057686060667038	0.11649597436190	65.000000000000	0.00000000000000
34.669998168945	0.058465223759413	0.11767963320017	65.000000000000	0.00000000000000
34.680000305176	0.059246733784676	0.11885955184698	65.000000000000	0.00000000000000
34.689998626709	0.060030695050955	0.12003566324711	65.000000000000	0.00000000000000
34.700000762939	0.060816988348961	0.12120804190636	65.000000000000	0.00000000000000
34.709999084473	0.061605717986822	0.12237659841776	65.000000000000	0.00000000000000
34.720001220703	0.062396824359894	0.12354137003422	65.000000000000	0.00000000000000
34.729999542236	0.063190236687660	0.12470238655806	65.000000000000	0.00000000000000
34.740001678467	0.063986010849476	0.12585963308811	65.000000000000	0.00000000000000
34.750000000000	0.064784057438374	0.12701308727264	65.000000000000	0.00000000000000
34.759998321533	0.065584398806095	0.12816278636456	65.000000000000	0.00000000000000
34.770000457764	0.066387005150318	0.12930868566036	65.000000000000	0.00000000000000
34.779998779297	0.067191876471043	0.13045081496239	65.000000000000	0.00000000000000
34.790000915527	0.067998968064785	0.13158918917179	65.000000000000	0.00000000000000
34.799999237061	0.068808294832706	0.13272376358509	65.000000000000	0.00000000000000
34.810001373291	0.069619782269001	0.13385455310345	65.000000000000	0.00000000000000
34.819999694824	0.070433467626572	0.13498160243034	65.000000000000	0.00000000000000
34.830001831055	0.071249321103096	0.13610486686230	65.000000000000	0.00000000000000
34.840000152588	0.072067290544510	0.13722434639931	65.000000000000	0.00000000000000
34.849998474121	0.072887405753136	0.13834008574486	65.000000000000	0.00000000000000
34.860000610352	0.073709636926651	0.13945201039314	65.000000000000	0.00000000000000
34.869998931885	0.074533939361572	0.14056017994881	65.000000000000	0.00000000000000
34.880001068115	0.075360320508480	0.14166459441185	65.000000000000	0.00000000000000
34.889999389648	0.076188795268536	0.14276522397995	65.000000000000	0.00000000000000
34.900001525879	0.077019266784191	0.14386211335659	65.000000000000	0.00000000000000
34.909999847412	0.077851787209511	0.14495520293713	65.000000000000	0.00000000000000
34.919998168945	0.078686296939850	0.14604455232620	65.000000000000	0.00000000000000
34.930000305176	0.079522833228111	0.14713014662266	65.000000000000	0.00000000000000
34.939998626709	0.080361329019070	0.14821194112301	65.000000000000	0.00000000000000
34.950000762939	0.081201829016209	0.14928999543190	65.000000000000	0.00000000000000
34.959999084473	0.082044184207916	0.15036427974701	65.000000000000	0.00000000000000
34.970001220703	0.082888536155224	0.15143482387066	65.000000000000	0.00000000000000
34.979999542236	0.083734780550003	0.15250158309937	65.000000000000	0.00000000000000
34.990001678467	0.084582924842834	0.15356461703777	65.000000000000	0.00000000000000
35.000000000000	0.085432946681976	0.15462388098240	65.000000000000	0.00000000000000
