25.000000000000	0.73617899417877	-0.55066436529160	65.000000000000	0.00000000000000
25.010000228882	0.73559319972992	-0.55103570222855	65.000000000000	0.00000000000000
25.020000457764	0.73500627279282	-0.55140686035156	65.000000000000	0.00000000000000
25.030000686646	0.73441773653030	-0.55177795886993	65.000000000000	0.00000000000000
25.040000915527	0.73382776975632	-0.55214899778366	65.000000000000	0.00000000000000
25.049999237061	0.73323643207550	-0.55251985788345	65.000000000000	0.00000000000000
25.059999465942	0.73264366388321	-0.55289065837860	65.000000000000	0.00000000000000
25.069999694824	0.73204958438873	-0.55326122045517	65.000000000000	0.00000000000000
25.079999923706	0.73145401477814	-0.55363172292709	65.000000000000	0.00000000000000
25.090000152588	0.73085689544678	-0.55400210618973	65.000000000000	0.00000000000000
25.100000381470	0.73025840520859	-0.55437237024307	65.000000000000	0.00000000000000
25.110000610352	0.72965842485428	-0.55474251508713	65.000000000000	0.00000000000000
25.120000839233	0.72905707359314	-0.55511242151260	65.000000000000	0.00000000000000
25.129999160767	0.72845423221588	-0.55548220872879	65.000000000000	0.00000000000000
25.139999389648	0.72785001993179	-0.55585187673569	65.000000000000	0.00000000000000
25.149999618530	0.72724413871765	-0.55622136592865	65.000000000000	0.00000000000000
25.159999847412	0.72663682699203	-0.55659067630768	65.000000000000	0.00000000000000
25.170000076294	0.72602808475494	-0.55695986747742	65.000000000000	0.00000000000000
25.180000305176	0.72541785240173	-0.55732876062393	65.000000000000	0.00000000000000
25.190000534058	0.72480612993240	-0.55769759416580	65.000000000000	0.00000000000000
25.200000762939	0.72419285774231	-0.55806624889374	65.000000000000	0.00000000000000
25.209999084473	0.72357827425003	-0.55843472480774	65.000000000000	0.00000000000000
25.219999313354	0.72296196222305	-0.55880290269852	65.000000000000	0.00000000000000
25.229999542236	0.72234427928925	-0.55917096138000	65.000000000000	0.00000000000000
25.239999771118	0.72172480821609	-0.55953878164291	65.000000000000	0.00000000000000
25.250000000000	0.72110408544540	-0.55990642309189	65.000000000000	0.00000000000000
25.260000228882	0.72048169374466	-0.56027382612228	65.000000000000	0.00000000000000
25.270000457764	0.71985793113708	-0.56064099073410	65.000000000000	0.00000000000000
25.280000686646	0.71923243999481	-0.56100797653198	65.000000000000	0.00000000000000
25.290000915527	0.71860551834106	-0.56137472391129	65.000000000000	0.00000000000000
25.299999237061	0.71797692775726	-0.56174117326736	65.000000000000	0.00000000000000
25.309999465942	0.71734690666199	-0.56210738420486	65.000000000000	0.00000000000000
25.319999694824	0.71671521663666	-0.56247341632843	65.000000000000	0.00000000000000
25.329999923706	0.71608203649521	-0.56283915042877	65.000000000000	0.00000000000000
25.340000152588	0.71544742584229	-0.56320464611053	65.000000000000	0.00000000000000
25.350000381470	0.71481108665466	-0.56356990337372	65.000000000000	0.00000000000000
25.360000610352	0.71417319774628	-0.56393480300903	65.000000000000	0.00000000000000
25.370000839233	0.71353369951248	-0.56429940462112	65.000000000000	0.00000000000000
25.379999160767	0.71289259195328	-0.56466382741928	65.000000000000	0.00000000000000
25.389999389648	0.71224987506866	-0.56502789258957	65.000000000000	0.00000000000000
25.399999618530	0.71160560846329	-0.56539171934128	65.000000000000	0.00000000000000
25.409999847412	0.71095985174179	-0.56575518846512	65.000000000000	0.00000000000000
25.420000076294	0.71031230688095	-0.56611835956573	65.000000000000	0.00000000000000
25.430000305176	0.70966321229935	-0.56648123264313	65.000000000000	0.00000000000000
25.440000534058	0.70901244878769	-0.56684380769730	65.000000000000	0.00000000000000
25.450000762939	0.70836025476456	-0.56720602512360	65.000000000000	0.00000000000000
25.459999084473	0.70770627260208	-0.56756788492203	65.000000000000	0.00000000000000
25.469999313354	0.70705080032349	-0.56792944669724	65.000000000000	0.00000000000000
25.479999542236	0.70639371871948	-0.56829065084457	65.000000000000	0.00000000000000
25.489999771118	0.70573496818542	-0.56865143775940	65.000000000000	0.00000000000000
25.500000000000	0.70507442951202	-0.56901198625565	65.000000000000	0.00000000000000
25.510000228882	0.70441228151321	-0.56937223672867	65.000000000000	0.00000000000000
25.520000457764	0.70374864339828	-0.56973189115524	65.000000000000	0.00000000000000
25.530000686646	0.70308333635330	-0.57009118795395	65.000000000000	0.00000000000000
25.540000915527	0.70241624116898	-0.57045024633408	65.000000000000	0.00000000000000
25.549999237061	0.70174747705460	-0.57080894708633	65.000000000000	0.00000000000000
25.559999465942	0.70107728242874	-0.57116705179214	65.000000000000	0.00000000000000
25.569999694824	0.70040512084961	-0.57152509689331	65.000000000000	0.00000000000000
25.579999923706	0.69973134994507	-0.57188248634338	65.000000000000	0.00000000000000
25.590000152588	0.69905596971512	-0.57223957777023	65.000000000000	0.00000000000000
25.600000381470	0.69837909936905	-0.57259595394135	65.000000000000	0.00000000000000
25.610000610352	0.69770056009293	-0.57295203208923	65.000000000000	0.00000000000000
25.620000839233	0.69701993465424	-0.57330805063248	65.000000000000	0.00000000000000
25.629999160767	0.69633811712265	-0.57366299629211	65.000000000000	0.00000000000000
25.639999389648	0.69565433263779	-0.57401788234711	65.000000000000	0.00000000000000
25.649999618530	0.69496876001358	-0.57437247037888	65.000000000000	0.00000000000000
25.659999847412	0.69428175687790	-0.57472634315491	65.000000000000	0.00000000000000
25.670000076294	0.69359296560287	-0.57507967948914	65.000000000000	0.00000000000000
25.680000305176	0.69290238618851	-0.57543271780014	65.000000000000	0.00000000000000
25.690000534058	0.69221037626266	-0.57578498125076	65.000000000000	0.00000000000000
25.700000762939	0.69151628017426	-0.57613718509674	65.000000000000	0.00000000000000
25.709999084473	0.69082075357437	-0.57648861408234	65.000000000000	0.00000000000000
25.719999313354	0.69012343883514	-0.57683956623077	65.000000000000	0.00000000000000
25.729999542236	0.68942433595657	-0.57719010114670	65.000000000000	0.00000000000000
25.739999771118	0.68872350454330	-0.57754015922546	65.000000000000	0.00000000000000
25.750000000000	0.68802088499069	-0.57788985967636	65.000000000000	0.00000000000000
25.760000228882	0.68731683492661	-0.57823866605759	65.000000000000	0.00000000000000
25.770000457764	0.68661093711853	-0.57858699560165	65.000000000000	0.00000000000000
25.780000686646	0.68590325117111	-0.57893484830856	65.000000000000	0.00000000000000
25.790000915527	0.68519365787506	-0.57928222417831	65.000000000000	0.00000000000000
25.799999237061	0.68448257446289	-0.57962900400162	65.000000000000	0.00000000000000
25.809999465942	0.68376970291138	-0.57997518777847	65.000000000000	0.00000000000000
25.819999694824	0.68305510282516	-0.58032095432281	65.000000000000	0.00000000000000
25.829999923706	0.68233883380890	-0.58066594600677	65.000000000000	0.00000000000000
25.840000152588	0.68162071704865	-0.58101052045822	65.000000000000	0.00000000000000
25.850000381470	0.68090081214905	-0.58135437965393	65.000000000000	0.00000000000000
25.860000610352	0.68017929792404	-0.58169770240784	65.000000000000	0.00000000000000
25.870000839233	0.67945599555969	-0.58204048871994	65.000000000000	0.00000000000000
25.879999160767	0.67873084545135	-0.58238255977631	65.000000000000	0.00000000000000
25.889999389648	0.67800390720367	-0.58272409439087	65.000000000000	0.00000000000000
25.899999618530	0.67727535963058	-0.58306503295898	65.000000000000	0.00000000000000
25.909999847412	0.67654496431351	-0.58340519666672	65.000000000000	0.00000000000000
25.920000076294	0.67581278085709	-0.58374482393265	65.000000000000	0.00000000000000
25.930000305176	0.67507898807526	-0.58408385515213	65.000000000000	0.00000000000000
25.940000534058	0.67434328794479	-0.58442217111588	65.000000000000	0.00000000000000
25.950000762939	0.67360585927963	-0.58475983142853	65.000000000000	0.00000000000000
25.959999084473	0.67286658287048	-0.58509689569473	65.000000000000	0.00000000000000
25.969999313354	0.67212569713593	-0.58543318510056	65.000000000000	0.00000000000000
25.979999542236	0.67138284444809	-0.58576881885529	65.000000000000	0.00000000000000
25.989999771118	0.67063832283020	-0.58610391616821	65.000000000000	0.00000000000000
26.000000000000	0.66989207267761	-0.58643823862076	65.000000000000	0.00000000000000
26.010000228882	0.66914403438568	-0.58677184581757	65.000000000000	0.00000000000000
26.020000457764	0.66839402914047	-0.58710473775864	65.000000000000	0.00000000000000
26.030000686646	0.66764247417450	-0.58743691444397	65.000000000000	0.00000000000000
26.040000915527	0.66688895225525	-0.58776837587357	65.000000000000	0.00000000000000
26.049999237061	0.66613358259201	-0.58809918165207	65.000000000000	0.00000000000000
26.059999465942	0.66537654399872	-0.58842921257019	65.000000000000	0.00000000000000
26.069999694824	0.66461771726608	-0.58875852823257	65.000000000000	0.00000000000000
26.079999923706	0.66385704278946	-0.58908706903458	65.000000000000	0.00000000000000
26.090000152588	0.66309469938278	-0.58941489458084	65.000000000000	0.00000000000000
26.100000381470	0.66233050823212	-0.58974194526672	65.000000000000	0.00000000000000
26.110000610352	0.66156440973282	-0.59006822109222	65.000000000000	0.00000000000000
26.120000839233	0.66079652309418	-0.59039372205734	65.000000000000	0.00000000000000
26.129999160767	0.66002690792084	-0.59071844816208	65.000000000000	0.00000000000000
26.139999389648	0.65925550460815	-0.59104239940643	65.000000000000	0.00000000000000
26.149999618530	0.65848213434219	-0.59136557579041	65.000000000000	0.00000000000000
26.159999847412	0.65770715475082	-0.59168791770935	65.000000000000	0.00000000000000
26.170000076294	0.65693014860153	-0.59200954437256	65.000000000000	0.00000000000000
26.180000305176	0.65615147352219	-0.59233027696609	65.000000000000	0.00000000000000
26.190000534058	0.65537095069885	-0.59265017509460	65.000000000000	0.00000000000000
26.200000762939	0.65458858013153	-0.59296929836273	65.000000000000	0.00000000000000
26.209999084473	0.65380448102951	-0.59328758716583	65.000000000000	0.00000000000000
26.219999313354	0.65301847457886	-0.59360498189926	65.000000000000	0.00000000000000
26.229999542236	0.65223067998886	-0.59392154216766	65.000000000000	0.00000000000000
26.239999771118	0.65144091844559	-0.59423726797104	65.000000000000	0.00000000000000
26.250000000000	0.65064948797226	-0.59455209970474	65.000000000000	0.00000000000000
26.260000228882	0.64985626935959	-0.59486615657806	65.000000000000	0.00000000000000
26.270000457764	0.64906114339828	-0.59517925977707	65.000000000000	0.00000000000000
26.280000686646	0.64826422929764	-0.59549158811569	65.000000000000	0.00000000000000
26.290000915527	0.64746540784836	-0.59580290317535	65.000000000000	0.00000000000000
26.299999237061	0.64666473865509	-0.59611338376999	65.000000000000	0.00000000000000
26.309999465942	0.64586228132248	-0.59642291069031	65.000000000000	0.00000000000000
26.319999694824	0.64505791664124	-0.59673154354095	65.000000000000	0.00000000000000
26.329999923706	0.64425188302994	-0.59703928232193	65.000000000000	0.00000000000000
26.340000152588	0.64344388246536	-0.59734606742859	65.000000000000	0.00000000000000
26.350000381470	0.64263403415680	-0.59765195846558	65.000000000000	0.00000000000000
26.360000610352	0.64182233810425	-0.59795695543289	65.000000000000	0.00000000000000
26.370000839233	0.64100873470306	-0.59826093912125	65.000000000000	0.00000000000000
26.379999160767	0.64019346237183	-0.59856396913528	65.000000000000	0.00000000000000
26.389999389648	0.63937622308731	-0.59886604547501	65.000000000000	0.00000000000000
26.399999618530	0.63855713605881	-0.59916722774506	65.000000000000	0.00000000000000
26.409999847412	0.63773632049561	-0.59946733713150	65.000000000000	0.00000000000000
26.420000076294	0.63691347837448	-0.59976649284363	65.000000000000	0.00000000000000
26.430000305176	0.63608884811401	-0.60006469488144	65.000000000000	0.00000000000000
26.440000534058	0.63526248931885	-0.60036182403564	65.000000000000	0.00000000000000
26.450000762939	0.63443416357040	-0.60065805912018	65.000000000000	0.00000000000000
26.459999084473	0.63360387086868	-0.60095322132111	65.000000000000	0.00000000000000
26.469999313354	0.63277184963226	-0.60124742984772	65.000000000000	0.00000000000000
26.479999542236	0.63193798065186	-0.60154056549072	65.000000000000	0.00000000000000
26.489999771118	0.63110202550888	-0.60183268785477	65.000000000000	0.00000000000000
26.500000000000	0.63026440143585	-0.60212367773056	65.000000000000	0.00000000000000
26.510000228882	0.62942492961884	-0.60241371393204	65.000000000000	0.00000000000000
26.520000457764	0.62858355045319	-0.60270273685455	65.000000000000	0.00000000000000
26.530000686646	0.62774032354355	-0.60299062728882	65.000000000000	0.00000000000000
26.540000915527	0.62689536809921	-0.60327744483948	65.000000000000	0.00000000000000
26.549999237061	0.62604820728302	-0.60356324911118	65.000000000000	0.00000000000000
26.559999465942	0.62519949674606	-0.60384792089462	65.000000000000	0.00000000000000
26.569999694824	0.62434875965118	-0.60413151979446	65.000000000000	0.00000000000000
26.579999923706	0.62349605560303	-0.60441404581070	65.000000000000	0.00000000000000
26.590000152588	0.62264150381088	-0.60469543933868	65.000000000000	0.00000000000000
26.600000381470	0.62178522348404	-0.60497570037842	65.000000000000	0.00000000000000
26.610000610352	0.62092691659927	-0.60525488853455	65.000000000000	0.00000000000000
26.620000839233	0.62006682157516	-0.60553294420242	65.000000000000	0.00000000000000
26.629999160767	0.61920487880707	-0.60580986738205	65.000000000000	0.00000000000000
26.639999389648	0.61834096908569	-0.60608565807343	65.000000000000	0.00000000000000
26.649999618530	0.61747527122498	-0.60636031627655	65.000000000000	0.00000000000000
26.659999847412	0.61660760641098	-0.60663378238678	65.000000000000	0.00000000000000
26.670000076294	0.61573809385300	-0.60690605640411	65.000000000000	0.00000000000000
26.680000305176	0.61486655473709	-0.60717719793320	65.000000000000	0.00000000000000
26.690000534058	0.61399322748184	-0.60744726657867	65.000000000000	0.00000000000000
26.700000762939	0.61311817169189	-0.60771596431732	65.000000000000	0.00000000000000
26.709999084473	0.61224097013474	-0.60798358917236	65.000000000000	0.00000000000000
26.719999313354	0.61136198043823	-0.60824990272522	65.000000000000	0.00000000000000
26.729999542236	0.61048120260239	-0.60851508378983	65.000000000000	0.00000000000000
26.739999771118	0.60959833860397	-0.60877907276154	65.000000000000	0.00000000000000
26.750000000000	0.60871374607086	-0.60904175043106	65.000000000000	0.00000000000000
26.760000228882	0.60782718658447	-0.60930329561234	65.000000000000	0.00000000000000
26.770000457764	0.60693871974945	-0.60956352949142	65.000000000000	0.00000000000000
26.780000686646	0.60604828596115	-0.60982257127762	65.000000000000	0.00000000000000
26.790000915527	0.60515600442886	-0.61008036136627	65.000000000000	0.00000000000000
26.799999237061	0.60426193475723	-0.61033684015274	65.000000000000	0.00000000000000
26.809999465942	0.60336577892303	-0.61059200763702	65.000000000000	0.00000000000000
26.819999694824	0.60246783494949	-0.61084598302841	65.000000000000	0.00000000000000
26.829999923706	0.60156792402267	-0.61109864711761	65.000000000000	0.00000000000000
26.840000152588	0.60066616535187	-0.61135005950928	65.000000000000	0.00000000000000
26.850000381470	0.59976249933243	-0.61160004138947	65.000000000000	0.00000000000000
26.860000610352	0.59885692596436	-0.61184889078140	65.000000000000	0.00000000000000
26.870000839233	0.59794944524765	-0.61209625005722	65.000000000000	0.00000000000000
26.879999160767	0.59704005718231	-0.61234241724014	65.000000000000	0.00000000000000
26.889999389648	0.59612876176834	-0.61258715391159	65.000000000000	0.00000000000000
26.899999618530	0.59521549940109	-0.61283063888550	65.000000000000	0.00000000000000
26.909999847412	0.59430038928986	-0.61307269334793	65.000000000000	0.00000000000000
26.920000076294	0.59338331222534	-0.61331343650818	65.000000000000	0.00000000000000
26.930000305176	0.59246438741684	-0.61355274915695	65.000000000000	0.00000000000000
26.940000534058	0.59154349565506	-0.61379069089890	65.000000000000	0.00000000000000
26.950000762939	0.59062075614929	-0.61402732133865	65.000000000000	0.00000000000000
26.959999084473	0.58969599008560	-0.61426252126694	65.000000000000	0.00000000000000
26.969999313354	0.58876931667328	-0.61449635028839	65.000000000000	0.00000000000000
26.979999542236	0.58784079551697	-0.61472874879837	65.000000000000	0.00000000000000
26.989999771118	0.58691024780273	-0.61495971679688	65.000000000000	0.00000000000000
27.000000000000	0.58597791194916	-0.61518925428391	65.000000000000	0.00000000000000
27.010000228882	0.58504354953766	-0.61541736125946	65.000000000000	0.00000000000000
27.020000457764	0.58410739898682	-0.61564403772354	65.000000000000	0.00000000000000
27.030000686646	0.58316928148270	-0.61586928367615	65.000000000000	0.00000000000000
27.040000915527	0.58222901821136	-0.61609303951263	65.000000000000	0.00000000000000
27.049999237061	0.58128708600998	-0.61631536483765	65.000000000000	0.00000000000000
27.059999465942	0.58034312725067	-0.61653614044189	65.000000000000	0.00000000000000
27.069999694824	0.57939726114273	-0.61675542593002	65.000000000000	0.00000000000000
27.079999923706	0.57844960689545	-0.61697328090668	65.000000000000	0.00000000000000
27.090000152588	0.57749974727631	-0.61718970537186	65.000000000000	0.00000000000000
27.100000381470	0.57654809951782	-0.61740452051163	65.000000000000	0.00000000000000
27.110000610352	0.57559466362000	-0.61761784553528	65.000000000000	0.00000000000000
27.120000839233	0.57463908195496	-0.61782956123352	65.000000000000	0.00000000000000
27.129999160767	0.57368171215057	-0.61803984642029	65.000000000000	0.00000000000000
27.139999389648	0.57272231578827	-0.61824852228165	65.000000000000	0.00000000000000
27.149999618530	0.57176101207733	-0.61845564842224	65.000000000000	0.00000000000000
27.159999847412	0.57079786062241	-0.61866122484207	65.000000000000	0.00000000000000
27.170000076294	0.56983256340027	-0.61886519193649	65.000000000000	0.00000000000000
27.180000305176	0.56886553764343	-0.61906766891479	65.000000000000	0.00000000000000
27.190000534058	0.56789654493332	-0.61926847696304	65.000000000000	0.00000000000000
27.200000762939	0.56692552566528	-0.61946767568588	65.000000000000	0.00000000000000
27.209999084473	0.56595265865326	-0.61966532468796	65.000000000000	0.00000000000000
27.219999313354	0.56497776508331	-0.61986130475998	65.000000000000	0.00000000000000
27.229999542236	0.56400108337402	-0.62005567550659	65.000000000000	0.00000000000000
27.239999771118	0.56302231550217	-0.62024837732315	65.000000000000	0.00000000000000
27.250000000000	0.56204169988632	-0.62043946981430	65.000000000000	0.00000000000000
27.260000228882	0.56105917692184	-0.62062889337540	65.000000000000	0.00000000000000
27.270000457764	0.56007468700409	-0.62081664800644	65.000000000000	0.00000000000000
27.280000686646	0.55908823013306	-0.62100273370743	65.000000000000	0.00000000000000
27.290000915527	0.55809974670410	-0.62118709087372	65.000000000000	0.00000000000000
27.299999237061	0.55710941553116	-0.62136977910995	65.000000000000	0.00000000000000
27.309999465942	0.55611717700958	-0.62155079841614	65.000000000000	0.00000000000000
27.319999694824	0.55512297153473	-0.62173008918762	65.000000000000	0.00000000000000
27.329999923706	0.55412685871124	-0.62190771102905	65.000000000000	0.00000000000000
27.340000152588	0.55312877893448	-0.62208348512650	65.000000000000	0.00000000000000
27.350000381470	0.55212873220444	-0.62225753068924	65.000000000000	0.00000000000000
27.360000610352	0.55112683773041	-0.62242990732193	65.000000000000	0.00000000000000
27.370000839233	0.55012297630310	-0.62260043621063	65.000000000000	0.00000000000000
27.379999160767	0.54911720752716	-0.62276923656464	65.000000000000	0.00000000000000
27.389999389648	0.54810935258865	-0.62293624877930	65.000000000000	0.00000000000000
27.399999618530	0.54709970951080	-0.62310147285461	65.000000000000	0.00000000000000
27.409999847412	0.54608798027039	-0.62326490879059	65.000000000000	0.00000000000000
27.420000076294	0.54507446289063	-0.62342649698257	65.000000000000	0.00000000000000
27.430000305176	0.54405897855759	-0.62358635663986	65.000000000000	0.00000000000000
27.440000534058	0.54304152727127	-0.62374424934387	65.000000000000	0.00000000000000
27.450000762939	0.54202210903168	-0.62390035390854	65.000000000000	0.00000000000000
27.459999084473	0.54100078344345	-0.62405455112457	65.000000000000	0.00000000000000
27.469999313354	0.53997749090195	-0.62420701980591	65.000000000000	0.00000000000000
27.479999542236	0.53895235061646	-0.62435746192932	65.000000000000	0.00000000000000
27.489999771118	0.53792512416840	-0.62450611591339	65.000000000000	0.00000000000000
27.500000000000	0.53689610958099	-0.62465286254883	65.000000000000	0.00000000000000
27.510000228882	0.53586512804031	-0.62479764223099	65.000000000000	0.00000000000000
27.520000457764	0.53483211994171	-0.62494063377380	65.000000000000	0.00000000000000
27.530000686646	0.53379720449448	-0.62508159875870	65.000000000000	0.00000000000000
27.540000915527	0.53276044130325	-0.62522065639496	65.000000000000	0.00000000000000
27.549999237061	0.53172165155411	-0.62535774707794	65.000000000000	0.00000000000000
27.559999465942	0.53068095445633	-0.62549293041229	65.000000000000	0.00000000000000
27.569999694824	0.52963846921921	-0.62562608718872	65.000000000000	0.00000000000000
27.579999923706	0.52859377861023	-0.62575727701187	65.000000000000	0.00000000000000
27.590000152588	0.52754741907120	-0.62588655948639	65.000000000000	0.00000000000000
27.600000381470	0.52649903297424	-0.62601375579834	65.000000000000	0.00000000000000
27.610000610352	0.52544867992401	-0.62613892555237	65.000000000000	0.00000000000000
27.620000839233	0.52439635992050	-0.62626206874847	65.000000000000	0.00000000000000
27.629999160767	0.52334213256836	-0.62638318538666	65.000000000000	0.00000000000000
27.639999389648	0.52228605747223	-0.62650233507156	65.000000000000	0.00000000000000
27.649999618530	0.52122801542282	-0.62661939859390	65.000000000000	0.00000000000000
27.659999847412	0.52016812562943	-0.62673443555832	65.000000000000	0.00000000000000
27.670000076294	0.51910626888275	-0.62684720754623	65.000000000000	0.00000000000000
27.680000305176	0.51804244518280	-0.62695807218552	65.000000000000	0.00000000000000
27.690000534058	0.51697677373886	-0.62706673145294	65.000000000000	0.00000000000000
27.700000762939	0.51590913534164	-0.62717336416245	65.000000000000	0.00000000000000
27.709999084473	0.51483947038651	-0.62727791070938	65.000000000000	0.00000000000000
27.719999313354	0.51376801729202	-0.62738025188446	65.000000000000	0.00000000000000
27.729999542236	0.51269465684891	-0.62748044729233	65.000000000000	0.00000000000000
27.739999771118	0.51161926984787	-0.62757843732834	65.000000000000	0.00000000000000
27.750000000000	0.51054209470749	-0.62767434120178	65.000000000000	0.00000000000000
27.760000228882	0.50946295261383	-0.62776803970337	65.000000000000	0.00000000000000
27.770000457764	0.50838202238083	-0.62785953283310	65.000000000000	0.00000000000000
27.780000686646	0.50729900598526	-0.62794882059097	65.000000000000	0.00000000000000
27.790000915527	0.50621432065964	-0.62803596258163	65.000000000000	0.00000000000000
27.799999237061	0.50512754917145	-0.62812083959579	65.000000000000	0.00000000000000
27.809999465942	0.50403881072998	-0.62820345163345	65.000000000000	0.00000000000000
27.819999694824	0.50294828414917	-0.62828385829926	65.000000000000	0.00000000000000
27.829999923706	0.50185602903366	-0.62836194038391	65.000000000000	0.00000000000000
27.840000152588	0.50076156854630	-0.62843781709671	65.000000000000	0.00000000000000
27.850000381470	0.49966531991959	-0.62851136922836	65.000000000000	0.00000000000000
27.860000610352	0.49856731295586	-0.62858265638351	65.000000000000	0.00000000000000
27.870000839233	0.49746727943420	-0.62865155935287	65.000000000000	0.00000000000000
27.879999160767	0.49636542797089	-0.62871819734573	65.000000000000	0.00000000000000
27.889999389648	0.49526157975197	-0.62878251075745	65.000000000000	0.00000000000000
27.899999618530	0.49415594339371	-0.62884443998337	65.000000000000	0.00000000000000
27.909999847412	0.49304839968681	-0.62890404462814	65.000000000000	0.00000000000000
27.920000076294	0.49193906784058	-0.62896126508713	65.000000000000	0.00000000000000
27.930000305176	0.49082782864571	-0.62901616096497	65.000000000000	0.00000000000000
27.940000534058	0.48971456289291	-0.62906861305237	65.000000000000	0.00000000000000
27.950000762939	0.48859962821007	-0.62911862134933	65.000000000000	0.00000000000000
27.959999084473	0.48748278617859	-0.62916624546051	65.000000000000	0.00000000000000
27.969999313354	0.48636391758919	-0.62921148538589	65.000000000000	0.00000000000000
27.979999542236	0.48524346947670	-0.62925416231155	65.000000000000	0.00000000000000
27.989999771118	0.48412099480629	-0.62929451465607	65.000000000000	0.00000000000000
28.000000000000	0.48299655318260	-0.62933236360550	65.000000000000	0.00000000000000
28.010000228882	0.48187059164047	-0.62936776876450	65.000000000000	0.00000000000000
28.020000457764	0.48074245452881	-0.62940061092377	65.000000000000	0.00000000000000
28.030000686646	0.47961270809174	-0.62943094968796	65.000000000000	0.00000000000000
28.040000915527	0.47848096489906	-0.62945884466171	65.000000000000	0.00000000000000
28.049999237061	0.47734749317169	-0.62948411703110	65.000000000000	0.00000000000000
28.059999465942	0.47621199488640	-0.62950688600540	65.000000000000	0.00000000000000
28.069999694824	0.47507485747337	-0.62952715158463	65.000000000000	0.00000000000000
28.079999923706	0.47393596172333	-0.62954479455948	65.000000000000	0.00000000000000
28.090000152588	0.47279509902000	-0.62955981492996	65.000000000000	0.00000000000000
28.100000381470	0.47165253758430	-0.62957233190536	65.000000000000	0.00000000000000
28.110000610352	0.47050797939301	-0.62958216667175	65.000000000000	0.00000000000000
28.120000839233	0.46936178207397	-0.62958943843842	65.000000000000	0.00000000000000
28.129999160767	0.46821373701096	-0.62959408760071	65.000000000000	0.00000000000000
28.139999389648	0.46706372499466	-0.62959605455399	65.000000000000	0.00000000000000
28.149999618530	0.46591219305992	-0.62959539890289	65.000000000000	0.00000000000000
28.159999847412	0.46475869417191	-0.62959200143814	65.000000000000	0.00000000000000
28.170000076294	0.46360340714455	-0.62958604097366	65.000000000000	0.00000000000000
28.180000305176	0.46244648098946	-0.62957727909088	65.000000000000	0.00000000000000
28.190000534058	0.46128746867180	-0.62956595420837	65.000000000000	0.00000000000000
28.200000762939	0.46012702584267	-0.62955176830292	65.000000000000	0.00000000000000
28.209999084473	0.45896470546722	-0.62953478097916	65.000000000000	0.00000000000000
28.219999313354	0.45780062675476	-0.62951505184174	65.000000000000	0.00000000000000
28.229999542236	0.45663455128670	-0.62949281930923	65.000000000000	0.00000000000000
28.239999771118	0.45546689629555	-0.62946760654449	65.000000000000	0.00000000000000
28.250000000000	0.45429790019989	-0.62943941354752	65.000000000000	0.00000000000000
28.260000228882	0.45312649011612	-0.62940871715546	65.000000000000	0.00000000000000
28.270000457764	0.45195338129997	-0.62937533855438	65.000000000000	0.00000000000000
28.280000686646	0.45077913999557	-0.62933874130249	65.000000000000	0.00000000000000
28.290000915527	0.44960284233093	-0.62929940223694	65.000000000000	0.00000000000000
28.299999237061	0.44842451810837	-0.62925744056702	65.000000000000	0.00000000000000
28.309999465942	0.44724476337433	-0.62921243906021	65.000000000000	0.00000000000000
28.319999694824	0.44606301188469	-0.62916475534439	65.000000000000	0.00000000000000
28.329999923706	0.44488015770912	-0.62911373376846	65.000000000000	0.00000000000000
28.340000152588	0.44369503855705	-0.62906020879745	65.000000000000	0.00000000000000
28.350000381470	0.44250881671906	-0.62900340557098	65.000000000000	0.00000000000000
28.360000610352	0.44132030010223	-0.62894403934479	65.000000000000	0.00000000000000
28.370000839233	0.44013044238091	-0.62888151407242	65.000000000000	0.00000000000000
28.379999160767	0.43893858790398	-0.62881624698639	65.000000000000	0.00000000000000
28.389999389648	0.43774533271790	-0.62874776124954	65.000000000000	0.00000000000000
28.399999618530	0.43655046820641	-0.62867629528046	65.000000000000	0.00000000000000
28.409999847412	0.43535366654396	-0.62860202789307	65.000000000000	0.00000000000000
28.420000076294	0.43415546417236	-0.62852448225021	65.000000000000	0.00000000000000
28.430000305176	0.43295541405678	-0.62844419479370	65.000000000000	0.00000000000000
28.440000534058	0.43175396323204	-0.62836056947708	65.000000000000	0.00000000000000
28.450000762939	0.43055060505867	-0.62827408313751	65.000000000000	0.00000000000000
28.459999084473	0.42934599518776	-0.62818431854248	65.000000000000	0.00000000000000
28.469999313354	0.42813944816589	-0.62809169292450	65.000000000000	0.00000000000000
28.479999542236	0.42693132162094	-0.62799596786499	65.000000000000	0.00000000000000
28.489999771118	0.42572161555290	-0.62789708375931	65.000000000000	0.00000000000000
28.500000000000	0.42451024055481	-0.62779510021210	65.000000000000	0.00000000000000
28.510000228882	0.42329773306847	-0.62768971920013	65.000000000000	0.00000000000000
28.520000457764	0.42208325862885	-0.62758141756058	65.000000000000	0.00000000000000
28.530000686646	0.42086699604988	-0.62747013568878	65.000000000000	0.00000000000000
28.540000915527	0.41964972019196	-0.62735521793365	65.000000000000	0.00000000000000
28.549999237061	0.41843065619469	-0.62723731994629	65.000000000000	0.00000000000000
28.559999465942	0.41720974445343	-0.62711644172668	65.000000000000	0.00000000000000
28.569999694824	0.41598737239838	-0.62699234485626	65.000000000000	0.00000000000000
28.579999923706	0.41476336121559	-0.62686485052109	65.000000000000	0.00000000000000
28.590000152588	0.41353857517242	-0.62673389911652	65.000000000000	0.00000000000000
28.600000381470	0.41231164336205	-0.62659990787506	65.000000000000	0.00000000000000
28.610000610352	0.41108319163322	-0.62646257877350	65.000000000000	0.00000000000000
28.620000839233	0.40985327959061	-0.62632203102112	65.000000000000	0.00000000000000
28.629999160767	0.40862211585045	-0.62617820501328	65.000000000000	0.00000000000000
28.639999389648	0.40738928318024	-0.62603098154068	65.000000000000	0.00000000000000
28.649999618530	0.40615499019623	-0.62588042020798	65.000000000000	0.00000000000000
28.659999847412	0.40491929650307	-0.62572652101517	65.000000000000	0.00000000000000
28.670000076294	0.40368217229843	-0.62556934356689	65.000000000000	0.00000000000000
28.680000305176	0.40244340896606	-0.62540876865387	65.000000000000	0.00000000000000
28.690000534058	0.40120345354080	-0.62524473667145	65.000000000000	0.00000000000000
28.700000762939	0.39996179938316	-0.62507736682892	65.000000000000	0.00000000000000
28.709999084473	0.39871901273727	-0.62490659952164	65.000000000000	0.00000000000000
28.719999313354	0.39747455716133	-0.62473237514496	65.000000000000	0.00000000000000
28.729999542236	0.39622887969017	-0.62455469369888	65.000000000000	0.00000000000000
28.739999771118	0.39498183131218	-0.62437361478806	65.000000000000	0.00000000000000
28.750000000000	0.39373332262039	-0.62418907880783	65.000000000000	0.00000000000000
28.760000228882	0.39248338341713	-0.62400096654892	65.000000000000	0.00000000000000
28.770000457764	0.39123207330704	-0.62380951642990	65.000000000000	0.00000000000000
28.780000686646	0.38997951149940	-0.62361437082291	65.000000000000	0.00000000000000
28.790000915527	0.38872551918030	-0.62341582775116	65.000000000000	0.00000000000000
28.799999237061	0.38747036457062	-0.62321370840073	65.000000000000	0.00000000000000
28.809999465942	0.38621363043785	-0.62300807237625	65.000000000000	0.00000000000000
28.819999694824	0.38495591282845	-0.62279886007309	65.000000000000	0.00000000000000
28.829999923706	0.38369661569595	-0.62258607149124	65.000000000000	0.00000000000000
28.840000152588	0.38243615627289	-0.62236958742142	65.000000000000	0.00000000000000
28.850000381470	0.38117441534996	-0.62214970588684	65.000000000000	0.00000000000000
28.860000610352	0.37991133332253	-0.62192606925964	65.000000000000	0.00000000000000
28.870000839233	0.37864708900452	-0.62169891595840	65.000000000000	0.00000000000000
28.879999160767	0.37738144397736	-0.62146806716919	65.000000000000	0.00000000000000
28.889999389648	0.37611478567123	-0.62123352289200	65.000000000000	0.00000000000000
28.899999618530	0.37484690546989	-0.62099528312683	65.000000000000	0.00000000000000
28.909999847412	0.37357753515244	-0.62075340747833	65.000000000000	0.00000000000000
28.920000076294	0.37230718135834	-0.62050789594650	65.000000000000	0.00000000000000
28.930000305176	0.37103563547134	-0.62025856971741	65.000000000000	0.00000000000000
28.940000534058	0.36976280808449	-0.62000560760498	65.000000000000	0.00000000000000
28.950000762939	0.36848884820938	-0.61974895000458	65.000000000000	0.00000000000000
28.959999084473	0.36721390485764	-0.61948835849762	65.000000000000	0.00000000000000
28.969999313354	0.36593770980835	-0.61922419071198	65.000000000000	0.00000000000000
28.979999542236	0.36466029286385	-0.61895614862442	65.000000000000	0.00000000000000
28.989999771118	0.36338192224503	-0.61868429183960	65.000000000000	0.00000000000000
29.000000000000	0.36210244894028	-0.61840873956680	65.000000000000	0.00000000000000
29.010000228882	0.36082178354263	-0.61812931299210	65.000000000000	0.00000000000000
29.020000457764	0.35954004526138	-0.61784607172012	65.000000000000	0.00000000000000
29.030000686646	0.35825717449188	-0.61755901575089	65.000000000000	0.00000000000000
29.040000915527	0.35697352886200	-0.61726808547974	65.000000000000	0.00000000000000
29.049999237061	0.35568860173225	-0.61697322130203	65.000000000000	0.00000000000000
29.059999465942	0.35440266132355	-0.61667454242706	65.000000000000	0.00000000000000
29.069999694824	0.35311576724052	-0.61637198925018	65.000000000000	0.00000000000000
29.079999923706	0.35182785987854	-0.61606544256210	65.000000000000	0.00000000000000
29.090000152588	0.35053902864456	-0.61575514078140	65.000000000000	0.00000000000000
29.100000381470	0.34924921393394	-0.61544084548950	65.000000000000	0.00000000000000
29.110000610352	0.34795844554901	-0.61512243747711	65.000000000000	0.00000000000000
29.120000839233	0.34666681289673	-0.61480027437210	65.000000000000	0.00000000000000
29.129999160767	0.34537398815155	-0.61447405815125	65.000000000000	0.00000000000000
29.139999389648	0.34408050775528	-0.61414390802383	65.000000000000	0.00000000000000
29.149999618530	0.34278586506844	-0.61380970478058	65.000000000000	0.00000000000000
29.159999847412	0.34149068593979	-0.61347150802612	65.000000000000	0.00000000000000
29.170000076294	0.34019431471825	-0.61312931776047	65.000000000000	0.00000000000000
29.180000305176	0.33889728784561	-0.61278307437897	65.000000000000	0.00000000000000
29.190000534058	0.33759942650795	-0.61243277788162	65.000000000000	0.00000000000000
29.200000762939	0.33630061149597	-0.61207848787308	65.000000000000	0.00000000000000
29.209999084473	0.33500099182129	-0.61172008514404	65.000000000000	0.00000000000000
29.219999313354	0.33370056748390	-0.61135756969452	65.000000000000	0.00000000000000
29.229999542236	0.33239939808846	-0.61099100112915	65.000000000000	0.00000000000000
29.239999771118	0.33109748363495	-0.61062026023865	65.000000000000	0.00000000000000
29.250000000000	0.32979482412338	-0.61024546623230	65.000000000000	0.00000000000000
29.260000228882	0.32849144935608	-0.60986655950546	65.000000000000	0.00000000000000
29.270000457764	0.32718732953072	-0.60948348045349	65.000000000000	0.00000000000000
29.280000686646	0.32588255405426	-0.60909622907639	65.000000000000	0.00000000000000
29.290000915527	0.32457694411278	-0.60870492458344	65.000000000000	0.00000000000000
29.299999237061	0.32327067852020	-0.60830932855606	65.000000000000	0.00000000000000
29.309999465942	0.32196390628815	-0.60790961980820	65.000000000000	0.00000000000000
29.319999694824	0.32065647840500	-0.60750561952591	65.000000000000	0.00000000000000
29.329999923706	0.31934827566147	-0.60709750652313	65.000000000000	0.00000000000000
29.340000152588	0.31803950667381	-0.60668510198593	65.000000000000	0.00000000000000
29.350000381470	0.31673029065132	-0.60626852512360	65.000000000000	0.00000000000000
29.360000610352	0.31542032957077	-0.60584759712219	65.000000000000	0.00000000000000
29.370000839233	0.31410983204842	-0.60542243719101	65.000000000000	0.00000000000000
29.379999160767	0.31279891729355	-0.60499304533005	65.000000000000	0.00000000000000
29.389999389648	0.31148734688759	-0.60455942153931	65.000000000000	0.00000000000000
29.399999618530	0.31017526984215	-0.60412144660950	65.000000000000	0.00000000000000
29.409999847412	0.30886283516884	-0.60367918014526	65.000000000000	0.00000000000000
29.420000076294	0.30754977464676	-0.60323262214661	65.000000000000	0.00000000000000
29.430000305176	0.30623623728752	-0.60278165340424	65.000000000000	0.00000000000000
29.440000534058	0.30492243170738	-0.60232639312744	65.000000000000	0.00000000000000
29.450000762939	0.30360803008080	-0.60186684131622	65.000000000000	0.00000000000000
29.459999084473	0.30229324102402	-0.60140293836594	65.000000000000	0.00000000000000
29.469999313354	0.30097818374634	-0.60093450546265	65.000000000000	0.00000000000000
29.479999542236	0.29966276884079	-0.60046190023422	65.000000000000	0.00000000000000
29.489999771118	0.29834696650505	-0.59998482465744	65.000000000000	0.00000000000000
29.500000000000	0.29703080654144	-0.59950333833694	65.000000000000	0.00000000000000
29.510000228882	0.29571431875229	-0.59901738166809	65.000000000000	0.00000000000000
29.520000457764	0.29439753293991	-0.59852713346481	65.000000000000	0.00000000000000
29.530000686646	0.29308044910431	-0.59803241491318	65.000000000000	0.00000000000000
29.540000915527	0.29176309704781	-0.59753328561783	65.000000000000	0.00000000000000
29.549999237061	0.29044547677040	-0.59702962636948	65.000000000000	0.00000000000000
29.559999465942	0.28912758827209	-0.59652155637741	65.000000000000	0.00000000000000
29.569999694824	0.28780975937843	-0.59600895643234	65.000000000000	0.00000000000000
29.579999923706	0.28649148344994	-0.59549194574356	65.000000000000	0.00000000000000
29.590000152588	0.28517326712608	-0.59497040510178	65.000000000000	0.00000000000000
29.600000381470	0.28385457396507	-0.59444433450699	65.000000000000	0.00000000000000
29.610000610352	0.28253602981567	-0.59391385316849	65.000000000000	0.00000000000000
29.620000839233	0.28121736645699	-0.59337878227234	65.000000000000	0.00000000000000
29.629999160767	0.27989855408669	-0.59283924102783	65.000000000000	0.00000000000000
29.639999389648	0.27857965230942	-0.59229511022568	65.000000000000	0.00000000000000
29.649999618530	0.27726069092751	-0.59174644947052	65.000000000000	0.00000000000000
29.659999847412	0.27594161033630	-0.59119325876236	65.000000000000	0.00000000000000
29.670000076294	0.27462279796600	-0.59063541889191	65.000000000000	0.00000000000000
29.680000305176	0.27330365777016	-0.59007310867310	65.000000000000	0.00000000000000
29.690000534058	0.27198481559753	-0.58950614929199	65.000000000000	0.00000000000000
29.700000762939	0.27066597342491	-0.58893465995789	65.000000000000	0.00000000000000
29.709999084473	0.26934713125229	-0.58835852146149	65.000000000000	0.00000000000000
29.719999313354	0.26802834868431	-0.58777779340744	65.000000000000	0.00000000000000
29.729999542236	0.26670962572098	-0.58719247579575	65.000000000000	0.00000000000000
29.739999771118	0.26539129018784	-0.58660250902176	65.000000000000	0.00000000000000
29.750000000000	0.26407289505005	-0.58600789308548	65.000000000000	0.00000000000000
29.760000228882	0.26275458931923	-0.58540868759155	65.000000000000	0.00000000000000
29.770000457764	0.26143661141396	-0.58480483293533	65.000000000000	0.00000000000000
29.780000686646	0.26011893153191	-0.58419626951218	65.000000000000	0.00000000000000
29.790000915527	0.25880140066147	-0.58358311653137	65.000000000000	0.00000000000000
29.799999237061	0.25748422741890	-0.58296519517899	65.000000000000	0.00000000000000
29.809999465942	0.25616708397865	-0.58234262466431	65.000000000000	0.00000000000000
29.819999694824	0.25485038757324	-0.58171546459198	65.000000000000	0.00000000000000
29.829999923706	0.25353401899338	-0.58108347654343	65.000000000000	0.00000000000000
29.840000152588	0.25221797823906	-0.58044683933258	65.000000000000	0.00000000000000
29.850000381470	0.25090217590332	-0.57980549335480	65.000000000000	0.00000000000000
29.860000610352	0.24958686530590	-0.57915943861008	65.000000000000	0.00000000000000
29.870000839233	0.24827203154564	-0.57850873470306	65.000000000000	0.00000000000000
29.879999160767	0.24695752561092	-0.57785314321518	65.000000000000	0.00000000000000
29.889999389648	0.24564354121685	-0.57719302177429	65.000000000000	0.00000000000000
29.899999618530	0.24432997405529	-0.57652801275253	65.000000000000	0.00000000000000
29.909999847412	0.24301691353321	-0.57585823535919	65.000000000000	0.00000000000000
29.920000076294	0.24170432984829	-0.57518380880356	65.000000000000	0.00000000000000
29.930000305176	0.24039232730865	-0.57450455427170	65.000000000000	0.00000000000000
29.940000534058	0.23908090591431	-0.57382053136826	65.000000000000	0.00000000000000
29.950000762939	0.23777002096176	-0.57313174009323	65.000000000000	0.00000000000000
29.959999084473	0.23645976185799	-0.57243818044662	65.000000000000	0.00000000000000
29.969999313354	0.23515002429485	-0.57173985242844	65.000000000000	0.00000000000000
29.979999542236	0.23384115099907	-0.57103669643402	65.000000000000	0.00000000000000
29.989999771118	0.23253285884857	-0.57032877206802	65.000000000000	0.00000000000000
30.000000000000	0.23122513294220	-0.56961607933044	65.000000000000	0.00000000000000
30.010000228882	0.22991833090782	-0.56889855861664	65.000000000000	0.00000000000000
30.020000457764	0.22861215472221	-0.56817620992661	65.000000000000	0.00000000000000
30.030000686646	0.22730676829815	-0.56744903326035	65.000000000000	0.00000000000000
30.040000915527	0.22600206732750	-0.56671702861786	65.000000000000	0.00000000000000
30.049999237061	0.22469832003117	-0.56598025560379	65.000000000000	0.00000000000000
30.059999465942	0.22339534759521	-0.56523865461349	65.000000000000	0.00000000000000
30.069999694824	0.22209319472313	-0.56449210643768	65.000000000000	0.00000000000000
30.079999923706	0.22079199552536	-0.56374084949493	65.000000000000	0.00000000000000
30.090000152588	0.21949170529842	-0.56298470497131	65.000000000000	0.00000000000000
30.100000381470	0.21819220483303	-0.56222373247147	65.000000000000	0.00000000000000
30.110000610352	0.21689380705357	-0.56145787239075	65.000000000000	0.00000000000000
30.120000839233	0.21559628844261	-0.56068718433380	65.000000000000	0.00000000000000
30.129999160767	0.21429987251759	-0.55991160869598	65.000000000000	0.00000000000000
30.139999389648	0.21300451457500	-0.55913114547729	65.000000000000	0.00000000000000
30.149999618530	0.21170994639397	-0.55834591388702	65.000000000000	0.00000000000000
30.159999847412	0.21041655540466	-0.55755573511124	65.000000000000	0.00000000000000
30.170000076294	0.20912441611290	-0.55676078796387	65.000000000000	0.00000000000000
30.180000305176	0.20783323049545	-0.55596083402634	65.000000000000	0.00000000000000
30.190000534058	0.20654334127903	-0.55515611171722	65.000000000000	0.00000000000000
30.200000762939	0.20525446534157	-0.55434644222260	65.000000000000	0.00000000000000
30.209999084473	0.20396678149700	-0.55353194475174	65.000000000000	0.00000000000000
30.219999313354	0.20268042385578	-0.55271250009537	65.000000000000	0.00000000000000
30.229999542236	0.20139530301094	-0.55188816785812	65.000000000000	0.00000000000000
30.239999771118	0.20011126995087	-0.55105894804001	65.000000000000	0.00000000000000
30.250000000000	0.19882865250111	-0.55022490024567	65.000000000000	0.00000000000000
30.260000228882	0.19754746556282	-0.54938596487045	65.000000000000	0.00000000000000
30.270000457764	0.19626745581627	-0.54854202270508	65.000000000000	0.00000000000000
30.280000686646	0.19498892128468	-0.54769331216812	65.000000000000	0.00000000000000
30.290000915527	0.19371159374714	-0.54683965444565	65.000000000000	0.00000000000000
30.299999237061	0.19243578612804	-0.54598104953766	65.000000000000	0.00000000000000
30.309999465942	0.19116151332855	-0.54511761665344	65.000000000000	0.00000000000000
30.319999694824	0.18988852202892	-0.54424929618835	65.000000000000	0.00000000000000
30.329999923706	0.18861711025238	-0.54337596893311	65.000000000000	0.00000000000000
30.340000152588	0.18734730780125	-0.54249781370163	65.000000000000	0.00000000000000
30.350000381470	0.18607886135578	-0.54161477088928	65.000000000000	0.00000000000000
30.360000610352	0.18481208384037	-0.54072684049606	65.000000000000	0.00000000000000
30.370000839233	0.18354693055153	-0.53983390331268	65.000000000000	0.00000000000000
30.379999160767	0.18228322267532	-0.53893613815308	65.000000000000	0.00000000000000
30.389999389648	0.18102122843266	-0.53803354501724	65.000000000000	0.00000000000000
30.399999618530	0.17976097762585	-0.53712594509125	65.000000000000	0.00000000000000
30.409999847412	0.17850245535374	-0.53621345758438	65.000000000000	0.00000000000000
30.420000076294	0.17724548280239	-0.53529608249664	65.000000000000	0.00000000000000
30.430000305176	0.17599031329155	-0.53437381982803	65.000000000000	0.00000000000000
30.440000534058	0.17473693192005	-0.53344660997391	65.000000000000	0.00000000000000
30.450000762939	0.17348541319370	-0.53251451253891	65.000000000000	0.00000000000000
30.459999084473	0.17223551869392	-0.53157758712769	65.000000000000	0.00000000000000
30.469999313354	0.17098763585091	-0.53063571453094	65.000000000000	0.00000000000000
30.479999542236	0.16974167525768	-0.52968895435333	65.000000000000	0.00000000000000
30.489999771118	0.16849750280380	-0.52873730659485	65.000000000000	0.00000000000000
30.500000000000	0.16725517809391	-0.52778077125549	65.000000000000	0.00000000000000
30.510000228882	0.16601482033730	-0.52681934833527	65.000000000000	0.00000000000000
30.520000457764	0.16477662324905	-0.52585303783417	65.000000000000	0.00000000000000
30.530000686646	0.16354018449783	-0.52488183975220	65.000000000000	0.00000000000000
30.540000915527	0.16230592131615	-0.52390581369400	65.000000000000	0.00000000000000
30.549999237061	0.16107374429703	-0.52292478084564	65.000000000000	0.00000000000000
30.559999465942	0.15984351933002	-0.52193897962570	65.000000000000	0.00000000000000
30.569999694824	0.15861542522907	-0.52094823122025	65.000000000000	0.00000000000000
30.579999923706	0.15738944709301	-0.51995265483856	65.000000000000	0.00000000000000
30.590000152588	0.15616565942764	-0.51895225048065	65.000000000000	0.00000000000000
30.600000381470	0.15494406223297	-0.51794695854187	65.000000000000	0.00000000000000
30.610000610352	0.15372468531132	-0.51693683862686	65.000000000000	0.00000000000000
30.620000839233	0.15250751376152	-0.51592177152634	65.000000000000	0.00000000000000
30.629999160767	0.15129262208939	-0.51490193605423	65.000000000000	0.00000000000000
30.639999389648	0.15007987618446	-0.51387721300125	65.000000000000	0.00000000000000
30.649999618530	0.14886955916882	-0.51284766197205	65.000000000000	0.00000000000000
30.659999847412	0.14766155183315	-0.51181334257126	65.000000000000	0.00000000000000
30.670000076294	0.14645603299141	-0.51077401638031	65.000000000000	0.00000000000000
30.680000305176	0.14525274932384	-0.50973004102707	65.000000000000	0.00000000000000
30.690000534058	0.14405189454556	-0.50868117809296	65.000000000000	0.00000000000000
30.700000762939	0.14285354316235	-0.50762742757797	65.000000000000	0.00000000000000
30.709999084473	0.14165766537189	-0.50656896829605	65.000000000000	0.00000000000000
30.719999313354	0.14046409726143	-0.50550568103790	65.000000000000	0.00000000000000
30.729999542236	0.13927327096462	-0.50443756580353	65.000000000000	0.00000000000000
30.739999771118	0.13808496296406	-0.50336468219757	65.000000000000	0.00000000000000
30.750000000000	0.13689918816090	-0.50228703022003	65.000000000000	0.00000000000000
30.760000228882	0.13571596145630	-0.50120449066162	65.000000000000	0.00000000000000
30.770000457764	0.13453555107117	-0.50011724233627	65.000000000000	0.00000000000000
30.780000686646	0.13335750997066	-0.49902528524399	65.000000000000	0.00000000000000
30.790000915527	0.13218231499195	-0.49792850017548	65.000000000000	0.00000000000000
30.799999237061	0.13100980222225	-0.49682700634003	65.000000000000	0.00000000000000
30.809999465942	0.12984006106853	-0.49572071433067	65.000000000000	0.00000000000000
30.819999694824	0.12867303192616	-0.49460968375206	65.000000000000	0.00000000000000
30.829999923706	0.12750881910324	-0.49349397420883	65.000000000000	0.00000000000000
30.840000152588	0.12634736299515	-0.49237355589867	65.000000000000	0.00000000000000
30.850000381470	0.12518887221813	-0.49124833941460	65.000000000000	0.00000000000000
30.860000610352	0.12403319031000	-0.49011841416359	65.000000000000	0.00000000000000
30.870000839233	0.12288031727076	-0.48898378014565	65.000000000000	0.00000000000000
30.879999160767	0.12173027545214	-0.48784452676773	65.000000000000	0.00000000000000
30.889999389648	0.12058331817389	-0.48670053482056	65.000000000000	0.00000000000000
30.899999618530	0.11943924427032	-0.48555189371109	65.000000000000	0.00000000000000
30.909999847412	0.11829829961061	-0.48439857363701	65.000000000000	0.00000000000000
30.920000076294	0.11716027557850	-0.48324060440063	65.000000000000	0.00000000000000
30.930000305176	0.11602520197630	-0.48207801580429	65.000000000000	0.00000000000000
30.940000534058	0.11489332467318	-0.48091074824333	65.000000000000	0.00000000000000
30.950000762939	0.11376468092203	-0.47973880171776	65.000000000000	0.00000000000000
30.959999084473	0.11263882368803	-0.47856238484383	65.000000000000	0.00000000000000
30.969999313354	0.11151644587517	-0.47738122940063	65.000000000000	0.00000000000000
30.979999542236	0.11039690673351	-0.47619554400444	65.000000000000	0.00000000000000
30.989999771118	0.10928113013506	-0.47500514984131	65.000000000000	0.00000000000000
31.000000000000	0.10816802084446	-0.47381031513214	65.000000000000	0.00000000000000
31.010000228882	0.10705848038197	-0.47261086106300	65.000000000000	0.00000000000000
31.020000457764	0.10595186799765	-0.47140693664551	65.000000000000	0.00000000000000
31.030000686646	0.10484886914492	-0.47019836306572	65.000000000000	0.00000000000000
31.040000915527	0.10374908894300	-0.46898528933525	65.000000000000	0.00000000000000
31.049999237061	0.10265295207500	-0.46776765584946	65.000000000000	0.00000000000000
31.059999465942	0.10155984014273	-0.46654552221298	65.000000000000	0.00000000000000
31.069999694824	0.10047022253275	-0.46531894803047	65.000000000000	0.00000000000000
31.079999923706	0.099384099245071	-0.46408784389496	65.000000000000	0.00000000000000
31.090000152588	0.098301514983177	-0.46285226941109	65.000000000000	0.00000000000000
31.100000381470	0.097222268581390	-0.46161225438118	65.000000000000	0.00000000000000
31.110000610352	0.096146583557129	-0.46036776900291	65.000000000000	0.00000000000000
31.120000839233	0.095074273645878	-0.45911887288094	65.000000000000	0.00000000000000
31.129999160767	0.094005800783634	-0.45786550641060	65.000000000000	0.00000000000000
31.139999389648	0.092940755188465	-0.45660778880119	65.000000000000	0.00000000000000
31.149999618530	0.091879352927208	-0.45534566044807	65.000000000000	0.00000000000000
31.159999847412	0.090821646153927	-0.45407912135124	65.000000000000	0.00000000000000
31.170000076294	0.089767634868622	-0.45280823111534	65.000000000000	0.00000000000000
31.180000305176	0.088717125356197	-0.45153298974037	65.000000000000	0.00000000000000
31.190000534058	0.087670579552650	-0.45025330781937	65.000000000000	0.00000000000000
31.200000762939	0.086627587676048	-0.44896942377090	65.000000000000	0.00000000000000
31.209999084473	0.085588380694389	-0.44768121838570	65.000000000000	0.00000000000000
31.219999313354	0.084552980959415	-0.44638869166374	65.000000000000	0.00000000000000
31.229999542236	0.083521403372288	-0.44509184360504	65.000000000000	0.00000000000000
31.239999771118	0.082493692636490	-0.44379079341888	65.000000000000	0.00000000000000
31.250000000000	0.081469833850861	-0.44248545169830	65.000000000000	0.00000000000000
31.260000228882	0.080449871718884	-0.44117584824562	65.000000000000	0.00000000000000
31.270000457764	0.079433821141720	-0.43986201286316	65.000000000000	0.00000000000000
31.280000686646	0.078421495854855	-0.43854406476021	65.000000000000	0.00000000000000
31.290000915527	0.077413544058800	-0.43722182512283	65.000000000000	0.00000000000000
31.299999237061	0.076409347355366	-0.43589544296265	65.000000000000	0.00000000000000
31.309999465942	0.075409151613712	-0.43456488847733	65.000000000000	0.00000000000000
31.319999694824	0.074412964284420	-0.43323022127151	65.000000000000	0.00000000000000
31.329999923706	0.073421031236649	-0.43189138174057	65.000000000000	0.00000000000000
31.340000152588	0.072432935237885	-0.43054848909378	65.000000000000	0.00000000000000
31.350000381470	0.071449123322964	-0.42920145392418	65.000000000000	0.00000000000000
31.360000610352	0.070469409227371	-0.42785039544106	65.000000000000	0.00000000000000
31.370000839233	0.069493807852268	-0.42649522423744	65.000000000000	0.00000000000000
31.379999160767	0.068522334098816	-0.42513605952263	65.000000000000	0.00000000000000
31.389999389648	0.067555226385593	-0.42377281188965	65.000000000000	0.00000000000000
31.399999618530	0.066592283546925	-0.42240554094315	65.000000000000	0.00000000000000
31.409999847412	0.065633527934551	-0.42103439569473	65.000000000000	0.00000000000000
31.420000076294	0.064679004251957	-0.41965922713280	65.000000000000	0.00000000000000
31.430000305176	0.063729003071785	-0.41828003525734	65.000000000000	0.00000000000000
31.440000534058	0.062783151865005	-0.41689702868462	65.000000000000	0.00000000000000
31.450000762939	0.061841681599617	-0.41550999879837	65.000000000000	0.00000000000000
31.459999084473	0.060904603451490	-0.41411915421486	65.000000000000	0.00000000000000
31.469999313354	0.059971924871206	-0.41272440552711	65.000000000000	0.00000000000000
31.479999542236	0.059043575078249	-0.41132578253746	65.000000000000	0.00000000000000
31.489999771118	0.058119673281908	-0.40992334485054	65.000000000000	0.00000000000000
31.500000000000	0.057200331240892	-0.40851709246635	65.000000000000	0.00000000000000
31.510000228882	0.056285470724106	-0.40710699558258	65.000000000000	0.00000000000000
31.520000457764	0.055375013500452	-0.40569317340851	65.000000000000	0.00000000000000
31.530000686646	0.054469179362059	-0.40427556633949	65.000000000000	0.00000000000000
31.540000915527	0.053567782044411	-0.40285423398018	65.000000000000	0.00000000000000
31.549999237061	0.052671123296022	-0.40142914652824	65.000000000000	0.00000000000000
31.559999465942	0.051778946071863	-0.40000039339066	65.000000000000	0.00000000000000
31.569999694824	0.050891362130642	-0.39856794476509	65.000000000000	0.00000000000000
31.579999923706	0.050008479505777	-0.39713186025620	65.000000000000	0.00000000000000
31.590000152588	0.049130219966173	-0.39569211006165	65.000000000000	0.00000000000000
31.600000381470	0.048256698995829	-0.39424878358841	65.000000000000	0.00000000000000
31.610000610352	0.047387834638357	-0.39280179142952	65.000000000000	0.00000000000000
31.620000839233	0.046523742377758	-0.39135128259659	65.000000000000	0.00000000000000
31.629999160767	0.045664343982935	-0.38989725708961	65.000000000000	0.00000000000000
31.639999389648	0.044809751212597	-0.38843968510628	65.000000000000	0.00000000000000
31.649999618530	0.043959885835648	-0.38697853684425	65.000000000000	0.00000000000000
31.659999847412	0.043114852160215	-0.38551396131516	65.000000000000	0.00000000000000
31.670000076294	0.042274583131075	-0.38404592871666	65.000000000000	0.00000000000000
31.680000305176	0.041439276188612	-0.38257446885109	65.000000000000	0.00000000000000
31.690000534058	0.040608853101730	-0.38109955191612	65.000000000000	0.00000000000000
31.700000762939	0.039783235639334	-0.37962126731873	65.000000000000	0.00000000000000
31.709999084473	0.038962535560131	-0.37813955545425	65.000000000000	0.00000000000000
31.719999313354	0.038146771490574	-0.37665456533432	65.000000000000	0.00000000000000
31.729999542236	0.037336044013500	-0.37516626715660	65.000000000000	0.00000000000000
31.739999771118	0.036530271172523	-0.37367460131645	65.000000000000	0.00000000000000
31.750000000000	0.035729393362999	-0.37217968702316	65.000000000000	0.00000000000000
31.760000228882	0.034933596849442	-0.37068155407906	65.000000000000	0.00000000000000
31.770000457764	0.034142807126045	-0.36918014287949	65.000000000000	0.00000000000000
31.780000686646	0.033357035368681	-0.36767551302910	65.000000000000	0.00000000000000
31.790000915527	0.032576393336058	-0.36616772413254	65.000000000000	0.00000000000000
31.799999237061	0.031800799071789	-0.36465677618980	65.000000000000	0.00000000000000
31.809999465942	0.031030355021358	-0.36314269900322	65.000000000000	0.00000000000000
31.819999694824	0.030264910310507	-0.36162552237511	65.000000000000	0.00000000000000
31.829999923706	0.029504729434848	-0.36010527610779	65.000000000000	0.00000000000000
31.840000152588	0.028749741613865	-0.35858193039894	65.000000000000	0.00000000000000
31.850000381470	0.027999876067042	-0.35705557465553	65.000000000000	0.00000000000000
31.860000610352	0.027255225926638	-0.35552614927292	65.000000000000	0.00000000000000
31.870000839233	0.026515729725361	-0.35399380326271	65.000000000000	0.00000000000000
31.879999160767	0.025781560689211	-0.35245850682259	65.000000000000	0.00000000000000
31.889999389648	0.025052567943931	-0.35092028975487	65.000000000000	0.00000000000000
31.899999618530	0.024328928440809	-0.34937912225723	65.000000000000	0.00000000000000
31.909999847412	0.023610493168235	-0.34783509373665	65.000000000000	0.00000000000000
31.920000076294	0.022897349670529	-0.34628820419312	65.000000000000	0.00000000000000
31.930000305176	0.022189596667886	-0.34473845362663	65.000000000000	0.00000000000000
31.940000534058	0.021487167105079	-0.34318596124649	65.000000000000	0.00000000000000
31.950000762939	0.020789988338947	-0.34163066744804	65.000000000000	0.00000000000000
31.959999084473	0.020098395645618	-0.34007263183594	65.000000000000	0.00000000000000
31.969999313354	0.019411914050579	-0.33851185441017	65.000000000000	0.00000000000000
31.979999542236	0.018731044605374	-0.33694839477539	65.000000000000	0.00000000000000
31.989999771118	0.018055468797684	-0.33538228273392	65.000000000000	0.00000000000000
32.000000000000	0.017385443672538	-0.33381351828575	65.000000000000	0.00000000000000
32.009998321533	0.016720736399293	-0.33224210143089	65.000000000000	0.00000000000000
32.020000457764	0.016061602160335	-0.33066818118095	65.000000000000	0.00000000000000
32.029998779297	0.015407962724566	-0.32909163832664	65.000000000000	0.00000000000000
32.040000915527	0.014759755693376	-0.32751256227493	65.000000000000	0.00000000000000
32.049999237061	0.014117068611085	-0.32593101263046	65.000000000000	0.00000000000000
32.060001373291	0.013479985296726	-0.32434695959091	65.000000000000	0.00000000000000
32.069999694824	0.012848287820816	-0.32276049256325	65.000000000000	0.00000000000000
32.080001831055	0.012222290039063	-0.32117155194283	65.000000000000	0.00000000000000
32.090000152588	0.011601772159338	-0.31958025693893	65.000000000000	0.00000000000000
32.099998474121	0.010986821725965	-0.31798660755157	65.000000000000	0.00000000000000
32.110000610352	0.010377594269812	-0.31639060378075	65.000000000000	0.00000000000000
32.119998931885	0.0097737992182374	-0.31479230523109	65.000000000000	0.00000000000000
32.130001068115	0.0091758202761412	-0.31319171190262	65.000000000000	0.00000000000000
32.139999389648	0.0085833650082350	-0.31158888339996	65.000000000000	0.00000000000000
32.150001525879	0.0079965163022280	-0.30998381972313	65.000000000000	0.00000000000000
32.159999847412	0.0074154315516353	-0.30837655067444	65.000000000000	0.00000000000000
32.169998168945	0.0068399677984416	-0.30676716566086	65.000000000000	0.00000000000000
32.180000305176	0.0062702060677111	-0.30515557527542	65.000000000000	0.00000000000000
32.189998626709	0.0057060820981860	-0.30354195833206	65.000000000000	0.00000000000000
32.200000762939	0.0051477472297847	-0.30192625522614	65.000000000000	0.00000000000000
32.209999084473	0.0045951339416206	-0.30030843615532	65.000000000000	0.00000000000000
32.220001220703	0.0040483204647899	-0.29868867993355	65.000000000000	0.00000000000000
32.229999542236	0.0035070998128504	-0.29706689715385	65.000000000000	0.00000000000000
32.240001678467	0.0029716903809458	-0.29544314742088	65.000000000000	0.00000000000000
32.250000000000	0.0024420975241810	-0.29381752014160	65.000000000000	0.00000000000000
32.259998321533	0.0019182565156370	-0.29218992590904	65.000000000000	0.00000000000000
32.270000457764	0.0014002416282892	-0.29056054353714	65.000000000000	0.00000000000000
32.279998779297	0.00088798836804926	-0.28892928361893	65.000000000000	0.00000000000000
32.290000915527	0.00038157054223120	-0.28729623556137	65.000000000000	0.00000000000000
32.299999237061	-0.00011907598673133	-0.28566136956215	65.000000000000	0.00000000000000
32.310001373291	-0.00061387853929773	-0.28402480483055	65.000000000000	0.00000000000000
32.319999694824	-0.0011027657892555	-0.28238645195961	65.000000000000	0.00000000000000
32.330001831055	-0.0015858695842326	-0.28074648976326	65.000000000000	0.00000000000000
32.340000152588	-0.0020631188526750	-0.27910485863686	65.000000000000	0.00000000000000
32.349998474121	-0.0025344439782202	-0.27746158838272	65.000000000000	0.00000000000000
32.360000610352	-0.0029999744147062	-0.27581673860550	65.000000000000	0.00000000000000
32.369998931885	-0.0034595101606101	-0.27417030930519	65.000000000000	0.00000000000000
32.380001068115	-0.0039132451638579	-0.27252236008644	65.000000000000	0.00000000000000
32.389999389648	-0.0043610478751361	-0.27087289094925	65.000000000000	0.00000000000000
32.400001525879	-0.0048029785975814	-0.26922196149826	65.000000000000	0.00000000000000
32.409999847412	-0.0052389097400010	-0.26756957173347	65.000000000000	0.00000000000000
32.419998168945	-0.0056689670309424	-0.26591584086418	65.000000000000	0.00000000000000
32.430000305176	-0.0060930852778256	-0.26426064968109	65.000000000000	0.00000000000000
32.439998626709	-0.0065112016163766	-0.26260417699814	65.000000000000	0.00000000000000
32.450000762939	-0.0069234408438206	-0.26094636321068	65.000000000000	0.00000000000000
32.459999084473	-0.0073296776972711	-0.25928729772568	65.000000000000	0.00000000000000
32.470001220703	-0.0077300360426307	-0.25762695074081	65.000000000000	0.00000000000000
32.479999542236	-0.0081243310123682	-0.25596538186073	65.000000000000	0.00000000000000
32.490001678467	-0.0085126850754023	-0.25430262088776	65.000000000000	0.00000000000000
32.500000000000	-0.0088951010257006	-0.25263869762421	65.000000000000	0.00000000000000
32.509998321533	-0.0092714587226510	-0.25097370147705	65.000000000000	0.00000000000000
32.520000457764	-0.0096418773755431	-0.24930754303932	65.000000000000	0.00000000000000
32.529998779297	-0.010006302036345	-0.24764037132263	65.000000000000	0.00000000000000
32.540000915527	-0.010364731773734	-0.24597215652466	65.000000000000	0.00000000000000
32.549999237061	-0.010717111639678	-0.24430292844772	65.000000000000	0.00000000000000
32.560001373291	-0.011063560843468	-0.24263276159763	65.000000000000	0.00000000000000
32.569999694824	-0.011403907090425	-0.24096164107323	65.000000000000	0.00000000000000
32.580001831055	-0.011738269589841	-0.23928959667683	65.000000000000	0.00000000000000
32.590000152588	-0.012066653929651	-0.23761671781540	65.000000000000	0.00000000000000
32.599998474121	-0.012388946488500	-0.23594298958778	65.000000000000	0.00000000000000
32.610000610352	-0.012705264613032	-0.23426844179630	65.000000000000	0.00000000000000
32.619998931885	-0.013015558943152	-0.23259314894676	65.000000000000	0.00000000000000
32.630001068115	-0.013319830410182	-0.23091706633568	65.000000000000	0.00000000000000
32.639999389648	-0.013617977499962	-0.22924031317234	65.000000000000	0.00000000000000
32.650001525879	-0.013910166919231	-0.22756285965443	65.000000000000	0.00000000000000
32.659999847412	-0.014196298085153	-0.22588476538658	65.000000000000	0.00000000000000
32.669998168945	-0.014476374723017	-0.22420606017113	65.000000000000	0.00000000000000
32.680000305176	-0.014750402420759	-0.22252674400806	65.000000000000	0.00000000000000
32.689998626709	-0.015018389560282	-0.22084690630436	65.000000000000	0.00000000000000
32.700000762939	-0.015280341729522	-0.21916656196117	65.000000000000	0.00000000000000
32.709999084473	-0.015536215156317	-0.21748572587967	65.000000000000	0.00000000000000
32.720001220703	-0.015786068513989	-0.21580439805984	65.000000000000	0.00000000000000
32.729999542236	-0.016029857099056	-0.21412268280983	65.000000000000	0.00000000000000
32.740001678467	-0.016267539933324	-0.21244058012962	65.000000000000	0.00000000000000
32.750000000000	-0.016499279066920	-0.21075811982155	65.000000000000	0.00000000000000
32.759998321533	-0.016724927350879	-0.20907530188560	65.000000000000	0.00000000000000
32.770000457764	-0.016944548115134	-0.20739221572876	65.000000000000	0.00000000000000
32.779998779297	-0.017158098518848	-0.20570886135101	65.000000000000	0.00000000000000
32.790000915527	-0.017365589737892	-0.20402525365353	65.000000000000	0.00000000000000
32.799999237061	-0.017567031085491	-0.20234149694443	65.000000000000	0.00000000000000
32.810001373291	-0.017762437462807	-0.20065753161907	65.000000000000	0.00000000000000
32.819999694824	-0.017951816320419	-0.19897344708443	65.000000000000	0.00000000000000
32.830001831055	-0.018135130405426	-0.19728927314281	65.000000000000	0.00000000000000
32.840000152588	-0.018312394618988	-0.19560503959656	65.000000000000	0.00000000000000
32.849998474121	-0.018483620136976	-0.19392073154449	65.000000000000	0.00000000000000
32.860000610352	-0.018648864701390	-0.19223643839359	65.000000000000	0.00000000000000
32.869998931885	-0.018808051943779	-0.19055216014385	65.000000000000	0.00000000000000
32.880001068115	-0.018961146473885	-0.18886795639992	65.000000000000	0.00000000000000
32.889999389648	-0.019108301028609	-0.18718382716179	65.000000000000	0.00000000000000
32.900001525879	-0.019249346107244	-0.18549983203411	65.000000000000	0.00000000000000
32.909999847412	-0.019384482875466	-0.18381598591805	65.000000000000	0.00000000000000
32.919998168945	-0.019513539969921	-0.18213230371475	65.000000000000	0.00000000000000
32.930000305176	-0.019636539742351	-0.18044887483120	65.000000000000	0.00000000000000
32.939998626709	-0.019753584638238	-0.17876568436623	65.000000000000	0.00000000000000
32.950000762939	-0.019864600151777	-0.17708276212215	65.000000000000	0.00000000000000
32.959999084473	-0.019969651475549	-0.17540015280247	65.000000000000	0.00000000000000
32.970001220703	-0.020068712532520	-0.17371788620949	65.000000000000	0.00000000000000
32.979999542236	-0.020161759108305	-0.17203600704670	65.000000000000	0.00000000000000
32.990001678467	-0.020248848944902	-0.17035451531410	65.000000000000	0.00000000000000
33.000000000000	-0.020329924300313	-0.16867348551750	65.000000000000	0.00000000000000
33.009998321533	-0.020405080169439	-0.16699290275574	65.000000000000	0.00000000000000
33.020000457764	-0.020474219694734	-0.16531284153461	65.000000000000	0.00000000000000
33.029998779297	-0.020537402480841	-0.16363328695297	65.000000000000	0.00000000000000
33.040000915527	-0.020594650879502	-0.16195431351662	65.000000000000	0.00000000000000
33.049999237061	-0.020645987242460	-0.16027593612671	65.000000000000	0.00000000000000
33.060001373291	-0.020691314712167	-0.15859816968441	65.000000000000	0.00000000000000
33.069999694824	-0.020730771124363	-0.15692105889320	65.000000000000	0.00000000000000
33.080001831055	-0.020764270797372	-0.15524463355541	65.000000000000	0.00000000000000
33.090000152588	-0.020791871473193	-0.15356895327568	65.000000000000	0.00000000000000
33.099998474121	-0.020813561975956	-0.15189397335052	65.000000000000	0.00000000000000
33.110000610352	-0.020829332992435	-0.15021979808807	65.000000000000	0.00000000000000
33.119998931885	-0.020839210599661	-0.14854642748833	65.000000000000	0.00000000000000
33.130001068115	-0.020843220874667	-0.14687389135361	65.000000000000	0.00000000000000
33.139999389648	-0.020841356366873	-0.14520224928856	65.000000000000	0.00000000000000
33.150001525879	-0.020833609625697	-0.14353148639202	65.000000000000	0.00000000000000
33.159999847412	-0.020820047706366	-0.14186166226864	65.000000000000	0.00000000000000
33.169998168945	-0.020800594240427	-0.14019280672073	65.000000000000	0.00000000000000
33.180000305176	-0.020775349810719	-0.13852490484715	65.000000000000	0.00000000000000
33.189998626709	-0.020744210109115	-0.13685806095600	65.000000000000	0.00000000000000
33.200000762939	-0.020707342773676	-0.13519224524498	65.000000000000	0.00000000000000
33.209999084473	-0.020664585754275	-0.13352753221989	65.000000000000	0.00000000000000
33.220001220703	-0.020616101101041	-0.13186392188072	65.000000000000	0.00000000000000
33.229999542236	-0.020561764016747	-0.13020142912865	65.000000000000	0.00000000000000
33.240001678467	-0.020501706749201	-0.12854012846947	65.000000000000	0.00000000000000
33.250000000000	-0.020435843616724	-0.12688000500202	65.000000000000	0.00000000000000
33.259998321533	-0.020364271476865	-0.12522111833096	65.000000000000	0.00000000000000
33.270000457764	-0.020286915823817	-0.12356349825859	65.000000000000	0.00000000000000
33.279998779297	-0.020203869789839	-0.12190715223551	65.000000000000	0.00000000000000
33.290000915527	-0.020115090534091	-0.12025211751461	65.000000000000	0.00000000000000
33.299999237061	-0.020020596683025	-0.11859842389822	65.000000000000	0.00000000000000
33.310001373291	-0.019920397549868	-0.11694610863924	65.000000000000	0.00000000000000
33.319999694824	-0.019814515486360	-0.11529518663883	65.000000000000	0.00000000000000
33.330001831055	-0.019702998921275	-0.11364570260048	65.000000000000	0.00000000000000
33.340000152588	-0.019585840404034	-0.11199766397476	65.000000000000	0.00000000000000
33.349998474121	-0.019463011994958	-0.11035112291574	65.000000000000	0.00000000000000
33.360000610352	-0.019334563985467	-0.10870607942343	65.000000000000	0.00000000000000
33.369998931885	-0.019200474023819	-0.10706257820129	65.000000000000	0.00000000000000
33.380001068115	-0.019060824066401	-0.10542064905167	65.000000000000	0.00000000000000
33.389999389648	-0.018915573135018	-0.10378031432629	65.000000000000	0.00000000000000
33.400001525879	-0.018764730542898	-0.10214160382748	65.000000000000	0.00000000000000
33.409999847412	-0.018608355894685	-0.10050453245640	65.000000000000	0.00000000000000
33.419998168945	-0.018446423113346	-0.098869159817696	65.000000000000	0.00000000000000
33.430000305176	-0.018278971314430	-0.097235471010208	65.000000000000	0.00000000000000
33.439998626709	-0.018105978146195	-0.095603518188000	65.000000000000	0.00000000000000
33.450000762939	-0.017927477136254	-0.093973338603973	65.000000000000	0.00000000000000
33.459999084473	-0.017743539065123	-0.092344924807549	65.000000000000	0.00000000000000
33.470001220703	-0.017554111778736	-0.090718328952789	65.000000000000	0.00000000000000
33.479999542236	-0.017359232529998	-0.089093573391438	65.000000000000	0.00000000000000
33.490001678467	-0.017158946022391	-0.087470665574074	65.000000000000	0.00000000000000
33.500000000000	-0.016953174024820	-0.085849665105343	65.000000000000	0.00000000000000
33.509998321533	-0.016742052510381	-0.084230571985245	65.000000000000	0.00000000000000
33.520000457764	-0.016525516286492	-0.082613430917263	65.000000000000	0.00000000000000
33.529998779297	-0.016303630545735	-0.080998227000237	65.000000000000	0.00000000000000
33.540000915527	-0.016076350584626	-0.079385042190552	65.000000000000	0.00000000000000
33.549999237061	-0.015843750908971	-0.077773869037628	65.000000000000	0.00000000000000
33.560001373291	-0.015605838038027	-0.076164729893208	65.000000000000	0.00000000000000
33.569999694824	-0.015362593345344	-0.074557662010193	65.000000000000	0.00000000000000
33.580001831055	-0.015114080160856	-0.072952687740326	65.000000000000	0.00000000000000
33.590000152588	-0.014860296621919	-0.071349821984768	65.000000000000	0.00000000000000
33.599998474121	-0.014601254835725	-0.069749101996422	65.000000000000	0.00000000000000
33.610000610352	-0.014336946420372	-0.068150550127029	65.000000000000	0.00000000000000
33.619998931885	-0.014067474752665	-0.066554173827171	65.000000000000	0.00000000000000
33.630001068115	-0.013792760670185	-0.064960025250912	65.000000000000	0.00000000000000
33.639999389648	-0.013512898236513	-0.063368096947670	65.000000000000	0.00000000000000
33.650001525879	-0.013227848336101	-0.061778437346220	65.000000000000	0.00000000000000
33.659999847412	-0.012937651015818	-0.060191065073013	65.000000000000	0.00000000000000
33.669998168945	-0.012642360292375	-0.058605983853340	65.000000000000	0.00000000000000
33.680000305176	-0.012341945432127	-0.057023238390684	65.000000000000	0.00000000000000
33.689998626709	-0.012036425992846	-0.055442843586206	65.000000000000	0.00000000000000
33.700000762939	-0.011725828051567	-0.053864829242229	65.000000000000	0.00000000000000
33.709999084473	-0.011410201899707	-0.052289206534624	65.000000000000	0.00000000000000
33.720001220703	-0.011089533567429	-0.050715997815132	65.000000000000	0.00000000000000
33.729999542236	-0.010763874277472	-0.049145232886076	65.000000000000	0.00000000000000
33.740001678467	-0.010433197021484	-0.047576934099197	65.000000000000	0.00000000000000
33.750000000000	-0.010097553022206	-0.046011112630367	65.000000000000	0.00000000000000
33.759998321533	-0.0097569590434432	-0.044447802007198	65.000000000000	0.00000000000000
33.770000457764	-0.0094114271923900	-0.042887013405561	65.000000000000	0.00000000000000
33.779998779297	-0.0090610058978200	-0.041328765451908	65.000000000000	0.00000000000000
33.790000915527	-0.0087056672200561	-0.039773099124432	65.000000000000	0.00000000000000
33.799999237061	-0.0083454437553883	-0.038220018148422	65.000000000000	0.00000000000000
33.810001373291	-0.0079803904518485	-0.036669541150331	65.000000000000	0.00000000000000
33.819999694824	-0.0076105096377432	-0.035121694207191	65.000000000000	0.00000000000000
33.830001831055	-0.0072357975877821	-0.033576499670744	65.000000000000	0.00000000000000
33.840000152588	-0.0068563050590456	-0.032033976167440	65.000000000000	0.00000000000000
33.849998474121	-0.0064720362424850	-0.030494140461087	65.000000000000	0.00000000000000
33.860000610352	-0.0060830134898424	-0.028957013040781	65.000000000000	0.00000000000000
33.869998931885	-0.0056892721913755	-0.027422616258264	65.000000000000	0.00000000000000
33.880001068115	-0.0052908277139068	-0.025890959426761	65.000000000000	0.00000000000000
33.889999389648	-0.0048876777291298	-0.024362077936530	65.000000000000	0.00000000000000
33.900001525879	-0.0044798683375120	-0.022835975512862	65.000000000000	0.00000000000000
33.909999847412	-0.0040674298070371	-0.021312674507499	65.000000000000	0.00000000000000
33.919998168945	-0.0036503612063825	-0.019792195409536	65.000000000000	0.00000000000000
33.930000305176	-0.0032286909408867	-0.018274556845427	65.000000000000	0.00000000000000
33.939998626709	-0.0028024364728481	-0.016759775578976	65.000000000000	0.00000000000000
33.950000762939	-0.0023716348223388	-0.015247866511345	65.000000000000	0.00000000000000
33.959999084473	-0.0019362875027582	-0.013738851994276	65.000000000000	0.00000000000000
33.970001220703	-0.0014964279253036	-0.012232745066285	65.000000000000	0.00000000000000
33.979999542236	-0.0010520754149184	-0.010729564353824	65.000000000000	0.00000000000000
33.990001678467	-0.00060325296362862	-0.0092293266206980	65.000000000000	0.00000000000000
34.000000000000	-0.00014997956168372	-0.0077320490963757	65.000000000000	0.00000000000000
34.009998321533	0.00030771599267609	-0.0062377476133406	65.000000000000	0.00000000000000
34.020000457764	0.00076982128666714	-0.0047464370727539	65.000000000000	0.00000000000000
34.029998779297	0.0012363046407700	-0.0032581354025751	65.000000000000	0.00000000000000
34.040000915527	0.0017071501351893	-0.0017728570383042	65.000000000000	0.00000000000000
34.049999237061	0.0021823325660080	-0.00029061842360534	65.000000000000	0.00000000000000
34.060001373291	0.0026618314441293	0.0011885658605024	65.000000000000	0.00000000000000
34.069999694824	0.0031456234864891	0.0026646801270545	65.000000000000	0.00000000000000
34.080001831055	0.0036336870398372	0.0041377102024853	65.000000000000	0.00000000000000
34.090000152588	0.0041259988211095	0.0056076408363879	65.000000000000	0.00000000000000
34.099998474121	0.0046225357800722	0.0070744580589235	65.000000000000	0.00000000000000
34.110000610352	0.0051232776604593	0.0085381455719471	65.000000000000	0.00000000000000
34.119998931885	0.0056281993165612	0.0099986931309104	65.000000000000	0.00000000000000
34.130001068115	0.0061372774653137	0.011456083506346	65.000000000000	0.00000000000000
34.139999389648	0.0066504925489426	0.012910305522382	65.000000000000	0.00000000000000
34.150001525879	0.0071678222157061	0.014361344277859	65.000000000000	0.00000000000000
34.159999847412	0.0076892403885722	0.015809185802937	65.000000000000	0.00000000000000
34.169998168945	0.0082147279754281	0.017253817990422	65.000000000000	0.00000000000000
34.180000305176	0.0087442584335804	0.018695227801800	65.000000000000	0.00000000000000
34.189998626709	0.0092778159305453	0.020133402198553	65.000000000000	0.00000000000000
34.200000762939	0.0098153688013554	0.021568330004811	65.000000000000	0.00000000000000
34.209999084473	0.010356903076172	0.023000000044703	65.000000000000	0.00000000000000
34.220001220703	0.010902382433414	0.024428399279714	65.000000000000	0.00000000000000
34.229999542236	0.011451810598373	0.025853512808681	65.000000000000	0.00000000000000
34.240001678467	0.012005127966404	0.027275338768959	65.000000000000	0.00000000000000
34.250000000000	0.012562344782054	0.028693847358227	65.000000000000	0.00000000000000
34.259998321533	0.013123420067132	0.030109044164419	65.000000000000	0.00000000000000
34.270000457764	0.013688324019313	0.031520918011665	65.000000000000	0.00000000000000
34.279998779297	0.014257069677114	0.032929446548223	65.000000000000	0.00000000000000
34.290000915527	0.014829599298537	0.034334626048803	65.000000000000	0.00000000000000
34.299999237061	0.015405881218612	0.035736452788115	65.000000000000	0.00000000000000
34.310001373291	0.015985945239663	0.037134896963835	65.000000000000	0.00000000000000
34.319999694824	0.016569714993238	0.038529969751835	65.000000000000	0.00000000000000
34.330001831055	0.017157196998596	0.039921652525663	65.000000000000	0.00000000000000
34.340000152588	0.017748357728124	0.041309934109449	65.000000000000	0.00000000000000
34.349998474121	0.018343184143305	0.042694807052612	65.000000000000	0.00000000000000
34.360000610352	0.018941635265946	0.044076260179281	65.000000000000	0.00000000000000
34.369998931885	0.019543701782823	0.045454297214746	65.000000000000	0.00000000000000
34.380001068115	0.020149361342192	0.046828888356686	65.000000000000	0.00000000000000
34.389999389648	0.020758595317602	0.048200041055679	65.000000000000	0.00000000000000
34.400001525879	0.021371388807893	0.049567725509405	65.000000000000	0.00000000000000
34.409999847412	0.021987678483129	0.050931971520185	65.000000000000	0.00000000000000
34.419998168945	0.022607496008277	0.052292734384537	65.000000000000	0.00000000000000
34.430000305176	0.023230765014887	0.053650025278330	65.000000000000	0.00000000000000
34.439998626709	0.023857504129410	0.055003836750984	65.000000000000	0.00000000000000
34.450000762939	0.024487681686878	0.056354150176048	65.000000000000	0.00000000000000
34.459999084473	0.025121273472905	0.057700965553522	65.000000000000	0.00000000000000
34.470001220703	0.025758270174265	0.059044267982244	65.000000000000	0.00000000000000
34.479999542236	0.026398580521345	0.060384076088667	65.000000000000	0.00000000000000
34.490001678467	0.027042279019952	0.061720348894596	65.000000000000	0.00000000000000
34.500000000000	0.027689279988408	0.063053108751774	65.000000000000	0.00000000000000
34.509998321533	0.028339628130198	0.064382314682007	65.000000000000	0.00000000000000
34.520000457764	0.028993243351579	0.065707981586456	65.000000000000	0.00000000000000
34.529998779297	0.029650086537004	0.067030124366283	65.000000000000	0.00000000000000
34.540000915527	0.030310189351439	0.068348713219166	65.000000000000	0.00000000000000
34.549999237061	0.030973490327597	0.069663740694523	65.000000000000	0.00000000000000
34.560001373291	0.031640034168959	0.070975184440613	65.000000000000	0.00000000000000
34.569999694824	0.032309681177139	0.072283096611500	65.000000000000	0.00000000000000
34.580001831055	0.032982535660267	0.073587410151958	65.000000000000	0.00000000000000
34.590000152588	0.033658508211374	0.074888147413731	65.000000000000	0.00000000000000
34.599998474121	0.034337546676397	0.076185323297977	65.000000000000	0.00000000000000
34.610000610352	0.035019703209400	0.077478893101215	65.000000000000	0.00000000000000
34.619998931885	0.035704944282770	0.078768871724606	65.000000000000	0.00000000000000
34.630001068115	0.036393202841282	0.080055259168148	65.000000000000	0.00000000000000
34.639999389648	0.037084478884935	0.081338055431843	65.000000000000	0.00000000000000
34.650001525879	0.037778768688440	0.082617238163948	65.000000000000	0.00000000000000
34.659999847412	0.038476064801216	0.083892807364464	65.000000000000	0.00000000000000
34.669998168945	0.039176315069199	0.085164748132229	65.000000000000	0.00000000000000
34.680000305176	0.039879515767097	0.086433082818985	65.000000000000	0.00000000000000
34.689998626709	0.040585603564978	0.087697811424732	65.000000000000	0.00000000000000
34.700000762939	0.041294604539871	0.088958911597729	65.000000000000	0.00000000000000
34.709999084473	0.042006537318230	0.090216346085072	65.000000000000	0.00000000000000
34.720001220703	0.042721249163151	0.091470204293728	65.000000000000	0.00000000000000
34.729999542236	0.043438848108053	0.092720389366150	65.000000000000	0.00000000000000
34.740001678467	0.044159259647131	0.093966946005821	65.000000000000	0.00000000000000
34.750000000000	0.044882480055094	0.095209881663322	65.000000000000	0.00000000000000
34.759998321533	0.045608472079039	0.096449159085751	65.000000000000	0.00000000000000
34.770000457764	0.046337228268385	0.097684808075428	65.000000000000	0.00000000000000
34.779998779297	0.047068733721972	0.098916791379452	65.000000000000	0.00000000000000
34.790000915527	0.047802951186895	0.10014513134956	65.000000000000	0.00000000000000
34.799999237061	0.048539865761995	0.10136982053518	65.000000000000	0.00000000000000
34.810001373291	0.049279481172562	0.10259085893631	65.000000000000	0.00000000000000
34.819999694824	0.050021763890982	0.10380823165178	65.000000000000	0.00000000000000
34.830001831055	0.050766680389643	0.10502195358276	65.000000000000	0.00000000000000
34.840000152588	0.051514226943254	0.10623200982809	65.000000000000	0.00000000000000
34.849998474121	0.052264388650656	0.10743840783834	65.000000000000	0.00000000000000
34.860000610352	0.053017128258944	0.10864114761353	65.000000000000	0.00000000000000
34.869998931885	0.053772449493408	0.10984021425247	65.000000000000	0.00000000000000
34.880001068115	0.054530322551727	0.11103560775518	65.000000000000	0.00000000000000
34.889999389648	0.055290747433901	0.11222735047340	65.000000000000	0.00000000000000
34.900001525879	0.056053671985865	0.11341541260481	65.000000000000	0.00000000000000
34.909999847412	0.056819066405296	0.11459980159998	65.000000000000	0.00000000000000
34.919998168945	0.057586990296841	0.11578053236008	65.000000000000	0.00000000000000
34.930000305176	0.058357324451208	0.11695758253336	65.000000000000	0.00000000000000
34.939998626709	0.059130150824785	0.11813095211983	65.000000000000	0.00000000000000
34.950000762939	0.059905380010605	0.11930064111948	65.000000000000	0.00000000000000
34.959999084473	0.060683019459248	0.12046667933464	65.000000000000	0.00000000000000
34.970001220703	0.061463061720133	0.12162902206182	65.000000000000	0.00000000000000
34.979999542236	0.062245465815067	0.12278768420219	65.000000000000	0.00000000000000
34.990001678467	0.063030265271664	0.12394268065691	65.000000000000	0.00000000000000
35.000000000000	0.063817381858826	0.12509399652481	65.000000000000	0.00000000000000
