25.000000000000	0.31633821129799	-0.60606539249420	65.000000000000	0.00000000000000
25.010000228882	0.31480711698532	-0.60557144880295	65.000000000000	0.00000000000000
25.020000457764	0.31327554583549	-0.60507196187973	65.000000000000	0.00000000000000
25.030000686646	0.31174317002296	-0.60456699132919	65.000000000000	0.00000000000000
25.040000915527	0.31021007895470	-0.60405635833740	65.000000000000	0.00000000000000
25.049999237061	0.30867627263069	-0.60354018211365	65.000000000000	0.00000000000000
25.059999465942	0.30714195966721	-0.60301846265793	65.000000000000	0.00000000000000
25.069999694824	0.30560693144798	-0.60249102115631	65.000000000000	0.00000000000000
25.079999923706	0.30407127737999	-0.60195803642273	65.000000000000	0.00000000000000
25.090000152588	0.30253499746323	-0.60141927003860	65.000000000000	0.00000000000000
25.100000381470	0.30099815130234	-0.60087496042252	65.000000000000	0.00000000000000
25.110000610352	0.29946082830429	-0.60032486915588	65.000000000000	0.00000000000000
25.120000839233	0.29792296886444	-0.59976911544800	65.000000000000	0.00000000000000
25.129999160767	0.29638448357582	-0.59920758008957	65.000000000000	0.00000000000000
25.139999389648	0.29484558105469	-0.59864032268524	65.000000000000	0.00000000000000
25.149999618530	0.29330626130104	-0.59806734323502	65.000000000000	0.00000000000000
25.159999847412	0.29176646471024	-0.59748846292496	65.000000000000	0.00000000000000
25.170000076294	0.29022622108459	-0.59690380096436	65.000000000000	0.00000000000000
25.180000305176	0.28868561983109	-0.59631341695786	65.000000000000	0.00000000000000
25.190000534058	0.28714460134506	-0.59571707248688	65.000000000000	0.00000000000000
25.200000762939	0.28560310602188	-0.59511488676071	65.000000000000	0.00000000000000
25.209999084473	0.28406143188477	-0.59450685977936	65.000000000000	0.00000000000000
25.219999313354	0.28251945972443	-0.59389281272888	65.000000000000	0.00000000000000
25.229999542236	0.28097704052925	-0.59327292442322	65.000000000000	0.00000000000000
25.239999771118	0.27943441271782	-0.59264713525772	65.000000000000	0.00000000000000
25.250000000000	0.27789157629013	-0.59201538562775	65.000000000000	0.00000000000000
25.260000228882	0.27634865045547	-0.59137761592865	65.000000000000	0.00000000000000
25.270000457764	0.27480530738831	-0.59073382616043	65.000000000000	0.00000000000000
25.280000686646	0.27326226234436	-0.59008407592773	65.000000000000	0.00000000000000
25.290000915527	0.27171847224236	-0.58942836523056	65.000000000000	0.00000000000000
25.299999237061	0.27017465233803	-0.58876657485962	65.000000000000	0.00000000000000
25.309999465942	0.26863101124763	-0.58809852600098	65.000000000000	0.00000000000000
25.319999694824	0.26708737015724	-0.58742445707321	65.000000000000	0.00000000000000
25.329999923706	0.26554343104362	-0.58674442768097	65.000000000000	0.00000000000000
25.340000152588	0.26399952173233	-0.58605808019638	65.000000000000	0.00000000000000
25.350000381470	0.26245594024658	-0.58536559343338	65.000000000000	0.00000000000000
25.360000610352	0.26091188192368	-0.58466720581055	65.000000000000	0.00000000000000
25.370000839233	0.25936824083328	-0.58396244049072	65.000000000000	0.00000000000000
25.379999160767	0.25782471895218	-0.58325141668320	65.000000000000	0.00000000000000
25.389999389648	0.25628134608269	-0.58253425359726	65.000000000000	0.00000000000000
25.399999618530	0.25473791360855	-0.58181083202362	65.000000000000	0.00000000000000
25.409999847412	0.25319471955299	-0.58108127117157	65.000000000000	0.00000000000000
25.420000076294	0.25165203213692	-0.58034521341324	65.000000000000	0.00000000000000
25.430000305176	0.25010907649994	-0.57960313558578	65.000000000000	0.00000000000000
25.440000534058	0.24856701493263	-0.57885450124741	65.000000000000	0.00000000000000
25.450000762939	0.24702504277229	-0.57809966802597	65.000000000000	0.00000000000000
25.459999084473	0.24548313021660	-0.57733857631683	65.000000000000	0.00000000000000
25.469999313354	0.24394193291664	-0.57657104730606	65.000000000000	0.00000000000000
25.479999542236	0.24240113794804	-0.57579702138901	65.000000000000	0.00000000000000
25.489999771118	0.24086058139801	-0.57501679658890	65.000000000000	0.00000000000000
25.500000000000	0.23932050168514	-0.57423013448715	65.000000000000	0.00000000000000
25.510000228882	0.23778097331524	-0.57343709468842	65.000000000000	0.00000000000000
25.520000457764	0.23624227941036	-0.57263737916946	65.000000000000	0.00000000000000
25.530000686646	0.23470363020897	-0.57183152437210	65.000000000000	0.00000000000000
25.540000915527	0.23316615819931	-0.57101893424988	65.000000000000	0.00000000000000
25.549999237061	0.23162877559662	-0.57020002603531	65.000000000000	0.00000000000000
25.559999465942	0.23009240627289	-0.56937456130981	65.000000000000	0.00000000000000
25.569999694824	0.22855646908283	-0.56854265928268	65.000000000000	0.00000000000000
25.579999923706	0.22702156007290	-0.56770414113998	65.000000000000	0.00000000000000
25.590000152588	0.22548745572567	-0.56685912609100	65.000000000000	0.00000000000000
25.600000381470	0.22395391762257	-0.56600761413574	65.000000000000	0.00000000000000
25.610000610352	0.22242148220539	-0.56514930725098	65.000000000000	0.00000000000000
25.620000839233	0.22088968753815	-0.56428462266922	65.000000000000	0.00000000000000
25.629999160767	0.21935908496380	-0.56341326236725	65.000000000000	0.00000000000000
25.639999389648	0.21782892942429	-0.56253552436829	65.000000000000	0.00000000000000
25.649999618530	0.21630029380322	-0.56165087223053	65.000000000000	0.00000000000000
25.659999847412	0.21477240324020	-0.56075966358185	65.000000000000	0.00000000000000
25.670000076294	0.21324585378170	-0.55986177921295	65.000000000000	0.00000000000000
25.680000305176	0.21172042191029	-0.55895727872849	65.000000000000	0.00000000000000
25.690000534058	0.21019557118416	-0.55804622173309	65.000000000000	0.00000000000000
25.700000762939	0.20867247879505	-0.55712831020355	65.000000000000	0.00000000000000
25.709999084473	0.20715053379536	-0.55620366334915	65.000000000000	0.00000000000000
25.719999313354	0.20562984049320	-0.55527240037918	65.000000000000	0.00000000000000
25.729999542236	0.20411017537117	-0.55433452129364	65.000000000000	0.00000000000000
25.739999771118	0.20259182155132	-0.55338984727859	65.000000000000	0.00000000000000
25.750000000000	0.20107509195805	-0.55243849754333	65.000000000000	0.00000000000000
25.760000228882	0.19955997169018	-0.55148017406464	65.000000000000	0.00000000000000
25.770000457764	0.19804605841637	-0.55051523447037	65.000000000000	0.00000000000000
25.780000686646	0.19653384387493	-0.54954344034195	65.000000000000	0.00000000000000
25.790000915527	0.19502271711826	-0.54856503009796	65.000000000000	0.00000000000000
25.799999237061	0.19351340830326	-0.54757970571518	65.000000000000	0.00000000000000
25.809999465942	0.19200581312180	-0.54658776521683	65.000000000000	0.00000000000000
25.819999694824	0.19049978256226	-0.54558885097504	65.000000000000	0.00000000000000
25.829999923706	0.18899545073509	-0.54458320140839	65.000000000000	0.00000000000000
25.840000152588	0.18749304115772	-0.54357075691223	65.000000000000	0.00000000000000
25.850000381470	0.18599234521389	-0.54255145788193	65.000000000000	0.00000000000000
25.860000610352	0.18449342250824	-0.54152530431747	65.000000000000	0.00000000000000
25.870000839233	0.18299628794193	-0.54049241542816	65.000000000000	0.00000000000000
25.879999160767	0.18150125443935	-0.53945255279541	65.000000000000	0.00000000000000
25.889999389648	0.18000796437263	-0.53840601444244	65.000000000000	0.00000000000000
25.899999618530	0.17851683497429	-0.53735250234604	65.000000000000	0.00000000000000
25.909999847412	0.17702779173851	-0.53629219532013	65.000000000000	0.00000000000000
25.920000076294	0.17554074525833	-0.53522497415543	65.000000000000	0.00000000000000
25.930000305176	0.17405571043491	-0.53415089845657	65.000000000000	0.00000000000000
25.940000534058	0.17257301509380	-0.53306996822357	65.000000000000	0.00000000000000
25.950000762939	0.17109255492687	-0.53198218345642	65.000000000000	0.00000000000000
25.959999084473	0.16961437463760	-0.53088748455048	65.000000000000	0.00000000000000
25.969999313354	0.16813835501671	-0.52978599071503	65.000000000000	0.00000000000000
25.979999542236	0.16666482388973	-0.52867752313614	65.000000000000	0.00000000000000
25.989999771118	0.16519355773926	-0.52756226062775	65.000000000000	0.00000000000000
26.000000000000	0.16372486948967	-0.52644002437592	65.000000000000	0.00000000000000
26.010000228882	0.16225862503052	-0.52531099319458	65.000000000000	0.00000000000000
26.020000457764	0.16079491376877	-0.52417510747910	65.000000000000	0.00000000000000
26.030000686646	0.15933361649513	-0.52303218841553	65.000000000000	0.00000000000000
26.040000915527	0.15787515044212	-0.52188253402710	65.000000000000	0.00000000000000
26.049999237061	0.15641933679581	-0.52072596549988	65.000000000000	0.00000000000000
26.059999465942	0.15496616065502	-0.51956242322922	65.000000000000	0.00000000000000
26.069999694824	0.15351569652557	-0.51839208602905	65.000000000000	0.00000000000000
26.079999923706	0.15206815302372	-0.51721483469009	65.000000000000	0.00000000000000
26.090000152588	0.15062348544598	-0.51603072881699	65.000000000000	0.00000000000000
26.100000381470	0.14918152987957	-0.51483976840973	65.000000000000	0.00000000000000
26.110000610352	0.14774259924889	-0.51364195346832	65.000000000000	0.00000000000000
26.120000839233	0.14630666375160	-0.51243722438812	65.000000000000	0.00000000000000
26.129999160767	0.14487382769585	-0.51122564077377	65.000000000000	0.00000000000000
26.139999389648	0.14344400167465	-0.51000720262527	65.000000000000	0.00000000000000
26.149999618530	0.14201730489731	-0.50878190994263	65.000000000000	0.00000000000000
26.159999847412	0.14059393107891	-0.50754982233047	65.000000000000	0.00000000000000
26.170000076294	0.13917356729507	-0.50631082057953	65.000000000000	0.00000000000000
26.180000305176	0.13775646686554	-0.50506496429443	65.000000000000	0.00000000000000
26.190000534058	0.13634282350540	-0.50381237268448	65.000000000000	0.00000000000000
26.200000762939	0.13493251800537	-0.50255286693573	65.000000000000	0.00000000000000
26.209999084473	0.13352552056313	-0.50128662586212	65.000000000000	0.00000000000000
26.219999313354	0.13212205469608	-0.50001353025436	65.000000000000	0.00000000000000
26.229999542236	0.13072209060192	-0.49873360991478	65.000000000000	0.00000000000000
26.239999771118	0.12932553887367	-0.49744698405266	65.000000000000	0.00000000000000
26.250000000000	0.12793278694153	-0.49615350365639	65.000000000000	0.00000000000000
26.260000228882	0.12654362618923	-0.49485325813293	65.000000000000	0.00000000000000
26.270000457764	0.12515801191330	-0.49354627728462	65.000000000000	0.00000000000000
26.280000686646	0.12377630919218	-0.49223253130913	65.000000000000	0.00000000000000
26.290000915527	0.12239822000265	-0.49091205000877	65.000000000000	0.00000000000000
26.299999237061	0.12102402746677	-0.48958483338356	65.000000000000	0.00000000000000
26.309999465942	0.11965375393629	-0.48825088143349	65.000000000000	0.00000000000000
26.319999694824	0.11828732490540	-0.48691019415855	65.000000000000	0.00000000000000
26.329999923706	0.11692492663860	-0.48556292057037	65.000000000000	0.00000000000000
26.340000152588	0.11556656658649	-0.48420885205269	65.000000000000	0.00000000000000
26.350000381470	0.11421217769384	-0.48284816741943	65.000000000000	0.00000000000000
26.360000610352	0.11286193132401	-0.48148086667061	65.000000000000	0.00000000000000
26.370000839233	0.11151596158743	-0.48010683059692	65.000000000000	0.00000000000000
26.379999160767	0.11017398536205	-0.47872626781464	65.000000000000	0.00000000000000
26.389999389648	0.10883638262749	-0.47733908891678	65.000000000000	0.00000000000000
26.399999618530	0.10750306397676	-0.47594526410103	65.000000000000	0.00000000000000
26.409999847412	0.10617408156395	-0.47454485297203	65.000000000000	0.00000000000000
26.420000076294	0.10484947264194	-0.47313791513443	65.000000000000	0.00000000000000
26.430000305176	0.10352928936481	-0.47172439098358	65.000000000000	0.00000000000000
26.440000534058	0.10221366584301	-0.47030439972878	65.000000000000	0.00000000000000
26.450000762939	0.10090254992247	-0.46887785196304	65.000000000000	0.00000000000000
26.459999084473	0.099595852196217	-0.46744486689568	65.000000000000	0.00000000000000
26.469999313354	0.098293952643871	-0.46600535511971	65.000000000000	0.00000000000000
26.479999542236	0.096996776759624	-0.46455937623978	65.000000000000	0.00000000000000
26.489999771118	0.095704160630703	-0.46310701966286	65.000000000000	0.00000000000000
26.500000000000	0.094416350126266	-0.46164822578430	65.000000000000	0.00000000000000
26.510000228882	0.093133382499218	-0.46018305420876	65.000000000000	0.00000000000000
26.520000457764	0.091855205595493	-0.45871144533157	65.000000000000	0.00000000000000
26.530000686646	0.090581938624382	-0.45723360776901	65.000000000000	0.00000000000000
26.540000915527	0.089313544332981	-0.45574930310249	65.000000000000	0.00000000000000
26.549999237061	0.088050261139870	-0.45425876975060	65.000000000000	0.00000000000000
26.559999465942	0.086792021989822	-0.45276191830635	65.000000000000	0.00000000000000
26.569999694824	0.085538759827614	-0.45125880837440	65.000000000000	0.00000000000000
26.579999923706	0.084290616214275	-0.44974946975708	65.000000000000	0.00000000000000
26.590000152588	0.083047643303871	-0.44823396205902	65.000000000000	0.00000000000000
26.600000381470	0.081810094416142	-0.44671219587326	65.000000000000	0.00000000000000
26.610000610352	0.080577559769154	-0.44518429040909	65.000000000000	0.00000000000000
26.620000839233	0.079350300133228	-0.44365021586418	65.000000000000	0.00000000000000
26.629999160767	0.078128479421139	-0.44211003184319	65.000000000000	0.00000000000000
26.639999389648	0.076912112534046	-0.44056376814842	65.000000000000	0.00000000000000
26.649999618530	0.075701035559177	-0.43901145458221	65.000000000000	0.00000000000000
26.659999847412	0.074495501816273	-0.43745309114456	65.000000000000	0.00000000000000
26.670000076294	0.073295436799526	-0.43588873744011	65.000000000000	0.00000000000000
26.680000305176	0.072101086378098	-0.43431839346886	65.000000000000	0.00000000000000
26.690000534058	0.070912279188633	-0.43274202942848	65.000000000000	0.00000000000000
26.700000762939	0.069728955626488	-0.43115979433060	65.000000000000	0.00000000000000
26.709999084473	0.068551465868950	-0.42957165837288	65.000000000000	0.00000000000000
26.719999313354	0.067379727959633	-0.42797765135765	65.000000000000	0.00000000000000
26.729999542236	0.066213704645634	-0.42637780308723	65.000000000000	0.00000000000000
26.739999771118	0.065053403377533	-0.42477214336395	65.000000000000	0.00000000000000
26.750000000000	0.063899077475071	-0.42316073179245	65.000000000000	0.00000000000000
26.760000228882	0.062750764191151	-0.42154353857040	65.000000000000	0.00000000000000
26.770000457764	0.061608295887709	-0.41992062330246	65.000000000000	0.00000000000000
26.780000686646	0.060471702367067	-0.41829207539558	65.000000000000	0.00000000000000
26.790000915527	0.059341233223677	-0.41665780544281	65.000000000000	0.00000000000000
26.799999237061	0.058216717094183	-0.41501796245575	65.000000000000	0.00000000000000
26.809999465942	0.057098485529423	-0.41337245702744	65.000000000000	0.00000000000000
26.819999694824	0.055986281484365	-0.41172146797180	65.000000000000	0.00000000000000
26.829999923706	0.054880235344172	-0.41006493568420	65.000000000000	0.00000000000000
26.840000152588	0.053780484944582	-0.40840286016464	65.000000000000	0.00000000000000
26.850000381470	0.052686970680952	-0.40673545002937	65.000000000000	0.00000000000000
26.860000610352	0.051599808037281	-0.40506252646446	65.000000000000	0.00000000000000
26.870000839233	0.050518944859505	-0.40338420867920	65.000000000000	0.00000000000000
26.879999160767	0.049444418400526	-0.40170058608055	65.000000000000	0.00000000000000
26.889999389648	0.048376355320215	-0.40001159906387	65.000000000000	0.00000000000000
26.899999618530	0.047314692288637	-0.39831733703613	65.000000000000	0.00000000000000
26.909999847412	0.046259559690952	-0.39661785960197	65.000000000000	0.00000000000000
26.920000076294	0.045210994780064	-0.39491316676140	65.000000000000	0.00000000000000
26.930000305176	0.044169023633003	-0.39320328831673	65.000000000000	0.00000000000000
26.940000534058	0.043133493512869	-0.39148831367493	65.000000000000	0.00000000000000
26.950000762939	0.042104721069336	-0.38976818323135	65.000000000000	0.00000000000000
26.959999084473	0.041082639247179	-0.38804304599762	65.000000000000	0.00000000000000
26.969999313354	0.040067199617624	-0.38631284236908	65.000000000000	0.00000000000000
26.979999542236	0.039058607071638	-0.38457769155502	65.000000000000	0.00000000000000
26.989999771118	0.038056708872318	-0.38283759355545	65.000000000000	0.00000000000000
27.000000000000	0.037061728537083	-0.38109257817268	65.000000000000	0.00000000000000
27.010000228882	0.036073509603739	-0.37934267520905	65.000000000000	0.00000000000000
27.020000457764	0.035092171281576	-0.37758797407150	65.000000000000	0.00000000000000
27.030000686646	0.034117754548788	-0.37582844495773	65.000000000000	0.00000000000000
27.040000915527	0.033150374889374	-0.37406423687935	65.000000000000	0.00000000000000
27.049999237061	0.032189961522818	-0.37229529023170	65.000000000000	0.00000000000000
27.059999465942	0.031236473470926	-0.37052166461945	65.000000000000	0.00000000000000
27.069999694824	0.030290195718408	-0.36874344944954	65.000000000000	0.00000000000000
27.079999923706	0.029350897297263	-0.36696061491966	65.000000000000	0.00000000000000
27.090000152588	0.028418693691492	-0.36517331004143	65.000000000000	0.00000000000000
27.100000381470	0.027493705973029	-0.36338144540787	65.000000000000	0.00000000000000
27.110000610352	0.026575868949294	-0.36158514022827	65.000000000000	0.00000000000000
27.120000839233	0.025665214285254	-0.35978439450264	65.000000000000	0.00000000000000
27.129999160767	0.024761939421296	-0.35797929763794	65.000000000000	0.00000000000000
27.139999389648	0.023865824565291	-0.35616987943649	65.000000000000	0.00000000000000
27.149999618530	0.022977057844400	-0.35435616970062	65.000000000000	0.00000000000000
27.159999847412	0.022095588967204	-0.35253825783730	65.000000000000	0.00000000000000
27.170000076294	0.021221527829766	-0.35071614384651	65.000000000000	0.00000000000000
27.180000305176	0.020354731008410	-0.34888979792595	65.000000000000	0.00000000000000
27.190000534058	0.019495481625199	-0.34705942869186	65.000000000000	0.00000000000000
27.200000762939	0.018643632531166	-0.34522497653961	65.000000000000	0.00000000000000
27.209999084473	0.017799381166697	-0.34338650107384	65.000000000000	0.00000000000000
27.219999313354	0.016962422057986	-0.34154403209686	65.000000000000	0.00000000000000
27.229999542236	0.016133109107614	-0.33969762921333	65.000000000000	0.00000000000000
27.239999771118	0.015311385504901	-0.33784738183022	65.000000000000	0.00000000000000
27.250000000000	0.014497196301818	-0.33599328994751	65.000000000000	0.00000000000000
27.260000228882	0.013690649531782	-0.33413538336754	65.000000000000	0.00000000000000
27.270000457764	0.012891685590148	-0.33227375149727	65.000000000000	0.00000000000000
27.280000686646	0.012100490741432	-0.33040845394135	65.000000000000	0.00000000000000
27.290000915527	0.011316772550344	-0.32853946089745	65.000000000000	0.00000000000000
27.299999237061	0.010540946386755	-0.32666686177254	65.000000000000	0.00000000000000
27.309999465942	0.0097728045657277	-0.32479068636894	65.000000000000	0.00000000000000
27.319999694824	0.0090124467387795	-0.32291105389595	65.000000000000	0.00000000000000
27.329999923706	0.0082598188892007	-0.32102793455124	65.000000000000	0.00000000000000
27.340000152588	0.0075150206685066	-0.31914138793945	65.000000000000	0.00000000000000
27.350000381470	0.0067779994569719	-0.31725150346756	65.000000000000	0.00000000000000
27.360000610352	0.0060488535091281	-0.31535828113556	65.000000000000	0.00000000000000
27.370000839233	0.0053276042453945	-0.31346178054810	65.000000000000	0.00000000000000
27.379999160767	0.0046141995117068	-0.31156209111214	65.000000000000	0.00000000000000
27.389999389648	0.0039087352342904	-0.30965921282768	65.000000000000	0.00000000000000
27.399999618530	0.0032112326007336	-0.30775317549706	65.000000000000	0.00000000000000
27.409999847412	0.0025216392241418	-0.30584406852722	65.000000000000	0.00000000000000
27.420000076294	0.0018400495173410	-0.30393195152283	65.000000000000	0.00000000000000
27.430000305176	0.0011664114426821	-0.30201682448387	65.000000000000	0.00000000000000
27.440000534058	0.00050081813242286	-0.30009880661964	65.000000000000	0.00000000000000
27.450000762939	-0.00015678207273595	-0.29817789793015	65.000000000000	0.00000000000000
27.459999084473	-0.00080629781587049	-0.29625412821770	65.000000000000	0.00000000000000
27.469999313354	-0.0014477801742032	-0.29432764649391	65.000000000000	0.00000000000000
27.479999542236	-0.0020812088623643	-0.29239833354950	65.000000000000	0.00000000000000
27.489999771118	-0.0027064948808402	-0.29046639800072	65.000000000000	0.00000000000000
27.500000000000	-0.0033236888702959	-0.28853186964989	65.000000000000	0.00000000000000
27.510000228882	-0.0039327717386186	-0.28659471869469	65.000000000000	0.00000000000000
27.520000457764	-0.0045337229967117	-0.28465500473976	65.000000000000	0.00000000000000
27.530000686646	-0.0051264581270516	-0.28271281719208	65.000000000000	0.00000000000000
27.540000915527	-0.0057110260240734	-0.28076824545860	65.000000000000	0.00000000000000
27.549999237061	-0.0062874085269868	-0.27882125973701	65.000000000000	0.00000000000000
27.559999465942	-0.0068555879406631	-0.27687191963196	65.000000000000	0.00000000000000
27.569999694824	-0.0074155470356345	-0.27492037415504	65.000000000000	0.00000000000000
27.579999923706	-0.0079673323780298	-0.27296656370163	65.000000000000	0.00000000000000
27.590000152588	-0.0085108615458012	-0.27101054787636	65.000000000000	0.00000000000000
27.600000381470	-0.0090460544452071	-0.26905244588852	65.000000000000	0.00000000000000
27.610000610352	-0.0095730843022466	-0.26709222793579	65.000000000000	0.00000000000000
27.620000839233	-0.010091807693243	-0.26513001322746	65.000000000000	0.00000000000000
27.629999160767	-0.010602209717035	-0.26316583156586	65.000000000000	0.00000000000000
27.639999389648	-0.011104396544397	-0.26119971275330	65.000000000000	0.00000000000000
27.649999618530	-0.011598166078329	-0.25923171639442	65.000000000000	0.00000000000000
27.659999847412	-0.012083689682186	-0.25726190209389	65.000000000000	0.00000000000000
27.670000076294	-0.012560886330903	-0.25529029965401	65.000000000000	0.00000000000000
27.680000305176	-0.013029681518674	-0.25331702828407	65.000000000000	0.00000000000000
27.690000534058	-0.013490180484951	-0.25134208798409	65.000000000000	0.00000000000000
27.700000762939	-0.013942365534604	-0.24936552345753	65.000000000000	0.00000000000000
27.709999084473	-0.014386104419827	-0.24738736450672	65.000000000000	0.00000000000000
27.719999313354	-0.014821558259428	-0.24540773034096	65.000000000000	0.00000000000000
27.729999542236	-0.015248592942953	-0.24342660605907	65.000000000000	0.00000000000000
27.739999771118	-0.015667254105210	-0.24144412577152	65.000000000000	0.00000000000000
27.750000000000	-0.016077520325780	-0.23946024477482	65.000000000000	0.00000000000000
27.760000228882	-0.016479441896081	-0.23747508227825	65.000000000000	0.00000000000000
27.770000457764	-0.016872886568308	-0.23548866808414	65.000000000000	0.00000000000000
27.780000686646	-0.017258005216718	-0.23350103199482	65.000000000000	0.00000000000000
27.790000915527	-0.017634674906731	-0.23151226341724	65.000000000000	0.00000000000000
27.799999237061	-0.018002990633249	-0.22952240705490	65.000000000000	0.00000000000000
27.809999465942	-0.018362825736403	-0.22753147780895	65.000000000000	0.00000000000000
27.819999694824	-0.018714275211096	-0.22553957998753	65.000000000000	0.00000000000000
27.829999923706	-0.019057326018810	-0.22354671359062	65.000000000000	0.00000000000000
27.840000152588	-0.019391905516386	-0.22155296802521	65.000000000000	0.00000000000000
27.850000381470	-0.019718108698726	-0.21955838799477	65.000000000000	0.00000000000000
27.860000610352	-0.020035807043314	-0.21756301820278	65.000000000000	0.00000000000000
27.870000839233	-0.020345205441117	-0.21556690335274	65.000000000000	0.00000000000000
27.879999160767	-0.020646024495363	-0.21357013285160	65.000000000000	0.00000000000000
27.889999389648	-0.020938558503985	-0.21157270669937	65.000000000000	0.00000000000000
27.899999618530	-0.021222684532404	-0.20957468450069	65.000000000000	0.00000000000000
27.909999847412	-0.021498387679458	-0.20757614076138	65.000000000000	0.00000000000000
27.920000076294	-0.021765554323792	-0.20557712018490	65.000000000000	0.00000000000000
27.930000305176	-0.022024368867278	-0.20357768237591	65.000000000000	0.00000000000000
27.940000534058	-0.022274615243077	-0.20157785713673	65.000000000000	0.00000000000000
27.950000762939	-0.022516665980220	-0.19957770407200	65.000000000000	0.00000000000000
27.959999084473	-0.022750211879611	-0.19757728278637	65.000000000000	0.00000000000000
27.969999313354	-0.022975338622928	-0.19557662308216	65.000000000000	0.00000000000000
27.979999542236	-0.023192021995783	-0.19357581436634	65.000000000000	0.00000000000000
27.989999771118	-0.023400433361530	-0.19157485663891	65.000000000000	0.00000000000000
28.000000000000	-0.023600365966558	-0.18957385420799	65.000000000000	0.00000000000000
28.010000228882	-0.023791896179318	-0.18757280707359	65.000000000000	0.00000000000000
28.020000457764	-0.023975001648068	-0.18557180464268	65.000000000000	0.00000000000000
28.030000686646	-0.024149758741260	-0.18357087671757	65.000000000000	0.00000000000000
28.040000915527	-0.024316230788827	-0.18157008290291	65.000000000000	0.00000000000000
28.049999237061	-0.024474134668708	-0.17956946790218	65.000000000000	0.00000000000000
28.059999465942	-0.024623796343803	-0.17756909132004	65.000000000000	0.00000000000000
28.069999694824	-0.024765105918050	-0.17556896805763	65.000000000000	0.00000000000000
28.079999923706	-0.024898046627641	-0.17356921732426	65.000000000000	0.00000000000000
28.090000152588	-0.025022670626640	-0.17156980931759	65.000000000000	0.00000000000000
28.100000381470	-0.025138877332211	-0.16957086324692	65.000000000000	0.00000000000000
28.110000610352	-0.025246800854802	-0.16757237911224	65.000000000000	0.00000000000000
28.120000839233	-0.025346422567964	-0.16557443141937	65.000000000000	0.00000000000000
28.129999160767	-0.025437626987696	-0.16357706487179	65.000000000000	0.00000000000000
28.139999389648	-0.025520712137222	-0.16158032417297	65.000000000000	0.00000000000000
28.149999618530	-0.025595407932997	-0.15958426892757	65.000000000000	0.00000000000000
28.159999847412	-0.025661841034889	-0.15758892893791	65.000000000000	0.00000000000000
28.170000076294	-0.025719981640577	-0.15559437870979	65.000000000000	0.00000000000000
28.180000305176	-0.025769867002964	-0.15360064804554	65.000000000000	0.00000000000000
28.190000534058	-0.025811620056629	-0.15160778164864	65.000000000000	0.00000000000000
28.200000762939	-0.025844980031252	-0.14961585402489	65.000000000000	0.00000000000000
28.209999084473	-0.025870203971863	-0.14762486517429	65.000000000000	0.00000000000000
28.219999313354	-0.025887178257108	-0.14563493430614	65.000000000000	0.00000000000000
28.229999542236	-0.025896007195115	-0.14364604651928	65.000000000000	0.00000000000000
28.239999771118	-0.025896647945046	-0.14165827631950	65.000000000000	0.00000000000000
28.250000000000	-0.025889053940773	-0.13967166841030	65.000000000000	0.00000000000000
28.260000228882	-0.025873325765133	-0.13768628239632	65.000000000000	0.00000000000000
28.270000457764	-0.025849536061287	-0.13570213317871	65.000000000000	0.00000000000000
28.280000686646	-0.025817571207881	-0.13371928036213	65.000000000000	0.00000000000000
28.290000915527	-0.025777511298656	-0.13173778355122	65.000000000000	0.00000000000000
28.299999237061	-0.025729300454259	-0.12975771725178	65.000000000000	0.00000000000000
28.309999465942	-0.025673069059849	-0.12777905166149	65.000000000000	0.00000000000000
28.319999694824	-0.025608759373426	-0.12580190598965	65.000000000000	0.00000000000000
28.329999923706	-0.025536423549056	-0.12382628768682	65.000000000000	0.00000000000000
28.340000152588	-0.025455994531512	-0.12185225635767	65.000000000000	0.00000000000000
28.350000381470	-0.025367585942149	-0.11987985670567	65.000000000000	0.00000000000000
28.360000610352	-0.025271171703935	-0.11790913343430	65.000000000000	0.00000000000000
28.370000839233	-0.025166790932417	-0.11594011634588	65.000000000000	0.00000000000000
28.379999160767	-0.025054475292563	-0.11397286504507	65.000000000000	0.00000000000000
28.389999389648	-0.024934185668826	-0.11200743913651	65.000000000000	0.00000000000000
28.399999618530	-0.024805942550302	-0.11004386842251	65.000000000000	0.00000000000000
28.409999847412	-0.024669857695699	-0.10808219015598	65.000000000000	0.00000000000000
28.420000076294	-0.024525830522180	-0.10612247139215	65.000000000000	0.00000000000000
28.430000305176	-0.024373954162002	-0.10416472703218	65.000000000000	0.00000000000000
28.440000534058	-0.024214262142777	-0.10220901668072	65.000000000000	0.00000000000000
28.450000762939	-0.024046732112765	-0.10025538504124	65.000000000000	0.00000000000000
28.459999084473	-0.023871421813965	-0.098303869366646	65.000000000000	0.00000000000000
28.469999313354	-0.023688290268183	-0.096354529261589	65.000000000000	0.00000000000000
28.479999542236	-0.023497417569160	-0.094407379627228	65.000000000000	0.00000000000000
28.489999771118	-0.023298786953092	-0.092462502419949	65.000000000000	0.00000000000000
28.500000000000	-0.023092450574040	-0.090519905090332	65.000000000000	0.00000000000000
28.510000228882	-0.022878408432007	-0.088579647243023	65.000000000000	0.00000000000000
28.520000457764	-0.022656675428152	-0.086641766130924	65.000000000000	0.00000000000000
28.530000686646	-0.022427344694734	-0.084706299006939	65.000000000000	0.00000000000000
28.540000915527	-0.022190315648913	-0.082773305475712	65.000000000000	0.00000000000000
28.549999237061	-0.021945716813207	-0.080842807888985	65.000000000000	0.00000000000000
28.559999465942	-0.021693527698517	-0.078914865851402	65.000000000000	0.00000000000000
28.569999694824	-0.021433783695102	-0.076989494264126	65.000000000000	0.00000000000000
28.579999923706	-0.021166490390897	-0.075066760182381	65.000000000000	0.00000000000000
28.590000152588	-0.020891699939966	-0.073146700859070	65.000000000000	0.00000000000000
28.600000381470	-0.020609438419342	-0.071229338645935	65.000000000000	0.00000000000000
28.610000610352	-0.020319700241089	-0.069314718246460	65.000000000000	0.00000000000000
28.620000839233	-0.020022515207529	-0.067402891814709	65.000000000000	0.00000000000000
28.629999160767	-0.019717922434211	-0.065493904054165	65.000000000000	0.00000000000000
28.639999389648	-0.019405931234360	-0.063587769865990	65.000000000000	0.00000000000000
28.649999618530	-0.019086590036750	-0.061684556305408	65.000000000000	0.00000000000000
28.659999847412	-0.018759921193123	-0.059784270823002	65.000000000000	0.00000000000000
28.670000076294	-0.018425945192575	-0.057886984199286	65.000000000000	0.00000000000000
28.680000305176	-0.018084684386849	-0.055992711335421	65.000000000000	0.00000000000000
28.690000534058	-0.017736155539751	-0.054101504385471	65.000000000000	0.00000000000000
28.700000762939	-0.017380408942699	-0.052213389426470	65.000000000000	0.00000000000000
28.709999084473	-0.017017453908920	-0.050328407436609	65.000000000000	0.00000000000000
28.719999313354	-0.016647344455123	-0.048446610569954	65.000000000000	0.00000000000000
28.729999542236	-0.016270080581307	-0.046568013727665	65.000000000000	0.00000000000000
28.739999771118	-0.015885688364506	-0.044692669063807	65.000000000000	0.00000000000000
28.750000000000	-0.015494211576879	-0.042820606380701	65.000000000000	0.00000000000000
28.760000228882	-0.015095684677362	-0.040951866656542	65.000000000000	0.00000000000000
28.770000457764	-0.014690114185214	-0.039086472243071	65.000000000000	0.00000000000000
28.780000686646	-0.014277549460530	-0.037224482744932	65.000000000000	0.00000000000000
28.790000915527	-0.013858005404472	-0.035365909337997	65.000000000000	0.00000000000000
28.799999237061	-0.013431519269943	-0.033510800451040	65.000000000000	0.00000000000000
28.809999465942	-0.012998110614717	-0.031659185886383	65.000000000000	0.00000000000000
28.819999694824	-0.012557827867568	-0.029811106622219	65.000000000000	0.00000000000000
28.829999923706	-0.012110681273043	-0.027966590598226	65.000000000000	0.00000000000000
28.840000152588	-0.011656713671982	-0.026125675067306	65.000000000000	0.00000000000000
28.850000381470	-0.011195939034224	-0.024288393557072	65.000000000000	0.00000000000000
28.860000610352	-0.010728408582509	-0.022454774007201	65.000000000000	0.00000000000000
28.870000839233	-0.010254140011966	-0.020624857395887	65.000000000000	0.00000000000000
28.879999160767	-0.0097731687128544	-0.018798673525453	65.000000000000	0.00000000000000
28.889999389648	-0.0092855216935277	-0.016976255923510	65.000000000000	0.00000000000000
28.899999618530	-0.0087912380695343	-0.015157630667090	65.000000000000	0.00000000000000
28.909999847412	-0.0082903467118740	-0.013342838734388	65.000000000000	0.00000000000000
28.920000076294	-0.0077828709036112	-0.011531905271113	65.000000000000	0.00000000000000
28.930000305176	-0.0072688488289714	-0.0097248656675220	65.000000000000	0.00000000000000
28.940000534058	-0.0067483140155673	-0.0079217497259378	65.000000000000	0.00000000000000
28.950000762939	-0.0062212976627052	-0.0061225863173604	65.000000000000	0.00000000000000
28.959999084473	-0.0056878263130784	-0.0043274089694023	65.000000000000	0.00000000000000
28.969999313354	-0.0051479400135577	-0.0025362446904182	65.000000000000	0.00000000000000
28.979999542236	-0.0046016671694815	-0.00074912596028298	65.000000000000	0.00000000000000
28.989999771118	-0.0040490417741239	0.0010339171858504	65.000000000000	0.00000000000000
29.000000000000	-0.0034900945611298	0.0028128579724580	65.000000000000	0.00000000000000
29.010000228882	-0.0029248613864183	0.0045876652002335	65.000000000000	0.00000000000000
29.020000457764	-0.0023533720523119	0.0063583119772375	65.000000000000	0.00000000000000
29.030000686646	-0.0017756681190804	0.0081247659400105	65.000000000000	0.00000000000000
29.040000915527	-0.0011917686788365	0.0098870042711496	65.000000000000	0.00000000000000
29.049999237061	-0.00060172518715262	0.011644995771348	65.000000000000	0.00000000000000
29.059999465942	-5.5497025641671e-06	0.013398713432252	65.000000000000	0.00000000000000
29.069999694824	0.00059670110931620	0.015148132108152	65.000000000000	0.00000000000000
29.079999923706	0.0012050131335855	0.016893222928047	65.000000000000	0.00000000000000
29.090000152588	0.0018193339928985	0.018633957952261	65.000000000000	0.00000000000000
29.100000381470	0.0024396365042776	0.020370313897729	65.000000000000	0.00000000000000
29.110000610352	0.0030658994801342	0.022102260962129	65.000000000000	0.00000000000000
29.120000839233	0.0036980733275414	0.023829780519009	65.000000000000	0.00000000000000
29.129999160767	0.0043361298739910	0.025552837178111	65.000000000000	0.00000000000000
29.139999389648	0.0049800327979028	0.027271410450339	65.000000000000	0.00000000000000
29.149999618530	0.0056297467090189	0.028985477983952	65.000000000000	0.00000000000000
29.159999847412	0.0062852362170815	0.030695013701916	65.000000000000	0.00000000000000
29.170000076294	0.0069464528933167	0.032399997115135	65.000000000000	0.00000000000000
29.180000305176	0.0076133878901601	0.034100394695997	65.000000000000	0.00000000000000
29.190000534058	0.0082860058173537	0.035796187818050	65.000000000000	0.00000000000000
29.200000762939	0.0089642321690917	0.037487357854843	65.000000000000	0.00000000000000
29.209999084473	0.0096480734646320	0.039173875004053	65.000000000000	0.00000000000000
29.219999313354	0.010337475687265	0.040855724364519	65.000000000000	0.00000000000000
29.229999542236	0.011032411828637	0.042532876133919	65.000000000000	0.00000000000000
29.239999771118	0.011732839979231	0.044205307960510	65.000000000000	0.00000000000000
29.250000000000	0.012438730336726	0.045873001217842	65.000000000000	0.00000000000000
29.260000228882	0.013150034472346	0.047535933554173	65.000000000000	0.00000000000000
29.270000457764	0.013866713270545	0.049194090068340	65.000000000000	0.00000000000000
29.280000686646	0.014588770456612	0.050847437232733	65.000000000000	0.00000000000000
29.290000915527	0.015316116623580	0.052495967596769	65.000000000000	0.00000000000000
29.299999237061	0.016048757359385	0.054139655083418	65.000000000000	0.00000000000000
29.309999465942	0.016786642372608	0.055778477340937	65.000000000000	0.00000000000000
29.319999694824	0.017529712989926	0.057412419468164	65.000000000000	0.00000000000000
29.329999923706	0.018277967348695	0.059041451662779	65.000000000000	0.00000000000000
29.340000152588	0.019031353294849	0.060665566474199	65.000000000000	0.00000000000000
29.350000381470	0.019789841026068	0.062284745275974	65.000000000000	0.00000000000000
29.360000610352	0.020553380250931	0.063898958265781	65.000000000000	0.00000000000000
29.370000839233	0.021321952342987	0.065508201718330	65.000000000000	0.00000000000000
29.379999160767	0.022095493972301	0.067112445831299	65.000000000000	0.00000000000000
29.389999389648	0.022873995825648	0.068711690604687	65.000000000000	0.00000000000000
29.399999618530	0.023657424375415	0.070305898785591	65.000000000000	0.00000000000000
29.409999847412	0.024445727467537	0.071895055472851	65.000000000000	0.00000000000000
29.420000076294	0.025238854810596	0.073479153215885	65.000000000000	0.00000000000000
29.430000305176	0.026036791503429	0.075058177113533	65.000000000000	0.00000000000000
29.440000534058	0.026839494705200	0.076632097363472	65.000000000000	0.00000000000000
29.450000762939	0.027646949514747	0.078200921416283	65.000000000000	0.00000000000000
29.459999084473	0.028459098190069	0.079764612019062	65.000000000000	0.00000000000000
29.469999313354	0.029275884851813	0.081323154270649	65.000000000000	0.00000000000000
29.479999542236	0.030097290873528	0.082876548171043	65.000000000000	0.00000000000000
29.489999771118	0.030923290178180	0.084424778819084	65.000000000000	0.00000000000000
29.500000000000	0.031753841787577	0.085967808961868	65.000000000000	0.00000000000000
29.510000228882	0.032588869333267	0.087505653500557	65.000000000000	0.00000000000000
29.520000457764	0.033428404480219	0.089038290083408	65.000000000000	0.00000000000000
29.530000686646	0.034272350370884	0.090565696358681	65.000000000000	0.00000000000000
29.540000915527	0.035120721906424	0.092087857425213	65.000000000000	0.00000000000000
29.549999237061	0.035973448306322	0.093604773283005	65.000000000000	0.00000000000000
29.559999465942	0.036830496042967	0.095116414129734	65.000000000000	0.00000000000000
29.569999694824	0.037691839039326	0.096622794866562	65.000000000000	0.00000000000000
29.579999923706	0.038557432591915	0.098123878240585	65.000000000000	0.00000000000000
29.590000152588	0.039427246898413	0.099619664251804	65.000000000000	0.00000000000000
29.600000381470	0.040301214903593	0.10111014544964	65.000000000000	0.00000000000000
29.610000610352	0.041179351508617	0.10259529948235	65.000000000000	0.00000000000000
29.620000839233	0.042061589658260	0.10407511889935	65.000000000000	0.00000000000000
29.629999160767	0.042947892099619	0.10554960370064	65.000000000000	0.00000000000000
29.639999389648	0.043838214129210	0.10701873153448	65.000000000000	0.00000000000000
29.649999618530	0.044732552021742	0.10848249495029	65.000000000000	0.00000000000000
29.659999847412	0.045630831271410	0.10994089394808	65.000000000000	0.00000000000000
29.670000076294	0.046533010900021	0.11139389872551	65.000000000000	0.00000000000000
29.680000305176	0.047439113259315	0.11284152418375	65.000000000000	0.00000000000000
29.690000534058	0.048349063843489	0.11428374052048	65.000000000000	0.00000000000000
29.700000762939	0.049262788146734	0.11572055518627	65.000000000000	0.00000000000000
29.709999084473	0.050180323421955	0.11715194582939	65.000000000000	0.00000000000000
29.719999313354	0.051101572811604	0.11857791990042	65.000000000000	0.00000000000000
29.729999542236	0.052026551216841	0.11999846249819	65.000000000000	0.00000000000000
29.739999771118	0.052955176681280	0.12141355872154	65.000000000000	0.00000000000000
29.750000000000	0.053887441754341	0.12282321602106	65.000000000000	0.00000000000000
29.760000228882	0.054823290556669	0.12422742694616	65.000000000000	0.00000000000000
29.770000457764	0.055762723088264	0.12562616169453	65.000000000000	0.00000000000000
29.780000686646	0.056705635040998	0.12701945006847	65.000000000000	0.00000000000000
29.790000915527	0.057652056217194	0.12840723991394	65.000000000000	0.00000000000000
29.799999237061	0.058601915836334	0.12978956103325	65.000000000000	0.00000000000000
29.809999465942	0.059555198997259	0.13116641342640	65.000000000000	0.00000000000000
29.819999694824	0.060511820018291	0.13253775238991	65.000000000000	0.00000000000000
29.829999923706	0.061471845954657	0.13390363752842	65.000000000000	0.00000000000000
29.840000152588	0.062435127794743	0.13526397943497	65.000000000000	0.00000000000000
29.850000381470	0.063401699066162	0.13661885261536	65.000000000000	0.00000000000000
29.860000610352	0.064371526241302	0.13796821236610	65.000000000000	0.00000000000000
29.870000839233	0.065344490110874	0.13931204378605	65.000000000000	0.00000000000000
29.879999160767	0.066320642828941	0.14065037667751	65.000000000000	0.00000000000000
29.889999389648	0.067299947142601	0.14198319613934	65.000000000000	0.00000000000000
29.899999618530	0.068282328546047	0.14331045746803	65.000000000000	0.00000000000000
29.909999847412	0.069267734885216	0.14463223516941	65.000000000000	0.00000000000000
29.920000076294	0.070256203413010	0.14594846963882	65.000000000000	0.00000000000000
29.930000305176	0.071247674524784	0.14725917577744	65.000000000000	0.00000000000000
29.940000534058	0.072242051362991	0.14856435358524	65.000000000000	0.00000000000000
29.950000762939	0.073239348828793	0.14986400306225	65.000000000000	0.00000000000000
29.959999084473	0.074239529669285	0.15115810930729	65.000000000000	0.00000000000000
29.969999313354	0.075242586433887	0.15244667232037	65.000000000000	0.00000000000000
29.979999542236	0.076248422265053	0.15372970700264	65.000000000000	0.00000000000000
29.989999771118	0.077257014811039	0.15500721335411	65.000000000000	0.00000000000000
30.000000000000	0.078268386423588	0.15627916157246	65.000000000000	0.00000000000000
30.010000228882	0.079282440245152	0.15754558146000	65.000000000000	0.00000000000000
30.020000457764	0.080299168825150	0.15880645811558	65.000000000000	0.00000000000000
30.030000686646	0.081318594515324	0.16006180644035	65.000000000000	0.00000000000000
30.040000915527	0.082340538501740	0.16131159663200	65.000000000000	0.00000000000000
30.049999237061	0.083365112543106	0.16255584359169	65.000000000000	0.00000000000000
30.059999465942	0.084392189979553	0.16379457712173	65.000000000000	0.00000000000000
30.069999694824	0.085421785712242	0.16502775251865	65.000000000000	0.00000000000000
30.079999923706	0.086453862488270	0.16625538468361	65.000000000000	0.00000000000000
30.090000152588	0.087488368153572	0.16747751832008	65.000000000000	0.00000000000000
30.100000381470	0.088525258004665	0.16869409382343	65.000000000000	0.00000000000000
30.110000610352	0.089564546942711	0.16990512609482	65.000000000000	0.00000000000000
30.120000839233	0.090606175363064	0.17111063003540	65.000000000000	0.00000000000000
30.129999160767	0.091650106012821	0.17231059074402	65.000000000000	0.00000000000000
30.139999389648	0.092696279287338	0.17350506782532	65.000000000000	0.00000000000000
30.149999618530	0.093744672834873	0.17469401657581	65.000000000000	0.00000000000000
30.159999847412	0.094795279204845	0.17587742209435	65.000000000000	0.00000000000000
30.170000076294	0.095848076045513	0.17705532908440	65.000000000000	0.00000000000000
30.180000305176	0.096902996301651	0.17822770774364	65.000000000000	0.00000000000000
30.190000534058	0.097960092127323	0.17939458787441	65.000000000000	0.00000000000000
30.200000762939	0.099019199609756	0.18055595457554	65.000000000000	0.00000000000000
30.209999084473	0.10008033365011	0.18171182274818	65.000000000000	0.00000000000000
30.219999313354	0.10114347934723	0.18286219239235	65.000000000000	0.00000000000000
30.229999542236	0.10220865905285	0.18400706350803	65.000000000000	0.00000000000000
30.239999771118	0.10327576100826	0.18514645099640	65.000000000000	0.00000000000000
30.250000000000	0.10434474050999	0.18628033995628	65.000000000000	0.00000000000000
30.260000228882	0.10541564971209	0.18740878999233	65.000000000000	0.00000000000000
30.270000457764	0.10648837685585	0.18853171169758	65.000000000000	0.00000000000000
30.280000686646	0.10756295174360	0.18964919447899	65.000000000000	0.00000000000000
30.290000915527	0.10863929241896	0.19076119363308	65.000000000000	0.00000000000000
30.299999237061	0.10971737653017	0.19186775386333	65.000000000000	0.00000000000000
30.309999465942	0.11079719662666	0.19296884536743	65.000000000000	0.00000000000000
30.319999694824	0.11187874525785	0.19406451284885	65.000000000000	0.00000000000000
30.329999923706	0.11296194046736	0.19515472650528	65.000000000000	0.00000000000000
30.340000152588	0.11404678225517	0.19623951613903	65.000000000000	0.00000000000000
30.350000381470	0.11513324826956	0.19731885194778	65.000000000000	0.00000000000000
30.360000610352	0.11622123420238	0.19839277863503	65.000000000000	0.00000000000000
30.370000839233	0.11731080710888	0.19946129620075	65.000000000000	0.00000000000000
30.379999160767	0.11840193718672	0.20052438974380	65.000000000000	0.00000000000000
30.389999389648	0.11949443072081	0.20158211886883	65.000000000000	0.00000000000000
30.399999618530	0.12058850377798	0.20263442397118	65.000000000000	0.00000000000000
30.409999847412	0.12168391793966	0.20368134975433	65.000000000000	0.00000000000000
30.420000076294	0.12278079241514	0.20472291111946	65.000000000000	0.00000000000000
30.430000305176	0.12387903034687	0.20575910806656	65.000000000000	0.00000000000000
30.440000534058	0.12497856467962	0.20678994059563	65.000000000000	0.00000000000000
30.450000762939	0.12607944011688	0.20781539380550	65.000000000000	0.00000000000000
30.459999084473	0.12718157470226	0.20883551239967	65.000000000000	0.00000000000000
30.469999313354	0.12828500568867	0.20985032618046	65.000000000000	0.00000000000000
30.479999542236	0.12938962876797	0.21085979044437	65.000000000000	0.00000000000000
30.489999771118	0.13049545884132	0.21186394989491	65.000000000000	0.00000000000000
30.500000000000	0.13160248100758	0.21286275982857	65.000000000000	0.00000000000000
30.510000228882	0.13271065056324	0.21385629475117	65.000000000000	0.00000000000000
30.520000457764	0.13381992280483	0.21484455466270	65.000000000000	0.00000000000000
30.530000686646	0.13493023812771	0.21582753956318	65.000000000000	0.00000000000000
30.540000915527	0.13604165613651	0.21680523455143	65.000000000000	0.00000000000000
30.549999237061	0.13715411722660	0.21777763962746	65.000000000000	0.00000000000000
30.559999465942	0.13826751708984	0.21874482929707	65.000000000000	0.00000000000000
30.569999694824	0.13938193023205	0.21970677375793	65.000000000000	0.00000000000000
30.579999923706	0.14049734175205	0.22066347301006	65.000000000000	0.00000000000000
30.590000152588	0.14161367714405	0.22161498665810	65.000000000000	0.00000000000000
30.600000381470	0.14273080229759	0.22256124019623	65.000000000000	0.00000000000000
30.610000610352	0.14384894073009	0.22350233793259	65.000000000000	0.00000000000000
30.620000839233	0.14496780931950	0.22443823516369	65.000000000000	0.00000000000000
30.629999160767	0.14608760178089	0.22536891698837	65.000000000000	0.00000000000000
30.639999389648	0.14720812439919	0.22629444301128	65.000000000000	0.00000000000000
30.649999618530	0.14832942187786	0.22721482813358	65.000000000000	0.00000000000000
30.659999847412	0.14945153892040	0.22813005745411	65.000000000000	0.00000000000000
30.670000076294	0.15057425200939	0.22904016077518	65.000000000000	0.00000000000000
30.680000305176	0.15169769525528	0.22994513809681	65.000000000000	0.00000000000000
30.690000534058	0.15282185375690	0.23084501922131	65.000000000000	0.00000000000000
30.700000762939	0.15394662320614	0.23173977434635	65.000000000000	0.00000000000000
30.709999084473	0.15507203340530	0.23262944817543	65.000000000000	0.00000000000000
30.719999313354	0.15619800984859	0.23351405560970	65.000000000000	0.00000000000000
30.729999542236	0.15732458233833	0.23439359664917	65.000000000000	0.00000000000000
30.739999771118	0.15845169126987	0.23526807129383	65.000000000000	0.00000000000000
30.750000000000	0.15957935154438	0.23613752424717	65.000000000000	0.00000000000000
30.760000228882	0.16070744395256	0.23700194060802	65.000000000000	0.00000000000000
30.770000457764	0.16183607280254	0.23786133527756	65.000000000000	0.00000000000000
30.780000686646	0.16296513378620	0.23871572315693	65.000000000000	0.00000000000000
30.790000915527	0.16409464180470	0.23956514894962	65.000000000000	0.00000000000000
30.799999237061	0.16522455215454	0.24040956795216	65.000000000000	0.00000000000000
30.809999465942	0.16635477542877	0.24124903976917	65.000000000000	0.00000000000000
30.819999694824	0.16748544573784	0.24208354949951	65.000000000000	0.00000000000000
30.829999923706	0.16861642897129	0.24291309714317	65.000000000000	0.00000000000000
30.840000152588	0.16974771022797	0.24373775720596	65.000000000000	0.00000000000000
30.850000381470	0.17087928950787	0.24455748498440	65.000000000000	0.00000000000000
30.860000610352	0.17201113700867	0.24537232518196	65.000000000000	0.00000000000000
30.870000839233	0.17314326763153	0.24618226289749	65.000000000000	0.00000000000000
30.879999160767	0.17427559196949	0.24698737263680	65.000000000000	0.00000000000000
30.889999389648	0.17540815472603	0.24778757989407	65.000000000000	0.00000000000000
30.899999618530	0.17654083669186	0.24858291447163	65.000000000000	0.00000000000000
30.909999847412	0.17767371237278	0.24937346577644	65.000000000000	0.00000000000000
30.920000076294	0.17880675196648	0.25015917420387	65.000000000000	0.00000000000000
30.930000305176	0.17993991076946	0.25094008445740	65.000000000000	0.00000000000000
30.940000534058	0.18107317388058	0.25171619653702	65.000000000000	0.00000000000000
30.950000762939	0.18220646679401	0.25248754024506	65.000000000000	0.00000000000000
30.959999084473	0.18333987891674	0.25325408577919	65.000000000000	0.00000000000000
30.969999313354	0.18447332084179	0.25401592254639	65.000000000000	0.00000000000000
30.979999542236	0.18560671806335	0.25477302074432	65.000000000000	0.00000000000000
30.989999771118	0.18674017488956	0.25552538037300	65.000000000000	0.00000000000000
31.000000000000	0.18787361681461	0.25627306103706	65.000000000000	0.00000000000000
31.010000228882	0.18900699913502	0.25701603293419	65.000000000000	0.00000000000000
31.020000457764	0.19014036655426	0.25775429606438	65.000000000000	0.00000000000000
31.030000686646	0.19127361476421	0.25848793983459	65.000000000000	0.00000000000000
31.040000915527	0.19240671396255	0.25921693444252	65.000000000000	0.00000000000000
31.049999237061	0.19353978335857	0.25994125008583	65.000000000000	0.00000000000000
31.059999465942	0.19467264413834	0.26066100597382	65.000000000000	0.00000000000000
31.069999694824	0.19580544531345	0.26137611269951	65.000000000000	0.00000000000000
31.079999923706	0.19693794846535	0.26208662986755	65.000000000000	0.00000000000000
31.090000152588	0.19807039201260	0.26279258728027	65.000000000000	0.00000000000000
31.100000381470	0.19920255243778	0.26349392533302	65.000000000000	0.00000000000000
31.110000610352	0.20033447444439	0.26419079303741	65.000000000000	0.00000000000000
31.120000839233	0.20146617293358	0.26488310098648	65.000000000000	0.00000000000000
31.129999160767	0.20259761810303	0.26557087898254	65.000000000000	0.00000000000000
31.139999389648	0.20372880995274	0.26625415682793	65.000000000000	0.00000000000000
31.149999618530	0.20485965907574	0.26693296432495	65.000000000000	0.00000000000000
31.159999847412	0.20599021017551	0.26760727167130	65.000000000000	0.00000000000000
31.170000076294	0.20712041854858	0.26827713847160	65.000000000000	0.00000000000000
31.180000305176	0.20825029909611	0.26894256472588	65.000000000000	0.00000000000000
31.190000534058	0.20937983691692	0.26960355043411	65.000000000000	0.00000000000000
31.200000762939	0.21050889790058	0.27026012539864	65.000000000000	0.00000000000000
31.209999084473	0.21163764595985	0.27091231942177	65.000000000000	0.00000000000000
31.219999313354	0.21276599168777	0.27156013250351	65.000000000000	0.00000000000000
31.229999542236	0.21389387547970	0.27220353484154	65.000000000000	0.00000000000000
31.239999771118	0.21502131223679	0.27284261584282	65.000000000000	0.00000000000000
31.250000000000	0.21614830195904	0.27347737550735	65.000000000000	0.00000000000000
31.260000228882	0.21727482974529	0.27410778403282	65.000000000000	0.00000000000000
31.270000457764	0.21840082108974	0.27473390102386	65.000000000000	0.00000000000000
31.280000686646	0.21952636539936	0.27535572648048	65.000000000000	0.00000000000000
31.290000915527	0.22065132856369	0.27597326040268	65.000000000000	0.00000000000000
31.299999237061	0.22177574038506	0.27658656239510	65.000000000000	0.00000000000000
31.309999465942	0.22289967536926	0.27719563245773	65.000000000000	0.00000000000000
31.319999694824	0.22402298450470	0.27780041098595	65.000000000000	0.00000000000000
31.329999923706	0.22514577209949	0.27840101718903	65.000000000000	0.00000000000000
31.340000152588	0.22626790404320	0.27899742126465	65.000000000000	0.00000000000000
31.350000381470	0.22738948464394	0.27958962321281	65.000000000000	0.00000000000000
31.360000610352	0.22851040959358	0.28017765283585	65.000000000000	0.00000000000000
31.370000839233	0.22963070869446	0.28076153993607	65.000000000000	0.00000000000000
31.379999160767	0.23075032234192	0.28134131431580	65.000000000000	0.00000000000000
31.389999389648	0.23186929523945	0.28191691637039	65.000000000000	0.00000000000000
31.399999618530	0.23298755288124	0.28248846530914	65.000000000000	0.00000000000000
31.409999847412	0.23410512506962	0.28305596113205	65.000000000000	0.00000000000000
31.420000076294	0.23522202670574	0.28361931443214	65.000000000000	0.00000000000000
31.430000305176	0.23633833229542	0.28417849540710	65.000000000000	0.00000000000000
31.440000534058	0.23745380342007	0.28473371267319	65.000000000000	0.00000000000000
31.450000762939	0.23856855928898	0.28528493642807	65.000000000000	0.00000000000000
31.459999084473	0.23968237638474	0.28583222627640	65.000000000000	0.00000000000000
31.469999313354	0.24079562723637	0.28637534379959	65.000000000000	0.00000000000000
31.479999542236	0.24190793931484	0.28691467642784	65.000000000000	0.00000000000000
31.489999771118	0.24301959574223	0.28744986653328	65.000000000000	0.00000000000000
31.500000000000	0.24413044750690	0.28798112273216	65.000000000000	0.00000000000000
31.510000228882	0.24524036049843	0.28850856423378	65.000000000000	0.00000000000000
31.520000457764	0.24634954333305	0.28903195261955	65.000000000000	0.00000000000000
31.530000686646	0.24745793640614	0.28955146670341	65.000000000000	0.00000000000000
31.540000915527	0.24856539070606	0.29006707668304	65.000000000000	0.00000000000000
31.549999237061	0.24967201054096	0.29057881236076	65.000000000000	0.00000000000000
31.559999465942	0.25077775120735	0.29108673334122	65.000000000000	0.00000000000000
31.569999694824	0.25188255310059	0.29159080982208	65.000000000000	0.00000000000000
31.579999923706	0.25298663973808	0.29209092259407	65.000000000000	0.00000000000000
31.590000152588	0.25408959388733	0.29258739948273	65.000000000000	0.00000000000000
31.600000381470	0.25519177317619	0.29307994246483	65.000000000000	0.00000000000000
31.610000610352	0.25629284977913	0.29356887936592	65.000000000000	0.00000000000000
31.620000839233	0.25739327073097	0.29405379295349	65.000000000000	0.00000000000000
31.629999160767	0.25849252939224	0.29453510046005	65.000000000000	0.00000000000000
31.639999389648	0.25959080457687	0.29501274228096	65.000000000000	0.00000000000000
31.649999618530	0.26068821549416	0.29548650979996	65.000000000000	0.00000000000000
31.659999847412	0.26178461313248	0.29595661163330	65.000000000000	0.00000000000000
31.670000076294	0.26288011670113	0.29642295837402	65.000000000000	0.00000000000000
31.680000305176	0.26397442817688	0.29688575863838	65.000000000000	0.00000000000000
31.690000534058	0.26506784558296	0.29734483361244	65.000000000000	0.00000000000000
31.700000762939	0.26616019010544	0.29780027270317	65.000000000000	0.00000000000000
31.709999084473	0.26725161075592	0.29825204610825	65.000000000000	0.00000000000000
31.719999313354	0.26834192872047	0.29870021343231	65.000000000000	0.00000000000000
31.729999542236	0.26943132281303	0.29914468526840	65.000000000000	0.00000000000000
31.739999771118	0.27051955461502	0.29958564043045	65.000000000000	0.00000000000000
31.750000000000	0.27160653471947	0.30002316832542	65.000000000000	0.00000000000000
31.760000228882	0.27269282937050	0.30045685172081	65.000000000000	0.00000000000000
31.770000457764	0.27377766370773	0.30088725686073	65.000000000000	0.00000000000000
31.780000686646	0.27486178278923	0.30131384730339	65.000000000000	0.00000000000000
31.790000915527	0.27594444155693	0.30173712968826	65.000000000000	0.00000000000000
31.799999237061	0.27702620625496	0.30215686559677	65.000000000000	0.00000000000000
31.809999465942	0.27810680866241	0.30257314443588	65.000000000000	0.00000000000000
31.819999694824	0.27918624877930	0.30298587679863	65.000000000000	0.00000000000000
31.829999923706	0.28026455640793	0.30339521169662	65.000000000000	0.00000000000000
31.840000152588	0.28134179115295	0.30380102992058	65.000000000000	0.00000000000000
31.850000381470	0.28241789340973	0.30420351028442	65.000000000000	0.00000000000000
31.860000610352	0.28349274396896	0.30460250377655	65.000000000000	0.00000000000000
31.870000839233	0.28456646203995	0.30499809980392	65.000000000000	0.00000000000000
31.879999160767	0.28563907742500	0.30539035797119	65.000000000000	0.00000000000000
31.889999389648	0.28671041131020	0.30577921867371	65.000000000000	0.00000000000000
31.899999618530	0.28778067231178	0.30616471171379	65.000000000000	0.00000000000000
31.909999847412	0.28884971141815	0.30654686689377	65.000000000000	0.00000000000000
31.920000076294	0.28991746902466	0.30692571401596	65.000000000000	0.00000000000000
31.930000305176	0.29098406434059	0.30730119347572	65.000000000000	0.00000000000000
31.940000534058	0.29204946756363	0.30767342448235	65.000000000000	0.00000000000000
31.950000762939	0.29311367869377	0.30804231762886	65.000000000000	0.00000000000000
31.959999084473	0.29417657852173	0.30840799212456	65.000000000000	0.00000000000000
31.969999313354	0.29523834586143	0.30877038836479	65.000000000000	0.00000000000000
31.979999542236	0.29629880189896	0.30912953615189	65.000000000000	0.00000000000000
31.989999771118	0.29735800623894	0.30948546528816	65.000000000000	0.00000000000000
32.000000000000	0.29841598868370	0.30983811616898	65.000000000000	0.00000000000000
32.009998321533	0.29947274923325	0.31018760800362	65.000000000000	0.00000000000000
32.020000457764	0.30052819848061	0.31053394079208	65.000000000000	0.00000000000000
32.029998779297	0.30158236622810	0.31087705492973	65.000000000000	0.00000000000000
32.040000915527	0.30263519287109	0.31121701002121	65.000000000000	0.00000000000000
32.049999237061	0.30368685722351	0.31155383586884	65.000000000000	0.00000000000000
32.060001373291	0.30473724007607	0.31188747286797	65.000000000000	0.00000000000000
32.069999694824	0.30578622221947	0.31221804022789	65.000000000000	0.00000000000000
32.080001831055	0.30683398246765	0.31254547834396	65.000000000000	0.00000000000000
32.090000152588	0.30788028240204	0.31286984682083	65.000000000000	0.00000000000000
32.099998474121	0.30892544984818	0.31319111585617	65.000000000000	0.00000000000000
32.110000610352	0.30996924638748	0.31350931525230	65.000000000000	0.00000000000000
32.119998931885	0.31101170182228	0.31382444500923	65.000000000000	0.00000000000000
32.130001068115	0.31205284595490	0.31413656473160	65.000000000000	0.00000000000000
32.139999389648	0.31309258937836	0.31444564461708	65.000000000000	0.00000000000000
32.150001525879	0.31413111090660	0.31475168466568	65.000000000000	0.00000000000000
32.159999847412	0.31516820192337	0.31505477428436	65.000000000000	0.00000000000000
32.169998168945	0.31620395183563	0.31535482406616	65.000000000000	0.00000000000000
32.180000305176	0.31723839044571	0.31565192341805	65.000000000000	0.00000000000000
32.189998626709	0.31827139854431	0.31594607234001	65.000000000000	0.00000000000000
32.200000762939	0.31930309534073	0.31623724102974	65.000000000000	0.00000000000000
32.209999084473	0.32033336162567	0.31652545928955	65.000000000000	0.00000000000000
32.220001220703	0.32136234641075	0.31681078672409	65.000000000000	0.00000000000000
32.229999542236	0.32238990068436	0.31709319353104	65.000000000000	0.00000000000000
32.240001678467	0.32341608405113	0.31737270951271	65.000000000000	0.00000000000000
32.250000000000	0.32444080710411	0.31764933466911	65.000000000000	0.00000000000000
32.259998321533	0.32546421885490	0.31792306900024	65.000000000000	0.00000000000000
32.270000457764	0.32648617029190	0.31819397211075	65.000000000000	0.00000000000000
32.279998779297	0.32750675082207	0.31846201419830	65.000000000000	0.00000000000000
32.290000915527	0.32852593064308	0.31872719526291	65.000000000000	0.00000000000000
32.299999237061	0.32954367995262	0.31898957490921	65.000000000000	0.00000000000000
32.310001373291	0.33056002855301	0.31924918293953	65.000000000000	0.00000000000000
32.319999694824	0.33157494664192	0.31950592994690	65.000000000000	0.00000000000000
32.330001831055	0.33258846402168	0.31975993514061	65.000000000000	0.00000000000000
32.340000152588	0.33360058069229	0.32001113891602	65.000000000000	0.00000000000000
32.349998474121	0.33461120724678	0.32025957107544	65.000000000000	0.00000000000000
32.360000610352	0.33562043309212	0.32050529122353	65.000000000000	0.00000000000000
32.369998931885	0.33662822842598	0.32074826955795	65.000000000000	0.00000000000000
32.380001068115	0.33763453364372	0.32098853588104	65.000000000000	0.00000000000000
32.389999389648	0.33863943815231	0.32122603058815	65.000000000000	0.00000000000000
32.400001525879	0.33964282274246	0.32146087288857	65.000000000000	0.00000000000000
32.409999847412	0.34064486622810	0.32169303297997	65.000000000000	0.00000000000000
32.419998168945	0.34164533019066	0.32192251086235	65.000000000000	0.00000000000000
32.430000305176	0.34264436364174	0.32214924693108	65.000000000000	0.00000000000000
32.439998626709	0.34364202618599	0.32237342000008	65.000000000000	0.00000000000000
32.450000762939	0.34463813900948	0.32259491086006	65.000000000000	0.00000000000000
32.459999084473	0.34563279151917	0.32281377911568	65.000000000000	0.00000000000000
32.470001220703	0.34662589430809	0.32303005456924	65.000000000000	0.00000000000000
32.479999542236	0.34761765599251	0.32324370741844	65.000000000000	0.00000000000000
32.490001678467	0.34860786795616	0.32345473766327	65.000000000000	0.00000000000000
32.500000000000	0.34959653019905	0.32366326451302	65.000000000000	0.00000000000000
32.509998321533	0.35058382153511	0.32386913895607	65.000000000000	0.00000000000000
32.520000457764	0.35156953334808	0.32407248020172	65.000000000000	0.00000000000000
32.529998779297	0.35255375504494	0.32427328824997	65.000000000000	0.00000000000000
32.540000915527	0.35353651642799	0.32447153329849	65.000000000000	0.00000000000000
32.549999237061	0.35451778769493	0.32466727495193	65.000000000000	0.00000000000000
32.560001373291	0.35549750924110	0.32486051321030	65.000000000000	0.00000000000000
32.569999694824	0.35647574067116	0.32505121827126	65.000000000000	0.00000000000000
32.580001831055	0.35745248198509	0.32523944973946	65.000000000000	0.00000000000000
32.590000152588	0.35842773318291	0.32542520761490	65.000000000000	0.00000000000000
32.599998474121	0.35940143465996	0.32560846209526	65.000000000000	0.00000000000000
32.610000610352	0.36037355661392	0.32578933238983	65.000000000000	0.00000000000000
32.619998931885	0.36134418845177	0.32596766948700	65.000000000000	0.00000000000000
32.630001068115	0.36231333017349	0.32614359259605	65.000000000000	0.00000000000000
32.639999389648	0.36328095197678	0.32631716132164	65.000000000000	0.00000000000000
32.650001525879	0.36424702405930	0.32648822665215	65.000000000000	0.00000000000000
32.659999847412	0.36521151661873	0.32665693759918	65.000000000000	0.00000000000000
32.669998168945	0.36617451906204	0.32682326436043	65.000000000000	0.00000000000000
32.680000305176	0.36713600158691	0.32698717713356	65.000000000000	0.00000000000000
32.689998626709	0.36809593439102	0.32714873552322	65.000000000000	0.00000000000000
32.700000762939	0.36905425786972	0.32730796933174	65.000000000000	0.00000000000000
32.709999084473	0.37001115083694	0.32746478915215	65.000000000000	0.00000000000000
32.720001220703	0.37096637487411	0.32761934399605	65.000000000000	0.00000000000000
32.729999542236	0.37192007899284	0.32777148485184	65.000000000000	0.00000000000000
32.740001678467	0.37287226319313	0.32792142033577	65.000000000000	0.00000000000000
32.750000000000	0.37382292747498	0.32806897163391	65.000000000000	0.00000000000000
32.759998321533	0.37477195262909	0.32821425795555	65.000000000000	0.00000000000000
32.770000457764	0.37571945786476	0.32835724949837	65.000000000000	0.00000000000000
32.779998779297	0.37666544318199	0.32849800586700	65.000000000000	0.00000000000000
32.790000915527	0.37760978937149	0.32863646745682	65.000000000000	0.00000000000000
32.799999237061	0.37855261564255	0.32877263426781	65.000000000000	0.00000000000000
32.810001373291	0.37949386239052	0.32890662550926	65.000000000000	0.00000000000000
32.819999694824	0.38043347001076	0.32903838157654	65.000000000000	0.00000000000000
32.830001831055	0.38137161731720	0.32916793227196	65.000000000000	0.00000000000000
32.840000152588	0.38230806589127	0.32929518818855	65.000000000000	0.00000000000000
32.849998474121	0.38324305415154	0.32942029833794	65.000000000000	0.00000000000000
32.860000610352	0.38417643308640	0.32954323291779	65.000000000000	0.00000000000000
32.869998931885	0.38510820269585	0.32966402173042	65.000000000000	0.00000000000000
32.880001068115	0.38603830337524	0.32978257536888	65.000000000000	0.00000000000000
32.889999389648	0.38696700334549	0.32989898324013	65.000000000000	0.00000000000000
32.900001525879	0.38789391517639	0.33001324534416	65.000000000000	0.00000000000000
32.909999847412	0.38881936669350	0.33012539148331	65.000000000000	0.00000000000000
32.919998168945	0.38974317908287	0.33023539185524	65.000000000000	0.00000000000000
32.930000305176	0.39066544175148	0.33034327626228	65.000000000000	0.00000000000000
32.939998626709	0.39158609509468	0.33044910430908	65.000000000000	0.00000000000000
32.950000762939	0.39250507950783	0.33055278658867	65.000000000000	0.00000000000000
32.959999084473	0.39342251420021	0.33065441250801	65.000000000000	0.00000000000000
32.970001220703	0.39433836936951	0.33075395226479	65.000000000000	0.00000000000000
32.979999542236	0.39525258541107	0.33085143566132	65.000000000000	0.00000000000000
32.990001678467	0.39616522192955	0.33094686269760	65.000000000000	0.00000000000000
33.000000000000	0.39707624912262	0.33104020357132	65.000000000000	0.00000000000000
33.009998321533	0.39798566699028	0.33113154768944	65.000000000000	0.00000000000000
33.020000457764	0.39889347553253	0.33122083544731	65.000000000000	0.00000000000000
33.029998779297	0.39979961514473	0.33130812644958	65.000000000000	0.00000000000000
33.040000915527	0.40070420503616	0.33139342069626	65.000000000000	0.00000000000000
33.049999237061	0.40160715579987	0.33147671818733	65.000000000000	0.00000000000000
33.060001373291	0.40250852704048	0.33155804872513	65.000000000000	0.00000000000000
33.069999694824	0.40340828895569	0.33163738250732	65.000000000000	0.00000000000000
33.080001831055	0.40430632233620	0.33171477913857	65.000000000000	0.00000000000000
33.090000152588	0.40520280599594	0.33179017901421	65.000000000000	0.00000000000000
33.099998474121	0.40609771013260	0.33186361193657	65.000000000000	0.00000000000000
33.110000610352	0.40699091553688	0.33193516731262	65.000000000000	0.00000000000000
33.119998931885	0.40788248181343	0.33200475573540	65.000000000000	0.00000000000000
33.130001068115	0.40877243876457	0.33207246661186	65.000000000000	0.00000000000000
33.139999389648	0.40966087579727	0.33213827013969	65.000000000000	0.00000000000000
33.150001525879	0.41054761409760	0.33220219612122	65.000000000000	0.00000000000000
33.159999847412	0.41143274307251	0.33226418495178	65.000000000000	0.00000000000000
33.169998168945	0.41231611371040	0.33232432603836	65.000000000000	0.00000000000000
33.180000305176	0.41319799423218	0.33238261938095	65.000000000000	0.00000000000000
33.189998626709	0.41407817602158	0.33243900537491	65.000000000000	0.00000000000000
33.200000762939	0.41495665907860	0.33249357342720	65.000000000000	0.00000000000000
33.209999084473	0.41583368182182	0.33254632353783	65.000000000000	0.00000000000000
33.220001220703	0.41670888662338	0.33259725570679	65.000000000000	0.00000000000000
33.229999542236	0.41758257150650	0.33264631032944	65.000000000000	0.00000000000000
33.240001678467	0.41845452785492	0.33269360661507	65.000000000000	0.00000000000000
33.250000000000	0.41932487487793	0.33273911476135	65.000000000000	0.00000000000000
33.259998321533	0.42019355297089	0.33278283476830	65.000000000000	0.00000000000000
33.270000457764	0.42106062173843	0.33282470703125	65.000000000000	0.00000000000000
33.279998779297	0.42192611098289	0.33286491036415	65.000000000000	0.00000000000000
33.290000915527	0.42278987169266	0.33290329575539	65.000000000000	0.00000000000000
33.299999237061	0.42365199327469	0.33293989300728	65.000000000000	0.00000000000000
33.310001373291	0.42451250553131	0.33297485113144	65.000000000000	0.00000000000000
33.319999694824	0.42537128925323	0.33300805091858	65.000000000000	0.00000000000000
33.330001831055	0.42622852325439	0.33303946256638	65.000000000000	0.00000000000000
33.340000152588	0.42708402872086	0.33306926488876	65.000000000000	0.00000000000000
33.349998474121	0.42793789505959	0.33309730887413	65.000000000000	0.00000000000000
33.360000610352	0.42879012227058	0.33312365412712	65.000000000000	0.00000000000000
33.369998931885	0.42964074015617	0.33314836025238	65.000000000000	0.00000000000000
33.380001068115	0.43048965930939	0.33317136764526	65.000000000000	0.00000000000000
33.389999389648	0.43133690953255	0.33319270610809	65.000000000000	0.00000000000000
33.400001525879	0.43218255043030	0.33321240544319	65.000000000000	0.00000000000000
33.409999847412	0.43302646279335	0.33323052525520	65.000000000000	0.00000000000000
33.419998168945	0.43386882543564	0.33324691653252	65.000000000000	0.00000000000000
33.430000305176	0.43470945954323	0.33326172828674	65.000000000000	0.00000000000000
33.439998626709	0.43554848432541	0.33327496051788	65.000000000000	0.00000000000000
33.450000762939	0.43638578057289	0.33328652381897	65.000000000000	0.00000000000000
33.459999084473	0.43722146749496	0.33329656720161	65.000000000000	0.00000000000000
33.470001220703	0.43805545568466	0.33330497145653	65.000000000000	0.00000000000000
33.479999542236	0.43888780474663	0.33331182599068	65.000000000000	0.00000000000000
33.490001678467	0.43971863389015	0.33331710100174	65.000000000000	0.00000000000000
33.500000000000	0.44054767489433	0.33332082629204	65.000000000000	0.00000000000000
33.509998321533	0.44137507677078	0.33332300186157	65.000000000000	0.00000000000000
33.520000457764	0.44220080971718	0.33332362771034	65.000000000000	0.00000000000000
33.529998779297	0.44302484393120	0.33332279324532	65.000000000000	0.00000000000000
33.540000915527	0.44384726881981	0.33332034945488	65.000000000000	0.00000000000000
33.549999237061	0.44466808438301	0.33331647515297	65.000000000000	0.00000000000000
33.560001373291	0.44548720121384	0.33331108093262	65.000000000000	0.00000000000000
33.569999694824	0.44630458950996	0.33330425620079	65.000000000000	0.00000000000000
33.580001831055	0.44712033867836	0.33329585194588	65.000000000000	0.00000000000000
33.590000152588	0.44793456792831	0.33328604698181	65.000000000000	0.00000000000000
33.599998474121	0.44874697923660	0.33327472209930	65.000000000000	0.00000000000000
33.610000610352	0.44955784082413	0.33326202630997	65.000000000000	0.00000000000000
33.619998931885	0.45036691427231	0.33324784040451	65.000000000000	0.00000000000000
33.630001068115	0.45117446780205	0.33323228359222	65.000000000000	0.00000000000000
33.639999389648	0.45198029279709	0.33321523666382	65.000000000000	0.00000000000000
33.650001525879	0.45278456807137	0.33319681882858	65.000000000000	0.00000000000000
33.659999847412	0.45358711481094	0.33317697048187	65.000000000000	0.00000000000000
33.669998168945	0.45438793301582	0.33315575122833	65.000000000000	0.00000000000000
33.680000305176	0.45518723130226	0.33313313126564	65.000000000000	0.00000000000000
33.689998626709	0.45598474144936	0.33310914039612	65.000000000000	0.00000000000000
33.700000762939	0.45678061246872	0.33308380842209	65.000000000000	0.00000000000000
33.709999084473	0.45757490396500	0.33305713534355	65.000000000000	0.00000000000000
33.720001220703	0.45836752653122	0.33302912116051	65.000000000000	0.00000000000000
33.729999542236	0.45915853977203	0.33299970626831	65.000000000000	0.00000000000000
33.740001678467	0.45994779467583	0.33296900987625	65.000000000000	0.00000000000000
33.750000000000	0.46073549985886	0.33293703198433	65.000000000000	0.00000000000000
33.759998321533	0.46152150630951	0.33290374279022	65.000000000000	0.00000000000000
33.770000457764	0.46230590343475	0.33286911249161	65.000000000000	0.00000000000000
33.779998779297	0.46308860182762	0.33283320069313	65.000000000000	0.00000000000000
33.790000915527	0.46386972069740	0.33279603719711	65.000000000000	0.00000000000000
33.799999237061	0.46464923024178	0.33275762200356	65.000000000000	0.00000000000000
33.810001373291	0.46542692184448	0.33271792531013	65.000000000000	0.00000000000000
33.819999694824	0.46620315313339	0.33267694711685	65.000000000000	0.00000000000000
33.830001831055	0.46697768568993	0.33263474702835	65.000000000000	0.00000000000000
33.840000152588	0.46775054931641	0.33259132504463	65.000000000000	0.00000000000000
33.849998474121	0.46852177381516	0.33254668116570	65.000000000000	0.00000000000000
33.860000610352	0.46929147839546	0.33250087499619	65.000000000000	0.00000000000000
33.869998931885	0.47005945444107	0.33245381712914	65.000000000000	0.00000000000000
33.880001068115	0.47082579135895	0.33240553736687	65.000000000000	0.00000000000000
33.889999389648	0.47159051895142	0.33235606551170	65.000000000000	0.00000000000000
33.900001525879	0.47235366702080	0.33230549097061	65.000000000000	0.00000000000000
33.909999847412	0.47311511635780	0.33225372433662	65.000000000000	0.00000000000000
33.919998168945	0.47387498617172	0.33220079541206	65.000000000000	0.00000000000000
33.930000305176	0.47463324666023	0.33214670419693	65.000000000000	0.00000000000000
33.939998626709	0.47538974881172	0.33209154009819	65.000000000000	0.00000000000000
33.950000762939	0.47614479064941	0.33203518390656	65.000000000000	0.00000000000000
33.959999084473	0.47689819335938	0.33197772502899	65.000000000000	0.00000000000000
33.970001220703	0.47764995694160	0.33191916346550	65.000000000000	0.00000000000000
33.979999542236	0.47840014100075	0.33185943961143	65.000000000000	0.00000000000000
33.990001678467	0.47914874553680	0.33179867267609	65.000000000000	0.00000000000000
34.000000000000	0.47989568114281	0.33173683285713	65.000000000000	0.00000000000000
34.009998321533	0.48064097762108	0.33167392015457	65.000000000000	0.00000000000000
34.020000457764	0.48138475418091	0.33160993456841	65.000000000000	0.00000000000000
34.029998779297	0.48212692141533	0.33154487609863	65.000000000000	0.00000000000000
34.040000915527	0.48286744952202	0.33147880434990	65.000000000000	0.00000000000000
34.049999237061	0.48360639810562	0.33141165971756	65.000000000000	0.00000000000000
34.060001373291	0.48434373736382	0.33134350180626	65.000000000000	0.00000000000000
34.069999694824	0.48507952690125	0.33127430081367	65.000000000000	0.00000000000000
34.080001831055	0.48581382632256	0.33120408654213	65.000000000000	0.00000000000000
34.090000152588	0.48654639720917	0.33113288879395	65.000000000000	0.00000000000000
34.099998474121	0.48727747797966	0.33106067776680	65.000000000000	0.00000000000000
34.110000610352	0.48800688982010	0.33098748326302	65.000000000000	0.00000000000000
34.119998931885	0.48873487114906	0.33091336488724	65.000000000000	0.00000000000000
34.130001068115	0.48946121335030	0.33083820343018	65.000000000000	0.00000000000000
34.139999389648	0.49018597602844	0.33076208829880	65.000000000000	0.00000000000000
34.150001525879	0.49090915918350	0.33068504929543	65.000000000000	0.00000000000000
34.159999847412	0.49163079261780	0.33060708642006	65.000000000000	0.00000000000000
34.169998168945	0.49235096573830	0.33052811026573	65.000000000000	0.00000000000000
34.180000305176	0.49306946992874	0.33044829964638	65.000000000000	0.00000000000000
34.189998626709	0.49378648400307	0.33036747574806	65.000000000000	0.00000000000000
34.200000762939	0.49450197815895	0.33028581738472	65.000000000000	0.00000000000000
34.209999084473	0.49521586298943	0.33020320534706	65.000000000000	0.00000000000000
34.220001220703	0.49592825770378	0.33011969923973	65.000000000000	0.00000000000000
34.229999542236	0.49663919210434	0.33003538846970	65.000000000000	0.00000000000000
34.240001678467	0.49734854698181	0.32995009422302	65.000000000000	0.00000000000000
34.250000000000	0.49805641174316	0.32986390590668	65.000000000000	0.00000000000000
34.259998321533	0.49876263737679	0.32977694272995	65.000000000000	0.00000000000000
34.270000457764	0.49946731328964	0.32968932390213	65.000000000000	0.00000000000000
34.279998779297	0.50017076730728	0.32960030436516	65.000000000000	0.00000000000000
34.290000915527	0.50087255239487	0.32951083779335	65.000000000000	0.00000000000000
34.299999237061	0.50157266855240	0.32942065596581	65.000000000000	0.00000000000000
34.310001373291	0.50227147340775	0.32932934165001	65.000000000000	0.00000000000000
34.319999694824	0.50296872854233	0.32923740148544	65.000000000000	0.00000000000000
34.330001831055	0.50366467237473	0.32914432883263	65.000000000000	0.00000000000000
34.340000152588	0.50435894727707	0.32905086874962	65.000000000000	0.00000000000000
34.349998474121	0.50505185127258	0.32895627617836	65.000000000000	0.00000000000000
34.360000610352	0.50574308633804	0.32886132597923	65.000000000000	0.00000000000000
34.369998931885	0.50643295049667	0.32876530289650	65.000000000000	0.00000000000000
34.380001068115	0.50712138414383	0.32866865396500	65.000000000000	0.00000000000000
34.389999389648	0.50780826807022	0.32857117056847	65.000000000000	0.00000000000000
34.400001525879	0.50849384069443	0.32847291231155	65.000000000000	0.00000000000000
34.409999847412	0.50917786359787	0.32837378978729	65.000000000000	0.00000000000000
34.419998168945	0.50986057519913	0.32827386260033	65.000000000000	0.00000000000000
34.430000305176	0.51054173707962	0.32817339897156	65.000000000000	0.00000000000000
34.439998626709	0.51122146844864	0.32807219028473	65.000000000000	0.00000000000000
34.450000762939	0.51189982891083	0.32797011733055	65.000000000000	0.00000000000000
34.459999084473	0.51257681846619	0.32786735892296	65.000000000000	0.00000000000000
34.470001220703	0.51325237751007	0.32776379585266	65.000000000000	0.00000000000000
34.479999542236	0.51392626762390	0.32765987515450	65.000000000000	0.00000000000000
34.490001678467	0.51459890604019	0.32755506038666	65.000000000000	0.00000000000000
34.500000000000	0.51527017354965	0.32744953036308	65.000000000000	0.00000000000000
34.509998321533	0.51594007015228	0.32734328508377	65.000000000000	0.00000000000000
34.520000457764	0.51660859584808	0.32723638415337	65.000000000000	0.00000000000000
34.529998779297	0.51727569103241	0.32712882757187	65.000000000000	0.00000000000000
34.540000915527	0.51794141530991	0.32702058553696	65.000000000000	0.00000000000000
34.549999237061	0.51860570907593	0.32691168785095	65.000000000000	0.00000000000000
34.560001373291	0.51926875114441	0.32680210471153	65.000000000000	0.00000000000000
34.569999694824	0.51993036270142	0.32669186592102	65.000000000000	0.00000000000000
34.580001831055	0.52059072256088	0.32658103108406	65.000000000000	0.00000000000000
34.590000152588	0.52124959230423	0.32646948099136	65.000000000000	0.00000000000000
34.599998474121	0.52190715074539	0.32635727524757	65.000000000000	0.00000000000000
34.610000610352	0.52256345748901	0.32624453306198	65.000000000000	0.00000000000000
34.619998931885	0.52321833372116	0.32613113522530	65.000000000000	0.00000000000000
34.630001068115	0.52387189865112	0.32601705193520	65.000000000000	0.00000000000000
34.639999389648	0.52452415227890	0.32590237259865	65.000000000000	0.00000000000000
34.650001525879	0.52517515420914	0.32578709721565	65.000000000000	0.00000000000000
34.659999847412	0.52582478523254	0.32567119598389	65.000000000000	0.00000000000000
34.669998168945	0.52647322416306	0.32555469870567	65.000000000000	0.00000000000000
34.680000305176	0.52712023258209	0.32543760538101	65.000000000000	0.00000000000000
34.689998626709	0.52776598930359	0.32531988620758	65.000000000000	0.00000000000000
34.700000762939	0.52841049432755	0.32520163059235	65.000000000000	0.00000000000000
34.709999084473	0.52905374765396	0.32508271932602	65.000000000000	0.00000000000000
34.720001220703	0.52969568967819	0.32496324181557	65.000000000000	0.00000000000000
34.729999542236	0.53033638000488	0.32484316825867	65.000000000000	0.00000000000000
34.740001678467	0.53097581863403	0.32472255825996	65.000000000000	0.00000000000000
34.750000000000	0.53161394596100	0.32460135221481	65.000000000000	0.00000000000000
34.759998321533	0.53225088119507	0.32447955012321	65.000000000000	0.00000000000000
34.770000457764	0.53288662433624	0.32435721158981	65.000000000000	0.00000000000000
34.779998779297	0.53352111577988	0.32423427700996	65.000000000000	0.00000000000000
34.790000915527	0.53415435552597	0.32411080598831	65.000000000000	0.00000000000000
34.799999237061	0.53478634357452	0.32398673892021	65.000000000000	0.00000000000000
34.810001373291	0.53541719913483	0.32386216521263	65.000000000000	0.00000000000000
34.819999694824	0.53604686260223	0.32373702526093	65.000000000000	0.00000000000000
34.830001831055	0.53667515516281	0.32361128926277	65.000000000000	0.00000000000000
34.840000152588	0.53730237483978	0.32348504662514	65.000000000000	0.00000000000000
34.849998474121	0.53792840242386	0.32335820794106	65.000000000000	0.00000000000000
34.860000610352	0.53855329751968	0.32323089241982	65.000000000000	0.00000000000000
34.869998931885	0.53917700052261	0.32310301065445	65.000000000000	0.00000000000000
34.880001068115	0.53979945182800	0.32297456264496	65.000000000000	0.00000000000000
34.889999389648	0.54042083024979	0.32284557819366	65.000000000000	0.00000000000000
34.900001525879	0.54104101657867	0.32271611690521	65.000000000000	0.00000000000000
34.909999847412	0.54166007041931	0.32258605957031	65.000000000000	0.00000000000000
34.919998168945	0.54227799177170	0.32245543599129	65.000000000000	0.00000000000000
34.930000305176	0.54289466142654	0.32232430577278	65.000000000000	0.00000000000000
34.939998626709	0.54351031780243	0.32219266891479	65.000000000000	0.00000000000000
34.950000762939	0.54412484169006	0.32206049561501	65.000000000000	0.00000000000000
34.959999084473	0.54473817348480	0.32192778587341	65.000000000000	0.00000000000000
34.970001220703	0.54535043239594	0.32179450988770	65.000000000000	0.00000000000000
34.979999542236	0.54596161842346	0.32166075706482	65.000000000000	0.00000000000000
34.990001678467	0.54657167196274	0.32152646780014	65.000000000000	0.00000000000000
35.000000000000	0.54718065261841	0.32139161229134	65.000000000000	0.00000000000000
