25.000000000000	0.70035421848297	-0.57118231058121	65.000000000000	0.00000000000000
25.010000228882	0.69967168569565	-0.57154625654221	65.000000000000	0.00000000000000
25.020000457764	0.69898730516434	-0.57191002368927	65.000000000000	0.00000000000000
25.030000686646	0.69830131530762	-0.57227343320847	65.000000000000	0.00000000000000
25.040000915527	0.69761347770691	-0.57263660430908	65.000000000000	0.00000000000000
25.049999237061	0.69692391157150	-0.57299935817719	65.000000000000	0.00000000000000
25.059999465942	0.69623249769211	-0.57336181402206	65.000000000000	0.00000000000000
25.069999694824	0.69553935527802	-0.57372397184372	65.000000000000	0.00000000000000
25.079999923706	0.69484430551529	-0.57408577203751	65.000000000000	0.00000000000000
25.090000152588	0.69414752721786	-0.57444721460342	65.000000000000	0.00000000000000
25.100000381470	0.69344890117645	-0.57480835914612	65.000000000000	0.00000000000000
25.110000610352	0.69274842739105	-0.57516908645630	65.000000000000	0.00000000000000
25.120000839233	0.69204628467560	-0.57552945613861	65.000000000000	0.00000000000000
25.129999160767	0.69134211540222	-0.57588940858841	65.000000000000	0.00000000000000
25.139999389648	0.69063627719879	-0.57624900341034	65.000000000000	0.00000000000000
25.149999618530	0.68992847204208	-0.57660818099976	65.000000000000	0.00000000000000
25.159999847412	0.68921887874603	-0.57696700096130	65.000000000000	0.00000000000000
25.170000076294	0.68850749731064	-0.57732522487640	65.000000000000	0.00000000000000
25.180000305176	0.68779426813126	-0.57768321037292	65.000000000000	0.00000000000000
25.190000534058	0.68707901239395	-0.57804065942764	65.000000000000	0.00000000000000
25.200000762939	0.68636214733124	-0.57839769124985	65.000000000000	0.00000000000000
25.209999084473	0.68564325571060	-0.57875424623489	65.000000000000	0.00000000000000
25.219999313354	0.68492239713669	-0.57911032438278	65.000000000000	0.00000000000000
25.229999542236	0.68419981002808	-0.57946598529816	65.000000000000	0.00000000000000
25.239999771118	0.68347537517548	-0.57982105016708	65.000000000000	0.00000000000000
25.250000000000	0.68274897336960	-0.58017569780350	65.000000000000	0.00000000000000
25.260000228882	0.68202072381973	-0.58052986860275	65.000000000000	0.00000000000000
25.270000457764	0.68129050731659	-0.58088344335556	65.000000000000	0.00000000000000
25.280000686646	0.68055844306946	-0.58123654127121	65.000000000000	0.00000000000000
25.290000915527	0.67982453107834	-0.58158910274506	65.000000000000	0.00000000000000
25.299999237061	0.67908853292465	-0.58194118738174	65.000000000000	0.00000000000000
25.309999465942	0.67835080623627	-0.58229261636734	65.000000000000	0.00000000000000
25.319999694824	0.67761123180389	-0.58264344930649	65.000000000000	0.00000000000000
25.329999923706	0.67686957120895	-0.58299380540848	65.000000000000	0.00000000000000
25.340000152588	0.67612600326538	-0.58334356546402	65.000000000000	0.00000000000000
25.350000381470	0.67538052797318	-0.58369266986847	65.000000000000	0.00000000000000
25.360000610352	0.67463320493698	-0.58404129743576	65.000000000000	0.00000000000000
25.370000839233	0.67388385534286	-0.58438926935196	65.000000000000	0.00000000000000
25.379999160767	0.67313253879547	-0.58473652601242	65.000000000000	0.00000000000000
25.389999389648	0.67237937450409	-0.58508330583572	65.000000000000	0.00000000000000
25.399999618530	0.67162430286407	-0.58542931079865	65.000000000000	0.00000000000000
25.409999847412	0.67086726427078	-0.58577471971512	65.000000000000	0.00000000000000
25.420000076294	0.67010831832886	-0.58611947298050	65.000000000000	0.00000000000000
25.430000305176	0.66934728622437	-0.58646351099014	65.000000000000	0.00000000000000
25.440000534058	0.66858452558517	-0.58680695295334	65.000000000000	0.00000000000000
25.450000762939	0.66781961917877	-0.58714967966080	65.000000000000	0.00000000000000
25.459999084473	0.66705304384232	-0.58749145269394	65.000000000000	0.00000000000000
25.469999313354	0.66628426313400	-0.58783280849457	65.000000000000	0.00000000000000
25.479999542236	0.66551327705383	-0.58817380666733	65.000000000000	0.00000000000000
25.489999771118	0.66474074125290	-0.58851355314255	65.000000000000	0.00000000000000
25.500000000000	0.66396617889404	-0.58885258436203	65.000000000000	0.00000000000000
25.510000228882	0.66318947076797	-0.58919107913971	65.000000000000	0.00000000000000
25.520000457764	0.66241091489792	-0.58952873945236	65.000000000000	0.00000000000000
25.530000686646	0.66163033246994	-0.58986562490463	65.000000000000	0.00000000000000
25.540000915527	0.66084766387939	-0.59020185470581	65.000000000000	0.00000000000000
25.549999237061	0.66006332635880	-0.59053707122803	65.000000000000	0.00000000000000
25.559999465942	0.65927678346634	-0.59087169170380	65.000000000000	0.00000000000000
25.569999694824	0.65848863124847	-0.59120506048203	65.000000000000	0.00000000000000
25.579999923706	0.65769803524017	-0.59153825044632	65.000000000000	0.00000000000000
25.590000152588	0.65690541267395	-0.59187054634094	65.000000000000	0.00000000000000
25.600000381470	0.65611100196838	-0.59220188856125	65.000000000000	0.00000000000000
25.610000610352	0.65531480312347	-0.59253209829330	65.000000000000	0.00000000000000
25.620000839233	0.65451657772064	-0.59286165237427	65.000000000000	0.00000000000000
25.629999160767	0.65371596813202	-0.59319061040878	65.000000000000	0.00000000000000
25.639999389648	0.65291380882263	-0.59351825714111	65.000000000000	0.00000000000000
25.649999618530	0.65210944414139	-0.59384536743164	65.000000000000	0.00000000000000
25.659999847412	0.65130287408829	-0.59417182207108	65.000000000000	0.00000000000000
25.670000076294	0.65049487352371	-0.59449666738510	65.000000000000	0.00000000000000
25.680000305176	0.64968442916870	-0.59482115507126	65.000000000000	0.00000000000000
25.690000534058	0.64887201786041	-0.59514462947845	65.000000000000	0.00000000000000
25.700000762939	0.64805769920349	-0.59546720981598	65.000000000000	0.00000000000000
25.709999084473	0.64724147319794	-0.59578871726990	65.000000000000	0.00000000000000
25.719999313354	0.64642328023911	-0.59610927104950	65.000000000000	0.00000000000000
25.729999542236	0.64560282230377	-0.59642904996872	65.000000000000	0.00000000000000
25.739999771118	0.64478051662445	-0.59674781560898	65.000000000000	0.00000000000000
25.750000000000	0.64395618438721	-0.59706556797028	65.000000000000	0.00000000000000
25.760000228882	0.64312994480133	-0.59738230705261	65.000000000000	0.00000000000000
25.770000457764	0.64230149984360	-0.59769827127457	65.000000000000	0.00000000000000
25.780000686646	0.64147144556046	-0.59801286458969	65.000000000000	0.00000000000000
25.790000915527	0.64063876867294	-0.59832680225372	65.000000000000	0.00000000000000
25.799999237061	0.63980454206467	-0.59863966703415	65.000000000000	0.00000000000000
25.809999465942	0.63896816968918	-0.59895145893097	65.000000000000	0.00000000000000
25.819999694824	0.63812988996506	-0.59926217794418	65.000000000000	0.00000000000000
25.829999923706	0.63728952407837	-0.59957194328308	65.000000000000	0.00000000000000
25.840000152588	0.63644719123840	-0.59988063573837	65.000000000000	0.00000000000000
25.850000381470	0.63560265302658	-0.60018825531006	65.000000000000	0.00000000000000
25.860000610352	0.63475632667542	-0.60049486160278	65.000000000000	0.00000000000000
25.870000839233	0.63390803337097	-0.60080033540726	65.000000000000	0.00000000000000
25.879999160767	0.63305765390396	-0.60110473632813	65.000000000000	0.00000000000000
25.889999389648	0.63220518827438	-0.60140800476074	65.000000000000	0.00000000000000
25.899999618530	0.63135075569153	-0.60171020030975	65.000000000000	0.00000000000000
25.909999847412	0.63049423694611	-0.60201132297516	65.000000000000	0.00000000000000
25.920000076294	0.62963581085205	-0.60231137275696	65.000000000000	0.00000000000000
25.930000305176	0.62877541780472	-0.60261017084122	65.000000000000	0.00000000000000
25.940000534058	0.62791287899017	-0.60290789604187	65.000000000000	0.00000000000000
25.950000762939	0.62704843282700	-0.60320454835892	65.000000000000	0.00000000000000
25.959999084473	0.62618196010590	-0.60349994897842	65.000000000000	0.00000000000000
25.969999313354	0.62531334161758	-0.60379421710968	65.000000000000	0.00000000000000
25.979999542236	0.62444287538528	-0.60408729314804	65.000000000000	0.00000000000000
25.989999771118	0.62357044219971	-0.60437923669815	65.000000000000	0.00000000000000
26.000000000000	0.62269586324692	-0.60466992855072	65.000000000000	0.00000000000000
26.010000228882	0.62181925773621	-0.60495954751968	65.000000000000	0.00000000000000
26.020000457764	0.62094068527222	-0.60524785518646	65.000000000000	0.00000000000000
26.030000686646	0.62005996704102	-0.60553491115570	65.000000000000	0.00000000000000
26.040000915527	0.61917740106583	-0.60582089424133	65.000000000000	0.00000000000000
26.049999237061	0.61829268932343	-0.60610556602478	65.000000000000	0.00000000000000
26.059999465942	0.61740612983704	-0.60638898611069	65.000000000000	0.00000000000000
26.069999694824	0.61651748418808	-0.60667121410370	65.000000000000	0.00000000000000
26.079999923706	0.61562681198120	-0.60695207118988	65.000000000000	0.00000000000000
26.090000152588	0.61473393440247	-0.60723173618317	65.000000000000	0.00000000000000
26.100000381470	0.61383932828903	-0.60751014947891	65.000000000000	0.00000000000000
26.110000610352	0.61294263601303	-0.60778731107712	65.000000000000	0.00000000000000
26.120000839233	0.61204379796982	-0.60806304216385	65.000000000000	0.00000000000000
26.129999160767	0.61114305257797	-0.60833752155304	65.000000000000	0.00000000000000
26.139999389648	0.61024022102356	-0.60861074924469	65.000000000000	0.00000000000000
26.149999618530	0.60933542251587	-0.60888260602951	65.000000000000	0.00000000000000
26.159999847412	0.60842865705490	-0.60915315151215	65.000000000000	0.00000000000000
26.170000076294	0.60751974582672	-0.60942238569260	65.000000000000	0.00000000000000
26.180000305176	0.60660898685455	-0.60969036817551	65.000000000000	0.00000000000000
26.190000534058	0.60569608211517	-0.60995686054230	65.000000000000	0.00000000000000
26.200000762939	0.60478121042252	-0.61022198200226	65.000000000000	0.00000000000000
26.209999084473	0.60386437177658	-0.61048585176468	65.000000000000	0.00000000000000
26.219999313354	0.60294538736343	-0.61074829101563	65.000000000000	0.00000000000000
26.229999542236	0.60202449560165	-0.61100929975510	65.000000000000	0.00000000000000
26.239999771118	0.60110151767731	-0.61126893758774	65.000000000000	0.00000000000000
26.250000000000	0.60017651319504	-0.61152720451355	65.000000000000	0.00000000000000
26.260000228882	0.59924960136414	-0.61178398132324	65.000000000000	0.00000000000000
26.270000457764	0.59832048416138	-0.61203944683075	65.000000000000	0.00000000000000
26.280000686646	0.59738940000534	-0.61229342222214	65.000000000000	0.00000000000000
26.290000915527	0.59645646810532	-0.61254590749741	65.000000000000	0.00000000000000
26.299999237061	0.59552139043808	-0.61279702186584	65.000000000000	0.00000000000000
26.309999465942	0.59458434581757	-0.61304670572281	65.000000000000	0.00000000000000
26.319999694824	0.59364515542984	-0.61329489946365	65.000000000000	0.00000000000000
26.329999923706	0.59270411729813	-0.61354154348373	65.000000000000	0.00000000000000
26.340000152588	0.59176105260849	-0.61378681659698	65.000000000000	0.00000000000000
26.350000381470	0.59081584215164	-0.61403053998947	65.000000000000	0.00000000000000
26.360000610352	0.58986866474152	-0.61427277326584	65.000000000000	0.00000000000000
26.370000839233	0.58891952037811	-0.61451345682144	65.000000000000	0.00000000000000
26.379999160767	0.58796834945679	-0.61475270986557	65.000000000000	0.00000000000000
26.389999389648	0.58701515197754	-0.61499035358429	65.000000000000	0.00000000000000
26.399999618530	0.58605986833572	-0.61522650718689	65.000000000000	0.00000000000000
26.409999847412	0.58510273694992	-0.61546117067337	65.000000000000	0.00000000000000
26.420000076294	0.58414334058762	-0.61569416522980	65.000000000000	0.00000000000000
26.430000305176	0.58318215608597	-0.61592566967010	65.000000000000	0.00000000000000
26.440000534058	0.58221900463104	-0.61615562438965	65.000000000000	0.00000000000000
26.450000762939	0.58125370740891	-0.61638396978378	65.000000000000	0.00000000000000
26.459999084473	0.58028632402420	-0.61661070585251	65.000000000000	0.00000000000000
26.469999313354	0.57931697368622	-0.61683589220047	65.000000000000	0.00000000000000
26.479999542236	0.57834571599960	-0.61705946922302	65.000000000000	0.00000000000000
26.489999771118	0.57737237215042	-0.61728131771088	65.000000000000	0.00000000000000
26.500000000000	0.57639694213867	-0.61750173568726	65.000000000000	0.00000000000000
26.510000228882	0.57541960477829	-0.61772042512894	65.000000000000	0.00000000000000
26.520000457764	0.57444018125534	-0.61793744564056	65.000000000000	0.00000000000000
26.530000686646	0.57345867156982	-0.61815291643143	65.000000000000	0.00000000000000
26.540000915527	0.57247537374496	-0.61836659908295	65.000000000000	0.00000000000000
26.549999237061	0.57148998975754	-0.61857867240906	65.000000000000	0.00000000000000
26.559999465942	0.57050246000290	-0.61878907680511	65.000000000000	0.00000000000000
26.569999694824	0.56951302289963	-0.61899775266647	65.000000000000	0.00000000000000
26.579999923706	0.56852149963379	-0.61920475959778	65.000000000000	0.00000000000000
26.590000152588	0.56752800941467	-0.61941009759903	65.000000000000	0.00000000000000
26.600000381470	0.56653249263763	-0.61961370706558	65.000000000000	0.00000000000000
26.610000610352	0.56553500890732	-0.61981558799744	65.000000000000	0.00000000000000
26.620000839233	0.56453549861908	-0.62001568078995	65.000000000000	0.00000000000000
26.629999160767	0.56353396177292	-0.62021410465240	65.000000000000	0.00000000000000
26.639999389648	0.56253045797348	-0.62041074037552	65.000000000000	0.00000000000000
26.649999618530	0.56152480840683	-0.62060564756393	65.000000000000	0.00000000000000
26.659999847412	0.56051725149155	-0.62079870700836	65.000000000000	0.00000000000000
26.670000076294	0.55950760841370	-0.62099003791809	65.000000000000	0.00000000000000
26.680000305176	0.55849605798721	-0.62117958068848	65.000000000000	0.00000000000000
26.690000534058	0.55748248100281	-0.62136733531952	65.000000000000	0.00000000000000
26.700000762939	0.55646687746048	-0.62155324220657	65.000000000000	0.00000000000000
26.709999084473	0.55544918775558	-0.62173736095428	65.000000000000	0.00000000000000
26.719999313354	0.55442965030670	-0.62191969156265	65.000000000000	0.00000000000000
26.729999542236	0.55340790748596	-0.62210011482239	65.000000000000	0.00000000000000
26.739999771118	0.55238431692123	-0.62227869033813	65.000000000000	0.00000000000000
26.750000000000	0.55135864019394	-0.62245541810989	65.000000000000	0.00000000000000
26.760000228882	0.55033099651337	-0.62263029813766	65.000000000000	0.00000000000000
26.770000457764	0.54930144548416	-0.62280333042145	65.000000000000	0.00000000000000
26.780000686646	0.54826962947845	-0.62297445535660	65.000000000000	0.00000000000000
26.790000915527	0.54723596572876	-0.62314367294312	65.000000000000	0.00000000000000
26.799999237061	0.54620033502579	-0.62331098318100	65.000000000000	0.00000000000000
26.809999465942	0.54516267776489	-0.62347638607025	65.000000000000	0.00000000000000
26.819999694824	0.54412299394608	-0.62363988161087	65.000000000000	0.00000000000000
26.829999923706	0.54308128356934	-0.62380135059357	65.000000000000	0.00000000000000
26.840000152588	0.54203748703003	-0.62396091222763	65.000000000000	0.00000000000000
26.850000381470	0.54099172353745	-0.62411856651306	65.000000000000	0.00000000000000
26.860000610352	0.53994423151016	-0.62427419424057	65.000000000000	0.00000000000000
26.870000839233	0.53889441490173	-0.62442785501480	65.000000000000	0.00000000000000
26.879999160767	0.53784275054932	-0.62457960844040	65.000000000000	0.00000000000000
26.889999389648	0.53678905963898	-0.62472921609879	65.000000000000	0.00000000000000
26.899999618530	0.53573328256607	-0.62487697601318	65.000000000000	0.00000000000000
26.909999847412	0.53467565774918	-0.62502264976501	65.000000000000	0.00000000000000
26.920000076294	0.53361594676971	-0.62516629695892	65.000000000000	0.00000000000000
26.930000305176	0.53255426883698	-0.62530785799026	65.000000000000	0.00000000000000
26.940000534058	0.53149062395096	-0.62544733285904	65.000000000000	0.00000000000000
26.950000762939	0.53042483329773	-0.62558484077454	65.000000000000	0.00000000000000
26.959999084473	0.52935719490051	-0.62572026252747	65.000000000000	0.00000000000000
26.969999313354	0.52828752994537	-0.62585353851318	65.000000000000	0.00000000000000
26.979999542236	0.52721583843231	-0.62598478794098	65.000000000000	0.00000000000000
26.989999771118	0.52614217996597	-0.62611395120621	65.000000000000	0.00000000000000
27.000000000000	0.52506649494171	-0.62624096870422	65.000000000000	0.00000000000000
27.010000228882	0.52398896217346	-0.62636578083038	65.000000000000	0.00000000000000
27.020000457764	0.52290934324265	-0.62648850679398	65.000000000000	0.00000000000000
27.030000686646	0.52182763814926	-0.62660914659500	65.000000000000	0.00000000000000
27.040000915527	0.52074408531189	-0.62672758102417	65.000000000000	0.00000000000000
27.049999237061	0.51965850591660	-0.62684386968613	65.000000000000	0.00000000000000
27.059999465942	0.51857101917267	-0.62695789337158	65.000000000000	0.00000000000000
27.069999694824	0.51748132705688	-0.62706977128983	65.000000000000	0.00000000000000
27.079999923706	0.51638990640640	-0.62717950344086	65.000000000000	0.00000000000000
27.090000152588	0.51529633998871	-0.62728691101074	65.000000000000	0.00000000000000
27.100000381470	0.51420092582703	-0.62739217281342	65.000000000000	0.00000000000000
27.110000610352	0.51310342550278	-0.62749522924423	65.000000000000	0.00000000000000
27.120000839233	0.51200395822525	-0.62759596109390	65.000000000000	0.00000000000000
27.129999160767	0.51090264320374	-0.62769442796707	65.000000000000	0.00000000000000
27.139999389648	0.50979912281036	-0.62779062986374	65.000000000000	0.00000000000000
27.149999618530	0.50869393348694	-0.62788456678391	65.000000000000	0.00000000000000
27.159999847412	0.50758659839630	-0.62797617912292	65.000000000000	0.00000000000000
27.170000076294	0.50647723674774	-0.62806552648544	65.000000000000	0.00000000000000
27.180000305176	0.50536608695984	-0.62815248966217	65.000000000000	0.00000000000000
27.190000534058	0.50425291061401	-0.62823718786240	65.000000000000	0.00000000000000
27.200000762939	0.50313776731491	-0.62831950187683	65.000000000000	0.00000000000000
27.209999084473	0.50202059745789	-0.62839943170547	65.000000000000	0.00000000000000
27.219999313354	0.50090157985687	-0.62847709655762	65.000000000000	0.00000000000000
27.229999542236	0.49978044629097	-0.62855225801468	65.000000000000	0.00000000000000
27.239999771118	0.49865740537643	-0.62862509489059	65.000000000000	0.00000000000000
27.250000000000	0.49753239750862	-0.62869554758072	65.000000000000	0.00000000000000
27.260000228882	0.49640560150146	-0.62876355648041	65.000000000000	0.00000000000000
27.270000457764	0.49527683854103	-0.62882906198502	65.000000000000	0.00000000000000
27.280000686646	0.49414595961571	-0.62889224290848	65.000000000000	0.00000000000000
27.290000915527	0.49301329255104	-0.62895286083221	65.000000000000	0.00000000000000
27.299999237061	0.49187868833542	-0.62901109457016	65.000000000000	0.00000000000000
27.309999465942	0.49074199795723	-0.62906688451767	65.000000000000	0.00000000000000
27.319999694824	0.48960348963737	-0.62912005186081	65.000000000000	0.00000000000000
27.329999923706	0.48846313357353	-0.62917083501816	65.000000000000	0.00000000000000
27.340000152588	0.48732063174248	-0.62921905517578	65.000000000000	0.00000000000000
27.350000381470	0.48617625236511	-0.62926477193832	65.000000000000	0.00000000000000
27.360000610352	0.48503011465073	-0.62930786609650	65.000000000000	0.00000000000000
27.370000839233	0.48388189077377	-0.62934851646423	65.000000000000	0.00000000000000
27.379999160767	0.48273190855980	-0.62938648462296	65.000000000000	0.00000000000000
27.389999389648	0.48157989978790	-0.62942194938660	65.000000000000	0.00000000000000
27.399999618530	0.48042598366737	-0.62945479154587	65.000000000000	0.00000000000000
27.409999847412	0.47927019000053	-0.62948507070541	65.000000000000	0.00000000000000
27.420000076294	0.47811233997345	-0.62951266765594	65.000000000000	0.00000000000000
27.430000305176	0.47695279121399	-0.62953770160675	65.000000000000	0.00000000000000
27.440000534058	0.47579124569893	-0.62956005334854	65.000000000000	0.00000000000000
27.450000762939	0.47462791204453	-0.62957972288132	65.000000000000	0.00000000000000
27.459999084473	0.47346243262291	-0.62959676980972	65.000000000000	0.00000000000000
27.469999313354	0.47229540348053	-0.62961107492447	65.000000000000	0.00000000000000
27.479999542236	0.47112625837326	-0.62962275743484	65.000000000000	0.00000000000000
27.489999771118	0.46995526552200	-0.62963169813156	65.000000000000	0.00000000000000
27.500000000000	0.46878236532211	-0.62963789701462	65.000000000000	0.00000000000000
27.510000228882	0.46760767698288	-0.62964141368866	65.000000000000	0.00000000000000
27.520000457764	0.46643114089966	-0.62964212894440	65.000000000000	0.00000000000000
27.530000686646	0.46525281667709	-0.62964004278183	65.000000000000	0.00000000000000
27.540000915527	0.46407246589661	-0.62963515520096	65.000000000000	0.00000000000000
27.549999237061	0.46289035677910	-0.62962758541107	65.000000000000	0.00000000000000
27.559999465942	0.46170628070831	-0.62961715459824	65.000000000000	0.00000000000000
27.569999694824	0.46052035689354	-0.62960392236710	65.000000000000	0.00000000000000
27.579999923706	0.45933273434639	-0.62958782911301	65.000000000000	0.00000000000000
27.590000152588	0.45814326405525	-0.62956887483597	65.000000000000	0.00000000000000
27.600000381470	0.45695188641548	-0.62954717874527	65.000000000000	0.00000000000000
27.610000610352	0.45575869083405	-0.62952244281769	65.000000000000	0.00000000000000
27.620000839233	0.45456355810165	-0.62949490547180	65.000000000000	0.00000000000000
27.629999160767	0.45336675643921	-0.62946444749832	65.000000000000	0.00000000000000
27.639999389648	0.45216813683510	-0.62943106889725	65.000000000000	0.00000000000000
27.649999618530	0.45096763968468	-0.62939476966858	65.000000000000	0.00000000000000
27.659999847412	0.44976538419724	-0.62935554981232	65.000000000000	0.00000000000000
27.670000076294	0.44856125116348	-0.62931334972382	65.000000000000	0.00000000000000
27.680000305176	0.44735538959503	-0.62926816940308	65.000000000000	0.00000000000000
27.690000534058	0.44614782929420	-0.62922000885010	65.000000000000	0.00000000000000
27.700000762939	0.44493833184242	-0.62916892766953	65.000000000000	0.00000000000000
27.709999084473	0.44372701644897	-0.62911474704742	65.000000000000	0.00000000000000
27.719999313354	0.44251418113708	-0.62905746698380	65.000000000000	0.00000000000000
27.729999542236	0.44129928946495	-0.62899720668793	65.000000000000	0.00000000000000
27.739999771118	0.44008278846741	-0.62893396615982	65.000000000000	0.00000000000000
27.750000000000	0.43886455893517	-0.62886762619019	65.000000000000	0.00000000000000
27.760000228882	0.43764448165894	-0.62879812717438	65.000000000000	0.00000000000000
27.770000457764	0.43642282485962	-0.62872552871704	65.000000000000	0.00000000000000
27.780000686646	0.43519929051399	-0.62864989042282	65.000000000000	0.00000000000000
27.790000915527	0.43397411704063	-0.62857103347778	65.000000000000	0.00000000000000
27.799999237061	0.43274718523026	-0.62848913669586	65.000000000000	0.00000000000000
27.809999465942	0.43151843547821	-0.62840402126312	65.000000000000	0.00000000000000
27.819999694824	0.43028822541237	-0.62831574678421	65.000000000000	0.00000000000000
27.829999923706	0.42905607819557	-0.62822425365448	65.000000000000	0.00000000000000
27.840000152588	0.42782235145569	-0.62812960147858	65.000000000000	0.00000000000000
27.850000381470	0.42658683657646	-0.62803167104721	65.000000000000	0.00000000000000
27.860000610352	0.42534980177879	-0.62793058156967	65.000000000000	0.00000000000000
27.870000839233	0.42411094903946	-0.62782621383667	65.000000000000	0.00000000000000
27.879999160767	0.42287039756775	-0.62771862745285	65.000000000000	0.00000000000000
27.889999389648	0.42162826657295	-0.62760770320892	65.000000000000	0.00000000000000
27.899999618530	0.42038446664810	-0.62749350070953	65.000000000000	0.00000000000000
27.909999847412	0.41913905739784	-0.62737607955933	65.000000000000	0.00000000000000
27.920000076294	0.41789200901985	-0.62725520133972	65.000000000000	0.00000000000000
27.930000305176	0.41664341092110	-0.62713104486465	65.000000000000	0.00000000000000
27.940000534058	0.41539299488068	-0.62700361013412	65.000000000000	0.00000000000000
27.950000762939	0.41414105892181	-0.62687271833420	65.000000000000	0.00000000000000
27.959999084473	0.41288757324219	-0.62673848867416	65.000000000000	0.00000000000000
27.969999313354	0.41163250803947	-0.62660086154938	65.000000000000	0.00000000000000
27.979999542236	0.41037574410439	-0.62645983695984	65.000000000000	0.00000000000000
27.989999771118	0.40911760926247	-0.62631541490555	65.000000000000	0.00000000000000
28.000000000000	0.40785762667656	-0.62616753578186	65.000000000000	0.00000000000000
28.010000228882	0.40659630298615	-0.62601613998413	65.000000000000	0.00000000000000
28.020000457764	0.40533328056335	-0.62586128711700	65.000000000000	0.00000000000000
28.030000686646	0.40406879782677	-0.62570309638977	65.000000000000	0.00000000000000
28.040000915527	0.40280288457870	-0.62554126977921	65.000000000000	0.00000000000000
28.049999237061	0.40153527259827	-0.62537598609924	65.000000000000	0.00000000000000
28.059999465942	0.40026623010635	-0.62520712614059	65.000000000000	0.00000000000000
28.069999694824	0.39899548888206	-0.62503474950790	65.000000000000	0.00000000000000
28.079999923706	0.39772352576256	-0.62485879659653	65.000000000000	0.00000000000000
28.090000152588	0.39644998311996	-0.62467926740646	65.000000000000	0.00000000000000
28.100000381470	0.39517495036125	-0.62449622154236	65.000000000000	0.00000000000000
28.110000610352	0.39389842748642	-0.62430953979492	65.000000000000	0.00000000000000
28.120000839233	0.39262053370476	-0.62411928176880	65.000000000000	0.00000000000000
28.129999160767	0.39134103059769	-0.62392532825470	65.000000000000	0.00000000000000
28.139999389648	0.39006015658379	-0.62372773885727	65.000000000000	0.00000000000000
28.149999618530	0.38877800107002	-0.62352663278580	65.000000000000	0.00000000000000
28.159999847412	0.38749450445175	-0.62332153320313	65.000000000000	0.00000000000000
28.170000076294	0.38620945811272	-0.62311297655106	65.000000000000	0.00000000000000
28.180000305176	0.38492280244827	-0.62290078401566	65.000000000000	0.00000000000000
28.190000534058	0.38363489508629	-0.62268477678299	65.000000000000	0.00000000000000
28.200000762939	0.38234573602676	-0.62246501445770	65.000000000000	0.00000000000000
28.209999084473	0.38105532526970	-0.62224143743515	65.000000000000	0.00000000000000
28.219999313354	0.37976333498955	-0.62201416492462	65.000000000000	0.00000000000000
28.229999542236	0.37847015261650	-0.62178313732147	65.000000000000	0.00000000000000
28.239999771118	0.37717574834824	-0.62154823541641	65.000000000000	0.00000000000000
28.250000000000	0.37587952613831	-0.62130975723267	65.000000000000	0.00000000000000
28.260000228882	0.37458243966103	-0.62106716632843	65.000000000000	0.00000000000000
28.270000457764	0.37328386306763	-0.62082093954086	65.000000000000	0.00000000000000
28.280000686646	0.37198412418365	-0.62057071924210	65.000000000000	0.00000000000000
28.290000915527	0.37068325281143	-0.62031668424606	65.000000000000	0.00000000000000
28.299999237061	0.36938065290451	-0.62005895376205	65.000000000000	0.00000000000000
28.309999465942	0.36807745695114	-0.61979693174362	65.000000000000	0.00000000000000
28.319999694824	0.36677256226540	-0.61953133344650	65.000000000000	0.00000000000000
28.329999923706	0.36546662449837	-0.61926168203354	65.000000000000	0.00000000000000
28.340000152588	0.36415955424309	-0.61898809671402	65.000000000000	0.00000000000000
28.350000381470	0.36285138130188	-0.61871039867401	65.000000000000	0.00000000000000
28.360000610352	0.36154156923294	-0.61842912435532	65.000000000000	0.00000000000000
28.370000839233	0.36023098230362	-0.61814361810684	65.000000000000	0.00000000000000
28.379999160767	0.35891911387444	-0.61785417795181	65.000000000000	0.00000000000000
28.389999389648	0.35760617256165	-0.61756062507629	65.000000000000	0.00000000000000
28.399999618530	0.35629191994667	-0.61726319789886	65.000000000000	0.00000000000000
28.409999847412	0.35497668385506	-0.61696165800095	65.000000000000	0.00000000000000
28.420000076294	0.35366076231003	-0.61665582656860	65.000000000000	0.00000000000000
28.430000305176	0.35234326124191	-0.61634624004364	65.000000000000	0.00000000000000
28.440000534058	0.35102513432503	-0.61603236198425	65.000000000000	0.00000000000000
28.450000762939	0.34970539808273	-0.61571460962296	65.000000000000	0.00000000000000
28.459999084473	0.34838479757309	-0.61539268493652	65.000000000000	0.00000000000000
28.469999313354	0.34706354141235	-0.61506640911102	65.000000000000	0.00000000000000
28.479999542236	0.34574112296104	-0.61473613977432	65.000000000000	0.00000000000000
28.489999771118	0.34441748261452	-0.61440181732178	65.000000000000	0.00000000000000
28.500000000000	0.34309297800064	-0.61406320333481	65.000000000000	0.00000000000000
28.510000228882	0.34176734089851	-0.61372059583664	65.000000000000	0.00000000000000
28.520000457764	0.34044080972672	-0.61337375640869	65.000000000000	0.00000000000000
28.530000686646	0.33911380171776	-0.61302244663239	65.000000000000	0.00000000000000
28.540000915527	0.33778536319733	-0.61266714334488	65.000000000000	0.00000000000000
28.549999237061	0.33645609021187	-0.61230754852295	65.000000000000	0.00000000000000
28.559999465942	0.33512607216835	-0.61194372177124	65.000000000000	0.00000000000000
28.569999694824	0.33379527926445	-0.61157554388046	65.000000000000	0.00000000000000
28.579999923706	0.33246341347694	-0.61120319366455	65.000000000000	0.00000000000000
28.590000152588	0.33113083243370	-0.61082649230957	65.000000000000	0.00000000000000
28.600000381470	0.32979735732079	-0.61044543981552	65.000000000000	0.00000000000000
28.610000610352	0.32846322655678	-0.61006015539169	65.000000000000	0.00000000000000
28.620000839233	0.32712820172310	-0.60967051982880	65.000000000000	0.00000000000000
28.629999160767	0.32579237222672	-0.60927647352219	65.000000000000	0.00000000000000
28.639999389648	0.32445585727692	-0.60887807607651	65.000000000000	0.00000000000000
28.649999618530	0.32311859726906	-0.60847538709641	65.000000000000	0.00000000000000
28.659999847412	0.32178068161011	-0.60806834697723	65.000000000000	0.00000000000000
28.670000076294	0.32044184207916	-0.60765689611435	65.000000000000	0.00000000000000
28.680000305176	0.31910243630409	-0.60724097490311	65.000000000000	0.00000000000000
28.690000534058	0.31776240468025	-0.60682058334351	65.000000000000	0.00000000000000
28.700000762939	0.31642186641693	-0.60639584064484	65.000000000000	0.00000000000000
28.709999084473	0.31508046388626	-0.60596662759781	65.000000000000	0.00000000000000
28.719999313354	0.31373852491379	-0.60553300380707	65.000000000000	0.00000000000000
28.729999542236	0.31239607930183	-0.60509485006332	65.000000000000	0.00000000000000
28.739999771118	0.31105279922485	-0.60465222597122	65.000000000000	0.00000000000000
28.750000000000	0.30970910191536	-0.60420513153076	65.000000000000	0.00000000000000
28.760000228882	0.30836492776871	-0.60375350713730	65.000000000000	0.00000000000000
28.770000457764	0.30702027678490	-0.60329729318619	65.000000000000	0.00000000000000
28.780000686646	0.30567494034767	-0.60283666849136	65.000000000000	0.00000000000000
28.790000915527	0.30432933568954	-0.60237139463425	65.000000000000	0.00000000000000
28.799999237061	0.30298298597336	-0.60190159082413	65.000000000000	0.00000000000000
28.809999465942	0.30163645744324	-0.60142719745636	65.000000000000	0.00000000000000
28.819999694824	0.30028930306435	-0.60094827413559	65.000000000000	0.00000000000000
28.829999923706	0.29894176125526	-0.60046476125717	65.000000000000	0.00000000000000
28.840000152588	0.29759389162064	-0.59997653961182	65.000000000000	0.00000000000000
28.850000381470	0.29624575376511	-0.59948378801346	65.000000000000	0.00000000000000
28.860000610352	0.29489716887474	-0.59898638725281	65.000000000000	0.00000000000000
28.870000839233	0.29354831576347	-0.59848439693451	65.000000000000	0.00000000000000
28.879999160767	0.29219904541969	-0.59797769784927	65.000000000000	0.00000000000000
28.889999389648	0.29084941744804	-0.59746640920639	65.000000000000	0.00000000000000
28.899999618530	0.28949958086014	-0.59695029258728	65.000000000000	0.00000000000000
28.909999847412	0.28814968466759	-0.59642958641052	65.000000000000	0.00000000000000
28.920000076294	0.28679931163788	-0.59590411186218	65.000000000000	0.00000000000000
28.930000305176	0.28544878959656	-0.59537410736084	65.000000000000	0.00000000000000
28.940000534058	0.28409811854362	-0.59483921527863	65.000000000000	0.00000000000000
28.950000762939	0.28274735808372	-0.59429961442947	65.000000000000	0.00000000000000
28.959999084473	0.28139621019363	-0.59375536441803	65.000000000000	0.00000000000000
28.969999313354	0.28004521131516	-0.59320628643036	65.000000000000	0.00000000000000
28.979999542236	0.27869391441345	-0.59265244007111	65.000000000000	0.00000000000000
28.989999771118	0.27734258770943	-0.59209394454956	65.000000000000	0.00000000000000
29.000000000000	0.27599120140076	-0.59153062105179	65.000000000000	0.00000000000000
29.010000228882	0.27463978528976	-0.59096235036850	65.000000000000	0.00000000000000
29.020000457764	0.27328827977180	-0.59038943052292	65.000000000000	0.00000000000000
29.030000686646	0.27193680405617	-0.58981168270111	65.000000000000	0.00000000000000
29.040000915527	0.27058541774750	-0.58922910690308	65.000000000000	0.00000000000000
29.049999237061	0.26923403143883	-0.58864164352417	65.000000000000	0.00000000000000
29.059999465942	0.26788264513016	-0.58804947137833	65.000000000000	0.00000000000000
29.069999694824	0.26653134822845	-0.58745235204697	65.000000000000	0.00000000000000
29.079999923706	0.26518023014069	-0.58685040473938	65.000000000000	0.00000000000000
29.090000152588	0.26382923126221	-0.58624356985092	65.000000000000	0.00000000000000
29.100000381470	0.26247841119766	-0.58563190698624	65.000000000000	0.00000000000000
29.110000610352	0.26112779974937	-0.58501535654068	65.000000000000	0.00000000000000
29.120000839233	0.25977739691734	-0.58439379930496	65.000000000000	0.00000000000000
29.129999160767	0.25842708349228	-0.58376741409302	65.000000000000	0.00000000000000
29.139999389648	0.25707703828812	-0.58313620090485	65.000000000000	0.00000000000000
29.149999618530	0.25572729110718	-0.58249998092651	65.000000000000	0.00000000000000
29.159999847412	0.25437781214714	-0.58185887336731	65.000000000000	0.00000000000000
29.170000076294	0.25302881002426	-0.58121281862259	65.000000000000	0.00000000000000
29.180000305176	0.25168001651764	-0.58056175708771	65.000000000000	0.00000000000000
29.190000534058	0.25033158063889	-0.57990586757660	65.000000000000	0.00000000000000
29.200000762939	0.24898351728916	-0.57924497127533	65.000000000000	0.00000000000000
29.209999084473	0.24763585627079	-0.57857900857925	65.000000000000	0.00000000000000
29.219999313354	0.24628877639771	-0.57790821790695	65.000000000000	0.00000000000000
29.229999542236	0.24494184553623	-0.57723236083984	65.000000000000	0.00000000000000
29.239999771118	0.24359567463398	-0.57655149698257	65.000000000000	0.00000000000000
29.250000000000	0.24224986135960	-0.57586574554443	65.000000000000	0.00000000000000
29.260000228882	0.24090456962585	-0.57517492771149	65.000000000000	0.00000000000000
29.270000457764	0.23955994844437	-0.57447904348373	65.000000000000	0.00000000000000
29.280000686646	0.23821589350700	-0.57377821207047	65.000000000000	0.00000000000000
29.290000915527	0.23687237501144	-0.57307231426239	65.000000000000	0.00000000000000
29.299999237061	0.23552948236465	-0.57236135005951	65.000000000000	0.00000000000000
29.309999465942	0.23418723046780	-0.57164549827576	65.000000000000	0.00000000000000
29.319999694824	0.23284573853016	-0.57092452049255	65.000000000000	0.00000000000000
29.329999923706	0.23150481283665	-0.57019853591919	65.000000000000	0.00000000000000
29.340000152588	0.23016467690468	-0.56946742534637	65.000000000000	0.00000000000000
29.350000381470	0.22882542014122	-0.56873130798340	65.000000000000	0.00000000000000
29.360000610352	0.22748674452305	-0.56799012422562	65.000000000000	0.00000000000000
29.370000839233	0.22614896297455	-0.56724387407303	65.000000000000	0.00000000000000
29.379999160767	0.22481185197830	-0.56649255752563	65.000000000000	0.00000000000000
29.389999389648	0.22347578406334	-0.56573611497879	65.000000000000	0.00000000000000
29.399999618530	0.22214055061340	-0.56497460603714	65.000000000000	0.00000000000000
29.409999847412	0.22080603241920	-0.56420803070068	65.000000000000	0.00000000000000
29.420000076294	0.21947264671326	-0.56343632936478	65.000000000000	0.00000000000000
29.430000305176	0.21814018487930	-0.56265950202942	65.000000000000	0.00000000000000
29.440000534058	0.21680863201618	-0.56187766790390	65.000000000000	0.00000000000000
29.450000762939	0.21547812223434	-0.56109064817429	65.000000000000	0.00000000000000
29.459999084473	0.21414862573147	-0.56029856204987	65.000000000000	0.00000000000000
29.469999313354	0.21282023191452	-0.55950134992599	65.000000000000	0.00000000000000
29.479999542236	0.21149285137653	-0.55869895219803	65.000000000000	0.00000000000000
29.489999771118	0.21016664803028	-0.55789154767990	65.000000000000	0.00000000000000
29.500000000000	0.20884148776531	-0.55707895755768	65.000000000000	0.00000000000000
29.510000228882	0.20751756429672	-0.55626118183136	65.000000000000	0.00000000000000
29.520000457764	0.20619486272335	-0.55543833971024	65.000000000000	0.00000000000000
29.530000686646	0.20487327873707	-0.55461037158966	65.000000000000	0.00000000000000
29.540000915527	0.20355302095413	-0.55377727746964	65.000000000000	0.00000000000000
29.549999237061	0.20223392546177	-0.55293899774551	65.000000000000	0.00000000000000
29.559999465942	0.20091627538204	-0.55209553241730	65.000000000000	0.00000000000000
29.569999694824	0.19959960877895	-0.55124706029892	65.000000000000	0.00000000000000
29.579999923706	0.19828470051289	-0.55039334297180	65.000000000000	0.00000000000000
29.590000152588	0.19697082042694	-0.54953444004059	65.000000000000	0.00000000000000
29.600000381470	0.19565863907337	-0.54867047071457	65.000000000000	0.00000000000000
29.610000610352	0.19434763491154	-0.54780137538910	65.000000000000	0.00000000000000
29.620000839233	0.19303810596466	-0.54692703485489	65.000000000000	0.00000000000000
29.629999160767	0.19173020124435	-0.54604756832123	65.000000000000	0.00000000000000
29.639999389648	0.19042371213436	-0.54516291618347	65.000000000000	0.00000000000000
29.649999618530	0.18911875784397	-0.54427313804626	65.000000000000	0.00000000000000
29.659999847412	0.18781551718712	-0.54337829351425	65.000000000000	0.00000000000000
29.670000076294	0.18651372194290	-0.54247814416885	65.000000000000	0.00000000000000
29.680000305176	0.18521344661713	-0.54157286882401	65.000000000000	0.00000000000000
29.690000534058	0.18391494452953	-0.54066246747971	65.000000000000	0.00000000000000
29.700000762939	0.18261812627316	-0.53974694013596	65.000000000000	0.00000000000000
29.709999084473	0.18132296204567	-0.53882616758347	65.000000000000	0.00000000000000
29.719999313354	0.18002952635288	-0.53790026903152	65.000000000000	0.00000000000000
29.729999542236	0.17873784899712	-0.53696924448013	65.000000000000	0.00000000000000
29.739999771118	0.17744794487953	-0.53603303432465	65.000000000000	0.00000000000000
29.750000000000	0.17615970969200	-0.53509169816971	65.000000000000	0.00000000000000
29.760000228882	0.17487354576588	-0.53414523601532	65.000000000000	0.00000000000000
29.770000457764	0.17358908057213	-0.53319352865219	65.000000000000	0.00000000000000
29.780000686646	0.17230661213398	-0.53223669528961	65.000000000000	0.00000000000000
29.790000915527	0.17102605104446	-0.53127473592758	65.000000000000	0.00000000000000
29.799999237061	0.16974739730358	-0.53030759096146	65.000000000000	0.00000000000000
29.809999465942	0.16847069561481	-0.52933531999588	65.000000000000	0.00000000000000
29.819999694824	0.16719608008862	-0.52835792303085	65.000000000000	0.00000000000000
29.829999923706	0.16592331230640	-0.52737534046173	65.000000000000	0.00000000000000
29.840000152588	0.16465285420418	-0.52638769149780	65.000000000000	0.00000000000000
29.850000381470	0.16338427364826	-0.52539479732513	65.000000000000	0.00000000000000
29.860000610352	0.16211789846420	-0.52439683675766	65.000000000000	0.00000000000000
29.870000839233	0.16085372865200	-0.52339375019073	65.000000000000	0.00000000000000
29.879999160767	0.15959168970585	-0.52238547801971	65.000000000000	0.00000000000000
29.889999389648	0.15833176672459	-0.52137207984924	65.000000000000	0.00000000000000
29.899999618530	0.15707404911518	-0.52035367488861	65.000000000000	0.00000000000000
29.909999847412	0.15581876039505	-0.51933002471924	65.000000000000	0.00000000000000
29.920000076294	0.15456566214561	-0.51830136775970	65.000000000000	0.00000000000000
29.930000305176	0.15331496298313	-0.51726752519608	65.000000000000	0.00000000000000
29.940000534058	0.15206634998322	-0.51622855663300	65.000000000000	0.00000000000000
29.950000762939	0.15082031488419	-0.51518446207047	65.000000000000	0.00000000000000
29.959999084473	0.14957660436630	-0.51413536071777	65.000000000000	0.00000000000000
29.969999313354	0.14833535254002	-0.51308119297028	65.000000000000	0.00000000000000
29.979999542236	0.14709658920765	-0.51202189922333	65.000000000000	0.00000000000000
29.989999771118	0.14586019515991	-0.51095747947693	65.000000000000	0.00000000000000
30.000000000000	0.14462637901306	-0.50988799333572	65.000000000000	0.00000000000000
30.010000228882	0.14339509606361	-0.50881344079971	65.000000000000	0.00000000000000
30.020000457764	0.14216640591621	-0.50773382186890	65.000000000000	0.00000000000000
30.030000686646	0.14094032347202	-0.50664919614792	65.000000000000	0.00000000000000
30.040000915527	0.13971677422523	-0.50555944442749	65.000000000000	0.00000000000000
30.049999237061	0.13849587738514	-0.50446468591690	65.000000000000	0.00000000000000
30.059999465942	0.13727779686451	-0.50336486101151	65.000000000000	0.00000000000000
30.069999694824	0.13606218993664	-0.50226008892059	65.000000000000	0.00000000000000
30.079999923706	0.13484953343868	-0.50115019083023	65.000000000000	0.00000000000000
30.090000152588	0.13363966345787	-0.50003528594971	65.000000000000	0.00000000000000
30.100000381470	0.13243234157562	-0.49891543388367	65.000000000000	0.00000000000000
30.110000610352	0.13122808933258	-0.49779054522514	65.000000000000	0.00000000000000
30.120000839233	0.13002665340900	-0.49666061997414	65.000000000000	0.00000000000000
30.129999160767	0.12882795929909	-0.49552580714226	65.000000000000	0.00000000000000
30.139999389648	0.12763226032257	-0.49438589811325	65.000000000000	0.00000000000000
30.149999618530	0.12643949687481	-0.49324110150337	65.000000000000	0.00000000000000
30.159999847412	0.12524977326393	-0.49209129810333	65.000000000000	0.00000000000000
30.170000076294	0.12406289577484	-0.49093657732010	65.000000000000	0.00000000000000
30.180000305176	0.12287900596857	-0.48977687954903	65.000000000000	0.00000000000000
30.190000534058	0.12169836461544	-0.48861226439476	65.000000000000	0.00000000000000
30.200000762939	0.12052063643932	-0.48744270205498	65.000000000000	0.00000000000000
30.209999084473	0.11934597045183	-0.48626822233200	65.000000000000	0.00000000000000
30.219999313354	0.11817461997271	-0.48508885502815	65.000000000000	0.00000000000000
30.229999542236	0.11700639128685	-0.48390460014343	65.000000000000	0.00000000000000
30.239999771118	0.11584117263556	-0.48271548748016	65.000000000000	0.00000000000000
30.250000000000	0.11467934399843	-0.48152142763138	65.000000000000	0.00000000000000
30.260000228882	0.11352069675922	-0.48032256960869	65.000000000000	0.00000000000000
30.270000457764	0.11236537247896	-0.47911876440048	65.000000000000	0.00000000000000
30.280000686646	0.11121328175068	-0.47791019082069	65.000000000000	0.00000000000000
30.290000915527	0.11006456613541	-0.47669675946236	65.000000000000	0.00000000000000
30.299999237061	0.10891924053431	-0.47547850012779	65.000000000000	0.00000000000000
30.309999465942	0.10777723044157	-0.47425547242165	65.000000000000	0.00000000000000
30.319999694824	0.10663866251707	-0.47302761673927	65.000000000000	0.00000000000000
30.329999923706	0.10550343990326	-0.47179502248764	65.000000000000	0.00000000000000
30.340000152588	0.10437183082104	-0.47055757045746	65.000000000000	0.00000000000000
30.350000381470	0.10324373096228	-0.46931540966034	65.000000000000	0.00000000000000
30.360000610352	0.10211906582117	-0.46806848049164	65.000000000000	0.00000000000000
30.370000839233	0.10099796205759	-0.46681684255600	65.000000000000	0.00000000000000
30.379999160767	0.099880449473858	-0.46556046605110	65.000000000000	0.00000000000000
30.389999389648	0.098766542971134	-0.46429938077927	65.000000000000	0.00000000000000
30.399999618530	0.097656279802322	-0.46303358674049	65.000000000000	0.00000000000000
30.409999847412	0.096549674868584	-0.46176314353943	65.000000000000	0.00000000000000
30.420000076294	0.095446847379208	-0.46048796176910	65.000000000000	0.00000000000000
30.430000305176	0.094347640872002	-0.45920819044113	65.000000000000	0.00000000000000
30.440000534058	0.093252032995224	-0.45792374014854	65.000000000000	0.00000000000000
30.450000762939	0.092160411179066	-0.45663467049599	65.000000000000	0.00000000000000
30.459999084473	0.091072455048561	-0.45534101128578	65.000000000000	0.00000000000000
30.469999313354	0.089988507330418	-0.45404276251793	65.000000000000	0.00000000000000
30.479999542236	0.088908284902573	-0.45273986458778	65.000000000000	0.00000000000000
30.489999771118	0.087831906974316	-0.45143243670464	65.000000000000	0.00000000000000
30.500000000000	0.086759515106678	-0.45012047886848	65.000000000000	0.00000000000000
30.510000228882	0.085690997540951	-0.44880393147469	65.000000000000	0.00000000000000
30.520000457764	0.084626518189907	-0.44748291373253	65.000000000000	0.00000000000000
30.530000686646	0.083565868437290	-0.44615739583969	65.000000000000	0.00000000000000
30.540000915527	0.082509391009808	-0.44482731819153	65.000000000000	0.00000000000000
30.549999237061	0.081456907093525	-0.44349282979965	65.000000000000	0.00000000000000
30.559999465942	0.080408431589603	-0.44215390086174	65.000000000000	0.00000000000000
30.569999694824	0.079364195466042	-0.44081047177315	65.000000000000	0.00000000000000
30.579999923706	0.078323900699615	-0.43946266174316	65.000000000000	0.00000000000000
30.590000152588	0.077287793159485	-0.43811044096947	65.000000000000	0.00000000000000
30.600000381470	0.076255887746811	-0.43675383925438	65.000000000000	0.00000000000000
30.610000610352	0.075228214263916	-0.43539285659790	65.000000000000	0.00000000000000
30.620000839233	0.074204780161381	-0.43402746319771	65.000000000000	0.00000000000000
30.629999160767	0.073185622692108	-0.43265786767006	65.000000000000	0.00000000000000
30.639999389648	0.072170540690422	-0.43128380179405	65.000000000000	0.00000000000000
30.649999618530	0.071159988641739	-0.42990556359291	65.000000000000	0.00000000000000
30.659999847412	0.070153653621674	-0.42852291464806	65.000000000000	0.00000000000000
30.670000076294	0.069151692092419	-0.42713612318039	65.000000000000	0.00000000000000
30.680000305176	0.068154104053974	-0.42574504017830	65.000000000000	0.00000000000000
30.690000534058	0.067160911858082	-0.42434975504875	65.000000000000	0.00000000000000
30.700000762939	0.066172040998936	-0.42295020818710	65.000000000000	0.00000000000000
30.709999084473	0.065187811851501	-0.42154651880264	65.000000000000	0.00000000000000
30.719999313354	0.064207956194878	-0.42013862729073	65.000000000000	0.00000000000000
30.729999542236	0.063232578337193	-0.41872665286064	65.000000000000	0.00000000000000
30.739999771118	0.062261804938316	-0.41731047630310	65.000000000000	0.00000000000000
30.750000000000	0.061295557767153	-0.41589024662971	65.000000000000	0.00000000000000
30.760000228882	0.060333855450153	-0.41446590423584	65.000000000000	0.00000000000000
30.770000457764	0.059376936405897	-0.41303750872612	65.000000000000	0.00000000000000
30.780000686646	0.058424588292837	-0.41160503029823	65.000000000000	0.00000000000000
30.790000915527	0.057476650923491	-0.41016858816147	65.000000000000	0.00000000000000
30.799999237061	0.056533548980951	-0.40872809290886	65.000000000000	0.00000000000000
30.809999465942	0.055595088750124	-0.40728363394737	65.000000000000	0.00000000000000
30.819999694824	0.054661497473717	-0.40583518147469	65.000000000000	0.00000000000000
30.829999923706	0.053732398897409	-0.40438285470009	65.000000000000	0.00000000000000
30.840000152588	0.052808389067650	-0.40292656421661	65.000000000000	0.00000000000000
30.850000381470	0.051888931542635	-0.40146636962891	65.000000000000	0.00000000000000
30.860000610352	0.050974216312170	-0.40000236034393	65.000000000000	0.00000000000000
30.870000839233	0.050064649432898	-0.39853444695473	65.000000000000	0.00000000000000
30.879999160767	0.049159683287144	-0.39706274867058	65.000000000000	0.00000000000000
30.889999389648	0.048259902745485	-0.39558714628220	65.000000000000	0.00000000000000
30.899999618530	0.047364763915539	-0.39410787820816	65.000000000000	0.00000000000000
30.909999847412	0.046474464237690	-0.39262476563454	65.000000000000	0.00000000000000
30.920000076294	0.045589413493872	-0.39113792777061	65.000000000000	0.00000000000000
30.930000305176	0.044709052890539	-0.38964739441872	65.000000000000	0.00000000000000
30.940000534058	0.043833971023560	-0.38815313577652	65.000000000000	0.00000000000000
30.950000762939	0.042963810265064	-0.38665524125099	65.000000000000	0.00000000000000
30.959999084473	0.042098592966795	-0.38515377044678	65.000000000000	0.00000000000000
30.969999313354	0.041238512843847	-0.38364857435226	65.000000000000	0.00000000000000
30.979999542236	0.040383595973253	-0.38213980197906	65.000000000000	0.00000000000000
30.989999771118	0.039533670991659	-0.38062748312950	65.000000000000	0.00000000000000
31.000000000000	0.038688942790031	-0.37911158800125	65.000000000000	0.00000000000000
31.010000228882	0.037849243730307	-0.37759220600128	65.000000000000	0.00000000000000
31.020000457764	0.037014957517385	-0.37606927752495	65.000000000000	0.00000000000000
31.030000686646	0.036185551434755	-0.37454289197922	65.000000000000	0.00000000000000
31.040000915527	0.035361770540476	-0.37301304936409	65.000000000000	0.00000000000000
31.049999237061	0.034542907029390	-0.37147980928421	65.000000000000	0.00000000000000
31.059999465942	0.033729348331690	-0.36994320154190	65.000000000000	0.00000000000000
31.069999694824	0.032921090722084	-0.36840319633484	65.000000000000	0.00000000000000
31.079999923706	0.032118167728186	-0.36685985326767	65.000000000000	0.00000000000000
31.090000152588	0.031320586800575	-0.36531317234039	65.000000000000	0.00000000000000
31.100000381470	0.030528537929058	-0.36376318335533	65.000000000000	0.00000000000000
31.110000610352	0.029741518199444	-0.36220997571945	65.000000000000	0.00000000000000
31.120000839233	0.028959887102246	-0.36065348982811	65.000000000000	0.00000000000000
31.129999160767	0.028183834627271	-0.35909378528595	65.000000000000	0.00000000000000
31.139999389648	0.027413034811616	-0.35753089189529	65.000000000000	0.00000000000000
31.149999618530	0.026647672057152	-0.35596483945847	65.000000000000	0.00000000000000
31.159999847412	0.025887930765748	-0.35439568758011	65.000000000000	0.00000000000000
31.170000076294	0.025133486837149	-0.35282337665558	65.000000000000	0.00000000000000
31.180000305176	0.024384690448642	-0.35124802589417	65.000000000000	0.00000000000000
31.190000534058	0.023641224950552	-0.34966960549355	65.000000000000	0.00000000000000
31.200000762939	0.022903433069587	-0.34808817505836	65.000000000000	0.00000000000000
31.209999084473	0.022171167656779	-0.34650373458862	65.000000000000	0.00000000000000
31.219999313354	0.021444439888000	-0.34491634368896	65.000000000000	0.00000000000000
31.229999542236	0.020723264664412	-0.34332594275475	65.000000000000	0.00000000000000
31.239999771118	0.020007655024529	-0.34173271059990	65.000000000000	0.00000000000000
31.250000000000	0.019297787919641	-0.34013655781746	65.000000000000	0.00000000000000
31.260000228882	0.018593674525619	-0.33853751420975	65.000000000000	0.00000000000000
31.270000457764	0.017895003780723	-0.33693569898605	65.000000000000	0.00000000000000
31.280000686646	0.017201794311404	-0.33533108234406	65.000000000000	0.00000000000000
31.290000915527	0.016514535993338	-0.33372366428375	65.000000000000	0.00000000000000
31.299999237061	0.015833083540201	-0.33211353421211	65.000000000000	0.00000000000000
31.309999465942	0.015157285146415	-0.33050069212914	65.000000000000	0.00000000000000
31.319999694824	0.014486998319626	-0.32888513803482	65.000000000000	0.00000000000000
31.329999923706	0.013822707347572	-0.32726693153381	65.000000000000	0.00000000000000
31.340000152588	0.013164109550416	-0.32564613223076	65.000000000000	0.00000000000000
31.350000381470	0.012511217966676	-0.32402271032333	65.000000000000	0.00000000000000
31.360000610352	0.011864351108670	-0.32239672541618	65.000000000000	0.00000000000000
31.370000839233	0.011223058216274	-0.32076820731163	65.000000000000	0.00000000000000
31.379999160767	0.010587658733130	-0.31913718581200	65.000000000000	0.00000000000000
31.389999389648	0.0099581629037857	-0.31750372052193	65.000000000000	0.00000000000000
31.399999618530	0.0093344282358885	-0.31586775183678	65.000000000000	0.00000000000000
31.409999847412	0.0087166093289852	-0.31422939896584	65.000000000000	0.00000000000000
31.420000076294	0.0081046558916569	-0.31258866190910	65.000000000000	0.00000000000000
31.430000305176	0.0074986452236772	-0.31094560027122	65.000000000000	0.00000000000000
31.440000534058	0.0068985116668046	-0.30930015444756	65.000000000000	0.00000000000000
31.450000762939	0.0063043390400708	-0.30765244364738	65.000000000000	0.00000000000000
31.459999084473	0.0057160635478795	-0.30600243806839	65.000000000000	0.00000000000000
31.469999313354	0.0051337676122785	-0.30435025691986	65.000000000000	0.00000000000000
31.479999542236	0.0045574582181871	-0.30269587039948	65.000000000000	0.00000000000000
31.489999771118	0.0039871451444924	-0.30103927850723	65.000000000000	0.00000000000000
31.500000000000	0.0034227641299367	-0.29938057065010	65.000000000000	0.00000000000000
31.510000228882	0.0028643957339227	-0.29771974682808	65.000000000000	0.00000000000000
31.520000457764	0.0023120476398617	-0.29605683684349	65.000000000000	0.00000000000000
31.530000686646	0.0017657275311649	-0.29439190030098	65.000000000000	0.00000000000000
31.540000915527	0.0012254429748282	-0.29272496700287	65.000000000000	0.00000000000000
31.549999237061	0.00069133989745751	-0.29105603694916	65.000000000000	0.00000000000000
31.559999465942	0.00016314740059897	-0.28938513994217	65.000000000000	0.00000000000000
31.569999694824	-0.00035898803616874	-0.28771236538887	65.000000000000	0.00000000000000
31.579999923706	-0.00087499147048220	-0.28603768348694	65.000000000000	0.00000000000000
31.590000152588	-0.0013848569942638	-0.28436115384102	65.000000000000	0.00000000000000
31.600000381470	-0.0018886467441916	-0.28268277645111	65.000000000000	0.00000000000000
31.610000610352	-0.0023863543756306	-0.28100264072418	65.000000000000	0.00000000000000
31.620000839233	-0.0028779068961740	-0.27932071685791	65.000000000000	0.00000000000000
31.629999160767	-0.0033632994163781	-0.27763709425926	65.000000000000	0.00000000000000
31.639999389648	-0.0038425934035331	-0.27595183253288	65.000000000000	0.00000000000000
31.649999618530	-0.0043157166801393	-0.27426484227180	65.000000000000	0.00000000000000
31.659999847412	-0.0047826659865677	-0.27257624268532	65.000000000000	0.00000000000000
31.670000076294	-0.0052434350363910	-0.27088603377342	65.000000000000	0.00000000000000
31.680000305176	-0.0056980224326253	-0.26919430494308	65.000000000000	0.00000000000000
31.690000534058	-0.0061464859172702	-0.26750099658966	65.000000000000	0.00000000000000
31.700000762939	-0.0065886937081814	-0.26580625772476	65.000000000000	0.00000000000000
31.709999084473	-0.0070247072726488	-0.26410999894142	65.000000000000	0.00000000000000
31.719999313354	-0.0074545228853822	-0.26241233944893	65.000000000000	0.00000000000000
31.729999542236	-0.0078781368210912	-0.26071327924728	65.000000000000	0.00000000000000
31.739999771118	-0.0082954224199057	-0.25901284813881	65.000000000000	0.00000000000000
31.750000000000	-0.0087065631523728	-0.25731110572815	65.000000000000	0.00000000000000
31.760000228882	-0.0091114332899451	-0.25560805201530	65.000000000000	0.00000000000000
31.770000457764	-0.0095100924372673	-0.25390374660492	65.000000000000	0.00000000000000
31.780000686646	-0.0099024763330817	-0.25219821929932	65.000000000000	0.00000000000000
31.790000915527	-0.010288523510098	-0.25049144029617	65.000000000000	0.00000000000000
31.799999237061	-0.010668416507542	-0.24878357350826	65.000000000000	0.00000000000000
31.809999465942	-0.011042029596865	-0.24707452952862	65.000000000000	0.00000000000000
31.819999694824	-0.011409304104745	-0.24536439776421	65.000000000000	0.00000000000000
31.829999923706	-0.011770301498473	-0.24365322291851	65.000000000000	0.00000000000000
31.840000152588	-0.012125018984079	-0.24194099009037	65.000000000000	0.00000000000000
31.850000381470	-0.012473457492888	-0.24022777378559	65.000000000000	0.00000000000000
31.860000610352	-0.012815616093576	-0.23851361870766	65.000000000000	0.00000000000000
31.870000839233	-0.013151437975466	-0.23679852485657	65.000000000000	0.00000000000000
31.879999160767	-0.013480982743204	-0.23508252203465	65.000000000000	0.00000000000000
31.889999389648	-0.013804193586111	-0.23336566984653	65.000000000000	0.00000000000000
31.899999618530	-0.014121184125543	-0.23164798319340	65.000000000000	0.00000000000000
31.909999847412	-0.014431732706726	-0.22992952167988	65.000000000000	0.00000000000000
31.920000076294	-0.014736009761691	-0.22821027040482	65.000000000000	0.00000000000000
31.930000305176	-0.015033958479762	-0.22649033367634	65.000000000000	0.00000000000000
31.940000534058	-0.015325637534261	-0.22476968169212	65.000000000000	0.00000000000000
31.950000762939	-0.015610940754414	-0.22304837405682	65.000000000000	0.00000000000000
31.959999084473	-0.015889875590801	-0.22132645547390	65.000000000000	0.00000000000000
31.969999313354	-0.016162544488907	-0.21960394084454	65.000000000000	0.00000000000000
31.979999542236	-0.016428904607892	-0.21788087487221	65.000000000000	0.00000000000000
31.989999771118	-0.016688901931047	-0.21615727245808	65.000000000000	0.00000000000000
32.000000000000	-0.016942542046309	-0.21443319320679	65.000000000000	0.00000000000000
32.009998321533	-0.017189834266901	-0.21270868182182	65.000000000000	0.00000000000000
32.020000457764	-0.017430828884244	-0.21098372340202	65.000000000000	0.00000000000000
32.029998779297	-0.017665483057499	-0.20925839245319	65.000000000000	0.00000000000000
32.040000915527	-0.017893800511956	-0.20753270387650	65.000000000000	0.00000000000000
32.049999237061	-0.018115786835551	-0.20580670237541	65.000000000000	0.00000000000000
32.060001373291	-0.018331445753574	-0.20408041775227	65.000000000000	0.00000000000000
32.069999694824	-0.018540784716606	-0.20235387980938	65.000000000000	0.00000000000000
32.080001831055	-0.018743718042970	-0.20062711834908	65.000000000000	0.00000000000000
32.090000152588	-0.018940342590213	-0.19890020787716	65.000000000000	0.00000000000000
32.099998474121	-0.019130667671561	-0.19717310369015	65.000000000000	0.00000000000000
32.110000610352	-0.019314652308822	-0.19544592499733	65.000000000000	0.00000000000000
32.119998931885	-0.019492352381349	-0.19371864199638	65.000000000000	0.00000000000000
32.130001068115	-0.019663635641336	-0.19199134409428	65.000000000000	0.00000000000000
32.139999389648	-0.019828647375107	-0.19026400148869	65.000000000000	0.00000000000000
32.150001525879	-0.019987307488918	-0.18853670358658	65.000000000000	0.00000000000000
32.159999847412	-0.020139669999480	-0.18680945038795	65.000000000000	0.00000000000000
32.169998168945	-0.020285695791245	-0.18508230149746	65.000000000000	0.00000000000000
32.180000305176	-0.020425442606211	-0.18335525691509	65.000000000000	0.00000000000000
32.189998626709	-0.020558873191476	-0.18162837624550	65.000000000000	0.00000000000000
32.200000762939	-0.020686000585556	-0.17990167438984	65.000000000000	0.00000000000000
32.209999084473	-0.020806834101677	-0.17817521095276	65.000000000000	0.00000000000000
32.220001220703	-0.020921383053064	-0.17644901573658	65.000000000000	0.00000000000000
32.229999542236	-0.021029574796557	-0.17472310364246	65.000000000000	0.00000000000000
32.240001678467	-0.021131508052349	-0.17299750447273	65.000000000000	0.00000000000000
32.250000000000	-0.021227188408375	-0.17127226293087	65.000000000000	0.00000000000000
32.259998321533	-0.021316550672054	-0.16954742372036	65.000000000000	0.00000000000000
32.270000457764	-0.021399648860097	-0.16782301664352	65.000000000000	0.00000000000000
32.279998779297	-0.021476535126567	-0.16609905660152	65.000000000000	0.00000000000000
32.290000915527	-0.021547101438046	-0.16437560319901	65.000000000000	0.00000000000000
32.299999237061	-0.021611399948597	-0.16265265643597	65.000000000000	0.00000000000000
32.310001373291	-0.021669451147318	-0.16093027591705	65.000000000000	0.00000000000000
32.319999694824	-0.021721305325627	-0.15920849144459	65.000000000000	0.00000000000000
32.330001831055	-0.021766897290945	-0.15748731791973	65.000000000000	0.00000000000000
32.340000152588	-0.021806282922626	-0.15576681494713	65.000000000000	0.00000000000000
32.349998474121	-0.021839439868927	-0.15404698252678	65.000000000000	0.00000000000000
32.360000610352	-0.021866351366043	-0.15232791006565	65.000000000000	0.00000000000000
32.369998931885	-0.021887099370360	-0.15060956776142	65.000000000000	0.00000000000000
32.380001068115	-0.021901600062847	-0.14889201521873	65.000000000000	0.00000000000000
32.389999389648	-0.021909976378083	-0.14717529714108	65.000000000000	0.00000000000000
32.400001525879	-0.021912101656199	-0.14545942842960	65.000000000000	0.00000000000000
32.409999847412	-0.021908136084676	-0.14374442398548	65.000000000000	0.00000000000000
32.419998168945	-0.021897958591580	-0.14203037321568	65.000000000000	0.00000000000000
32.430000305176	-0.021881593391299	-0.14031724631786	65.000000000000	0.00000000000000
32.439998626709	-0.021859124302864	-0.13860511779785	65.000000000000	0.00000000000000
32.450000762939	-0.021830508485436	-0.13689400255680	65.000000000000	0.00000000000000
32.459999084473	-0.021795794367790	-0.13518391549587	65.000000000000	0.00000000000000
32.470001220703	-0.021754909306765	-0.13347493112087	65.000000000000	0.00000000000000
32.479999542236	-0.021707972511649	-0.13176706433296	65.000000000000	0.00000000000000
32.490001678467	-0.021654907613993	-0.13006031513214	65.000000000000	0.00000000000000
32.500000000000	-0.021595805883408	-0.12835474312305	65.000000000000	0.00000000000000
32.509998321533	-0.021530592814088	-0.12665039300919	65.000000000000	0.00000000000000
32.520000457764	-0.021459328010678	-0.12494727224112	65.000000000000	0.00000000000000
32.529998779297	-0.021382005885243	-0.12324542552233	65.000000000000	0.00000000000000
32.540000915527	-0.021298618987203	-0.12154487520456	65.000000000000	0.00000000000000
32.549999237061	-0.021209258586168	-0.11984566599131	65.000000000000	0.00000000000000
32.560001373291	-0.021113829687238	-0.11814779788256	65.000000000000	0.00000000000000
32.569999694824	-0.021012451499701	-0.11645133793354	65.000000000000	0.00000000000000
32.580001831055	-0.020905064418912	-0.11475630849600	65.000000000000	0.00000000000000
32.590000152588	-0.020791674032807	-0.11306271702051	65.000000000000	0.00000000000000
32.599998474121	-0.020672336220741	-0.11137062311172	65.000000000000	0.00000000000000
32.610000610352	-0.020547078922391	-0.10968003422022	65.000000000000	0.00000000000000
32.619998931885	-0.020415835082531	-0.10799100250006	65.000000000000	0.00000000000000
32.630001068115	-0.020278686657548	-0.10630354285240	65.000000000000	0.00000000000000
32.639999389648	-0.020135616883636	-0.10461769253016	65.000000000000	0.00000000000000
32.650001525879	-0.019986664876342	-0.10293347388506	65.000000000000	0.00000000000000
32.659999847412	-0.019831836223602	-0.10125091671944	65.000000000000	0.00000000000000
32.669998168945	-0.019671145826578	-0.099570058286190	65.000000000000	0.00000000000000
32.680000305176	-0.019504563882947	-0.097890935838223	65.000000000000	0.00000000000000
32.689998626709	-0.019332151859999	-0.096213556826115	65.000000000000	0.00000000000000
32.700000762939	-0.019153952598572	-0.094537965953350	65.000000000000	0.00000000000000
32.709999084473	-0.018969915807247	-0.092864193022251	65.000000000000	0.00000000000000
32.720001220703	-0.018780088052154	-0.091192252933979	65.000000000000	0.00000000000000
32.729999542236	-0.018584471195936	-0.089522182941437	65.000000000000	0.00000000000000
32.740001678467	-0.018383115530014	-0.087854027748108	65.000000000000	0.00000000000000
32.750000000000	-0.018176024779677	-0.086187787353992	65.000000000000	0.00000000000000
32.759998321533	-0.017963169142604	-0.084523506462574	65.000000000000	0.00000000000000
32.770000457764	-0.017744606360793	-0.082861222326756	65.000000000000	0.00000000000000
32.779998779297	-0.017520349472761	-0.081200934946537	65.000000000000	0.00000000000000
32.790000915527	-0.017290417104959	-0.079542696475983	65.000000000000	0.00000000000000
32.799999237061	-0.017054833471775	-0.077886529266834	65.000000000000	0.00000000000000
32.810001373291	-0.016813589259982	-0.076232440769672	65.000000000000	0.00000000000000
32.819999694824	-0.016566714271903	-0.074580498039722	65.000000000000	0.00000000000000
32.830001831055	-0.016314243897796	-0.072930701076984	65.000000000000	0.00000000000000
32.840000152588	-0.016056163236499	-0.071283087134361	65.000000000000	0.00000000000000
32.849998474121	-0.015792533755302	-0.069637663662434	65.000000000000	0.00000000000000
32.860000610352	-0.015523318201303	-0.067994490265846	65.000000000000	0.00000000000000
32.869998931885	-0.015248557552695	-0.066353559494019	65.000000000000	0.00000000000000
32.880001068115	-0.014968312345445	-0.064714923501015	65.000000000000	0.00000000000000
32.889999389648	-0.014682536944747	-0.063078604638577	65.000000000000	0.00000000000000
32.900001525879	-0.014391290955245	-0.061444617807865	65.000000000000	0.00000000000000
32.909999847412	-0.014094563201070	-0.059812989085913	65.000000000000	0.00000000000000
32.919998168945	-0.013792404904962	-0.058183755725622	65.000000000000	0.00000000000000
32.930000305176	-0.013484797440469	-0.056556943804026	65.000000000000	0.00000000000000
32.939998626709	-0.013171822763979	-0.054932564496994	65.000000000000	0.00000000000000
32.950000762939	-0.012853424996138	-0.053310658782721	65.000000000000	0.00000000000000
32.959999084473	-0.012529684230685	-0.051691237837076	65.000000000000	0.00000000000000
32.970001220703	-0.012200570665300	-0.050074335187674	65.000000000000	0.00000000000000
32.979999542236	-0.011866146698594	-0.048459976911545	65.000000000000	0.00000000000000
32.990001678467	-0.011526411399245	-0.046848177909851	65.000000000000	0.00000000000000
33.000000000000	-0.011181390844285	-0.045238979160786	65.000000000000	0.00000000000000
33.009998321533	-0.010831094346941	-0.043632384389639	65.000000000000	0.00000000000000
33.020000457764	-0.010475561022758	-0.042028430849314	65.000000000000	0.00000000000000
33.029998779297	-0.010114798322320	-0.040427144616842	65.000000000000	0.00000000000000
33.040000915527	-0.0097488332539797	-0.038828533142805	65.000000000000	0.00000000000000
33.049999237061	-0.0093776863068342	-0.037232637405396	65.000000000000	0.00000000000000
33.060001373291	-0.0090013649314642	-0.035639476031065	65.000000000000	0.00000000000000
33.069999694824	-0.0086199240759015	-0.034049067646265	65.000000000000	0.00000000000000
33.080001831055	-0.0082333488389850	-0.032461434602737	65.000000000000	0.00000000000000
33.090000152588	-0.0078416774049401	-0.030876602977514	65.000000000000	0.00000000000000
33.099998474121	-0.0074449316598475	-0.029294596984982	65.000000000000	0.00000000000000
33.110000610352	-0.0070431320928037	-0.027715433388948	65.000000000000	0.00000000000000
33.119998931885	-0.0066362963989377	-0.026139138266444	65.000000000000	0.00000000000000
33.130001068115	-0.0062244604341686	-0.024565733969212	65.000000000000	0.00000000000000
33.139999389648	-0.0058076288551092	-0.022995240986347	65.000000000000	0.00000000000000
33.150001525879	-0.0053858398459852	-0.021427674219012	65.000000000000	0.00000000000000
33.159999847412	-0.0049590971320868	-0.019863067194819	65.000000000000	0.00000000000000
33.169998168945	-0.0045274421572685	-0.018301431089640	65.000000000000	0.00000000000000
33.180000305176	-0.0040908874943852	-0.016742788255215	65.000000000000	0.00000000000000
33.189998626709	-0.0036494545638561	-0.015187165699899	65.000000000000	0.00000000000000
33.200000762939	-0.0032031780574471	-0.013634576462209	65.000000000000	0.00000000000000
33.209999084473	-0.0027520691510290	-0.012085043825209	65.000000000000	0.00000000000000
33.220001220703	-0.0022961546201259	-0.010538586415350	65.000000000000	0.00000000000000
33.229999542236	-0.0018354592612013	-0.0089952265843749	65.000000000000	0.00000000000000
33.240001678467	-0.0013700041454285	-0.0074549806304276	65.000000000000	0.00000000000000
33.250000000000	-0.00089981377823278	-0.0059178699739277	65.000000000000	0.00000000000000
33.259998321533	-0.00042491333442740	-0.0043839137069881	65.000000000000	0.00000000000000
33.270000457764	5.4675889259670e-05	-0.0028531292919070	65.000000000000	0.00000000000000
33.279998779297	0.00053892889991403	-0.0013255361700431	65.000000000000	0.00000000000000
33.290000915527	0.0010278220288455	0.00019884710491169	65.000000000000	0.00000000000000
33.299999237061	0.0015213314909488	0.0017200025031343	65.000000000000	0.00000000000000
33.310001373291	0.0020194328390062	0.0032379117328674	65.000000000000	0.00000000000000
33.319999694824	0.0025221023242921	0.0047525572590530	65.000000000000	0.00000000000000
33.330001831055	0.0030293154995888	0.0062639219686389	65.000000000000	0.00000000000000
33.340000152588	0.0035410490818322	0.0077719874680042	65.000000000000	0.00000000000000
33.349998474121	0.0040572760626674	0.0092767374590039	65.000000000000	0.00000000000000
33.360000610352	0.0045779761858284	0.010778154246509	65.000000000000	0.00000000000000
33.369998931885	0.0051031210459769	0.012276221998036	65.000000000000	0.00000000000000
33.380001068115	0.0056326859630644	0.013770924881101	65.000000000000	0.00000000000000
33.389999389648	0.0061666537076235	0.015262244269252	65.000000000000	0.00000000000000
33.400001525879	0.0067049921490252	0.016750168055296	65.000000000000	0.00000000000000
33.409999847412	0.0072476714849472	0.018234673887491	65.000000000000	0.00000000000000
33.419998168945	0.0077946805395186	0.019715754315257	65.000000000000	0.00000000000000
33.430000305176	0.0083459848538041	0.021193386986852	65.000000000000	0.00000000000000
33.439998626709	0.0089015671983361	0.022667558863759	65.000000000000	0.00000000000000
33.450000762939	0.0094613935798407	0.024138258770108	65.000000000000	0.00000000000000
33.459999084473	0.010025442577899	0.025605468079448	65.000000000000	0.00000000000000
33.470001220703	0.010593689978123	0.027069175615907	65.000000000000	0.00000000000000
33.479999542236	0.011166109703481	0.028529364615679	65.000000000000	0.00000000000000
33.490001678467	0.011742676608264	0.029986016452312	65.000000000000	0.00000000000000
33.500000000000	0.012323368340731	0.031439129263163	65.000000000000	0.00000000000000
33.509998321533	0.012908158823848	0.032888676971197	65.000000000000	0.00000000000000
33.520000457764	0.013497021980584	0.034334655851126	65.000000000000	0.00000000000000
33.529998779297	0.014089925214648	0.035777047276497	65.000000000000	0.00000000000000
33.540000915527	0.014686854556203	0.037215840071440	65.000000000000	0.00000000000000
33.549999237061	0.015287773683667	0.038651019334793	65.000000000000	0.00000000000000
33.560001373291	0.015892671421170	0.040082573890686	65.000000000000	0.00000000000000
33.569999694824	0.016501525416970	0.041510492563248	65.000000000000	0.00000000000000
33.580001831055	0.017114272341132	0.042934771627188	65.000000000000	0.00000000000000
33.590000152588	0.017730930820107	0.044355381280184	65.000000000000	0.00000000000000
33.599998474121	0.018351465463638	0.045772325247526	65.000000000000	0.00000000000000
33.610000610352	0.018975825980306	0.047185581177473	65.000000000000	0.00000000000000
33.619998931885	0.019604010507464	0.048595145344734	65.000000000000	0.00000000000000
33.630001068115	0.020235998556018	0.050001006573439	65.000000000000	0.00000000000000
33.639999389648	0.020871743559837	0.051403157413006	65.000000000000	0.00000000000000
33.650001525879	0.021511238068342	0.052801568061113	65.000000000000	0.00000000000000
33.659999847412	0.022154437378049	0.054196257144213	65.000000000000	0.00000000000000
33.669998168945	0.022801345214248	0.055587191134691	65.000000000000	0.00000000000000
33.680000305176	0.023451901972294	0.056974366307259	65.000000000000	0.00000000000000
33.689998626709	0.024106096476316	0.058357782661915	65.000000000000	0.00000000000000
33.700000762939	0.024763932451606	0.059737429022789	65.000000000000	0.00000000000000
33.709999084473	0.025425327941775	0.061113283038139	65.000000000000	0.00000000000000
33.720001220703	0.026090297847986	0.062485344707966	65.000000000000	0.00000000000000
33.729999542236	0.026758825406432	0.063853614032269	65.000000000000	0.00000000000000
33.740001678467	0.027430832386017	0.065218068659306	65.000000000000	0.00000000000000
33.750000000000	0.028106352314353	0.066578693687916	65.000000000000	0.00000000000000
33.759998321533	0.028785314410925	0.067935504019260	65.000000000000	0.00000000000000
33.770000457764	0.029467733576894	0.069288484752178	65.000000000000	0.00000000000000
33.779998779297	0.030153557658195	0.070637613534927	65.000000000000	0.00000000000000
33.790000915527	0.030842769891024	0.071982897818089	65.000000000000	0.00000000000000
33.799999237061	0.031535338610411	0.073324330151081	65.000000000000	0.00000000000000
33.810001373291	0.032231241464615	0.074661895632744	65.000000000000	0.00000000000000
33.819999694824	0.032930448651314	0.075995579361916	65.000000000000	0.00000000000000
33.830001831055	0.033632956445217	0.077325403690338	65.000000000000	0.00000000000000
33.840000152588	0.034338735044003	0.078651331365108	65.000000000000	0.00000000000000
33.849998474121	0.035047747194767	0.079973377287388	65.000000000000	0.00000000000000
33.860000610352	0.035759963095188	0.081291534006596	65.000000000000	0.00000000000000
33.869998931885	0.036475360393524	0.082605779170990	65.000000000000	0.00000000000000
33.880001068115	0.037193909287453	0.083916120231152	65.000000000000	0.00000000000000
33.889999389648	0.037915617227554	0.085222549736500	65.000000000000	0.00000000000000
33.900001525879	0.038640435785055	0.086525067687035	65.000000000000	0.00000000000000
33.909999847412	0.039368327707052	0.087823659181595	65.000000000000	0.00000000000000
33.919998168945	0.040099300444126	0.089118316769600	65.000000000000	0.00000000000000
33.930000305176	0.040833301842213	0.090409047901630	65.000000000000	0.00000000000000
33.939998626709	0.041570328176022	0.091695852577686	65.000000000000	0.00000000000000
33.950000762939	0.042310323566198	0.092978700995445	65.000000000000	0.00000000000000
33.959999084473	0.043053314089775	0.094257615506649	65.000000000000	0.00000000000000
33.970001220703	0.043799214065075	0.095532573759556	65.000000000000	0.00000000000000
33.979999542236	0.044548045843840	0.096803590655327	65.000000000000	0.00000000000000
33.990001678467	0.045299772173166	0.098070658743382	65.000000000000	0.00000000000000
34.000000000000	0.046054381877184	0.099333740770817	65.000000000000	0.00000000000000
34.009998321533	0.046811796724796	0.10059288144112	65.000000000000	0.00000000000000
34.020000457764	0.047572083771229	0.10184805840254	65.000000000000	0.00000000000000
34.029998779297	0.048335146158934	0.10309924930334	65.000000000000	0.00000000000000
34.040000915527	0.049100983887911	0.10434649884701	65.000000000000	0.00000000000000
34.049999237061	0.049869578331709	0.10558976233006	65.000000000000	0.00000000000000
34.060001373291	0.050640869885683	0.10682904720306	65.000000000000	0.00000000000000
34.069999694824	0.051414892077446	0.10806434601545	65.000000000000	0.00000000000000
34.080001831055	0.052191589027643	0.10929568856955	65.000000000000	0.00000000000000
34.090000152588	0.052970934659243	0.11052303761244	65.000000000000	0.00000000000000
34.099998474121	0.053752955049276	0.11174641549587	65.000000000000	0.00000000000000
34.110000610352	0.054537542164326	0.11296579986811	65.000000000000	0.00000000000000
34.119998931885	0.055324718356133	0.11418119817972	65.000000000000	0.00000000000000
34.130001068115	0.056114502251148	0.11539262533188	65.000000000000	0.00000000000000
34.139999389648	0.056906808167696	0.11660005897284	65.000000000000	0.00000000000000
34.150001525879	0.057701636105776	0.11780349910259	65.000000000000	0.00000000000000
34.159999847412	0.058498930186033	0.11900295317173	65.000000000000	0.00000000000000
34.169998168945	0.059298709034920	0.12019842118025	65.000000000000	0.00000000000000
34.180000305176	0.060100987553596	0.12138990312815	65.000000000000	0.00000000000000
34.189998626709	0.060905661433935	0.12257739156485	65.000000000000	0.00000000000000
34.200000762939	0.061712771654129	0.12376087903976	65.000000000000	0.00000000000000
34.209999084473	0.062522254884243	0.12494041025639	65.000000000000	0.00000000000000
34.220001220703	0.063334070146084	0.12611593306065	65.000000000000	0.00000000000000
34.229999542236	0.064148284494877	0.12728747725487	65.000000000000	0.00000000000000
34.240001678467	0.064964763820171	0.12845504283905	65.000000000000	0.00000000000000
34.250000000000	0.065783582627773	0.12961858510971	65.000000000000	0.00000000000000
34.259998321533	0.066604688763618	0.13077814877033	65.000000000000	0.00000000000000
34.270000457764	0.067428067326546	0.13193373382092	65.000000000000	0.00000000000000
34.279998779297	0.068253688514233	0.13308531045914	65.000000000000	0.00000000000000
34.290000915527	0.069081418216228	0.13423298299313	65.000000000000	0.00000000000000
34.299999237061	0.069911427795887	0.13537661731243	65.000000000000	0.00000000000000
34.310001373291	0.070743635296822	0.13651625812054	65.000000000000	0.00000000000000
34.319999694824	0.071577958762646	0.13765195012093	65.000000000000	0.00000000000000
34.330001831055	0.072414450347424	0.13878361880779	65.000000000000	0.00000000000000
34.340000152588	0.073252953588963	0.13991138339043	65.000000000000	0.00000000000000
34.349998474121	0.074093729257584	0.14103507995605	65.000000000000	0.00000000000000
34.360000610352	0.074936486780643	0.14215484261513	65.000000000000	0.00000000000000
34.369998931885	0.075781211256981	0.14327070116997	65.000000000000	0.00000000000000
34.380001068115	0.076628081500530	0.14438250660896	65.000000000000	0.00000000000000
34.389999389648	0.077476955950260	0.14549037814140	65.000000000000	0.00000000000000
34.400001525879	0.078327804803848	0.14659428596497	65.000000000000	0.00000000000000
34.409999847412	0.079180620610714	0.14769423007965	65.000000000000	0.00000000000000
34.419998168945	0.080035455524921	0.14879018068314	65.000000000000	0.00000000000000
34.430000305176	0.080892071127892	0.14988225698471	65.000000000000	0.00000000000000
34.439998626709	0.081750757992268	0.15097030997276	65.000000000000	0.00000000000000
34.450000762939	0.082611262798309	0.15205445885658	65.000000000000	0.00000000000000
34.459999084473	0.083473719656467	0.15313461422920	65.000000000000	0.00000000000000
34.470001220703	0.084337957203388	0.15421085059643	65.000000000000	0.00000000000000
34.479999542236	0.085204124450684	0.15528312325478	65.000000000000	0.00000000000000
34.490001678467	0.086072042584419	0.15635147690773	65.000000000000	0.00000000000000
34.500000000000	0.086941853165627	0.15741585195065	65.000000000000	0.00000000000000
34.509998321533	0.087813302874565	0.15847638249397	65.000000000000	0.00000000000000
34.520000457764	0.088686771690845	0.15953284502029	65.000000000000	0.00000000000000
34.529998779297	0.089561760425568	0.16058549284935	65.000000000000	0.00000000000000
34.540000915527	0.090438582003117	0.16163417696953	65.000000000000	0.00000000000000
34.549999237061	0.091317132115364	0.16267895698547	65.000000000000	0.00000000000000
34.560001373291	0.092197403311729	0.16371978819370	65.000000000000	0.00000000000000
34.569999694824	0.093079283833504	0.16475673019886	65.000000000000	0.00000000000000
34.580001831055	0.093962848186493	0.16578976809978	65.000000000000	0.00000000000000
34.590000152588	0.094848155975342	0.16681884229183	65.000000000000	0.00000000000000
34.599998474121	0.095734953880310	0.16784410178661	65.000000000000	0.00000000000000
34.610000610352	0.096623472869396	0.16886538267136	65.000000000000	0.00000000000000
34.619998931885	0.097513519227505	0.16988283395767	65.000000000000	0.00000000000000
34.630001068115	0.098405174911022	0.17089636623859	65.000000000000	0.00000000000000
34.639999389648	0.099298484623432	0.17190596461296	65.000000000000	0.00000000000000
34.650001525879	0.10019320994616	0.17291174829006	65.000000000000	0.00000000000000
34.659999847412	0.10108965635300	0.17391355335712	65.000000000000	0.00000000000000
34.669998168945	0.10198745876551	0.17491155862808	65.000000000000	0.00000000000000
34.680000305176	0.10288688540459	0.17590561509132	65.000000000000	0.00000000000000
34.689998626709	0.10378763824701	0.17689590156078	65.000000000000	0.00000000000000
34.700000762939	0.10468992590904	0.17788228392601	65.000000000000	0.00000000000000
34.709999084473	0.10559368878603	0.17886479198933	65.000000000000	0.00000000000000
34.720001220703	0.10649895668030	0.17984342575073	65.000000000000	0.00000000000000
34.729999542236	0.10740558803082	0.18081822991371	65.000000000000	0.00000000000000
34.740001678467	0.10831362754107	0.18178915977478	65.000000000000	0.00000000000000
34.750000000000	0.10922309756279	0.18275624513626	65.000000000000	0.00000000000000
34.759998321533	0.11013391613960	0.18371951580048	65.000000000000	0.00000000000000
34.770000457764	0.11104612052441	0.18467891216278	65.000000000000	0.00000000000000
34.779998779297	0.11195968091488	0.18563447892666	65.000000000000	0.00000000000000
34.790000915527	0.11287460476160	0.18658620119095	65.000000000000	0.00000000000000
34.799999237061	0.11379083245993	0.18753412365913	65.000000000000	0.00000000000000
34.810001373291	0.11470835655928	0.18847818672657	65.000000000000	0.00000000000000
34.819999694824	0.11562716960907	0.18941844999790	65.000000000000	0.00000000000000
34.830001831055	0.11654725670815	0.19035488367081	65.000000000000	0.00000000000000
34.840000152588	0.11746868491173	0.19128753244877	65.000000000000	0.00000000000000
34.849998474121	0.11839131265879	0.19221632182598	65.000000000000	0.00000000000000
34.860000610352	0.11931519210339	0.19314132630825	65.000000000000	0.00000000000000
34.869998931885	0.12024024873972	0.19406253099442	65.000000000000	0.00000000000000
34.880001068115	0.12116663902998	0.19497992098331	65.000000000000	0.00000000000000
34.889999389648	0.12209411710501	0.19589349627495	65.000000000000	0.00000000000000
34.900001525879	0.12302279472351	0.19680331647396	65.000000000000	0.00000000000000
34.909999847412	0.12395269423723	0.19770933687687	65.000000000000	0.00000000000000
34.919998168945	0.12488374859095	0.19861154258251	65.000000000000	0.00000000000000
34.930000305176	0.12581591308117	0.19950997829437	65.000000000000	0.00000000000000
34.939998626709	0.12674927711487	0.20040464401245	65.000000000000	0.00000000000000
34.950000762939	0.12768366932869	0.20129552483559	65.000000000000	0.00000000000000
34.959999084473	0.12861928343773	0.20218263566494	65.000000000000	0.00000000000000
34.970001220703	0.12955591082573	0.20306596159935	65.000000000000	0.00000000000000
34.979999542236	0.13049362599850	0.20394553244114	65.000000000000	0.00000000000000
34.990001678467	0.13143242895603	0.20482131838799	65.000000000000	0.00000000000000
35.000000000000	0.13237230479717	0.20569334924221	65.000000000000	0.00000000000000
