25.000000000000	0.55426675081253	-0.62231528759003	65.000000000000	0.00000000000000
25.010000228882	0.55315744876862	-0.62251609563828	65.000000000000	0.00000000000000
25.020000457764	0.55204576253891	-0.62271434068680	65.000000000000	0.00000000000000
25.030000686646	0.55093163251877	-0.62291014194489	65.000000000000	0.00000000000000
25.040000915527	0.54981535673141	-0.62310326099396	65.000000000000	0.00000000000000
25.049999237061	0.54869663715363	-0.62329387664795	65.000000000000	0.00000000000000
25.059999465942	0.54757583141327	-0.62348186969757	65.000000000000	0.00000000000000
25.069999694824	0.54645252227783	-0.62366724014282	65.000000000000	0.00000000000000
25.079999923706	0.54532706737518	-0.62385010719299	65.000000000000	0.00000000000000
25.090000152588	0.54419928789139	-0.62403029203415	65.000000000000	0.00000000000000
25.100000381470	0.54306930303574	-0.62420791387558	65.000000000000	0.00000000000000
25.110000610352	0.54193705320358	-0.62438285350800	65.000000000000	0.00000000000000
25.120000839233	0.54080247879028	-0.62455523014069	65.000000000000	0.00000000000000
25.129999160767	0.53966581821442	-0.62472492456436	65.000000000000	0.00000000000000
25.139999389648	0.53852695226669	-0.62489193677902	65.000000000000	0.00000000000000
25.149999618530	0.53738576173782	-0.62505632638931	65.000000000000	0.00000000000000
25.159999847412	0.53624236583710	-0.62521809339523	65.000000000000	0.00000000000000
25.170000076294	0.53509700298309	-0.62537723779678	65.000000000000	0.00000000000000
25.180000305176	0.53394925594330	-0.62553358078003	65.000000000000	0.00000000000000
25.190000534058	0.53279924392700	-0.62568730115891	65.000000000000	0.00000000000000
25.200000762939	0.53164720535278	-0.62583827972412	65.000000000000	0.00000000000000
25.209999084473	0.53049302101135	-0.62598663568497	65.000000000000	0.00000000000000
25.219999313354	0.52933663129807	-0.62613224983215	65.000000000000	0.00000000000000
25.229999542236	0.52817803621292	-0.62627518177032	65.000000000000	0.00000000000000
25.239999771118	0.52701753377914	-0.62641537189484	65.000000000000	0.00000000000000
25.250000000000	0.52585476636887	-0.62655282020569	65.000000000000	0.00000000000000
25.260000228882	0.52468979358673	-0.62668752670288	65.000000000000	0.00000000000000
25.270000457764	0.52352267503738	-0.62681955099106	65.000000000000	0.00000000000000
25.280000686646	0.52235358953476	-0.62694877386093	65.000000000000	0.00000000000000
25.290000915527	0.52118235826492	-0.62707525491714	65.000000000000	0.00000000000000
25.299999237061	0.52000904083252	-0.62719893455505	65.000000000000	0.00000000000000
25.309999465942	0.51883345842361	-0.62731993198395	65.000000000000	0.00000000000000
25.319999694824	0.51765596866608	-0.62743806838989	65.000000000000	0.00000000000000
25.329999923706	0.51647651195526	-0.62755346298218	65.000000000000	0.00000000000000
25.340000152588	0.51529479026794	-0.62766605615616	65.000000000000	0.00000000000000
25.350000381470	0.51411092281342	-0.62777584791183	65.000000000000	0.00000000000000
25.360000610352	0.51292520761490	-0.62788283824921	65.000000000000	0.00000000000000
25.370000839233	0.51173740625381	-0.62798696756363	65.000000000000	0.00000000000000
25.379999160767	0.51054739952087	-0.62808829545975	65.000000000000	0.00000000000000
25.389999389648	0.50935536623001	-0.62818700075150	65.000000000000	0.00000000000000
25.399999618530	0.50816172361374	-0.62828230857849	65.000000000000	0.00000000000000
25.409999847412	0.50696539878845	-0.62837535142899	65.000000000000	0.00000000000000
25.420000076294	0.50576764345169	-0.62846511602402	65.000000000000	0.00000000000000
25.430000305176	0.50456744432449	-0.62855231761932	65.000000000000	0.00000000000000
25.440000534058	0.50336545705795	-0.62863641977310	65.000000000000	0.00000000000000
25.450000762939	0.50216114521027	-0.62871801853180	65.000000000000	0.00000000000000
25.459999084473	0.50095504522324	-0.62879639863968	65.000000000000	0.00000000000000
25.469999313354	0.49974691867828	-0.62887203693390	65.000000000000	0.00000000000000
25.479999542236	0.49853673577309	-0.62894475460052	65.000000000000	0.00000000000000
25.489999771118	0.49732446670532	-0.62901455163956	65.000000000000	0.00000000000000
25.500000000000	0.49611055850983	-0.62908136844635	65.000000000000	0.00000000000000
25.510000228882	0.49489456415176	-0.62914514541626	65.000000000000	0.00000000000000
25.520000457764	0.49367630481720	-0.62920624017715	65.000000000000	0.00000000000000
25.530000686646	0.49245631694794	-0.62926423549652	65.000000000000	0.00000000000000
25.540000915527	0.49123403429985	-0.62931954860687	65.000000000000	0.00000000000000
25.549999237061	0.49001038074493	-0.62937140464783	65.000000000000	0.00000000000000
25.559999465942	0.48878416419029	-0.62942075729370	65.000000000000	0.00000000000000
25.569999694824	0.48755657672882	-0.62946671247482	65.000000000000	0.00000000000000
25.579999923706	0.48632642626762	-0.62951010465622	65.000000000000	0.00000000000000
25.590000152588	0.48509457707405	-0.62955021858215	65.000000000000	0.00000000000000
25.600000381470	0.48386085033417	-0.62958747148514	65.000000000000	0.00000000000000
25.610000610352	0.48262518644333	-0.62962156534195	65.000000000000	0.00000000000000
25.620000839233	0.48138725757599	-0.62965285778046	65.000000000000	0.00000000000000
25.629999160767	0.48014774918556	-0.62968093156815	65.000000000000	0.00000000000000
25.639999389648	0.47890633344650	-0.62970590591431	65.000000000000	0.00000000000000
25.649999618530	0.47766268253326	-0.62972801923752	65.000000000000	0.00000000000000
25.659999847412	0.47641751170158	-0.62974685430527	65.000000000000	0.00000000000000
25.670000076294	0.47517007589340	-0.62976270914078	65.000000000000	0.00000000000000
25.680000305176	0.47392079234123	-0.62977558374405	65.000000000000	0.00000000000000
25.690000534058	0.47266936302185	-0.62978547811508	65.000000000000	0.00000000000000
25.700000762939	0.47141665220261	-0.62979173660278	65.000000000000	0.00000000000000
25.709999084473	0.47016152739525	-0.62979543209076	65.000000000000	0.00000000000000
25.719999313354	0.46890446543694	-0.62979578971863	65.000000000000	0.00000000000000
25.729999542236	0.46764570474625	-0.62979304790497	65.000000000000	0.00000000000000
25.739999771118	0.46638500690460	-0.62978708744049	65.000000000000	0.00000000000000
25.750000000000	0.46512222290039	-0.62977808713913	65.000000000000	0.00000000000000
25.760000228882	0.46385768055916	-0.62976586818695	65.000000000000	0.00000000000000
25.770000457764	0.46259129047394	-0.62975049018860	65.000000000000	0.00000000000000
25.780000686646	0.46132314205170	-0.62973177433014	65.000000000000	0.00000000000000
25.790000915527	0.46005287766457	-0.62970989942551	65.000000000000	0.00000000000000
25.799999237061	0.45878088474274	-0.62968492507935	65.000000000000	0.00000000000000
25.809999465942	0.45750692486763	-0.62965667247772	65.000000000000	0.00000000000000
25.819999694824	0.45623111724854	-0.62962526082993	65.000000000000	0.00000000000000
25.829999923706	0.45495334267616	-0.62959039211273	65.000000000000	0.00000000000000
25.840000152588	0.45367386937141	-0.62955242395401	65.000000000000	0.00000000000000
25.850000381470	0.45239248871803	-0.62951117753983	65.000000000000	0.00000000000000
25.860000610352	0.45110926032066	-0.62946665287018	65.000000000000	0.00000000000000
25.870000839233	0.44982412457466	-0.62941879034042	65.000000000000	0.00000000000000
25.879999160767	0.44853717088699	-0.62936753034592	65.000000000000	0.00000000000000
25.889999389648	0.44724839925766	-0.62931305170059	65.000000000000	0.00000000000000
25.899999618530	0.44595769047737	-0.62925523519516	65.000000000000	0.00000000000000
25.909999847412	0.44466525316238	-0.62919408082962	65.000000000000	0.00000000000000
25.920000076294	0.44337078928947	-0.62912952899933	65.000000000000	0.00000000000000
25.930000305176	0.44207468628883	-0.62906163930893	65.000000000000	0.00000000000000
25.940000534058	0.44077655673027	-0.62899029254913	65.000000000000	0.00000000000000
25.950000762939	0.43947684764862	-0.62891560792923	65.000000000000	0.00000000000000
25.959999084473	0.43817520141602	-0.62883740663528	65.000000000000	0.00000000000000
25.969999313354	0.43687176704407	-0.62875586748123	65.000000000000	0.00000000000000
25.979999542236	0.43556648492813	-0.62867087125778	65.000000000000	0.00000000000000
25.989999771118	0.43425932526588	-0.62858235836029	65.000000000000	0.00000000000000
26.000000000000	0.43295061588287	-0.62849044799805	65.000000000000	0.00000000000000
26.010000228882	0.43163987994194	-0.62839502096176	65.000000000000	0.00000000000000
26.020000457764	0.43032741546631	-0.62829607725143	65.000000000000	0.00000000000000
26.030000686646	0.42901316285133	-0.62819361686707	65.000000000000	0.00000000000000
26.040000915527	0.42769712209702	-0.62808763980865	65.000000000000	0.00000000000000
26.049999237061	0.42637920379639	-0.62797814607620	65.000000000000	0.00000000000000
26.059999465942	0.42505973577499	-0.62786501646042	65.000000000000	0.00000000000000
26.069999694824	0.42373842000961	-0.62774831056595	65.000000000000	0.00000000000000
26.079999923706	0.42241513729095	-0.62762808799744	65.000000000000	0.00000000000000
26.090000152588	0.42109033465385	-0.62750422954559	65.000000000000	0.00000000000000
26.100000381470	0.41976371407509	-0.62737673521042	65.000000000000	0.00000000000000
26.110000610352	0.41843530535698	-0.62724566459656	65.000000000000	0.00000000000000
26.120000839233	0.41710516810417	-0.62711089849472	65.000000000000	0.00000000000000
26.129999160767	0.41577336192131	-0.62697243690491	65.000000000000	0.00000000000000
26.139999389648	0.41443976759911	-0.62683033943176	65.000000000000	0.00000000000000
26.149999618530	0.41310444474220	-0.62668448686600	65.000000000000	0.00000000000000
26.159999847412	0.41176736354828	-0.62653493881226	65.000000000000	0.00000000000000
26.170000076294	0.41042864322662	-0.62638163566589	65.000000000000	0.00000000000000
26.180000305176	0.40908810496330	-0.62622457742691	65.000000000000	0.00000000000000
26.190000534058	0.40774601697922	-0.62606382369995	65.000000000000	0.00000000000000
26.200000762939	0.40640220046043	-0.62589925527573	65.000000000000	0.00000000000000
26.209999084473	0.40505653619766	-0.62573087215424	65.000000000000	0.00000000000000
26.219999313354	0.40370938181877	-0.62555873394012	65.000000000000	0.00000000000000
26.229999542236	0.40236049890518	-0.62538266181946	65.000000000000	0.00000000000000
26.239999771118	0.40100991725922	-0.62520277500153	65.000000000000	0.00000000000000
26.250000000000	0.39965778589249	-0.62501907348633	65.000000000000	0.00000000000000
26.260000228882	0.39830395579338	-0.62483143806458	65.000000000000	0.00000000000000
26.270000457764	0.39694848656654	-0.62463992834091	65.000000000000	0.00000000000000
26.280000686646	0.39559143781662	-0.62444442510605	65.000000000000	0.00000000000000
26.290000915527	0.39423260092735	-0.62424510717392	65.000000000000	0.00000000000000
26.299999237061	0.39287218451500	-0.62404179573059	65.000000000000	0.00000000000000
26.309999465942	0.39151036739349	-0.62383443117142	65.000000000000	0.00000000000000
26.319999694824	0.39014676213264	-0.62362319231033	65.000000000000	0.00000000000000
26.329999923706	0.38878163695335	-0.62340784072876	65.000000000000	0.00000000000000
26.340000152588	0.38741478323936	-0.62318849563599	65.000000000000	0.00000000000000
26.350000381470	0.38604640960693	-0.62296521663666	65.000000000000	0.00000000000000
26.360000610352	0.38467669487000	-0.62273770570755	65.000000000000	0.00000000000000
26.370000839233	0.38330531120300	-0.62250626087189	65.000000000000	0.00000000000000
26.379999160767	0.38193222880363	-0.62227064371109	65.000000000000	0.00000000000000
26.389999389648	0.38055783510208	-0.62203097343445	65.000000000000	0.00000000000000
26.399999618530	0.37918168306351	-0.62178713083267	65.000000000000	0.00000000000000
26.409999847412	0.37780421972275	-0.62153917551041	65.000000000000	0.00000000000000
26.420000076294	0.37642517685890	-0.62128704786301	65.000000000000	0.00000000000000
26.430000305176	0.37504464387894	-0.62103062868118	65.000000000000	0.00000000000000
26.440000534058	0.37366253137589	-0.62077009677887	65.000000000000	0.00000000000000
26.450000762939	0.37227907776833	-0.62050533294678	65.000000000000	0.00000000000000
26.459999084473	0.37089419364929	-0.62023627758026	65.000000000000	0.00000000000000
26.469999313354	0.36950778961182	-0.61996304988861	65.000000000000	0.00000000000000
26.479999542236	0.36811995506287	-0.61968541145325	65.000000000000	0.00000000000000
26.489999771118	0.36673057079315	-0.61940360069275	65.000000000000	0.00000000000000
26.500000000000	0.36533993482590	-0.61911749839783	65.000000000000	0.00000000000000
26.510000228882	0.36394795775414	-0.61882692575455	65.000000000000	0.00000000000000
26.520000457764	0.36255440115929	-0.61853212118149	65.000000000000	0.00000000000000
26.530000686646	0.36115953326225	-0.61823284626007	65.000000000000	0.00000000000000
26.540000915527	0.35976320505142	-0.61792922019958	65.000000000000	0.00000000000000
26.549999237061	0.35836583375931	-0.61762118339539	65.000000000000	0.00000000000000
26.559999465942	0.35696685314178	-0.61730873584747	65.000000000000	0.00000000000000
26.569999694824	0.35556662082672	-0.61699175834656	65.000000000000	0.00000000000000
26.579999923706	0.35416516661644	-0.61667042970657	65.000000000000	0.00000000000000
26.590000152588	0.35276225209236	-0.61634457111359	65.000000000000	0.00000000000000
26.600000381470	0.35135811567307	-0.61601418256760	65.000000000000	0.00000000000000
26.610000610352	0.34995266795158	-0.61567932367325	65.000000000000	0.00000000000000
26.620000839233	0.34854599833488	-0.61533987522125	65.000000000000	0.00000000000000
26.629999160767	0.34713822603226	-0.61499583721161	65.000000000000	0.00000000000000
26.639999389648	0.34572902321815	-0.61464732885361	65.000000000000	0.00000000000000
26.649999618530	0.34431886672974	-0.61429411172867	65.000000000000	0.00000000000000
26.659999847412	0.34290724992752	-0.61393630504608	65.000000000000	0.00000000000000
26.670000076294	0.34149461984634	-0.61357390880585	65.000000000000	0.00000000000000
26.680000305176	0.34008073806763	-0.61320686340332	65.000000000000	0.00000000000000
26.690000534058	0.33866584300995	-0.61283504962921	65.000000000000	0.00000000000000
26.700000762939	0.33724972605705	-0.61245858669281	65.000000000000	0.00000000000000
26.709999084473	0.33583244681358	-0.61207741498947	65.000000000000	0.00000000000000
26.719999313354	0.33441418409348	-0.61169153451920	65.000000000000	0.00000000000000
26.729999542236	0.33299461007118	-0.61130088567734	65.000000000000	0.00000000000000
26.739999771118	0.33157408237457	-0.61090540885925	65.000000000000	0.00000000000000
26.750000000000	0.33015263080597	-0.61050522327423	65.000000000000	0.00000000000000
26.760000228882	0.32873007655144	-0.61010026931763	65.000000000000	0.00000000000000
26.770000457764	0.32730647921562	-0.60969042778015	65.000000000000	0.00000000000000
26.780000686646	0.32588183879852	-0.60927575826645	65.000000000000	0.00000000000000
26.790000915527	0.32445648312569	-0.60885620117188	65.000000000000	0.00000000000000
26.799999237061	0.32302993535995	-0.60843175649643	65.000000000000	0.00000000000000
26.809999465942	0.32160255312920	-0.60800242424011	65.000000000000	0.00000000000000
26.819999694824	0.32017409801483	-0.60756820440292	65.000000000000	0.00000000000000
26.829999923706	0.31874495744705	-0.60712903738022	65.000000000000	0.00000000000000
26.840000152588	0.31731471419334	-0.60668492317200	65.000000000000	0.00000000000000
26.850000381470	0.31588375568390	-0.60623586177826	65.000000000000	0.00000000000000
26.860000610352	0.31445202231407	-0.60578179359436	65.000000000000	0.00000000000000
26.870000839233	0.31301930546761	-0.60532265901566	65.000000000000	0.00000000000000
26.879999160767	0.31158584356308	-0.60485857725143	65.000000000000	0.00000000000000
26.889999389648	0.31015154719353	-0.60438936948776	65.000000000000	0.00000000000000
26.899999618530	0.30871659517288	-0.60391521453857	65.000000000000	0.00000000000000
26.909999847412	0.30728083848953	-0.60343593358994	65.000000000000	0.00000000000000
26.920000076294	0.30584448575974	-0.60295152664185	65.000000000000	0.00000000000000
26.930000305176	0.30440735816956	-0.60246199369431	65.000000000000	0.00000000000000
26.940000534058	0.30296948552132	-0.60196733474731	65.000000000000	0.00000000000000
26.950000762939	0.30153107643127	-0.60146760940552	65.000000000000	0.00000000000000
26.959999084473	0.30009198188782	-0.60096263885498	65.000000000000	0.00000000000000
26.969999313354	0.29865220189095	-0.60045248270035	65.000000000000	0.00000000000000
26.979999542236	0.29721191525459	-0.59993720054626	65.000000000000	0.00000000000000
26.989999771118	0.29577100276947	-0.59941661357880	65.000000000000	0.00000000000000
27.000000000000	0.29432961344719	-0.59889078140259	65.000000000000	0.00000000000000
27.010000228882	0.29288780689240	-0.59835976362228	65.000000000000	0.00000000000000
27.020000457764	0.29144531488419	-0.59782350063324	65.000000000000	0.00000000000000
27.030000686646	0.29000237584114	-0.59728187322617	65.000000000000	0.00000000000000
27.040000915527	0.28855910897255	-0.59673494100571	65.000000000000	0.00000000000000
27.049999237061	0.28711548447609	-0.59618270397186	65.000000000000	0.00000000000000
27.059999465942	0.28567123413086	-0.59562522172928	65.000000000000	0.00000000000000
27.069999694824	0.28422668576241	-0.59506237506866	65.000000000000	0.00000000000000
27.079999923706	0.28278183937073	-0.59449410438538	65.000000000000	0.00000000000000
27.090000152588	0.28133675456047	-0.59392046928406	65.000000000000	0.00000000000000
27.100000381470	0.27989110350609	-0.59334141016006	65.000000000000	0.00000000000000
27.110000610352	0.27844542264938	-0.59275698661804	65.000000000000	0.00000000000000
27.120000839233	0.27699941396713	-0.59216707944870	65.000000000000	0.00000000000000
27.129999160767	0.27555319666862	-0.59157174825668	65.000000000000	0.00000000000000
27.139999389648	0.27410671114922	-0.59097099304199	65.000000000000	0.00000000000000
27.149999618530	0.27266013622284	-0.59036481380463	65.000000000000	0.00000000000000
27.159999847412	0.27121344208717	-0.58975303173065	65.000000000000	0.00000000000000
27.170000076294	0.26976653933525	-0.58913582563400	65.000000000000	0.00000000000000
27.180000305176	0.26831957697868	-0.58851313591003	65.000000000000	0.00000000000000
27.190000534058	0.26687261462212	-0.58788484334946	65.000000000000	0.00000000000000
27.200000762939	0.26542547345161	-0.58725100755692	65.000000000000	0.00000000000000
27.209999084473	0.26397839188576	-0.58661162853241	65.000000000000	0.00000000000000
27.219999313354	0.26253148913383	-0.58596670627594	65.000000000000	0.00000000000000
27.229999542236	0.26108437776566	-0.58531612157822	65.000000000000	0.00000000000000
27.239999771118	0.25963735580444	-0.58465999364853	65.000000000000	0.00000000000000
27.250000000000	0.25819063186646	-0.58399820327759	65.000000000000	0.00000000000000
27.260000228882	0.25674390792847	-0.58333086967468	65.000000000000	0.00000000000000
27.270000457764	0.25529736280441	-0.58265787363052	65.000000000000	0.00000000000000
27.280000686646	0.25385102629662	-0.58197921514511	65.000000000000	0.00000000000000
27.290000915527	0.25240489840508	-0.58129483461380	65.000000000000	0.00000000000000
27.299999237061	0.25095888972282	-0.58060491085052	65.000000000000	0.00000000000000
27.309999465942	0.24951331317425	-0.57990914583206	65.000000000000	0.00000000000000
27.319999694824	0.24806804955006	-0.57920777797699	65.000000000000	0.00000000000000
27.329999923706	0.24662309885025	-0.57850068807602	65.000000000000	0.00000000000000
27.340000152588	0.24517852067947	-0.57778787612915	65.000000000000	0.00000000000000
27.350000381470	0.24373432993889	-0.57706928253174	65.000000000000	0.00000000000000
27.360000610352	0.24229054152966	-0.57634490728378	65.000000000000	0.00000000000000
27.370000839233	0.24084708094597	-0.57561486959457	65.000000000000	0.00000000000000
27.379999160767	0.23940418660641	-0.57487899065018	65.000000000000	0.00000000000000
27.389999389648	0.23796182870865	-0.57413744926453	65.000000000000	0.00000000000000
27.399999618530	0.23652009665966	-0.57339000701904	65.000000000000	0.00000000000000
27.409999847412	0.23507882654667	-0.57263684272766	65.000000000000	0.00000000000000
27.420000076294	0.23363807797432	-0.57187771797180	65.000000000000	0.00000000000000
27.430000305176	0.23219825327396	-0.57111299037933	65.000000000000	0.00000000000000
27.440000534058	0.23075877130032	-0.57034230232239	65.000000000000	0.00000000000000
27.450000762939	0.22932022809982	-0.56956577301025	65.000000000000	0.00000000000000
27.459999084473	0.22788237035275	-0.56878346204758	65.000000000000	0.00000000000000
27.469999313354	0.22644521296024	-0.56799519062042	65.000000000000	0.00000000000000
27.479999542236	0.22500897943974	-0.56720107793808	65.000000000000	0.00000000000000
27.489999771118	0.22357349097729	-0.56640118360519	65.000000000000	0.00000000000000
27.500000000000	0.22213880717754	-0.56559532880783	65.000000000000	0.00000000000000
27.510000228882	0.22070495784283	-0.56478363275528	65.000000000000	0.00000000000000
27.520000457764	0.21927225589752	-0.56396603584290	65.000000000000	0.00000000000000
27.530000686646	0.21784043312073	-0.56314247846603	65.000000000000	0.00000000000000
27.540000915527	0.21640938520432	-0.56231307983398	65.000000000000	0.00000000000000
27.549999237061	0.21497957408428	-0.56147772073746	65.000000000000	0.00000000000000
27.559999465942	0.21355099976063	-0.56063640117645	65.000000000000	0.00000000000000
27.569999694824	0.21212317049503	-0.55978918075562	65.000000000000	0.00000000000000
27.579999923706	0.21069662272930	-0.55893599987030	65.000000000000	0.00000000000000
27.590000152588	0.20927116274834	-0.55807691812515	65.000000000000	0.00000000000000
27.600000381470	0.20784707367420	-0.55721187591553	65.000000000000	0.00000000000000
27.610000610352	0.20642396807671	-0.55634093284607	65.000000000000	0.00000000000000
27.620000839233	0.20500227808952	-0.55546385049820	65.000000000000	0.00000000000000
27.629999160767	0.20358179509640	-0.55458098649979	65.000000000000	0.00000000000000
27.639999389648	0.20216277241707	-0.55369204282761	65.000000000000	0.00000000000000
27.649999618530	0.20074500143528	-0.55279713869095	65.000000000000	0.00000000000000
27.659999847412	0.19932864606380	-0.55189627408981	65.000000000000	0.00000000000000
27.670000076294	0.19791372120380	-0.55098938941956	65.000000000000	0.00000000000000
27.680000305176	0.19650027155876	-0.55007654428482	65.000000000000	0.00000000000000
27.690000534058	0.19508832693100	-0.54915773868561	65.000000000000	0.00000000000000
27.700000762939	0.19367776811123	-0.54823291301727	65.000000000000	0.00000000000000
27.709999084473	0.19226905703545	-0.54730212688446	65.000000000000	0.00000000000000
27.719999313354	0.19086177647114	-0.54636526107788	65.000000000000	0.00000000000000
27.729999542236	0.18945626914501	-0.54542237520218	65.000000000000	0.00000000000000
27.739999771118	0.18805228173733	-0.54447358846664	65.000000000000	0.00000000000000
27.750000000000	0.18665012717247	-0.54351872205734	65.000000000000	0.00000000000000
27.760000228882	0.18524953722954	-0.54255783557892	65.000000000000	0.00000000000000
27.770000457764	0.18385080993176	-0.54159098863602	65.000000000000	0.00000000000000
27.780000686646	0.18245400488377	-0.54061806201935	65.000000000000	0.00000000000000
27.790000915527	0.18105886876583	-0.53963911533356	65.000000000000	0.00000000000000
27.799999237061	0.17966574430466	-0.53865426778793	65.000000000000	0.00000000000000
27.809999465942	0.17827455699444	-0.53766328096390	65.000000000000	0.00000000000000
27.819999694824	0.17688532173634	-0.53666639328003	65.000000000000	0.00000000000000
27.829999923706	0.17549814283848	-0.53566342592239	65.000000000000	0.00000000000000
27.840000152588	0.17411291599274	-0.53465443849564	65.000000000000	0.00000000000000
27.850000381470	0.17272967100143	-0.53363943099976	65.000000000000	0.00000000000000
27.860000610352	0.17134861648083	-0.53261846303940	65.000000000000	0.00000000000000
27.870000839233	0.16996958851814	-0.53159141540527	65.000000000000	0.00000000000000
27.879999160767	0.16859292984009	-0.53055834770203	65.000000000000	0.00000000000000
27.889999389648	0.16721840202808	-0.52951937913895	65.000000000000	0.00000000000000
27.899999618530	0.16584600508213	-0.52847433090210	65.000000000000	0.00000000000000
27.909999847412	0.16447606682777	-0.52742326259613	65.000000000000	0.00000000000000
27.920000076294	0.16310845315456	-0.52636617422104	65.000000000000	0.00000000000000
27.930000305176	0.16174298524857	-0.52530312538147	65.000000000000	0.00000000000000
27.940000534058	0.16038018465042	-0.52423405647278	65.000000000000	0.00000000000000
27.950000762939	0.15901954472065	-0.52315908670425	65.000000000000	0.00000000000000
27.959999084473	0.15766154229641	-0.52207809686661	65.000000000000	0.00000000000000
27.969999313354	0.15630601346493	-0.52099102735519	65.000000000000	0.00000000000000
27.979999542236	0.15495303273201	-0.51989811658859	65.000000000000	0.00000000000000
27.989999771118	0.15360261499882	-0.51879912614822	65.000000000000	0.00000000000000
28.000000000000	0.15225467085838	-0.51769417524338	65.000000000000	0.00000000000000
28.010000228882	0.15090961754322	-0.51658326387405	65.000000000000	0.00000000000000
28.020000457764	0.14956699311733	-0.51546651124954	65.000000000000	0.00000000000000
28.030000686646	0.14822754263878	-0.51434361934662	65.000000000000	0.00000000000000
28.040000915527	0.14689056575298	-0.51321482658386	65.000000000000	0.00000000000000
28.049999237061	0.14555610716343	-0.51208019256592	65.000000000000	0.00000000000000
28.059999465942	0.14422470331192	-0.51093959808350	65.000000000000	0.00000000000000
28.069999694824	0.14289633929729	-0.50979298353195	65.000000000000	0.00000000000000
28.079999923706	0.14157059788704	-0.50864052772522	65.000000000000	0.00000000000000
28.090000152588	0.14024800062180	-0.50748211145401	65.000000000000	0.00000000000000
28.100000381470	0.13892832398415	-0.50631785392761	65.000000000000	0.00000000000000
28.110000610352	0.13761156797409	-0.50514757633209	65.000000000000	0.00000000000000
28.120000839233	0.13629807531834	-0.50397151708603	65.000000000000	0.00000000000000
28.129999160767	0.13498757779598	-0.50278955698013	65.000000000000	0.00000000000000
28.139999389648	0.13368013501167	-0.50160169601440	65.000000000000	0.00000000000000
28.149999618530	0.13237601518631	-0.50040793418884	65.000000000000	0.00000000000000
28.159999847412	0.13107477128506	-0.49920848011971	65.000000000000	0.00000000000000
28.170000076294	0.12977714836597	-0.49800300598145	65.000000000000	0.00000000000000
28.180000305176	0.12848246097565	-0.49679177999496	65.000000000000	0.00000000000000
28.190000534058	0.12719123065472	-0.49557474255562	65.000000000000	0.00000000000000
28.200000762939	0.12590323388577	-0.49435192346573	65.000000000000	0.00000000000000
28.209999084473	0.12461875379086	-0.49312323331833	65.000000000000	0.00000000000000
28.219999313354	0.12333756685257	-0.49188882112503	65.000000000000	0.00000000000000
28.229999542236	0.12206019461155	-0.49064850807190	65.000000000000	0.00000000000000
28.239999771118	0.12078595906496	-0.48940253257751	65.000000000000	0.00000000000000
28.250000000000	0.11951535940170	-0.48815080523491	65.000000000000	0.00000000000000
28.260000228882	0.11824842542410	-0.48689323663712	65.000000000000	0.00000000000000
28.270000457764	0.11698494851589	-0.48563000559807	65.000000000000	0.00000000000000
28.280000686646	0.11572474241257	-0.48436117172241	65.000000000000	0.00000000000000
28.290000915527	0.11446875333786	-0.48308649659157	65.000000000000	0.00000000000000
28.299999237061	0.11321633309126	-0.48180612921715	65.000000000000	0.00000000000000
28.309999465942	0.11196773499250	-0.48052006959915	65.000000000000	0.00000000000000
28.319999694824	0.11072252690792	-0.47922846674919	65.000000000000	0.00000000000000
28.329999923706	0.10948144644499	-0.47793117165565	65.000000000000	0.00000000000000
28.340000152588	0.10824426263571	-0.47662815451622	65.000000000000	0.00000000000000
28.350000381470	0.10701081156731	-0.47531959414482	65.000000000000	0.00000000000000
28.360000610352	0.10578132420778	-0.47400546073914	65.000000000000	0.00000000000000
28.370000839233	0.10455586016178	-0.47268569469452	65.000000000000	0.00000000000000
28.379999160767	0.10333442687988	-0.47136029601097	65.000000000000	0.00000000000000
28.389999389648	0.10211683809757	-0.47002947330475	65.000000000000	0.00000000000000
28.399999618530	0.10090335458517	-0.46869301795959	65.000000000000	0.00000000000000
28.409999847412	0.099693998694420	-0.46735107898712	65.000000000000	0.00000000000000
28.420000076294	0.098488800227642	-0.46600362658501	65.000000000000	0.00000000000000
28.430000305176	0.097287803888321	-0.46465066075325	65.000000000000	0.00000000000000
28.440000534058	0.096091017127037	-0.46329224109650	65.000000000000	0.00000000000000
28.450000762939	0.094898268580437	-0.46192839741707	65.000000000000	0.00000000000000
28.459999084473	0.093710027635098	-0.46055909991264	65.000000000000	0.00000000000000
28.469999313354	0.092525884509087	-0.45918440818787	65.000000000000	0.00000000000000
28.479999542236	0.091346509754658	-0.45780417323112	65.000000000000	0.00000000000000
28.489999771118	0.090171076357365	-0.45641875267029	65.000000000000	0.00000000000000
28.500000000000	0.089000277221203	-0.45502787828445	65.000000000000	0.00000000000000
28.510000228882	0.087833680212498	-0.45363172888756	65.000000000000	0.00000000000000
28.520000457764	0.086671762168407	-0.45223018527031	65.000000000000	0.00000000000000
28.530000686646	0.085514128208160	-0.45082336664200	65.000000000000	0.00000000000000
28.540000915527	0.084361441433430	-0.44941121339798	65.000000000000	0.00000000000000
28.549999237061	0.083212882280350	-0.44799390435219	65.000000000000	0.00000000000000
28.559999465942	0.082069337368011	-0.44657126069069	65.000000000000	0.00000000000000
28.569999694824	0.080930173397064	-0.44514346122742	65.000000000000	0.00000000000000
28.579999923706	0.079795666038990	-0.44371044635773	65.000000000000	0.00000000000000
28.590000152588	0.078666038811207	-0.44227224588394	65.000000000000	0.00000000000000
28.600000381470	0.077541090548038	-0.44082885980606	65.000000000000	0.00000000000000
28.610000610352	0.076420888304710	-0.43938037753105	65.000000000000	0.00000000000000
28.620000839233	0.075305648148060	-0.43792676925659	65.000000000000	0.00000000000000
28.629999160767	0.074195094406605	-0.43646809458733	65.000000000000	0.00000000000000
28.639999389648	0.073089450597763	-0.43500432372093	65.000000000000	0.00000000000000
28.649999618530	0.071988761425018	-0.43353551626205	65.000000000000	0.00000000000000
28.659999847412	0.070893041789532	-0.43206173181534	65.000000000000	0.00000000000000
28.670000076294	0.069802217185497	-0.43058291077614	65.000000000000	0.00000000000000
28.680000305176	0.068716324865818	-0.42909914255142	65.000000000000	0.00000000000000
28.690000534058	0.067635595798492	-0.42761042714119	65.000000000000	0.00000000000000
28.700000762939	0.066559948027134	-0.42611676454544	65.000000000000	0.00000000000000
28.709999084473	0.065489314496517	-0.42461824417114	65.000000000000	0.00000000000000
28.719999313354	0.064423814415932	-0.42311480641365	65.000000000000	0.00000000000000
28.729999542236	0.063363589346409	-0.42160651087761	65.000000000000	0.00000000000000
28.739999771118	0.062308464199305	-0.42009344696999	65.000000000000	0.00000000000000
28.750000000000	0.061258554458618	-0.41857552528381	65.000000000000	0.00000000000000
28.760000228882	0.060213994234800	-0.41705286502838	65.000000000000	0.00000000000000
28.770000457764	0.059174608439207	-0.41552546620369	65.000000000000	0.00000000000000
28.780000686646	0.058140628039837	-0.41399335861206	65.000000000000	0.00000000000000
28.790000915527	0.057111874222755	-0.41245654225349	65.000000000000	0.00000000000000
28.799999237061	0.056088574230671	-0.41091504693031	65.000000000000	0.00000000000000
28.809999465942	0.055070661008358	-0.40936890244484	65.000000000000	0.00000000000000
28.819999694824	0.054058242589235	-0.40781813859940	65.000000000000	0.00000000000000
28.829999923706	0.053051169961691	-0.40626284480095	65.000000000000	0.00000000000000
28.840000152588	0.052049744874239	-0.40470299124718	65.000000000000	0.00000000000000
28.850000381470	0.051053710281849	-0.40313854813576	65.000000000000	0.00000000000000
28.860000610352	0.050063278526068	-0.40156963467598	65.000000000000	0.00000000000000
28.870000839233	0.049078483134508	-0.39999625086784	65.000000000000	0.00000000000000
28.879999160767	0.048099249601364	-0.39841842651367	65.000000000000	0.00000000000000
28.889999389648	0.047125600278378	-0.39683616161346	65.000000000000	0.00000000000000
28.899999618530	0.046157658100128	-0.39524951577187	65.000000000000	0.00000000000000
28.909999847412	0.045195352286100	-0.39365854859352	65.000000000000	0.00000000000000
28.920000076294	0.044238891452551	-0.39206320047379	65.000000000000	0.00000000000000
28.930000305176	0.043288115411997	-0.39046362042427	65.000000000000	0.00000000000000
28.940000534058	0.042343050241470	-0.38885965943336	65.000000000000	0.00000000000000
28.950000762939	0.041403900831938	-0.38725158572197	65.000000000000	0.00000000000000
28.959999084473	0.040470514446497	-0.38563925027847	65.000000000000	0.00000000000000
28.969999313354	0.039542999118567	-0.38402274250984	65.000000000000	0.00000000000000
28.979999542236	0.038621377199888	-0.38240206241608	65.000000000000	0.00000000000000
28.989999771118	0.037705678492785	-0.38077726960182	65.000000000000	0.00000000000000
29.000000000000	0.036795832216740	-0.37914845347404	65.000000000000	0.00000000000000
29.010000228882	0.035891946405172	-0.37751552462578	65.000000000000	0.00000000000000
29.020000457764	0.034994143992662	-0.37587857246399	65.000000000000	0.00000000000000
29.030000686646	0.034102350473404	-0.37423765659332	65.000000000000	0.00000000000000
29.040000915527	0.033216498792171	-0.37259280681610	65.000000000000	0.00000000000000
29.049999237061	0.032336700707674	-0.37094399333000	65.000000000000	0.00000000000000
29.059999465942	0.031463161110878	-0.36929127573967	65.000000000000	0.00000000000000
29.069999694824	0.030595539137721	-0.36763471364975	65.000000000000	0.00000000000000
29.079999923706	0.029734130948782	-0.36597433686256	65.000000000000	0.00000000000000
29.090000152588	0.028878860175610	-0.36431014537811	65.000000000000	0.00000000000000
29.100000381470	0.028029838576913	-0.36264216899872	65.000000000000	0.00000000000000
29.110000610352	0.027186999097466	-0.36097046732903	65.000000000000	0.00000000000000
29.120000839233	0.026350369676948	-0.35929509997368	65.000000000000	0.00000000000000
29.129999160767	0.025519961491227	-0.35761606693268	65.000000000000	0.00000000000000
29.139999389648	0.024695798754692	-0.35593339800835	65.000000000000	0.00000000000000
29.149999618530	0.023877991363406	-0.35424709320068	65.000000000000	0.00000000000000
29.159999847412	0.023066466674209	-0.35255730152130	65.000000000000	0.00000000000000
29.170000076294	0.022261334583163	-0.35086393356323	65.000000000000	0.00000000000000
29.180000305176	0.021462529897690	-0.34916707873344	65.000000000000	0.00000000000000
29.190000534058	0.020670151337981	-0.34746676683426	65.000000000000	0.00000000000000
29.200000762939	0.019884139299393	-0.34576305747032	65.000000000000	0.00000000000000
29.209999084473	0.019104594364762	-0.34405592083931	65.000000000000	0.00000000000000
29.219999313354	0.018331451341510	-0.34234541654587	65.000000000000	0.00000000000000
29.229999542236	0.017564812675118	-0.34063163399696	65.000000000000	0.00000000000000
29.239999771118	0.016804615035653	-0.33891457319260	65.000000000000	0.00000000000000
29.250000000000	0.016050959005952	-0.33719426393509	65.000000000000	0.00000000000000
29.260000228882	0.015303778462112	-0.33547073602676	65.000000000000	0.00000000000000
29.270000457764	0.014563255012035	-0.33374398946762	65.000000000000	0.00000000000000
29.280000686646	0.013829245232046	-0.33201414346695	65.000000000000	0.00000000000000
29.290000915527	0.013101765885949	-0.33028119802475	65.000000000000	0.00000000000000
29.299999237061	0.012380993925035	-0.32854515314102	65.000000000000	0.00000000000000
29.309999465942	0.011666786856949	-0.32680609822273	65.000000000000	0.00000000000000
29.319999694824	0.010959166102111	-0.32506409287453	65.000000000000	0.00000000000000
29.329999923706	0.010258298367262	-0.32331904768944	65.000000000000	0.00000000000000
29.340000152588	0.0095641231164336	-0.32157111167908	65.000000000000	0.00000000000000
29.350000381470	0.0088765826076269	-0.31982031464577	65.000000000000	0.00000000000000
29.360000610352	0.0081957690417767	-0.31806665658951	65.000000000000	0.00000000000000
29.370000839233	0.0075216968543828	-0.31631022691727	65.000000000000	0.00000000000000
29.379999160767	0.0068543818779290	-0.31455096602440	65.000000000000	0.00000000000000
29.389999389648	0.0061938390135765	-0.31278899312019	65.000000000000	0.00000000000000
29.399999618530	0.0055400086566806	-0.31102430820465	65.000000000000	0.00000000000000
29.409999847412	0.0048930561169982	-0.30925700068474	65.000000000000	0.00000000000000
29.420000076294	0.0042527732439339	-0.30748701095581	65.000000000000	0.00000000000000
29.430000305176	0.0036195423454046	-0.30571448802948	65.000000000000	0.00000000000000
29.440000534058	0.0029929387383163	-0.30393937230110	65.000000000000	0.00000000000000
29.450000762939	0.0023732683621347	-0.30216178297997	65.000000000000	0.00000000000000
29.459999084473	0.0017605444882065	-0.30038174986839	65.000000000000	0.00000000000000
29.469999313354	0.0011546363821253	-0.29859924316406	65.000000000000	0.00000000000000
29.479999542236	0.00055570050608367	-0.29681435227394	65.000000000000	0.00000000000000
29.489999771118	-3.6461882700678e-05	-0.29502710700035	65.000000000000	0.00000000000000
29.500000000000	-0.00062162551330402	-0.29323753714561	65.000000000000	0.00000000000000
29.510000228882	-0.0011998482514173	-0.29144570231438	65.000000000000	0.00000000000000
29.520000457764	-0.0017711172113195	-0.28965163230896	65.000000000000	0.00000000000000
29.530000686646	-0.0023354198783636	-0.28785532712936	65.000000000000	0.00000000000000
29.540000915527	-0.0028927447274327	-0.28605693578720	65.000000000000	0.00000000000000
29.549999237061	-0.0034430783707649	-0.28425633907318	65.000000000000	0.00000000000000
29.559999465942	-0.0039864093996584	-0.28245368599892	65.000000000000	0.00000000000000
29.569999694824	-0.0045227264054120	-0.28064900636673	65.000000000000	0.00000000000000
29.579999923706	-0.0050520170480013	-0.27884230017662	65.000000000000	0.00000000000000
29.590000152588	-0.0055742710828781	-0.27703368663788	65.000000000000	0.00000000000000
29.600000381470	-0.0060895420610905	-0.27522307634354	65.000000000000	0.00000000000000
29.610000610352	-0.0065976874902844	-0.27341058850288	65.000000000000	0.00000000000000
29.620000839233	-0.0070988289080560	-0.27159631252289	65.000000000000	0.00000000000000
29.629999160767	-0.0075928238220513	-0.26978018879890	65.000000000000	0.00000000000000
29.639999389648	-0.0080797905102372	-0.26796224713326	65.000000000000	0.00000000000000
29.649999618530	-0.0085595929995179	-0.26614266633987	65.000000000000	0.00000000000000
29.659999847412	-0.0090323491021991	-0.26432135701180	65.000000000000	0.00000000000000
29.670000076294	-0.0094979200512171	-0.26249840855598	65.000000000000	0.00000000000000
29.680000305176	-0.0099564222618937	-0.26067385077477	65.000000000000	0.00000000000000
29.690000534058	-0.010407846421003	-0.25884771347046	65.000000000000	0.00000000000000
29.700000762939	-0.010852059349418	-0.25702005624771	65.000000000000	0.00000000000000
29.709999084473	-0.011289174668491	-0.25519090890884	65.000000000000	0.00000000000000
29.719999313354	-0.011719122529030	-0.25336036086082	65.000000000000	0.00000000000000
29.729999542236	-0.012141893617809	-0.25152832269669	65.000000000000	0.00000000000000
29.739999771118	-0.012557480484247	-0.24969497323036	65.000000000000	0.00000000000000
29.750000000000	-0.012965993024409	-0.24786028265953	65.000000000000	0.00000000000000
29.760000228882	-0.013367244042456	-0.24602431058884	65.000000000000	0.00000000000000
29.770000457764	-0.013761345297098	-0.24418708682060	65.000000000000	0.00000000000000
29.780000686646	-0.014148285612464	-0.24234865605831	65.000000000000	0.00000000000000
29.790000915527	-0.014527943916619	-0.24050904810429	65.000000000000	0.00000000000000
29.799999237061	-0.014900484122336	-0.23866833746433	65.000000000000	0.00000000000000
29.809999465942	-0.015265786089003	-0.23682653903961	65.000000000000	0.00000000000000
29.819999694824	-0.015623895451427	-0.23498368263245	65.000000000000	0.00000000000000
29.829999923706	-0.015974806621671	-0.23313982784748	65.000000000000	0.00000000000000
29.840000152588	-0.016318457201123	-0.23129501938820	65.000000000000	0.00000000000000
29.850000381470	-0.016654949635267	-0.22944928705692	65.000000000000	0.00000000000000
29.860000610352	-0.016984168440104	-0.22760266065598	65.000000000000	0.00000000000000
29.870000839233	-0.017306158319116	-0.22575519979000	65.000000000000	0.00000000000000
29.879999160767	-0.017620971426368	-0.22390693426132	65.000000000000	0.00000000000000
29.889999389648	-0.017928544431925	-0.22205792367458	65.000000000000	0.00000000000000
29.899999618530	-0.018228868022561	-0.22020815312862	65.000000000000	0.00000000000000
29.909999847412	-0.018521944060922	-0.21835774183273	65.000000000000	0.00000000000000
29.920000076294	-0.018807809799910	-0.21650668978691	65.000000000000	0.00000000000000
29.930000305176	-0.019086411222816	-0.21465499699116	65.000000000000	0.00000000000000
29.940000534058	-0.019357794895768	-0.21280279755592	65.000000000000	0.00000000000000
29.950000762939	-0.019621949642897	-0.21095004677773	65.000000000000	0.00000000000000
29.959999084473	-0.019878873601556	-0.20909681916237	65.000000000000	0.00000000000000
29.969999313354	-0.020128561183810	-0.20724318921566	65.000000000000	0.00000000000000
29.979999542236	-0.020370954647660	-0.20538912713528	65.000000000000	0.00000000000000
29.989999771118	-0.020606147125363	-0.20353472232819	65.000000000000	0.00000000000000
30.000000000000	-0.020834133028984	-0.20168001949787	65.000000000000	0.00000000000000
30.010000228882	-0.021054856479168	-0.19982500374317	65.000000000000	0.00000000000000
30.020000457764	-0.021268315613270	-0.19796977937222	65.000000000000	0.00000000000000
30.030000686646	-0.021474597975612	-0.19611434638500	65.000000000000	0.00000000000000
30.040000915527	-0.021673647686839	-0.19425876438618	65.000000000000	0.00000000000000
30.049999237061	-0.021865462884307	-0.19240306317806	65.000000000000	0.00000000000000
30.059999465942	-0.022050032392144	-0.19054731726646	65.000000000000	0.00000000000000
30.069999694824	-0.022227445617318	-0.18869148194790	65.000000000000	0.00000000000000
30.079999923706	-0.022397562861443	-0.18683570623398	65.000000000000	0.00000000000000
30.090000152588	-0.022560507059097	-0.18497994542122	65.000000000000	0.00000000000000
30.100000381470	-0.022716233506799	-0.18312427401543	65.000000000000	0.00000000000000
30.110000610352	-0.022864688187838	-0.18126875162125	65.000000000000	0.00000000000000
30.120000839233	-0.023006042465568	-0.17941339313984	65.000000000000	0.00000000000000
30.129999160767	-0.023140113800764	-0.17755821347237	65.000000000000	0.00000000000000
30.139999389648	-0.023267071694136	-0.17570331692696	65.000000000000	0.00000000000000
30.149999618530	-0.023386774584651	-0.17384867370129	65.000000000000	0.00000000000000
30.159999847412	-0.023499345406890	-0.17199437320232	65.000000000000	0.00000000000000
30.170000076294	-0.023604696616530	-0.17014043033123	65.000000000000	0.00000000000000
30.180000305176	-0.023702900856733	-0.16828690469265	65.000000000000	0.00000000000000
30.190000534058	-0.023793911561370	-0.16643381118774	65.000000000000	0.00000000000000
30.200000762939	-0.023877799510956	-0.16458119452000	65.000000000000	0.00000000000000
30.209999084473	-0.023954518139362	-0.16272911429405	65.000000000000	0.00000000000000
30.219999313354	-0.024024095386267	-0.16087758541107	65.000000000000	0.00000000000000
30.229999542236	-0.024086568504572	-0.15902668237686	65.000000000000	0.00000000000000
30.239999771118	-0.024141844362020	-0.15717640519142	65.000000000000	0.00000000000000
30.250000000000	-0.024190034717321	-0.15532679855824	65.000000000000	0.00000000000000
30.260000228882	-0.024231124669313	-0.15347793698311	65.000000000000	0.00000000000000
30.270000457764	-0.024265103042126	-0.15162980556488	65.000000000000	0.00000000000000
30.280000686646	-0.024291964247823	-0.14978246390820	65.000000000000	0.00000000000000
30.290000915527	-0.024311734363437	-0.14793600142002	65.000000000000	0.00000000000000
30.299999237061	-0.024324469268322	-0.14609037339687	65.000000000000	0.00000000000000
30.309999465942	-0.024330088868737	-0.14424566924572	65.000000000000	0.00000000000000
30.319999694824	-0.024328682571650	-0.14240191876888	65.000000000000	0.00000000000000
30.329999923706	-0.024320201948285	-0.14055916666985	65.000000000000	0.00000000000000
30.340000152588	-0.024304706603289	-0.13871741294861	65.000000000000	0.00000000000000
30.350000381470	-0.024282177910209	-0.13687676191330	65.000000000000	0.00000000000000
30.360000610352	-0.024252634495497	-0.13503719866276	65.000000000000	0.00000000000000
30.370000839233	-0.024216093122959	-0.13319878280163	65.000000000000	0.00000000000000
30.379999160767	-0.024172535166144	-0.13136154413223	65.000000000000	0.00000000000000
30.389999389648	-0.024122005328536	-0.12952549755573	65.000000000000	0.00000000000000
30.399999618530	-0.024064490571618	-0.12769074738026	65.000000000000	0.00000000000000
30.409999847412	-0.024000028148293	-0.12585726380348	65.000000000000	0.00000000000000
30.420000076294	-0.023928595706820	-0.12402512878180	65.000000000000	0.00000000000000
30.430000305176	-0.023850264027715	-0.12219433486462	65.000000000000	0.00000000000000
30.440000534058	-0.023765007033944	-0.12036497890949	65.000000000000	0.00000000000000
30.450000762939	-0.023672854527831	-0.11853703856468	65.000000000000	0.00000000000000
30.459999084473	-0.023573758080602	-0.11671058833599	65.000000000000	0.00000000000000
30.469999313354	-0.023467799648643	-0.11488565057516	65.000000000000	0.00000000000000
30.479999542236	-0.023355001583695	-0.11306226253510	65.000000000000	0.00000000000000
30.489999771118	-0.023235337808728	-0.11124046146870	65.000000000000	0.00000000000000
30.500000000000	-0.023108849301934	-0.10942028462887	65.000000000000	0.00000000000000
30.510000228882	-0.022975502535701	-0.10760178416967	65.000000000000	0.00000000000000
30.520000457764	-0.022835366427898	-0.10578496009111	65.000000000000	0.00000000000000
30.530000686646	-0.022688448429108	-0.10396988689899	65.000000000000	0.00000000000000
30.540000915527	-0.022534754127264	-0.10215657204390	65.000000000000	0.00000000000000
30.549999237061	-0.022374266758561	-0.10034507513046	65.000000000000	0.00000000000000
30.559999465942	-0.022207055240870	-0.098535403609276	65.000000000000	0.00000000000000
30.569999694824	-0.022033089771867	-0.096727609634399	65.000000000000	0.00000000000000
30.579999923706	-0.021852439269423	-0.094921715557575	65.000000000000	0.00000000000000
30.590000152588	-0.021665083244443	-0.093117788434029	65.000000000000	0.00000000000000
30.600000381470	-0.021471049636602	-0.091315843164921	65.000000000000	0.00000000000000
30.610000610352	-0.021270316094160	-0.089515909552574	65.000000000000	0.00000000000000
30.620000839233	-0.021062985062599	-0.087718017399311	65.000000000000	0.00000000000000
30.629999160767	-0.020849039778113	-0.085922203958035	65.000000000000	0.00000000000000
30.639999389648	-0.020628441125154	-0.084128528833389	65.000000000000	0.00000000000000
30.649999618530	-0.020401224493980	-0.082337006926537	65.000000000000	0.00000000000000
30.659999847412	-0.020167488604784	-0.080547660589218	65.000000000000	0.00000000000000
30.670000076294	-0.019927175715566	-0.078760541975498	65.000000000000	0.00000000000000
30.680000305176	-0.019680323079228	-0.076975673437119	65.000000000000	0.00000000000000
30.690000534058	-0.019426966086030	-0.075193099677563	65.000000000000	0.00000000000000
30.700000762939	-0.019167082384229	-0.073412843048573	65.000000000000	0.00000000000000
30.709999084473	-0.018900750204921	-0.071634940803051	65.000000000000	0.00000000000000
30.719999313354	-0.018627926707268	-0.069859430193901	65.000000000000	0.00000000000000
30.729999542236	-0.018348686397076	-0.068086341023445	65.000000000000	0.00000000000000
30.739999771118	-0.018063019961119	-0.066315703094006	65.000000000000	0.00000000000000
30.750000000000	-0.017770936712623	-0.064547553658485	65.000000000000	0.00000000000000
30.760000228882	-0.017472477629781	-0.062781929969788	65.000000000000	0.00000000000000
30.770000457764	-0.017167666926980	-0.061018843203783	65.000000000000	0.00000000000000
30.780000686646	-0.016856497153640	-0.059258341789246	65.000000000000	0.00000000000000
30.790000915527	-0.016539048403502	-0.057500448077917	65.000000000000	0.00000000000000
30.799999237061	-0.016215255483985	-0.055745217949152	65.000000000000	0.00000000000000
30.809999465942	-0.015885209664702	-0.053992655128241	65.000000000000	0.00000000000000
30.819999694824	-0.015548923984170	-0.052242800593376	65.000000000000	0.00000000000000
30.829999923706	-0.015206394717097	-0.050495680421591	65.000000000000	0.00000000000000
30.840000152588	-0.014857642352581	-0.048751339316368	65.000000000000	0.00000000000000
30.850000381470	-0.014502694830298	-0.047009799629450	65.000000000000	0.00000000000000
30.860000610352	-0.014141600579023	-0.045271087437868	65.000000000000	0.00000000000000
30.870000839233	-0.013774367980659	-0.043535232543945	65.000000000000	0.00000000000000
30.879999160767	-0.013401002623141	-0.041802275925875	65.000000000000	0.00000000000000
30.889999389648	-0.013021544553339	-0.040072236210108	65.000000000000	0.00000000000000
30.899999618530	-0.012636008672416	-0.038345150649548	65.000000000000	0.00000000000000
30.909999847412	-0.012244412675500	-0.036621045321226	65.000000000000	0.00000000000000
30.920000076294	-0.011846808716655	-0.034899942576885	65.000000000000	0.00000000000000
30.930000305176	-0.011443188413978	-0.033181887120008	65.000000000000	0.00000000000000
30.940000534058	-0.011033584363759	-0.031466897577047	65.000000000000	0.00000000000000
30.950000762939	-0.010618024505675	-0.029755000025034	65.000000000000	0.00000000000000
30.959999084473	-0.010196537710726	-0.028046231716871	65.000000000000	0.00000000000000
30.969999313354	-0.0097691388800740	-0.026340613141656	65.000000000000	0.00000000000000
30.979999542236	-0.0093358568847179	-0.024638175964355	65.000000000000	0.00000000000000
30.989999771118	-0.0088967131450772	-0.022938949987292	65.000000000000	0.00000000000000
31.000000000000	-0.0084517421200871	-0.021242955699563	65.000000000000	0.00000000000000
31.010000228882	-0.0080009661614895	-0.019550221040845	65.000000000000	0.00000000000000
31.020000457764	-0.0075443917885423	-0.017860786989331	65.000000000000	0.00000000000000
31.030000686646	-0.0070820692926645	-0.016174662858248	65.000000000000	0.00000000000000
31.040000915527	-0.0066140117123723	-0.014491884037852	65.000000000000	0.00000000000000
31.049999237061	-0.0061402451246977	-0.012812479399145	65.000000000000	0.00000000000000
31.059999465942	-0.0056607965379953	-0.011136468499899	65.000000000000	0.00000000000000
31.069999694824	-0.0051756957545877	-0.0094638802111149	65.000000000000	0.00000000000000
31.079999923706	-0.0046849655918777	-0.0077947406098247	65.000000000000	0.00000000000000
31.090000152588	-0.0041886293329298	-0.0061290757730603	65.000000000000	0.00000000000000
31.100000381470	-0.0036867144517601	-0.0044669122435153	65.000000000000	0.00000000000000
31.110000610352	-0.0031792540103197	-0.0028082707431167	65.000000000000	0.00000000000000
31.120000839233	-0.0026662664022297	-0.0011531808413565	65.000000000000	0.00000000000000
31.129999160767	-0.0021477830596268	0.00049833604134619	65.000000000000	0.00000000000000
31.139999389648	-0.0016238292446360	0.0021462535951287	65.000000000000	0.00000000000000
31.149999618530	-0.0010944333625957	0.0037905480712652	65.000000000000	0.00000000000000
31.159999847412	-0.00055962271289900	0.0054311957210302	65.000000000000	0.00000000000000
31.170000076294	-1.9422408513492e-05	0.0070681720972061	65.000000000000	0.00000000000000
31.180000305176	0.00052613852312788	0.0087014548480511	65.000000000000	0.00000000000000
31.190000534058	0.0010770342778414	0.010331019759178	65.000000000000	0.00000000000000
31.200000762939	0.0016332319937646	0.011956843547523	65.000000000000	0.00000000000000
31.209999084473	0.0021947114728391	0.013578905723989	65.000000000000	0.00000000000000
31.219999313354	0.0027614331338555	0.015197178348899	65.000000000000	0.00000000000000
31.229999542236	0.0033333825413138	0.016811644658446	65.000000000000	0.00000000000000
31.239999771118	0.0039105238392949	0.018422283232212	65.000000000000	0.00000000000000
31.250000000000	0.0044928276911378	0.020029064267874	65.000000000000	0.00000000000000
31.260000228882	0.0050802710466087	0.021631974726915	65.000000000000	0.00000000000000
31.270000457764	0.0056728227064013	0.023230986669660	65.000000000000	0.00000000000000
31.280000686646	0.0062704528681934	0.024826083332300	65.000000000000	0.00000000000000
31.290000915527	0.0068731335923076	0.026417244225740	65.000000000000	0.00000000000000
31.299999237061	0.0074808332137764	0.028004443272948	65.000000000000	0.00000000000000
31.309999465942	0.0080935340374708	0.029587665572762	65.000000000000	0.00000000000000
31.319999694824	0.0087111936882138	0.031166888773441	65.000000000000	0.00000000000000
31.329999923706	0.0093337884172797	0.032742094248533	65.000000000000	0.00000000000000
31.340000152588	0.0099612856283784	0.034313257783651	65.000000000000	0.00000000000000
31.350000381470	0.010593658313155	0.035880364477634	65.000000000000	0.00000000000000
31.360000610352	0.011230880394578	0.037443399429321	65.000000000000	0.00000000000000
31.370000839233	0.011872914619744	0.039002329111099	65.000000000000	0.00000000000000
31.379999160767	0.012519741430879	0.040557149797678	65.000000000000	0.00000000000000
31.389999389648	0.013171320781112	0.042107835412025	65.000000000000	0.00000000000000
31.399999618530	0.013827637769282	0.043654367327690	65.000000000000	0.00000000000000
31.409999847412	0.014488645829260	0.045196726918221	65.000000000000	0.00000000000000
31.420000076294	0.015154339373112	0.046734906733036	65.000000000000	0.00000000000000
31.430000305176	0.015824643895030	0.048268876969814	65.000000000000	0.00000000000000
31.440000534058	0.016499565914273	0.049798626452684	65.000000000000	0.00000000000000
31.450000762939	0.017179086804390	0.051324129104614	65.000000000000	0.00000000000000
31.459999084473	0.017863137647510	0.052845381200314	65.000000000000	0.00000000000000
31.469999313354	0.018551705405116	0.054362360388041	65.000000000000	0.00000000000000
31.479999542236	0.019244758412242	0.055875055491924	65.000000000000	0.00000000000000
31.489999771118	0.019942261278629	0.057383440434933	65.000000000000	0.00000000000000
31.500000000000	0.020644173026085	0.058887515217066	65.000000000000	0.00000000000000
31.510000228882	0.021350525319576	0.060387238860130	65.000000000000	0.00000000000000
31.520000457764	0.022061247378588	0.061882611364126	65.000000000000	0.00000000000000
31.530000686646	0.022776240482926	0.063373632729053	65.000000000000	0.00000000000000
31.540000915527	0.023495608940721	0.064860254526138	65.000000000000	0.00000000000000
31.549999237061	0.024219233542681	0.066342487931252	65.000000000000	0.00000000000000
31.559999465942	0.024947093799710	0.067820310592651	65.000000000000	0.00000000000000
31.569999694824	0.025679131969810	0.069293715059757	65.000000000000	0.00000000000000
31.579999923706	0.026415402069688	0.070762678980827	65.000000000000	0.00000000000000
31.590000152588	0.027155797928572	0.072227187454700	65.000000000000	0.00000000000000
31.600000381470	0.027900334447622	0.073687225580215	65.000000000000	0.00000000000000
31.610000610352	0.028648931533098	0.075142793357372	65.000000000000	0.00000000000000
31.620000839233	0.029401591047645	0.076593875885010	65.000000000000	0.00000000000000
31.629999160767	0.030158277601004	0.078040458261967	65.000000000000	0.00000000000000
31.639999389648	0.030918980017304	0.079482510685921	65.000000000000	0.00000000000000
31.649999618530	0.031683642417192	0.080920033156872	65.000000000000	0.00000000000000
31.659999847412	0.032452192157507	0.082353040575981	65.000000000000	0.00000000000000
31.670000076294	0.033224746584892	0.083781458437443	65.000000000000	0.00000000000000
31.680000305176	0.034001082181931	0.085205346345901	65.000000000000	0.00000000000000
31.690000534058	0.034781251102686	0.086624667048454	65.000000000000	0.00000000000000
31.700000762939	0.035565275698900	0.088039383292198	65.000000000000	0.00000000000000
31.709999084473	0.036353062838316	0.089449517428875	65.000000000000	0.00000000000000
31.719999313354	0.037144601345062	0.090855032205582	65.000000000000	0.00000000000000
31.729999542236	0.037939853966236	0.092255949974060	65.000000000000	0.00000000000000
31.739999771118	0.038738805800676	0.093652233481407	65.000000000000	0.00000000000000
31.750000000000	0.039541430771351	0.095043860375881	65.000000000000	0.00000000000000
31.760000228882	0.040347594767809	0.096430890262127	65.000000000000	0.00000000000000
31.770000457764	0.041157409548759	0.097813241183758	65.000000000000	0.00000000000000
31.780000686646	0.041970748454332	0.099190957844257	65.000000000000	0.00000000000000
31.790000915527	0.042787671089172	0.10056395828724	65.000000000000	0.00000000000000
31.799999237061	0.043608117848635	0.10193228721619	65.000000000000	0.00000000000000
31.809999465942	0.044431913644075	0.10329597443342	65.000000000000	0.00000000000000
31.819999694824	0.045259241014719	0.10465493053198	65.000000000000	0.00000000000000
31.829999923706	0.046089984476566	0.10600918531418	65.000000000000	0.00000000000000
31.840000152588	0.046924017369747	0.10735875368118	65.000000000000	0.00000000000000
31.850000381470	0.047761440277100	0.10870359838009	65.000000000000	0.00000000000000
31.860000610352	0.048602189868689	0.11004371196032	65.000000000000	0.00000000000000
31.870000839233	0.049446143209934	0.11137911677361	65.000000000000	0.00000000000000
31.879999160767	0.050293467938900	0.11270974576473	65.000000000000	0.00000000000000
31.889999389648	0.051143936812878	0.11403565853834	65.000000000000	0.00000000000000
31.899999618530	0.051997598260641	0.11535682529211	65.000000000000	0.00000000000000
31.909999847412	0.052854463458061	0.11667323112488	65.000000000000	0.00000000000000
31.920000076294	0.053714402019978	0.11798486113548	65.000000000000	0.00000000000000
31.930000305176	0.054577440023422	0.11929176002741	65.000000000000	0.00000000000000
31.940000534058	0.055443562567234	0.12059387564659	65.000000000000	0.00000000000000
31.950000762939	0.056312724947929	0.12189120799303	65.000000000000	0.00000000000000
31.959999084473	0.057184886187315	0.12318377941847	65.000000000000	0.00000000000000
31.969999313354	0.058060005307198	0.12447154521942	65.000000000000	0.00000000000000
31.979999542236	0.058938074856997	0.12575455009937	65.000000000000	0.00000000000000
31.989999771118	0.059819083660841	0.12703277170658	65.000000000000	0.00000000000000
32.000000000000	0.060702934861183	0.12830616533756	65.000000000000	0.00000000000000
32.009998321533	0.061589654535055	0.12957477569580	65.000000000000	0.00000000000000
32.020000457764	0.062479197978973	0.13083858788013	65.000000000000	0.00000000000000
32.029998779297	0.063371539115906	0.13209760189056	65.000000000000	0.00000000000000
32.040000915527	0.064266644418240	0.13335178792477	65.000000000000	0.00000000000000
32.049999237061	0.065164469182491	0.13460119068623	65.000000000000	0.00000000000000
32.060001373291	0.066065020859241	0.13584576547146	65.000000000000	0.00000000000000
32.069999694824	0.066968202590942	0.13708554208279	65.000000000000	0.00000000000000
32.080001831055	0.067874066531658	0.13832049071789	65.000000000000	0.00000000000000
32.090000152588	0.068782508373260	0.13955062627792	65.000000000000	0.00000000000000
32.099998474121	0.069693550467491	0.14077594876289	65.000000000000	0.00000000000000
32.110000610352	0.070607118308544	0.14199645817280	65.000000000000	0.00000000000000
32.119998931885	0.071523256599903	0.14321212470531	65.000000000000	0.00000000000000
32.130001068115	0.072441853582859	0.14442299306393	65.000000000000	0.00000000000000
32.139999389648	0.073362909257412	0.14562903344631	65.000000000000	0.00000000000000
32.150001525879	0.074286408722401	0.14683026075363	65.000000000000	0.00000000000000
32.159999847412	0.075212329626083	0.14802664518356	65.000000000000	0.00000000000000
32.169998168945	0.076140642166138	0.14921823143959	65.000000000000	0.00000000000000
32.180000305176	0.077071264386177	0.15040498971939	65.000000000000	0.00000000000000
32.189998626709	0.078004196286201	0.15158693492413	65.000000000000	0.00000000000000
32.200000762939	0.078939415514469	0.15276405215263	65.000000000000	0.00000000000000
32.209999084473	0.079876936972141	0.15393634140491	65.000000000000	0.00000000000000
32.220001220703	0.080816656351089	0.15510383248329	65.000000000000	0.00000000000000
32.229999542236	0.081758610904217	0.15626648068428	65.000000000000	0.00000000000000
32.240001678467	0.082702703773975	0.15742434561253	65.000000000000	0.00000000000000
32.250000000000	0.083648957312107	0.15857738256454	65.000000000000	0.00000000000000
32.259998321533	0.084597349166870	0.15972562134266	65.000000000000	0.00000000000000
32.270000457764	0.085547789931297	0.16086903214455	65.000000000000	0.00000000000000
32.279998779297	0.086500294506550	0.16200765967369	65.000000000000	0.00000000000000
32.290000915527	0.087454870343208	0.16314148902893	65.000000000000	0.00000000000000
32.299999237061	0.088411428034306	0.16427049040794	65.000000000000	0.00000000000000
32.310001373291	0.089369960129261	0.16539472341537	65.000000000000	0.00000000000000
32.319999694824	0.090330444276333	0.16651412844658	65.000000000000	0.00000000000000
32.330001831055	0.091292865574360	0.16762878000736	65.000000000000	0.00000000000000
32.340000152588	0.092257179319859	0.16873861849308	65.000000000000	0.00000000000000
32.349998474121	0.093223363161087	0.16984367370605	65.000000000000	0.00000000000000
32.360000610352	0.094191327691078	0.17094396054745	65.000000000000	0.00000000000000
32.369998931885	0.095161177217960	0.17203944921494	65.000000000000	0.00000000000000
32.380001068115	0.096132762730122	0.17313021421432	65.000000000000	0.00000000000000
32.389999389648	0.097106166183949	0.17421615123749	65.000000000000	0.00000000000000
32.400001525879	0.098081305623055	0.17529736459255	65.000000000000	0.00000000000000
32.409999847412	0.099058076739311	0.17637380957603	65.000000000000	0.00000000000000
32.419998168945	0.10003662854433	0.17744550108910	65.000000000000	0.00000000000000
32.430000305176	0.10101674497128	0.17851246893406	65.000000000000	0.00000000000000
32.439998626709	0.10199851542711	0.17957466840744	65.000000000000	0.00000000000000
32.450000762939	0.10298188775778	0.18063214421272	65.000000000000	0.00000000000000
32.459999084473	0.10396685451269	0.18168486654758	65.000000000000	0.00000000000000
32.470001220703	0.10495336353779	0.18273288011551	65.000000000000	0.00000000000000
32.479999542236	0.10594137758017	0.18377618491650	65.000000000000	0.00000000000000
32.490001678467	0.10693093389273	0.18481476604939	65.000000000000	0.00000000000000
32.500000000000	0.10792194306850	0.18584862351418	65.000000000000	0.00000000000000
32.509998321533	0.10891437530518	0.18687780201435	65.000000000000	0.00000000000000
32.520000457764	0.10990827530622	0.18790227174759	65.000000000000	0.00000000000000
32.529998779297	0.11090353131294	0.18892206251621	65.000000000000	0.00000000000000
32.540000915527	0.11190020292997	0.18993715941906	65.000000000000	0.00000000000000
32.549999237061	0.11289817839861	0.19094759225845	65.000000000000	0.00000000000000
32.560001373291	0.11389751732349	0.19195337593555	65.000000000000	0.00000000000000
32.569999694824	0.11489809304476	0.19295448064804	65.000000000000	0.00000000000000
32.580001831055	0.11590003222227	0.19395092129707	65.000000000000	0.00000000000000
32.590000152588	0.11690314859152	0.19494274258614	65.000000000000	0.00000000000000
32.599998474121	0.11790757626295	0.19592991471291	65.000000000000	0.00000000000000
32.610000610352	0.11891313642263	0.19691245257854	65.000000000000	0.00000000000000
32.619998931885	0.11991988122463	0.19789038598537	65.000000000000	0.00000000000000
32.630001068115	0.12092781811953	0.19886370003223	65.000000000000	0.00000000000000
32.639999389648	0.12193690240383	0.19983240962029	65.000000000000	0.00000000000000
32.650001525879	0.12294709682465	0.20079648494720	65.000000000000	0.00000000000000
32.659999847412	0.12395829707384	0.20175603032112	65.000000000000	0.00000000000000
32.669998168945	0.12497066706419	0.20271097123623	65.000000000000	0.00000000000000
32.680000305176	0.12598398327827	0.20366135239601	65.000000000000	0.00000000000000
32.689998626709	0.12699842453003	0.20460715889931	65.000000000000	0.00000000000000
32.700000762939	0.12801375985146	0.20554842054844	65.000000000000	0.00000000000000
32.709999084473	0.12903016805649	0.20648515224457	65.000000000000	0.00000000000000
32.720001220703	0.13004745543003	0.20741732418537	65.000000000000	0.00000000000000
32.729999542236	0.13106568157673	0.20834498107433	65.000000000000	0.00000000000000
32.740001678467	0.13208483159542	0.20926810801029	65.000000000000	0.00000000000000
32.750000000000	0.13310487568378	0.21018674969673	65.000000000000	0.00000000000000
32.759998321533	0.13412581384182	0.21110087633133	65.000000000000	0.00000000000000
32.770000457764	0.13514757156372	0.21201050281525	65.000000000000	0.00000000000000
32.779998779297	0.13617019355297	0.21291570365429	65.000000000000	0.00000000000000
32.790000915527	0.13719359040260	0.21381641924381	65.000000000000	0.00000000000000
32.799999237061	0.13821770250797	0.21471263468266	65.000000000000	0.00000000000000
32.810001373291	0.13924269378185	0.21560445427895	65.000000000000	0.00000000000000
32.819999694824	0.14026838541031	0.21649180352688	65.000000000000	0.00000000000000
32.830001831055	0.14129476249218	0.21737475693226	65.000000000000	0.00000000000000
32.840000152588	0.14232188463211	0.21825325489044	65.000000000000	0.00000000000000
32.849998474121	0.14334966242313	0.21912735700607	65.000000000000	0.00000000000000
32.860000610352	0.14437806606293	0.21999709308147	65.000000000000	0.00000000000000
32.869998931885	0.14540721476078	0.22086243331432	65.000000000000	0.00000000000000
32.880001068115	0.14643694460392	0.22172339260578	65.000000000000	0.00000000000000
32.889999389648	0.14746727049351	0.22257997095585	65.000000000000	0.00000000000000
32.900001525879	0.14849813282490	0.22343224287033	65.000000000000	0.00000000000000
32.909999847412	0.14952960610390	0.22428011894226	65.000000000000	0.00000000000000
32.919998168945	0.15056167542934	0.22512370347977	65.000000000000	0.00000000000000
32.930000305176	0.15159419178963	0.22596293687820	65.000000000000	0.00000000000000
32.939998626709	0.15262728929520	0.22679787874222	65.000000000000	0.00000000000000
32.950000762939	0.15366081893444	0.22762852907181	65.000000000000	0.00000000000000
32.959999084473	0.15469484031200	0.22845487296581	65.000000000000	0.00000000000000
32.970001220703	0.15572935342789	0.22927695512772	65.000000000000	0.00000000000000
32.979999542236	0.15676428377628	0.23009477555752	65.000000000000	0.00000000000000
32.990001678467	0.15779963135719	0.23090834915638	65.000000000000	0.00000000000000
33.000000000000	0.15883539617062	0.23171766102314	65.000000000000	0.00000000000000
33.009998321533	0.15987153351307	0.23252275586128	65.000000000000	0.00000000000000
33.020000457764	0.16090805828571	0.23332364857197	65.000000000000	0.00000000000000
33.029998779297	0.16194494068623	0.23412027955055	65.000000000000	0.00000000000000
33.040000915527	0.16298213601112	0.23491276800632	65.000000000000	0.00000000000000
33.049999237061	0.16401962935925	0.23570105433464	65.000000000000	0.00000000000000
33.060001373291	0.16505748033524	0.23648518323898	65.000000000000	0.00000000000000
33.069999694824	0.16609559953213	0.23726513981819	65.000000000000	0.00000000000000
33.080001831055	0.16713395714760	0.23804093897343	65.000000000000	0.00000000000000
33.090000152588	0.16817259788513	0.23881261050701	65.000000000000	0.00000000000000
33.099998474121	0.16921149194241	0.23958016932011	65.000000000000	0.00000000000000
33.110000610352	0.17025060951710	0.24034360051155	65.000000000000	0.00000000000000
33.119998931885	0.17128993570805	0.24110291898251	65.000000000000	0.00000000000000
33.130001068115	0.17232939600945	0.24185818433762	65.000000000000	0.00000000000000
33.139999389648	0.17336909472942	0.24260933697224	65.000000000000	0.00000000000000
33.150001525879	0.17440894246101	0.24335645139217	65.000000000000	0.00000000000000
33.159999847412	0.17544893920422	0.24409949779510	65.000000000000	0.00000000000000
33.169998168945	0.17648909986019	0.24483850598335	65.000000000000	0.00000000000000
33.180000305176	0.17752939462662	0.24557346105576	65.000000000000	0.00000000000000
33.189998626709	0.17856970429420	0.24630443751812	65.000000000000	0.00000000000000
33.200000762939	0.17961019277573	0.24703139066696	65.000000000000	0.00000000000000
33.209999084473	0.18065066635609	0.24775435030460	65.000000000000	0.00000000000000
33.220001220703	0.18169127404690	0.24847330152988	65.000000000000	0.00000000000000
33.229999542236	0.18273189663887	0.24918833374977	65.000000000000	0.00000000000000
33.240001678467	0.18377257883549	0.24989937245846	65.000000000000	0.00000000000000
33.250000000000	0.18481330573559	0.25060647726059	65.000000000000	0.00000000000000
33.259998321533	0.18585401773453	0.25130966305733	65.000000000000	0.00000000000000
33.270000457764	0.18689471483231	0.25200888514519	65.000000000000	0.00000000000000
33.279998779297	0.18793539702892	0.25270423293114	65.000000000000	0.00000000000000
33.290000915527	0.18897606432438	0.25339567661285	65.000000000000	0.00000000000000
33.299999237061	0.19001668691635	0.25408321619034	65.000000000000	0.00000000000000
33.310001373291	0.19105726480484	0.25476685166359	65.000000000000	0.00000000000000
33.319999694824	0.19209779798985	0.25544670224190	65.000000000000	0.00000000000000
33.330001831055	0.19313818216324	0.25612264871597	65.000000000000	0.00000000000000
33.340000152588	0.19417856633663	0.25679478049278	65.000000000000	0.00000000000000
33.349998474121	0.19521877169609	0.25746306777000	65.000000000000	0.00000000000000
33.360000610352	0.19625893235207	0.25812754034996	65.000000000000	0.00000000000000
33.369998931885	0.19729888439178	0.25878822803497	65.000000000000	0.00000000000000
33.380001068115	0.19833876192570	0.25944510102272	65.000000000000	0.00000000000000
33.389999389648	0.19937841594219	0.26009818911552	65.000000000000	0.00000000000000
33.400001525879	0.20041796565056	0.26074755191803	65.000000000000	0.00000000000000
33.409999847412	0.20145738124847	0.26139312982559	65.000000000000	0.00000000000000
33.419998168945	0.20249654352665	0.26203492283821	65.000000000000	0.00000000000000
33.430000305176	0.20353554189205	0.26267305016518	65.000000000000	0.00000000000000
33.439998626709	0.20457437634468	0.26330739259720	65.000000000000	0.00000000000000
33.450000762939	0.20561289787292	0.26393809914589	65.000000000000	0.00000000000000
33.459999084473	0.20665128529072	0.26456502079964	65.000000000000	0.00000000000000
33.470001220703	0.20768943428993	0.26518833637238	65.000000000000	0.00000000000000
33.479999542236	0.20872728526592	0.26580789685249	65.000000000000	0.00000000000000
33.490001678467	0.20976498723030	0.26642385125160	65.000000000000	0.00000000000000
33.500000000000	0.21080228686333	0.26703613996506	65.000000000000	0.00000000000000
33.509998321533	0.21183940768242	0.26764479279518	65.000000000000	0.00000000000000
33.520000457764	0.21287618577480	0.26824977993965	65.000000000000	0.00000000000000
33.529998779297	0.21391269564629	0.26885116100311	65.000000000000	0.00000000000000
33.540000915527	0.21494889259338	0.26944896578789	65.000000000000	0.00000000000000
33.549999237061	0.21598479151726	0.27004313468933	65.000000000000	0.00000000000000
33.560001373291	0.21702037751675	0.27063372731209	65.000000000000	0.00000000000000
33.569999694824	0.21805560588837	0.27122071385384	65.000000000000	0.00000000000000
33.580001831055	0.21909052133560	0.27180418372154	65.000000000000	0.00000000000000
33.590000152588	0.22012507915497	0.27238410711288	65.000000000000	0.00000000000000
33.599998474121	0.22115924954414	0.27296042442322	65.000000000000	0.00000000000000
33.610000610352	0.22219309210777	0.27353322505951	65.000000000000	0.00000000000000
33.619998931885	0.22322651743889	0.27410250902176	65.000000000000	0.00000000000000
33.630001068115	0.22425962984562	0.27466833591461	65.000000000000	0.00000000000000
33.639999389648	0.22529229521751	0.27523061633110	65.000000000000	0.00000000000000
33.650001525879	0.22632451355457	0.27578938007355	65.000000000000	0.00000000000000
33.659999847412	0.22735641896725	0.27634468674660	65.000000000000	0.00000000000000
33.669998168945	0.22838787734509	0.27689653635025	65.000000000000	0.00000000000000
33.680000305176	0.22941888868809	0.27744489908218	65.000000000000	0.00000000000000
33.689998626709	0.23044948279858	0.27798983454704	65.000000000000	0.00000000000000
33.700000762939	0.23147960007191	0.27853131294250	65.000000000000	0.00000000000000
33.709999084473	0.23250927031040	0.27906936407089	65.000000000000	0.00000000000000
33.720001220703	0.23353850841522	0.27960398793221	65.000000000000	0.00000000000000
33.729999542236	0.23456731438637	0.28013524413109	65.000000000000	0.00000000000000
33.740001678467	0.23559562861919	0.28066304326057	65.000000000000	0.00000000000000
33.750000000000	0.23662348091602	0.28118750452995	65.000000000000	0.00000000000000
33.759998321533	0.23765081167221	0.28170853853226	65.000000000000	0.00000000000000
33.770000457764	0.23867760598660	0.28222623467445	65.000000000000	0.00000000000000
33.779998779297	0.23970396816730	0.28274053335190	65.000000000000	0.00000000000000
33.790000915527	0.24072976410389	0.28325152397156	65.000000000000	0.00000000000000
33.799999237061	0.24175509810448	0.28375914692879	65.000000000000	0.00000000000000
33.810001373291	0.24277989566326	0.28426340222359	65.000000000000	0.00000000000000
33.819999694824	0.24380414187908	0.28476437926292	65.000000000000	0.00000000000000
33.830001831055	0.24482783675194	0.28526204824448	65.000000000000	0.00000000000000
33.840000152588	0.24585101008415	0.28575634956360	65.000000000000	0.00000000000000
33.849998474121	0.24687364697456	0.28624740242958	65.000000000000	0.00000000000000
33.860000610352	0.24789570271969	0.28673514723778	65.000000000000	0.00000000000000
33.869998931885	0.24891722202301	0.28721961379051	65.000000000000	0.00000000000000
33.880001068115	0.24993808567524	0.28770083189011	65.000000000000	0.00000000000000
33.889999389648	0.25095844268799	0.28817877173424	65.000000000000	0.00000000000000
33.900001525879	0.25197821855545	0.28865343332291	65.000000000000	0.00000000000000
33.909999847412	0.25299733877182	0.28912487626076	65.000000000000	0.00000000000000
33.919998168945	0.25401589274406	0.28959310054779	65.000000000000	0.00000000000000
33.930000305176	0.25503388047218	0.29005807638168	65.000000000000	0.00000000000000
33.939998626709	0.25605121254921	0.29051980376244	65.000000000000	0.00000000000000
33.950000762939	0.25706788897514	0.29097834229469	65.000000000000	0.00000000000000
33.959999084473	0.25808402895927	0.29143369197845	65.000000000000	0.00000000000000
33.970001220703	0.25909945368767	0.29188582301140	65.000000000000	0.00000000000000
33.979999542236	0.26011425256729	0.29233479499817	65.000000000000	0.00000000000000
33.990001678467	0.26112839579582	0.29278057813644	65.000000000000	0.00000000000000
34.000000000000	0.26214188337326	0.29322317242622	65.000000000000	0.00000000000000
34.009998321533	0.26315477490425	0.29366257786751	65.000000000000	0.00000000000000
34.020000457764	0.26416698098183	0.29409888386726	65.000000000000	0.00000000000000
34.029998779297	0.26517850160599	0.29453200101852	65.000000000000	0.00000000000000
34.040000915527	0.26618933677673	0.29496198892593	65.000000000000	0.00000000000000
34.049999237061	0.26719945669174	0.29538881778717	65.000000000000	0.00000000000000
34.060001373291	0.26820892095566	0.29581260681152	65.000000000000	0.00000000000000
34.069999694824	0.26921766996384	0.29623317718506	65.000000000000	0.00000000000000
34.080001831055	0.27022573351860	0.29665067791939	65.000000000000	0.00000000000000
34.090000152588	0.27123308181763	0.29706507921219	65.000000000000	0.00000000000000
34.099998474121	0.27223965525627	0.29747635126114	65.000000000000	0.00000000000000
34.110000610352	0.27324560284615	0.29788455367088	65.000000000000	0.00000000000000
34.119998931885	0.27425080537796	0.29828968644142	65.000000000000	0.00000000000000
34.130001068115	0.27525517344475	0.29869171977043	65.000000000000	0.00000000000000
34.139999389648	0.27625876665115	0.29909071326256	65.000000000000	0.00000000000000
34.150001525879	0.27726179361343	0.29948660731316	65.000000000000	0.00000000000000
34.159999847412	0.27826392650604	0.29987943172455	65.000000000000	0.00000000000000
34.169998168945	0.27926531434059	0.30026927590370	65.000000000000	0.00000000000000
34.180000305176	0.28026592731476	0.30065605044365	65.000000000000	0.00000000000000
34.189998626709	0.28126576542854	0.30103975534439	65.000000000000	0.00000000000000
34.200000762939	0.28226485848427	0.30142042040825	65.000000000000	0.00000000000000
34.209999084473	0.28326311707497	0.30179810523987	65.000000000000	0.00000000000000
34.220001220703	0.28426063060760	0.30217278003693	65.000000000000	0.00000000000000
34.229999542236	0.28525730967522	0.30254447460175	65.000000000000	0.00000000000000
34.240001678467	0.28625324368477	0.30291301012039	65.000000000000	0.00000000000000
34.250000000000	0.28724825382233	0.30327868461609	65.000000000000	0.00000000000000
34.259998321533	0.28824239969254	0.30364140868187	65.000000000000	0.00000000000000
34.270000457764	0.28923588991165	0.30400094389915	65.000000000000	0.00000000000000
34.279998779297	0.29022833704948	0.30435773730278	65.000000000000	0.00000000000000
34.290000915527	0.29122009873390	0.30471134185791	65.000000000000	0.00000000000000
34.299999237061	0.29221081733704	0.30506223440170	65.000000000000	0.00000000000000
34.310001373291	0.29320082068443	0.30540996789932	65.000000000000	0.00000000000000
34.319999694824	0.29418987035751	0.30575481057167	65.000000000000	0.00000000000000
34.330001831055	0.29517811536789	0.30609670281410	65.000000000000	0.00000000000000
34.340000152588	0.29616534709930	0.30643573403358	65.000000000000	0.00000000000000
34.349998474121	0.29715192317963	0.30677163600922	65.000000000000	0.00000000000000
34.360000610352	0.29813760519028	0.30710458755493	65.000000000000	0.00000000000000
34.369998931885	0.29912212491035	0.30743482708931	65.000000000000	0.00000000000000
34.380001068115	0.30010578036308	0.30776211619377	65.000000000000	0.00000000000000
34.389999389648	0.30108872056007	0.30808636546135	65.000000000000	0.00000000000000
34.400001525879	0.30207055807114	0.30840778350830	65.000000000000	0.00000000000000
34.409999847412	0.30305138230324	0.30872640013695	65.000000000000	0.00000000000000
34.419998168945	0.30403146147728	0.30904191732407	65.000000000000	0.00000000000000
34.430000305176	0.30501058697701	0.30935460329056	65.000000000000	0.00000000000000
34.439998626709	0.30598863959312	0.30966442823410	65.000000000000	0.00000000000000
34.450000762939	0.30696573853493	0.30997142195702	65.000000000000	0.00000000000000
34.459999084473	0.30794188380241	0.31027549505234	65.000000000000	0.00000000000000
34.470001220703	0.30891707539558	0.31057664752007	65.000000000000	0.00000000000000
34.479999542236	0.30989113450050	0.31087508797646	65.000000000000	0.00000000000000
34.490001678467	0.31086421012878	0.31117066740990	65.000000000000	0.00000000000000
34.500000000000	0.31183648109436	0.31146323680878	65.000000000000	0.00000000000000
34.509998321533	0.31280744075775	0.31175321340561	65.000000000000	0.00000000000000
34.520000457764	0.31377753615379	0.31204020977020	65.000000000000	0.00000000000000
34.529998779297	0.31474676728249	0.31232419610023	65.000000000000	0.00000000000000
34.540000915527	0.31571462750435	0.31260564923286	65.000000000000	0.00000000000000
34.549999237061	0.31668162345886	0.31288409233093	65.000000000000	0.00000000000000
34.560001373291	0.31764742732048	0.31315988302231	65.000000000000	0.00000000000000
34.569999694824	0.31861233711243	0.31343266367912	65.000000000000	0.00000000000000
34.580001831055	0.31957602500916	0.31370279192924	65.000000000000	0.00000000000000
34.590000152588	0.32053869962692	0.31397005915642	65.000000000000	0.00000000000000
34.599998474121	0.32150018215179	0.31423458456993	65.000000000000	0.00000000000000
34.610000610352	0.32246068120003	0.31449633836746	65.000000000000	0.00000000000000
34.619998931885	0.32341998815536	0.31475526094437	65.000000000000	0.00000000000000
34.630001068115	0.32437819242477	0.31501144170761	65.000000000000	0.00000000000000
34.639999389648	0.32533523440361	0.31526488065720	65.000000000000	0.00000000000000
34.650001525879	0.32629117369652	0.31551554799080	65.000000000000	0.00000000000000
34.659999847412	0.32724589109421	0.31576344370842	65.000000000000	0.00000000000000
34.669998168945	0.32819950580597	0.31600859761238	65.000000000000	0.00000000000000
34.680000305176	0.32915189862251	0.31625103950500	65.000000000000	0.00000000000000
34.689998626709	0.33010309934616	0.31649076938629	65.000000000000	0.00000000000000
34.700000762939	0.33105313777924	0.31672772765160	65.000000000000	0.00000000000000
34.709999084473	0.33200198411942	0.31696200370789	65.000000000000	0.00000000000000
34.720001220703	0.33294957876205	0.31719356775284	65.000000000000	0.00000000000000
34.729999542236	0.33389595150948	0.31742238998413	65.000000000000	0.00000000000000
34.740001678467	0.33484104275703	0.31764855980873	65.000000000000	0.00000000000000
34.750000000000	0.33578494191170	0.31787204742432	65.000000000000	0.00000000000000
34.759998321533	0.33672764897346	0.31809282302856	65.000000000000	0.00000000000000
34.770000457764	0.33766895532608	0.31831094622612	65.000000000000	0.00000000000000
34.779998779297	0.33860906958580	0.31852638721466	65.000000000000	0.00000000000000
34.790000915527	0.33954787254333	0.31873920559883	65.000000000000	0.00000000000000
34.799999237061	0.34048536419868	0.31894934177399	65.000000000000	0.00000000000000
34.810001373291	0.34142154455185	0.31915682554245	65.000000000000	0.00000000000000
34.819999694824	0.34235647320747	0.31936171650887	65.000000000000	0.00000000000000
34.830001831055	0.34328997135162	0.31956395506859	65.000000000000	0.00000000000000
34.840000152588	0.34422218799591	0.31976357102394	65.000000000000	0.00000000000000
34.849998474121	0.34515297412872	0.31996056437492	65.000000000000	0.00000000000000
34.860000610352	0.34608244895935	0.32015499472618	65.000000000000	0.00000000000000
34.869998931885	0.34701055288315	0.32034680247307	65.000000000000	0.00000000000000
34.880001068115	0.34793725609779	0.32053607702255	65.000000000000	0.00000000000000
34.889999389648	0.34886252880096	0.32072272896767	65.000000000000	0.00000000000000
34.900001525879	0.34978643059731	0.32090681791306	65.000000000000	0.00000000000000
34.909999847412	0.35070899128914	0.32108837366104	65.000000000000	0.00000000000000
34.919998168945	0.35162997245789	0.32126736640930	65.000000000000	0.00000000000000
34.930000305176	0.35254958271980	0.32144379615784	65.000000000000	0.00000000000000
34.939998626709	0.35346770286560	0.32161775231361	65.000000000000	0.00000000000000
34.950000762939	0.35438430309296	0.32178917527199	65.000000000000	0.00000000000000
34.959999084473	0.35529950261116	0.32195806503296	65.000000000000	0.00000000000000
34.970001220703	0.35621318221092	0.32212448120117	65.000000000000	0.00000000000000
34.979999542236	0.35712543129921	0.32228839397430	65.000000000000	0.00000000000000
34.990001678467	0.35803610086441	0.32244986295700	65.000000000000	0.00000000000000
35.000000000000	0.35894525051117	0.32260879874229	65.000000000000	0.00000000000000
