25.000000000000	0.82490086555481	-0.48000520467758	65.000000000000	0.00000000000000
25.010000228882	0.82455062866211	-0.48035314679146	65.000000000000	0.00000000000000
25.020000457764	0.82419955730438	-0.48070114850998	65.000000000000	0.00000000000000
25.030000686646	0.82384777069092	-0.48104926943779	65.000000000000	0.00000000000000
25.040000915527	0.82349520921707	-0.48139747977257	65.000000000000	0.00000000000000
25.049999237061	0.82314187288284	-0.48174589872360	65.000000000000	0.00000000000000
25.059999465942	0.82278764247894	-0.48209431767464	65.000000000000	0.00000000000000
25.069999694824	0.82243275642395	-0.48244285583496	65.000000000000	0.00000000000000
25.079999923706	0.82207703590393	-0.48279151320457	65.000000000000	0.00000000000000
25.090000152588	0.82172054052353	-0.48314028978348	65.000000000000	0.00000000000000
25.100000381470	0.82136327028275	-0.48348912596703	65.000000000000	0.00000000000000
25.110000610352	0.82100522518158	-0.48383817076683	65.000000000000	0.00000000000000
25.120000839233	0.82064634561539	-0.48418724536896	65.000000000000	0.00000000000000
25.129999160767	0.82028669118881	-0.48453643918037	65.000000000000	0.00000000000000
25.139999389648	0.81992626190186	-0.48488569259644	65.000000000000	0.00000000000000
25.149999618530	0.81956505775452	-0.48523512482643	65.000000000000	0.00000000000000
25.159999847412	0.81920295953751	-0.48558458685875	65.000000000000	0.00000000000000
25.170000076294	0.81884014606476	-0.48593422770500	65.000000000000	0.00000000000000
25.180000305176	0.81847649812698	-0.48628386855125	65.000000000000	0.00000000000000
25.190000534058	0.81811213493347	-0.48663365840912	65.000000000000	0.00000000000000
25.200000762939	0.81774687767029	-0.48698359727859	65.000000000000	0.00000000000000
25.209999084473	0.81738084554672	-0.48733359575272	65.000000000000	0.00000000000000
25.219999313354	0.81701391935349	-0.48768359422684	65.000000000000	0.00000000000000
25.229999542236	0.81664633750916	-0.48803380131721	65.000000000000	0.00000000000000
25.239999771118	0.81627774238586	-0.48838409781456	65.000000000000	0.00000000000000
25.250000000000	0.81590843200684	-0.48873448371887	65.000000000000	0.00000000000000
25.260000228882	0.81553846597672	-0.48908492922783	65.000000000000	0.00000000000000
25.270000457764	0.81516748666763	-0.48943546414375	65.000000000000	0.00000000000000
25.280000686646	0.81479573249817	-0.48978611826897	65.000000000000	0.00000000000000
25.290000915527	0.81442320346832	-0.49013689160347	65.000000000000	0.00000000000000
25.299999237061	0.81404983997345	-0.49048766493797	65.000000000000	0.00000000000000
25.309999465942	0.81367546319962	-0.49083858728409	65.000000000000	0.00000000000000
25.319999694824	0.81330049037933	-0.49118965864182	65.000000000000	0.00000000000000
25.329999923706	0.81292456388474	-0.49154075980186	65.000000000000	0.00000000000000
25.340000152588	0.81254792213440	-0.49189186096191	65.000000000000	0.00000000000000
25.350000381470	0.81217038631439	-0.49224314093590	65.000000000000	0.00000000000000
25.360000610352	0.81179207563400	-0.49259456992149	65.000000000000	0.00000000000000
25.370000839233	0.81141275167465	-0.49294602870941	65.000000000000	0.00000000000000
25.379999160767	0.81103277206421	-0.49329751729965	65.000000000000	0.00000000000000
25.389999389648	0.81065189838409	-0.49364909529686	65.000000000000	0.00000000000000
25.399999618530	0.81027007102966	-0.49400082230568	65.000000000000	0.00000000000000
25.409999847412	0.80988752841949	-0.49435257911682	65.000000000000	0.00000000000000
25.420000076294	0.80950421094894	-0.49470442533493	65.000000000000	0.00000000000000
25.430000305176	0.80911993980408	-0.49505639076233	65.000000000000	0.00000000000000
25.440000534058	0.80873477458954	-0.49540838599205	65.000000000000	0.00000000000000
25.450000762939	0.80834877490997	-0.49576047062874	65.000000000000	0.00000000000000
25.459999084473	0.80796188116074	-0.49611264467239	65.000000000000	0.00000000000000
25.469999313354	0.80757421255112	-0.49646493792534	65.000000000000	0.00000000000000
25.479999542236	0.80718576908112	-0.49681720137596	65.000000000000	0.00000000000000
25.489999771118	0.80679631233215	-0.49716964364052	65.000000000000	0.00000000000000
25.500000000000	0.80640608072281	-0.49752208590508	65.000000000000	0.00000000000000
25.510000228882	0.80601489543915	-0.49787461757660	65.000000000000	0.00000000000000
25.520000457764	0.80562293529510	-0.49822726845741	65.000000000000	0.00000000000000
25.530000686646	0.80523002147675	-0.49858000874519	65.000000000000	0.00000000000000
25.540000915527	0.80483645200729	-0.49893277883530	65.000000000000	0.00000000000000
25.549999237061	0.80444175004959	-0.49928566813469	65.000000000000	0.00000000000000
25.559999465942	0.80404633283615	-0.49963849782944	65.000000000000	0.00000000000000
25.569999694824	0.80364990234375	-0.49999153614044	65.000000000000	0.00000000000000
25.579999923706	0.80325275659561	-0.50034445524216	65.000000000000	0.00000000000000
25.590000152588	0.80285459756851	-0.50069761276245	65.000000000000	0.00000000000000
25.600000381470	0.80245566368103	-0.50105065107346	65.000000000000	0.00000000000000
25.610000610352	0.80205571651459	-0.50140392780304	65.000000000000	0.00000000000000
25.620000839233	0.80165511369705	-0.50175708532333	65.000000000000	0.00000000000000
25.629999160767	0.80125343799591	-0.50211048126221	65.000000000000	0.00000000000000
25.639999389648	0.80085092782974	-0.50246369838715	65.000000000000	0.00000000000000
25.649999618530	0.80044728517532	-0.50281757116318	65.000000000000	0.00000000000000
25.659999847412	0.80004310607910	-0.50317090749741	65.000000000000	0.00000000000000
25.670000076294	0.79963785409927	-0.50352442264557	65.000000000000	0.00000000000000
25.680000305176	0.79923158884048	-0.50387823581696	65.000000000000	0.00000000000000
25.690000534058	0.79882454872131	-0.50423187017441	65.000000000000	0.00000000000000
25.700000762939	0.79841655492783	-0.50458574295044	65.000000000000	0.00000000000000
25.709999084473	0.79800778627396	-0.50493943691254	65.000000000000	0.00000000000000
25.719999313354	0.79759794473648	-0.50529336929321	65.000000000000	0.00000000000000
25.729999542236	0.79718738794327	-0.50564718246460	65.000000000000	0.00000000000000
25.739999771118	0.79677581787109	-0.50600111484528	65.000000000000	0.00000000000000
25.750000000000	0.79636311531067	-0.50635534524918	65.000000000000	0.00000000000000
25.760000228882	0.79594969749451	-0.50670927762985	65.000000000000	0.00000000000000
25.770000457764	0.79553532600403	-0.50706350803375	65.000000000000	0.00000000000000
25.780000686646	0.79512012004852	-0.50741761922836	65.000000000000	0.00000000000000
25.790000915527	0.79470390081406	-0.50777173042297	65.000000000000	0.00000000000000
25.799999237061	0.79428672790527	-0.50812596082687	65.000000000000	0.00000000000000
25.809999465942	0.79386866092682	-0.50848019123077	65.000000000000	0.00000000000000
25.819999694824	0.79344975948334	-0.50883454084396	65.000000000000	0.00000000000000
25.829999923706	0.79302990436554	-0.50918889045715	65.000000000000	0.00000000000000
25.840000152588	0.79260903596878	-0.50954324007034	65.000000000000	0.00000000000000
25.850000381470	0.79218715429306	-0.50989776849747	65.000000000000	0.00000000000000
25.860000610352	0.79176443815231	-0.51025223731995	65.000000000000	0.00000000000000
25.870000839233	0.79134076833725	-0.51060664653778	65.000000000000	0.00000000000000
25.879999160767	0.79091620445251	-0.51096117496490	65.000000000000	0.00000000000000
25.889999389648	0.79049062728882	-0.51131576299667	65.000000000000	0.00000000000000
25.899999618530	0.79006409645081	-0.51167035102844	65.000000000000	0.00000000000000
25.909999847412	0.78963667154312	-0.51202499866486	65.000000000000	0.00000000000000
25.920000076294	0.78920829296112	-0.51237958669662	65.000000000000	0.00000000000000
25.930000305176	0.78877890110016	-0.51273429393768	65.000000000000	0.00000000000000
25.940000534058	0.78834849596024	-0.51308906078339	65.000000000000	0.00000000000000
25.950000762939	0.78791725635529	-0.51344370841980	65.000000000000	0.00000000000000
25.959999084473	0.78748488426208	-0.51379847526550	65.000000000000	0.00000000000000
25.969999313354	0.78705179691315	-0.51415318250656	65.000000000000	0.00000000000000
25.979999542236	0.78661745786667	-0.51450800895691	65.000000000000	0.00000000000000
25.989999771118	0.78618234395981	-0.51486277580261	65.000000000000	0.00000000000000
26.000000000000	0.78574615716934	-0.51521766185760	65.000000000000	0.00000000000000
26.010000228882	0.78530919551849	-0.51557248830795	65.000000000000	0.00000000000000
26.020000457764	0.78487098217010	-0.51592725515366	65.000000000000	0.00000000000000
26.030000686646	0.78443199396133	-0.51628214120865	65.000000000000	0.00000000000000
26.040000915527	0.78399193286896	-0.51663696765900	65.000000000000	0.00000000000000
26.049999237061	0.78355079889297	-0.51699185371399	65.000000000000	0.00000000000000
26.059999465942	0.78310883045197	-0.51734679937363	65.000000000000	0.00000000000000
26.069999694824	0.78266584873199	-0.51770162582397	65.000000000000	0.00000000000000
26.079999923706	0.78222191333771	-0.51805651187897	65.000000000000	0.00000000000000
26.090000152588	0.78177678585052	-0.51841139793396	65.000000000000	0.00000000000000
26.100000381470	0.78133088350296	-0.51876634359360	65.000000000000	0.00000000000000
26.110000610352	0.78088378906250	-0.51912122964859	65.000000000000	0.00000000000000
26.120000839233	0.78043580055237	-0.51947617530823	65.000000000000	0.00000000000000
26.129999160767	0.77998679876328	-0.51983106136322	65.000000000000	0.00000000000000
26.139999389648	0.77953690290451	-0.52018588781357	65.000000000000	0.00000000000000
26.149999618530	0.77908569574356	-0.52054077386856	65.000000000000	0.00000000000000
26.159999847412	0.77863377332687	-0.52089560031891	65.000000000000	0.00000000000000
26.170000076294	0.77818071842194	-0.52125048637390	65.000000000000	0.00000000000000
26.180000305176	0.77772665023804	-0.52160537242889	65.000000000000	0.00000000000000
26.190000534058	0.77727156877518	-0.52196019887924	65.000000000000	0.00000000000000
26.200000762939	0.77681547403336	-0.52231502532959	65.000000000000	0.00000000000000
26.209999084473	0.77635836601257	-0.52266985177994	65.000000000000	0.00000000000000
26.219999313354	0.77590018510818	-0.52302461862564	65.000000000000	0.00000000000000
26.229999542236	0.77544111013412	-0.52337938547134	65.000000000000	0.00000000000000
26.239999771118	0.77498084306717	-0.52373415231705	65.000000000000	0.00000000000000
26.250000000000	0.77451968193054	-0.52408885955811	65.000000000000	0.00000000000000
26.260000228882	0.77405750751495	-0.52444356679916	65.000000000000	0.00000000000000
26.270000457764	0.77359408140182	-0.52479827404022	65.000000000000	0.00000000000000
26.280000686646	0.77312976121902	-0.52515286207199	65.000000000000	0.00000000000000
26.290000915527	0.77266430854797	-0.52550756931305	65.000000000000	0.00000000000000
26.299999237061	0.77219790220261	-0.52586203813553	65.000000000000	0.00000000000000
26.309999465942	0.77173036336899	-0.52621662616730	65.000000000000	0.00000000000000
26.319999694824	0.77126187086105	-0.52657115459442	65.000000000000	0.00000000000000
26.329999923706	0.77079236507416	-0.52692562341690	65.000000000000	0.00000000000000
26.340000152588	0.77032172679901	-0.52728003263474	65.000000000000	0.00000000000000
26.350000381470	0.76985001564026	-0.52763444185257	65.000000000000	0.00000000000000
26.360000610352	0.76937723159790	-0.52798879146576	65.000000000000	0.00000000000000
26.370000839233	0.76890337467194	-0.52834308147430	65.000000000000	0.00000000000000
26.379999160767	0.76842856407166	-0.52869737148285	65.000000000000	0.00000000000000
26.389999389648	0.76795256137848	-0.52905154228210	65.000000000000	0.00000000000000
26.399999618530	0.76747566461563	-0.52940571308136	65.000000000000	0.00000000000000
26.409999847412	0.76699751615524	-0.52975976467133	65.000000000000	0.00000000000000
26.420000076294	0.76651829481125	-0.53011387586594	65.000000000000	0.00000000000000
26.430000305176	0.76603817939758	-0.53046786785126	65.000000000000	0.00000000000000
26.440000534058	0.76555687189102	-0.53082174062729	65.000000000000	0.00000000000000
26.450000762939	0.76507443189621	-0.53117561340332	65.000000000000	0.00000000000000
26.459999084473	0.76459091901779	-0.53152942657471	65.000000000000	0.00000000000000
26.469999313354	0.76410633325577	-0.53188323974609	65.000000000000	0.00000000000000
26.479999542236	0.76362073421478	-0.53223687410355	65.000000000000	0.00000000000000
26.489999771118	0.76313394308090	-0.53259050846100	65.000000000000	0.00000000000000
26.500000000000	0.76264607906342	-0.53294408321381	65.000000000000	0.00000000000000
26.510000228882	0.76215732097626	-0.53329747915268	65.000000000000	0.00000000000000
26.520000457764	0.76166713237762	-0.53365087509155	65.000000000000	0.00000000000000
26.530000686646	0.76117604970932	-0.53400421142578	65.000000000000	0.00000000000000
26.540000915527	0.76068383455276	-0.53435742855072	65.000000000000	0.00000000000000
26.549999237061	0.76019048690796	-0.53471058607101	65.000000000000	0.00000000000000
26.559999465942	0.75969600677490	-0.53506362438202	65.000000000000	0.00000000000000
26.569999694824	0.75920039415359	-0.53541666269302	65.000000000000	0.00000000000000
26.579999923706	0.75870376825333	-0.53576952219009	65.000000000000	0.00000000000000
26.590000152588	0.75820589065552	-0.53612232208252	65.000000000000	0.00000000000000
26.600000381470	0.75770699977875	-0.53647500276566	65.000000000000	0.00000000000000
26.610000610352	0.75720703601837	-0.53682762384415	65.000000000000	0.00000000000000
26.620000839233	0.75670588016510	-0.53718018531799	65.000000000000	0.00000000000000
26.629999160767	0.75620347261429	-0.53753262758255	65.000000000000	0.00000000000000
26.639999389648	0.75570017099380	-0.53788495063782	65.000000000000	0.00000000000000
26.649999618530	0.75519561767578	-0.53823715448380	65.000000000000	0.00000000000000
26.659999847412	0.75468987226486	-0.53858923912048	65.000000000000	0.00000000000000
26.670000076294	0.75418317317963	-0.53894126415253	65.000000000000	0.00000000000000
26.680000305176	0.75367510318756	-0.53929316997528	65.000000000000	0.00000000000000
26.690000534058	0.75316601991653	-0.53964495658875	65.000000000000	0.00000000000000
26.700000762939	0.75265580415726	-0.53999662399292	65.000000000000	0.00000000000000
26.709999084473	0.75214439630508	-0.54034817218781	65.000000000000	0.00000000000000
26.719999313354	0.75163191556931	-0.54069966077805	65.000000000000	0.00000000000000
26.729999542236	0.75111812353134	-0.54105091094971	65.000000000000	0.00000000000000
26.739999771118	0.75060337781906	-0.54140210151672	65.000000000000	0.00000000000000
26.750000000000	0.75008732080460	-0.54175317287445	65.000000000000	0.00000000000000
26.760000228882	0.74957019090652	-0.54210412502289	65.000000000000	0.00000000000000
26.770000457764	0.74905180931091	-0.54245495796204	65.000000000000	0.00000000000000
26.780000686646	0.74853241443634	-0.54280555248260	65.000000000000	0.00000000000000
26.790000915527	0.74801176786423	-0.54315614700317	65.000000000000	0.00000000000000
26.799999237061	0.74748986959457	-0.54350650310516	65.000000000000	0.00000000000000
26.809999465942	0.74696683883667	-0.54385673999786	65.000000000000	0.00000000000000
26.819999694824	0.74644285440445	-0.54420685768127	65.000000000000	0.00000000000000
26.829999923706	0.74591749906540	-0.54455685615540	65.000000000000	0.00000000000000
26.840000152588	0.74539089202881	-0.54490661621094	65.000000000000	0.00000000000000
26.850000381470	0.74486315250397	-0.54525631666183	65.000000000000	0.00000000000000
26.860000610352	0.74433434009552	-0.54560577869415	65.000000000000	0.00000000000000
26.870000839233	0.74380421638489	-0.54595518112183	65.000000000000	0.00000000000000
26.879999160767	0.74327296018600	-0.54630434513092	65.000000000000	0.00000000000000
26.889999389648	0.74274057149887	-0.54665338993073	65.000000000000	0.00000000000000
26.899999618530	0.74220693111420	-0.54700225591660	65.000000000000	0.00000000000000
26.909999847412	0.74167191982269	-0.54735088348389	65.000000000000	0.00000000000000
26.920000076294	0.74113595485687	-0.54769957065582	65.000000000000	0.00000000000000
26.930000305176	0.74059867858887	-0.54804790019989	65.000000000000	0.00000000000000
26.940000534058	0.74006032943726	-0.54839605093002	65.000000000000	0.00000000000000
26.950000762939	0.73952054977417	-0.54874402284622	65.000000000000	0.00000000000000
26.959999084473	0.73897981643677	-0.54909187555313	65.000000000000	0.00000000000000
26.969999313354	0.73843771219254	-0.54943954944611	65.000000000000	0.00000000000000
26.979999542236	0.73789447546005	-0.54978698492050	65.000000000000	0.00000000000000
26.989999771118	0.73734992742538	-0.55013430118561	65.000000000000	0.00000000000000
27.000000000000	0.73680418729782	-0.55048131942749	65.000000000000	0.00000000000000
27.010000228882	0.73625719547272	-0.55082821846008	65.000000000000	0.00000000000000
27.020000457764	0.73570901155472	-0.55117487907410	65.000000000000	0.00000000000000
27.030000686646	0.73515975475311	-0.55152148008347	65.000000000000	0.00000000000000
27.040000915527	0.73460912704468	-0.55186766386032	65.000000000000	0.00000000000000
27.049999237061	0.73405730724335	-0.55221378803253	65.000000000000	0.00000000000000
27.059999465942	0.73350417613983	-0.55255973339081	65.000000000000	0.00000000000000
27.069999694824	0.73294985294342	-0.55290532112122	65.000000000000	0.00000000000000
27.079999923706	0.73239421844482	-0.55325084924698	65.000000000000	0.00000000000000
27.090000152588	0.73183751106262	-0.55359607934952	65.000000000000	0.00000000000000
27.100000381470	0.73127937316895	-0.55394101142883	65.000000000000	0.00000000000000
27.110000610352	0.73072010278702	-0.55428594350815	65.000000000000	0.00000000000000
27.120000839233	0.73015946149826	-0.55463045835495	65.000000000000	0.00000000000000
27.129999160767	0.72959780693054	-0.55497485399246	65.000000000000	0.00000000000000
27.139999389648	0.72903466224670	-0.55531895160675	65.000000000000	0.00000000000000
27.149999618530	0.72847032546997	-0.55566281080246	65.000000000000	0.00000000000000
27.159999847412	0.72790485620499	-0.55600643157959	65.000000000000	0.00000000000000
27.170000076294	0.72733807563782	-0.55634987354279	65.000000000000	0.00000000000000
27.180000305176	0.72676980495453	-0.55669307708740	65.000000000000	0.00000000000000
27.190000534058	0.72620046138763	-0.55703598260880	65.000000000000	0.00000000000000
27.200000762939	0.72562992572784	-0.55737864971161	65.000000000000	0.00000000000000
27.209999084473	0.72505795955658	-0.55772107839584	65.000000000000	0.00000000000000
27.219999313354	0.72448474168777	-0.55806326866150	65.000000000000	0.00000000000000
27.229999542236	0.72391045093536	-0.55840516090393	65.000000000000	0.00000000000000
27.239999771118	0.72333467006683	-0.55874675512314	65.000000000000	0.00000000000000
27.250000000000	0.72275769710541	-0.55908817052841	65.000000000000	0.00000000000000
27.260000228882	0.72217935323715	-0.55942928791046	65.000000000000	0.00000000000000
27.270000457764	0.72159969806671	-0.55977016687393	65.000000000000	0.00000000000000
27.280000686646	0.72101891040802	-0.56011074781418	65.000000000000	0.00000000000000
27.290000915527	0.72043681144714	-0.56045103073120	65.000000000000	0.00000000000000
27.299999237061	0.71985322237015	-0.56079107522964	65.000000000000	0.00000000000000
27.309999465942	0.71926850080490	-0.56113076210022	65.000000000000	0.00000000000000
27.319999694824	0.71868240833282	-0.56147021055222	65.000000000000	0.00000000000000
27.329999923706	0.71809500455856	-0.56180936098099	65.000000000000	0.00000000000000
27.340000152588	0.71750646829605	-0.56214827299118	65.000000000000	0.00000000000000
27.350000381470	0.71691650152206	-0.56248682737350	65.000000000000	0.00000000000000
27.360000610352	0.71632522344589	-0.56282514333725	65.000000000000	0.00000000000000
27.370000839233	0.71573263406754	-0.56316310167313	65.000000000000	0.00000000000000
27.379999160767	0.71513861417770	-0.56350070238113	65.000000000000	0.00000000000000
27.389999389648	0.71454352140427	-0.56383806467056	65.000000000000	0.00000000000000
27.399999618530	0.71394693851471	-0.56417512893677	65.000000000000	0.00000000000000
27.409999847412	0.71334892511368	-0.56451189517975	65.000000000000	0.00000000000000
27.420000076294	0.71274983882904	-0.56484824419022	65.000000000000	0.00000000000000
27.430000305176	0.71214932203293	-0.56518435478210	65.000000000000	0.00000000000000
27.440000534058	0.71154749393463	-0.56552016735077	65.000000000000	0.00000000000000
27.450000762939	0.71094423532486	-0.56585562229156	65.000000000000	0.00000000000000
27.459999084473	0.71033984422684	-0.56619071960449	65.000000000000	0.00000000000000
27.469999313354	0.70973390340805	-0.56652545928955	65.000000000000	0.00000000000000
27.479999542236	0.70912677049637	-0.56685990095139	65.000000000000	0.00000000000000
27.489999771118	0.70851832628250	-0.56719392538071	65.000000000000	0.00000000000000
27.500000000000	0.70790827274323	-0.56752771139145	65.000000000000	0.00000000000000
27.510000228882	0.70729720592499	-0.56786108016968	65.000000000000	0.00000000000000
27.520000457764	0.70668464899063	-0.56819415092468	65.000000000000	0.00000000000000
27.530000686646	0.70607060194016	-0.56852680444717	65.000000000000	0.00000000000000
27.540000915527	0.70545548200607	-0.56885910034180	65.000000000000	0.00000000000000
27.549999237061	0.70483875274658	-0.56919103860855	65.000000000000	0.00000000000000
27.559999465942	0.70422071218491	-0.56952261924744	65.000000000000	0.00000000000000
27.569999694824	0.70360141992569	-0.56985384225845	65.000000000000	0.00000000000000
27.579999923706	0.70298075675964	-0.57018464803696	65.000000000000	0.00000000000000
27.590000152588	0.70235878229141	-0.57051521539688	65.000000000000	0.00000000000000
27.600000381470	0.70173519849777	-0.57084518671036	65.000000000000	0.00000000000000
27.610000610352	0.70111042261124	-0.57117491960526	65.000000000000	0.00000000000000
27.620000839233	0.70048421621323	-0.57150417566299	65.000000000000	0.00000000000000
27.629999160767	0.69985663890839	-0.57183313369751	65.000000000000	0.00000000000000
27.639999389648	0.69922775030136	-0.57216155529022	65.000000000000	0.00000000000000
27.649999618530	0.69859743118286	-0.57248973846436	65.000000000000	0.00000000000000
27.659999847412	0.69796562194824	-0.57281738519669	65.000000000000	0.00000000000000
27.670000076294	0.69733250141144	-0.57314473390579	65.000000000000	0.00000000000000
27.680000305176	0.69669806957245	-0.57347160577774	65.000000000000	0.00000000000000
27.690000534058	0.69606220722198	-0.57379806041718	65.000000000000	0.00000000000000
27.700000762939	0.69542503356934	-0.57412409782410	65.000000000000	0.00000000000000
27.709999084473	0.69478636980057	-0.57444971799850	65.000000000000	0.00000000000000
27.719999313354	0.69414621591568	-0.57477492094040	65.000000000000	0.00000000000000
27.729999542236	0.69350475072861	-0.57509964704514	65.000000000000	0.00000000000000
27.739999771118	0.69286191463470	-0.57542401552200	65.000000000000	0.00000000000000
27.750000000000	0.69221758842468	-0.57574784755707	65.000000000000	0.00000000000000
27.760000228882	0.69157212972641	-0.57607132196426	65.000000000000	0.00000000000000
27.770000457764	0.69092488288879	-0.57639425992966	65.000000000000	0.00000000000000
27.780000686646	0.69027638435364	-0.57671684026718	65.000000000000	0.00000000000000
27.790000915527	0.68962657451630	-0.57703894376755	65.000000000000	0.00000000000000
27.799999237061	0.68897509574890	-0.57736057043076	65.000000000000	0.00000000000000
27.809999465942	0.68832236528397	-0.57768166065216	65.000000000000	0.00000000000000
27.819999694824	0.68766820430756	-0.57800233364105	65.000000000000	0.00000000000000
27.829999923706	0.68701273202896	-0.57832258939743	65.000000000000	0.00000000000000
27.840000152588	0.68635559082031	-0.57864236831665	65.000000000000	0.00000000000000
27.850000381470	0.68569719791412	-0.57896155118942	65.000000000000	0.00000000000000
27.860000610352	0.68503737449646	-0.57928037643433	65.000000000000	0.00000000000000
27.870000839233	0.68437600135803	-0.57959866523743	65.000000000000	0.00000000000000
27.879999160767	0.68371331691742	-0.57991647720337	65.000000000000	0.00000000000000
27.889999389648	0.68304914236069	-0.58023375272751	65.000000000000	0.00000000000000
27.899999618530	0.68238347768784	-0.58055061101913	65.000000000000	0.00000000000000
27.909999847412	0.68171632289886	-0.58086681365967	65.000000000000	0.00000000000000
27.920000076294	0.68104785680771	-0.58118265867233	65.000000000000	0.00000000000000
27.930000305176	0.68037801980972	-0.58149790763855	65.000000000000	0.00000000000000
27.940000534058	0.67970651388168	-0.58181267976761	65.000000000000	0.00000000000000
27.950000762939	0.67903375625610	-0.58212685585022	65.000000000000	0.00000000000000
27.959999084473	0.67835938930511	-0.58244049549103	65.000000000000	0.00000000000000
27.969999313354	0.67768347263336	-0.58275371789932	65.000000000000	0.00000000000000
27.979999542236	0.67700630426407	-0.58306634426117	65.000000000000	0.00000000000000
27.989999771118	0.67632752656937	-0.58337849378586	65.000000000000	0.00000000000000
28.000000000000	0.67564737796783	-0.58369004726410	65.000000000000	0.00000000000000
28.010000228882	0.67496585845947	-0.58400094509125	65.000000000000	0.00000000000000
28.020000457764	0.67428272962570	-0.58431136608124	65.000000000000	0.00000000000000
28.030000686646	0.67359811067581	-0.58462131023407	65.000000000000	0.00000000000000
28.040000915527	0.67291212081909	-0.58493059873581	65.000000000000	0.00000000000000
28.049999237061	0.67222458124161	-0.58523941040039	65.000000000000	0.00000000000000
28.059999465942	0.67153561115265	-0.58554762601852	65.000000000000	0.00000000000000
28.069999694824	0.67084515094757	-0.58585518598557	65.000000000000	0.00000000000000
28.079999923706	0.67015326023102	-0.58616214990616	65.000000000000	0.00000000000000
28.090000152588	0.66945970058441	-0.58646857738495	65.000000000000	0.00000000000000
28.100000381470	0.66876482963562	-0.58677440881729	65.000000000000	0.00000000000000
28.110000610352	0.66806846857071	-0.58707976341248	65.000000000000	0.00000000000000
28.120000839233	0.66737043857574	-0.58738434314728	65.000000000000	0.00000000000000
28.129999160767	0.66667103767395	-0.58768838644028	65.000000000000	0.00000000000000
28.139999389648	0.66597020626068	-0.58799183368683	65.000000000000	0.00000000000000
28.149999618530	0.66526782512665	-0.58829468488693	65.000000000000	0.00000000000000
28.159999847412	0.66456383466721	-0.58859688043594	65.000000000000	0.00000000000000
28.170000076294	0.66385853290558	-0.58889847993851	65.000000000000	0.00000000000000
28.180000305176	0.66315156221390	-0.58919942378998	65.000000000000	0.00000000000000
28.190000534058	0.66244316101074	-0.58949971199036	65.000000000000	0.00000000000000
28.200000762939	0.66173321008682	-0.58979940414429	65.000000000000	0.00000000000000
28.209999084473	0.66102182865143	-0.59009844064713	65.000000000000	0.00000000000000
28.219999313354	0.66030883789063	-0.59039694070816	65.000000000000	0.00000000000000
28.229999542236	0.65959435701370	-0.59069460630417	65.000000000000	0.00000000000000
28.239999771118	0.65887844562531	-0.59099167585373	65.000000000000	0.00000000000000
28.250000000000	0.65816098451614	-0.59128814935684	65.000000000000	0.00000000000000
28.260000228882	0.65744185447693	-0.59158390760422	65.000000000000	0.00000000000000
28.270000457764	0.65672147274017	-0.59187901020050	65.000000000000	0.00000000000000
28.280000686646	0.65599942207336	-0.59217333793640	65.000000000000	0.00000000000000
28.290000915527	0.65527570247650	-0.59246718883514	65.000000000000	0.00000000000000
28.299999237061	0.65455067157745	-0.59276014566422	65.000000000000	0.00000000000000
28.309999465942	0.65382391214371	-0.59305256605148	65.000000000000	0.00000000000000
28.319999694824	0.65309572219849	-0.59334421157837	65.000000000000	0.00000000000000
28.329999923706	0.65236586332321	-0.59363520145416	65.000000000000	0.00000000000000
28.340000152588	0.65163469314575	-0.59392541646957	65.000000000000	0.00000000000000
28.350000381470	0.65090185403824	-0.59421497583389	65.000000000000	0.00000000000000
28.360000610352	0.65016758441925	-0.59450364112854	65.000000000000	0.00000000000000
28.370000839233	0.64943164587021	-0.59479182958603	65.000000000000	0.00000000000000
28.379999160767	0.64869427680969	-0.59507900476456	65.000000000000	0.00000000000000
28.389999389648	0.64795529842377	-0.59536564350128	65.000000000000	0.00000000000000
28.399999618530	0.64721459150314	-0.59565168619156	65.000000000000	0.00000000000000
28.409999847412	0.64647251367569	-0.59593677520752	65.000000000000	0.00000000000000
28.420000076294	0.64572900533676	-0.59622097015381	65.000000000000	0.00000000000000
28.430000305176	0.64498358964920	-0.59650486707687	65.000000000000	0.00000000000000
28.440000534058	0.64423674345016	-0.59678775072098	65.000000000000	0.00000000000000
28.450000762939	0.64348846673965	-0.59706974029541	65.000000000000	0.00000000000000
28.459999084473	0.64273858070374	-0.59735113382339	65.000000000000	0.00000000000000
28.469999313354	0.64198696613312	-0.59763181209564	65.000000000000	0.00000000000000
28.479999542236	0.64123427867889	-0.59791117906570	65.000000000000	0.00000000000000
28.489999771118	0.64047980308533	-0.59818994998932	65.000000000000	0.00000000000000
28.500000000000	0.63972342014313	-0.59846836328506	65.000000000000	0.00000000000000
28.510000228882	0.63896542787552	-0.59874606132507	65.000000000000	0.00000000000000
28.520000457764	0.63820624351501	-0.59902250766754	65.000000000000	0.00000000000000
28.530000686646	0.63744539022446	-0.59929817914963	65.000000000000	0.00000000000000
28.540000915527	0.63668310642242	-0.59957295656204	65.000000000000	0.00000000000000
28.549999237061	0.63591891527176	-0.59984725713730	65.000000000000	0.00000000000000
28.559999465942	0.63515323400497	-0.60012060403824	65.000000000000	0.00000000000000
28.569999694824	0.63438618183136	-0.60039281845093	65.000000000000	0.00000000000000
28.579999923706	0.63361716270447	-0.60066467523575	65.000000000000	0.00000000000000
28.590000152588	0.63284671306610	-0.60093551874161	65.000000000000	0.00000000000000
28.600000381470	0.63207477331161	-0.60120522975922	65.000000000000	0.00000000000000
28.610000610352	0.63130122423172	-0.60147434473038	65.000000000000	0.00000000000000
28.620000839233	0.63052600622177	-0.60174256563187	65.000000000000	0.00000000000000
28.629999160767	0.62974923849106	-0.60200995206833	65.000000000000	0.00000000000000
28.639999389648	0.62897086143494	-0.60227632522583	65.000000000000	0.00000000000000
28.649999618530	0.62819087505341	-0.60254198312759	65.000000000000	0.00000000000000
28.659999847412	0.62740927934647	-0.60280662775040	65.000000000000	0.00000000000000
28.670000076294	0.62662619352341	-0.60307049751282	65.000000000000	0.00000000000000
28.680000305176	0.62584137916565	-0.60333341360092	65.000000000000	0.00000000000000
28.690000534058	0.62505495548248	-0.60359543561935	65.000000000000	0.00000000000000
28.700000762939	0.62426704168320	-0.60385650396347	65.000000000000	0.00000000000000
28.709999084473	0.62347745895386	-0.60411667823792	65.000000000000	0.00000000000000
28.719999313354	0.62268626689911	-0.60437589883804	65.000000000000	0.00000000000000
28.729999542236	0.62189334630966	-0.60463428497314	65.000000000000	0.00000000000000
28.739999771118	0.62109893560410	-0.60489165782928	65.000000000000	0.00000000000000
28.750000000000	0.62030297517776	-0.60514819622040	65.000000000000	0.00000000000000
28.760000228882	0.61950522661209	-0.60540366172791	65.000000000000	0.00000000000000
28.770000457764	0.61870598793030	-0.60565817356110	65.000000000000	0.00000000000000
28.780000686646	0.61790502071381	-0.60591179132462	65.000000000000	0.00000000000000
28.790000915527	0.61710250377655	-0.60616451501846	65.000000000000	0.00000000000000
28.799999237061	0.61629831790924	-0.60641616582870	65.000000000000	0.00000000000000
28.809999465942	0.61549252271652	-0.60666674375534	65.000000000000	0.00000000000000
28.819999694824	0.61468523740768	-0.60691648721695	65.000000000000	0.00000000000000
28.829999923706	0.61387616395950	-0.60716515779495	65.000000000000	0.00000000000000
28.840000152588	0.61306554079056	-0.60741287469864	65.000000000000	0.00000000000000
28.850000381470	0.61225312948227	-0.60765963792801	65.000000000000	0.00000000000000
28.860000610352	0.61143928766251	-0.60790532827377	65.000000000000	0.00000000000000
28.870000839233	0.61062377691269	-0.60815000534058	65.000000000000	0.00000000000000
28.879999160767	0.60980647802353	-0.60839366912842	65.000000000000	0.00000000000000
28.889999389648	0.60898762941360	-0.60863631963730	65.000000000000	0.00000000000000
28.899999618530	0.60816711187363	-0.60887789726257	65.000000000000	0.00000000000000
28.909999847412	0.60734504461288	-0.60911846160889	65.000000000000	0.00000000000000
28.920000076294	0.60652136802673	-0.60935801267624	65.000000000000	0.00000000000000
28.930000305176	0.60569590330124	-0.60959643125534	65.000000000000	0.00000000000000
28.940000534058	0.60486882925034	-0.60983377695084	65.000000000000	0.00000000000000
28.950000762939	0.60404020547867	-0.61007010936737	65.000000000000	0.00000000000000
28.959999084473	0.60320991277695	-0.61030530929565	65.000000000000	0.00000000000000
28.969999313354	0.60237801074982	-0.61053943634033	65.000000000000	0.00000000000000
28.979999542236	0.60154432058334	-0.61077255010605	65.000000000000	0.00000000000000
28.989999771118	0.60070902109146	-0.61100453138351	65.000000000000	0.00000000000000
29.000000000000	0.59987211227417	-0.61123543977737	65.000000000000	0.00000000000000
29.010000228882	0.59903341531754	-0.61146521568298	65.000000000000	0.00000000000000
29.020000457764	0.59819328784943	-0.61169379949570	65.000000000000	0.00000000000000
29.030000686646	0.59735137224197	-0.61192137002945	65.000000000000	0.00000000000000
29.040000915527	0.59650778770447	-0.61214768886566	65.000000000000	0.00000000000000
29.049999237061	0.59566277265549	-0.61237293481827	65.000000000000	0.00000000000000
29.059999465942	0.59481585025787	-0.61259704828262	65.000000000000	0.00000000000000
29.069999694824	0.59396731853485	-0.61281996965408	65.000000000000	0.00000000000000
29.079999923706	0.59311711788177	-0.61304181814194	65.000000000000	0.00000000000000
29.090000152588	0.59226518869400	-0.61326241493225	65.000000000000	0.00000000000000
29.100000381470	0.59141170978546	-0.61348193883896	65.000000000000	0.00000000000000
29.110000610352	0.59055662155151	-0.61370021104813	65.000000000000	0.00000000000000
29.120000839233	0.58969968557358	-0.61391723155975	65.000000000000	0.00000000000000
29.129999160767	0.58884125947952	-0.61413317918777	65.000000000000	0.00000000000000
29.139999389648	0.58798098564148	-0.61434787511826	65.000000000000	0.00000000000000
29.149999618530	0.58711934089661	-0.61456137895584	65.000000000000	0.00000000000000
29.159999847412	0.58625578880310	-0.61477363109589	65.000000000000	0.00000000000000
29.170000076294	0.58539056777954	-0.61498469114304	65.000000000000	0.00000000000000
29.180000305176	0.58452373743057	-0.61519455909729	65.000000000000	0.00000000000000
29.190000534058	0.58365523815155	-0.61540311574936	65.000000000000	0.00000000000000
29.200000762939	0.58278506994247	-0.61561042070389	65.000000000000	0.00000000000000
29.209999084473	0.58191317319870	-0.61581653356552	65.000000000000	0.00000000000000
29.219999313354	0.58103966712952	-0.61602133512497	65.000000000000	0.00000000000000
29.229999542236	0.58016443252563	-0.61622494459152	65.000000000000	0.00000000000000
29.239999771118	0.57928752899170	-0.61642718315125	65.000000000000	0.00000000000000
29.250000000000	0.57840901613235	-0.61662817001343	65.000000000000	0.00000000000000
29.260000228882	0.57752871513367	-0.61682784557343	65.000000000000	0.00000000000000
29.270000457764	0.57664698362350	-0.61702632904053	65.000000000000	0.00000000000000
29.280000686646	0.57576334476471	-0.61722338199615	65.000000000000	0.00000000000000
29.290000915527	0.57487821578979	-0.61741924285889	65.000000000000	0.00000000000000
29.299999237061	0.57399117946625	-0.61761373281479	65.000000000000	0.00000000000000
29.309999465942	0.57310253381729	-0.61780691146851	65.000000000000	0.00000000000000
29.319999694824	0.57221227884293	-0.61799871921539	65.000000000000	0.00000000000000
29.329999923706	0.57132029533386	-0.61818915605545	65.000000000000	0.00000000000000
29.340000152588	0.57042664289474	-0.61837828159332	65.000000000000	0.00000000000000
29.350000381470	0.56953132152557	-0.61856603622437	65.000000000000	0.00000000000000
29.360000610352	0.56863439083099	-0.61875241994858	65.000000000000	0.00000000000000
29.370000839233	0.56773567199707	-0.61893755197525	65.000000000000	0.00000000000000
29.379999160767	0.56683528423309	-0.61912113428116	65.000000000000	0.00000000000000
29.389999389648	0.56593328714371	-0.61930334568024	65.000000000000	0.00000000000000
29.399999618530	0.56502950191498	-0.61948424577713	65.000000000000	0.00000000000000
29.409999847412	0.56412404775620	-0.61966371536255	65.000000000000	0.00000000000000
29.420000076294	0.56321704387665	-0.61984175443649	65.000000000000	0.00000000000000
29.430000305176	0.56230831146240	-0.62001836299896	65.000000000000	0.00000000000000
29.440000534058	0.56139779090881	-0.62019354104996	65.000000000000	0.00000000000000
29.450000762939	0.56048554182053	-0.62036728858948	65.000000000000	0.00000000000000
29.459999084473	0.55957180261612	-0.62053966522217	65.000000000000	0.00000000000000
29.469999313354	0.55865633487701	-0.62071049213409	65.000000000000	0.00000000000000
29.479999542236	0.55773907899857	-0.62087982892990	65.000000000000	0.00000000000000
29.489999771118	0.55682015419006	-0.62104773521423	65.000000000000	0.00000000000000
29.500000000000	0.55589956045151	-0.62121427059174	65.000000000000	0.00000000000000
29.510000228882	0.55497741699219	-0.62137919664383	65.000000000000	0.00000000000000
29.520000457764	0.55405342578888	-0.62154269218445	65.000000000000	0.00000000000000
29.530000686646	0.55312782526016	-0.62170463800430	65.000000000000	0.00000000000000
29.540000915527	0.55220061540604	-0.62186509370804	65.000000000000	0.00000000000000
29.549999237061	0.55127167701721	-0.62202399969101	65.000000000000	0.00000000000000
29.559999465942	0.55034095048904	-0.62218135595322	65.000000000000	0.00000000000000
29.569999694824	0.54940867424011	-0.62233728170395	65.000000000000	0.00000000000000
29.579999923706	0.54847455024719	-0.62249159812927	65.000000000000	0.00000000000000
29.590000152588	0.54753887653351	-0.62264436483383	65.000000000000	0.00000000000000
29.600000381470	0.54660141468048	-0.62279558181763	65.000000000000	0.00000000000000
29.610000610352	0.54566246271133	-0.62294530868530	65.000000000000	0.00000000000000
29.620000839233	0.54472172260284	-0.62309336662292	65.000000000000	0.00000000000000
29.629999160767	0.54377919435501	-0.62323987483978	65.000000000000	0.00000000000000
29.639999389648	0.54283517599106	-0.62338471412659	65.000000000000	0.00000000000000
29.649999618530	0.54188936948776	-0.62352794408798	65.000000000000	0.00000000000000
29.659999847412	0.54094183444977	-0.62366968393326	65.000000000000	0.00000000000000
29.670000076294	0.53999274969101	-0.62380969524384	65.000000000000	0.00000000000000
29.680000305176	0.53904187679291	-0.62394809722900	65.000000000000	0.00000000000000
29.690000534058	0.53808957338333	-0.62408494949341	65.000000000000	0.00000000000000
29.700000762939	0.53713536262512	-0.62422007322311	65.000000000000	0.00000000000000
29.709999084473	0.53617942333221	-0.62435358762741	65.000000000000	0.00000000000000
29.719999313354	0.53522175550461	-0.62448537349701	65.000000000000	0.00000000000000
29.729999542236	0.53426271677017	-0.62461549043655	65.000000000000	0.00000000000000
29.739999771118	0.53330188989639	-0.62474405765533	65.000000000000	0.00000000000000
29.750000000000	0.53233933448792	-0.62487083673477	65.000000000000	0.00000000000000
29.760000228882	0.53137499094009	-0.62499588727951	65.000000000000	0.00000000000000
29.770000457764	0.53040921688080	-0.62511920928955	65.000000000000	0.00000000000000
29.780000686646	0.52944165468216	-0.62524086236954	65.000000000000	0.00000000000000
29.790000915527	0.52847230434418	-0.62536090612411	65.000000000000	0.00000000000000
29.799999237061	0.52750146389008	-0.62547898292542	65.000000000000	0.00000000000000
29.809999465942	0.52652889490128	-0.62559551000595	65.000000000000	0.00000000000000
29.819999694824	0.52555465698242	-0.62571024894714	65.000000000000	0.00000000000000
29.829999923706	0.52457880973816	-0.62582314014435	65.000000000000	0.00000000000000
29.840000152588	0.52360135316849	-0.62593430280685	65.000000000000	0.00000000000000
29.850000381470	0.52262210845947	-0.62604367733002	65.000000000000	0.00000000000000
29.860000610352	0.52164131402969	-0.62615132331848	65.000000000000	0.00000000000000
29.870000839233	0.52065867185593	-0.62625718116760	65.000000000000	0.00000000000000
29.879999160767	0.51967447996140	-0.62636113166809	65.000000000000	0.00000000000000
29.889999389648	0.51868861913681	-0.62646335363388	65.000000000000	0.00000000000000
29.899999618530	0.51770120859146	-0.62656366825104	65.000000000000	0.00000000000000
29.909999847412	0.51671200990677	-0.62666225433350	65.000000000000	0.00000000000000
29.920000076294	0.51572114229202	-0.62675893306732	65.000000000000	0.00000000000000
29.930000305176	0.51472872495651	-0.62685376405716	65.000000000000	0.00000000000000
29.940000534058	0.51373463869095	-0.62694668769836	65.000000000000	0.00000000000000
29.950000762939	0.51273876428604	-0.62703788280487	65.000000000000	0.00000000000000
29.959999084473	0.51174145936966	-0.62712705135345	65.000000000000	0.00000000000000
29.969999313354	0.51074242591858	-0.62721437215805	65.000000000000	0.00000000000000
29.979999542236	0.50974166393280	-0.62729978561401	65.000000000000	0.00000000000000
29.989999771118	0.50873947143555	-0.62738335132599	65.000000000000	0.00000000000000
30.000000000000	0.50773537158966	-0.62746500968933	65.000000000000	0.00000000000000
30.010000228882	0.50672972202301	-0.62754464149475	65.000000000000	0.00000000000000
30.020000457764	0.50572252273560	-0.62762236595154	65.000000000000	0.00000000000000
30.030000686646	0.50471371412277	-0.62769824266434	65.000000000000	0.00000000000000
30.040000915527	0.50370323657990	-0.62777209281921	65.000000000000	0.00000000000000
30.049999237061	0.50269109010696	-0.62784397602081	65.000000000000	0.00000000000000
30.059999465942	0.50167739391327	-0.62791383266449	65.000000000000	0.00000000000000
30.069999694824	0.50066202878952	-0.62798178195953	65.000000000000	0.00000000000000
30.079999923706	0.49964499473572	-0.62804770469666	65.000000000000	0.00000000000000
30.090000152588	0.49862638115883	-0.62811166048050	65.000000000000	0.00000000000000
30.100000381470	0.49760606884956	-0.62817353010178	65.000000000000	0.00000000000000
30.110000610352	0.49658426642418	-0.62823343276978	65.000000000000	0.00000000000000
30.120000839233	0.49556073546410	-0.62829124927521	65.000000000000	0.00000000000000
30.129999160767	0.49453565478325	-0.62834709882736	65.000000000000	0.00000000000000
30.139999389648	0.49350896477699	-0.62840092182159	65.000000000000	0.00000000000000
30.149999618530	0.49248066544533	-0.62845259904861	65.000000000000	0.00000000000000
30.159999847412	0.49145084619522	-0.62850224971771	65.000000000000	0.00000000000000
30.170000076294	0.49041920900345	-0.62854981422424	65.000000000000	0.00000000000000
30.180000305176	0.48938623070717	-0.62859529256821	65.000000000000	0.00000000000000
30.190000534058	0.48835158348083	-0.62863862514496	65.000000000000	0.00000000000000
30.200000762939	0.48731520771980	-0.62867993116379	65.000000000000	0.00000000000000
30.209999084473	0.48627737164497	-0.62871903181076	65.000000000000	0.00000000000000
30.219999313354	0.48523792624474	-0.62875610589981	65.000000000000	0.00000000000000
30.229999542236	0.48419693112373	-0.62879097461700	65.000000000000	0.00000000000000
30.239999771118	0.48315426707268	-0.62882369756699	65.000000000000	0.00000000000000
30.250000000000	0.48211014270782	-0.62885427474976	65.000000000000	0.00000000000000
30.260000228882	0.48106431961060	-0.62888264656067	65.000000000000	0.00000000000000
30.270000457764	0.48001697659492	-0.62890887260437	65.000000000000	0.00000000000000
30.280000686646	0.47896805405617	-0.62893289327621	65.000000000000	0.00000000000000
30.290000915527	0.47791770100594	-0.62895470857620	65.000000000000	0.00000000000000
30.299999237061	0.47686553001404	-0.62897437810898	65.000000000000	0.00000000000000
30.309999465942	0.47581195831299	-0.62899178266525	65.000000000000	0.00000000000000
30.319999694824	0.47475683689117	-0.62900698184967	65.000000000000	0.00000000000000
30.329999923706	0.47370013594627	-0.62901991605759	65.000000000000	0.00000000000000
30.340000152588	0.47264185547829	-0.62903058528900	65.000000000000	0.00000000000000
30.350000381470	0.47158211469650	-0.62903904914856	65.000000000000	0.00000000000000
30.360000610352	0.47052076458931	-0.62904524803162	65.000000000000	0.00000000000000
30.370000839233	0.46945777535439	-0.62904906272888	65.000000000000	0.00000000000000
30.379999160767	0.46839344501495	-0.62905073165894	65.000000000000	0.00000000000000
30.389999389648	0.46732762455940	-0.62905001640320	65.000000000000	0.00000000000000
30.399999618530	0.46626007556915	-0.62904703617096	65.000000000000	0.00000000000000
30.409999847412	0.46519109606743	-0.62904173135757	65.000000000000	0.00000000000000
30.420000076294	0.46412056684494	-0.62903410196304	65.000000000000	0.00000000000000
30.430000305176	0.46304857730865	-0.62902408838272	65.000000000000	0.00000000000000
30.440000534058	0.46197503805161	-0.62901163101196	65.000000000000	0.00000000000000
30.450000762939	0.46090012788773	-0.62899702787399	65.000000000000	0.00000000000000
30.459999084473	0.45982348918915	-0.62897998094559	65.000000000000	0.00000000000000
30.469999313354	0.45874547958374	-0.62896054983139	65.000000000000	0.00000000000000
30.479999542236	0.45766589045525	-0.62893867492676	65.000000000000	0.00000000000000
30.489999771118	0.45658493041992	-0.62891447544098	65.000000000000	0.00000000000000
30.500000000000	0.45550245046616	-0.62888783216476	65.000000000000	0.00000000000000
30.510000228882	0.45441859960556	-0.62885874509811	65.000000000000	0.00000000000000
30.520000457764	0.45333302021027	-0.62882721424103	65.000000000000	0.00000000000000
30.530000686646	0.45224615931511	-0.62879329919815	65.000000000000	0.00000000000000
30.540000915527	0.45115771889687	-0.62875688076019	65.000000000000	0.00000000000000
30.549999237061	0.45006793737411	-0.62871801853180	65.000000000000	0.00000000000000
30.559999465942	0.44897663593292	-0.62867671251297	65.000000000000	0.00000000000000
30.569999694824	0.44788390398026	-0.62863290309906	65.000000000000	0.00000000000000
30.579999923706	0.44678962230682	-0.62858659029007	65.000000000000	0.00000000000000
30.590000152588	0.44569399952888	-0.62853783369064	65.000000000000	0.00000000000000
30.600000381470	0.44459694623947	-0.62848645448685	65.000000000000	0.00000000000000
30.610000610352	0.44349837303162	-0.62843263149261	65.000000000000	0.00000000000000
30.620000839233	0.44239854812622	-0.62837630510330	65.000000000000	0.00000000000000
30.629999160767	0.44129708409309	-0.62831735610962	65.000000000000	0.00000000000000
30.639999389648	0.44019427895546	-0.62825590372086	65.000000000000	0.00000000000000
30.649999618530	0.43909016251564	-0.62819182872772	65.000000000000	0.00000000000000
30.659999847412	0.43798452615738	-0.62812519073486	65.000000000000	0.00000000000000
30.670000076294	0.43687754869461	-0.62805598974228	65.000000000000	0.00000000000000
30.680000305176	0.43576911091805	-0.62798416614532	65.000000000000	0.00000000000000
30.690000534058	0.43465930223465	-0.62790983915329	65.000000000000	0.00000000000000
30.700000762939	0.43354815244675	-0.62783277034760	65.000000000000	0.00000000000000
30.709999084473	0.43243569135666	-0.62775307893753	65.000000000000	0.00000000000000
30.719999313354	0.43132171034813	-0.62767082452774	65.000000000000	0.00000000000000
30.729999542236	0.43020644783974	-0.62758588790894	65.000000000000	0.00000000000000
30.739999771118	0.42908987402916	-0.62749826908112	65.000000000000	0.00000000000000
30.750000000000	0.42797178030014	-0.62740802764893	65.000000000000	0.00000000000000
30.760000228882	0.42685237526894	-0.62731510400772	65.000000000000	0.00000000000000
30.770000457764	0.42573171854019	-0.62721949815750	65.000000000000	0.00000000000000
30.780000686646	0.42460972070694	-0.62712109088898	65.000000000000	0.00000000000000
30.790000915527	0.42348626255989	-0.62702006101608	65.000000000000	0.00000000000000
30.799999237061	0.42236161231995	-0.62691628932953	65.000000000000	0.00000000000000
30.809999465942	0.42123562097549	-0.62680983543396	65.000000000000	0.00000000000000
30.819999694824	0.42010828852654	-0.62670058012009	65.000000000000	0.00000000000000
30.829999923706	0.41897970438004	-0.62658852338791	65.000000000000	0.00000000000000
30.840000152588	0.41784968972206	-0.62647372484207	65.000000000000	0.00000000000000
30.850000381470	0.41671851277351	-0.62635624408722	65.000000000000	0.00000000000000
30.860000610352	0.41558599472046	-0.62623590230942	65.000000000000	0.00000000000000
30.870000839233	0.41445219516754	-0.62611281871796	65.000000000000	0.00000000000000
30.879999160767	0.41331723332405	-0.62598693370819	65.000000000000	0.00000000000000
30.889999389648	0.41218081116676	-0.62585818767548	65.000000000000	0.00000000000000
30.899999618530	0.41104334592819	-0.62572658061981	65.000000000000	0.00000000000000
30.909999847412	0.40990442037582	-0.62559217214584	65.000000000000	0.00000000000000
30.920000076294	0.40876433253288	-0.62545496225357	65.000000000000	0.00000000000000
30.930000305176	0.40762308239937	-0.62531483173370	65.000000000000	0.00000000000000
30.940000534058	0.40648046135902	-0.62517184019089	65.000000000000	0.00000000000000
30.950000762939	0.40533670783043	-0.62502598762512	65.000000000000	0.00000000000000
30.959999084473	0.40419176220894	-0.62487733364105	65.000000000000	0.00000000000000
30.969999313354	0.40304586291313	-0.62472552061081	65.000000000000	0.00000000000000
30.979999542236	0.40189811587334	-0.62457114458084	65.000000000000	0.00000000000000
30.989999771118	0.40074956417084	-0.62441366910934	65.000000000000	0.00000000000000
31.000000000000	0.39959970116615	-0.62425333261490	65.000000000000	0.00000000000000
31.010000228882	0.39844912290573	-0.62408977746964	65.000000000000	0.00000000000000
31.020000457764	0.39729684591293	-0.62392359972000	65.000000000000	0.00000000000000
31.030000686646	0.39614355564117	-0.62375432252884	65.000000000000	0.00000000000000
31.040000915527	0.39498889446259	-0.62358218431473	65.000000000000	0.00000000000000
31.049999237061	0.39383351802826	-0.62340682744980	65.000000000000	0.00000000000000
31.059999465942	0.39267683029175	-0.62322860956192	65.000000000000	0.00000000000000
31.069999694824	0.39151883125305	-0.62304747104645	65.000000000000	0.00000000000000
31.079999923706	0.39035990834236	-0.62286323308945	65.000000000000	0.00000000000000
31.090000152588	0.38919991254807	-0.62267589569092	65.000000000000	0.00000000000000
31.100000381470	0.38803833723068	-0.62248581647873	65.000000000000	0.00000000000000
31.110000610352	0.38687616586685	-0.62229245901108	65.000000000000	0.00000000000000
31.120000839233	0.38571298122406	-0.62209594249725	65.000000000000	0.00000000000000
31.129999160767	0.38454851508141	-0.62189644575119	65.000000000000	0.00000000000000
31.139999389648	0.38338282704353	-0.62169396877289	65.000000000000	0.00000000000000
31.149999618530	0.38221648335457	-0.62148821353912	65.000000000000	0.00000000000000
31.159999847412	0.38104864954948	-0.62127959728241	65.000000000000	0.00000000000000
31.170000076294	0.37988016009331	-0.62106764316559	65.000000000000	0.00000000000000
31.180000305176	0.37871015071869	-0.62085288763046	65.000000000000	0.00000000000000
31.190000534058	0.37753924727440	-0.62063485383987	65.000000000000	0.00000000000000
31.200000762939	0.37636780738831	-0.62041354179382	65.000000000000	0.00000000000000
31.209999084473	0.37519478797913	-0.62018924951553	65.000000000000	0.00000000000000
31.219999313354	0.37402096390724	-0.61996173858643	65.000000000000	0.00000000000000
31.229999542236	0.37284621596336	-0.61973100900650	65.000000000000	0.00000000000000
31.239999771118	0.37167036533356	-0.61949717998505	65.000000000000	0.00000000000000
31.250000000000	0.37049362063408	-0.61926013231277	65.000000000000	0.00000000000000
31.260000228882	0.36931610107422	-0.61901980638504	65.000000000000	0.00000000000000
31.270000457764	0.36813741922379	-0.61877638101578	65.000000000000	0.00000000000000
31.280000686646	0.36695754528046	-0.61852979660034	65.000000000000	0.00000000000000
31.290000915527	0.36577695608139	-0.61827993392944	65.000000000000	0.00000000000000
31.299999237061	0.36459553241730	-0.61802679300308	65.000000000000	0.00000000000000
31.309999465942	0.36341306567192	-0.61777043342590	65.000000000000	0.00000000000000
31.319999694824	0.36223000288010	-0.61751061677933	65.000000000000	0.00000000000000
31.329999923706	0.36104568839073	-0.61724781990051	65.000000000000	0.00000000000000
31.340000152588	0.35986050963402	-0.61698162555695	65.000000000000	0.00000000000000
31.350000381470	0.35867467522621	-0.61671209335327	65.000000000000	0.00000000000000
31.360000610352	0.35748773813248	-0.61643934249878	65.000000000000	0.00000000000000
31.370000839233	0.35630008578300	-0.61616319417953	65.000000000000	0.00000000000000
31.379999160767	0.35511174798012	-0.61588376760483	65.000000000000	0.00000000000000
31.389999389648	0.35392203927040	-0.61560118198395	65.000000000000	0.00000000000000
31.399999618530	0.35273194313049	-0.61531502008438	65.000000000000	0.00000000000000
31.409999847412	0.35154086351395	-0.61502552032471	65.000000000000	0.00000000000000
31.420000076294	0.35034909844398	-0.61473274230957	65.000000000000	0.00000000000000
31.430000305176	0.34915652871132	-0.61443662643433	65.000000000000	0.00000000000000
31.440000534058	0.34796330332756	-0.61413711309433	65.000000000000	0.00000000000000
31.450000762939	0.34676909446716	-0.61383414268494	65.000000000000	0.00000000000000
31.459999084473	0.34557414054871	-0.61352789402008	65.000000000000	0.00000000000000
31.469999313354	0.34437853097916	-0.61321812868118	65.000000000000	0.00000000000000
31.479999542236	0.34318217635155	-0.61290496587753	65.000000000000	0.00000000000000
31.489999771118	0.34198504686356	-0.61258840560913	65.000000000000	0.00000000000000
31.500000000000	0.34078732132912	-0.61226838827133	65.000000000000	0.00000000000000
31.510000228882	0.33958870172501	-0.61194491386414	65.000000000000	0.00000000000000
31.520000457764	0.33838954567909	-0.61161810159683	65.000000000000	0.00000000000000
31.530000686646	0.33718961477280	-0.61128765344620	65.000000000000	0.00000000000000
31.540000915527	0.33598902821541	-0.61095386743546	65.000000000000	0.00000000000000
31.549999237061	0.33478775620461	-0.61061656475067	65.000000000000	0.00000000000000
31.559999465942	0.33358594775200	-0.61027574539185	65.000000000000	0.00000000000000
31.569999694824	0.33238342404366	-0.60993134975433	65.000000000000	0.00000000000000
31.579999923706	0.33118030428886	-0.60958361625671	65.000000000000	0.00000000000000
31.590000152588	0.32997652888298	-0.60923224687576	65.000000000000	0.00000000000000
31.600000381470	0.32877224683762	-0.60887736082077	65.000000000000	0.00000000000000
31.610000610352	0.32756733894348	-0.60851889848709	65.000000000000	0.00000000000000
31.620000839233	0.32636186480522	-0.60815691947937	65.000000000000	0.00000000000000
31.629999160767	0.32515579462051	-0.60779142379761	65.000000000000	0.00000000000000
31.639999389648	0.32394924759865	-0.60742235183716	65.000000000000	0.00000000000000
31.649999618530	0.32274213433266	-0.60704970359802	65.000000000000	0.00000000000000
31.659999847412	0.32153445482254	-0.60667347908020	65.000000000000	0.00000000000000
31.670000076294	0.32032623887062	-0.60629361867905	65.000000000000	0.00000000000000
31.680000305176	0.31911760568619	-0.60591018199921	65.000000000000	0.00000000000000
31.690000534058	0.31790849566460	-0.60552316904068	65.000000000000	0.00000000000000
31.700000762939	0.31669896841049	-0.60513246059418	65.000000000000	0.00000000000000
31.709999084473	0.31548884510994	-0.60473817586899	65.000000000000	0.00000000000000
31.719999313354	0.31427833437920	-0.60434025526047	65.000000000000	0.00000000000000
31.729999542236	0.31306737661362	-0.60393863916397	65.000000000000	0.00000000000000
31.739999771118	0.31185606122017	-0.60353344678879	65.000000000000	0.00000000000000
31.750000000000	0.31064417958260	-0.60312455892563	65.000000000000	0.00000000000000
31.760000228882	0.30943199992180	-0.60271197557449	65.000000000000	0.00000000000000
31.770000457764	0.30821952223778	-0.60229569673538	65.000000000000	0.00000000000000
31.780000686646	0.30700650811195	-0.60187578201294	65.000000000000	0.00000000000000
31.790000915527	0.30579322576523	-0.60145211219788	65.000000000000	0.00000000000000
31.799999237061	0.30457970499992	-0.60102480649948	65.000000000000	0.00000000000000
31.809999465942	0.30336564779282	-0.60059380531311	65.000000000000	0.00000000000000
31.819999694824	0.30215138196945	-0.60015904903412	65.000000000000	0.00000000000000
31.829999923706	0.30093693733215	-0.59972047805786	65.000000000000	0.00000000000000
31.840000152588	0.29972210526466	-0.59927827119827	65.000000000000	0.00000000000000
31.850000381470	0.29850712418556	-0.59883224964142	65.000000000000	0.00000000000000
31.860000610352	0.29729166626930	-0.59838247299194	65.000000000000	0.00000000000000
31.870000839233	0.29607608914375	-0.59792900085449	65.000000000000	0.00000000000000
31.879999160767	0.29486021399498	-0.59747171401978	65.000000000000	0.00000000000000
31.889999389648	0.29364418983459	-0.59701061248779	65.000000000000	0.00000000000000
31.899999618530	0.29242795705795	-0.59654581546783	65.000000000000	0.00000000000000
31.909999847412	0.29121157526970	-0.59607714414597	65.000000000000	0.00000000000000
31.920000076294	0.28999498486519	-0.59560477733612	65.000000000000	0.00000000000000
31.930000305176	0.28877833485603	-0.59512847661972	65.000000000000	0.00000000000000
31.940000534058	0.28756132721901	-0.59464842081070	65.000000000000	0.00000000000000
31.950000762939	0.28634425997734	-0.59416455030441	65.000000000000	0.00000000000000
31.959999084473	0.28512716293335	-0.59367686510086	65.000000000000	0.00000000000000
31.969999313354	0.28391006588936	-0.59318518638611	65.000000000000	0.00000000000000
31.979999542236	0.28269264101982	-0.59268987178802	65.000000000000	0.00000000000000
31.989999771118	0.28147524595261	-0.59219056367874	65.000000000000	0.00000000000000
32.000000000000	0.28025791049004	-0.59168744087219	65.000000000000	0.00000000000000
32.009998321533	0.27904027700424	-0.59118044376373	65.000000000000	0.00000000000000
32.020000457764	0.27782285213470	-0.59066963195801	65.000000000000	0.00000000000000
32.029998779297	0.27660536766052	-0.59015482664108	65.000000000000	0.00000000000000
32.040000915527	0.27538794279099	-0.58963608741760	65.000000000000	0.00000000000000
32.049999237061	0.27417048811913	-0.58911365270615	65.000000000000	0.00000000000000
32.060001373291	0.27295297384262	-0.58858716487885	65.000000000000	0.00000000000000
32.069999694824	0.27173572778702	-0.58805686235428	65.000000000000	0.00000000000000
32.080001831055	0.27051833271980	-0.58752250671387	65.000000000000	0.00000000000000
32.090000152588	0.26930126547813	-0.58698433637619	65.000000000000	0.00000000000000
32.099998474121	0.26808404922485	-0.58644217252731	65.000000000000	0.00000000000000
32.110000610352	0.26686728000641	-0.58589613437653	65.000000000000	0.00000000000000
32.119998931885	0.26565030217171	-0.58534610271454	65.000000000000	0.00000000000000
32.130001068115	0.26443365216255	-0.58479213714600	65.000000000000	0.00000000000000
32.139999389648	0.26321712136269	-0.58423417806625	65.000000000000	0.00000000000000
32.150001525879	0.26200082898140	-0.58367234468460	65.000000000000	0.00000000000000
32.159999847412	0.26078477501869	-0.58310639858246	65.000000000000	0.00000000000000
32.169998168945	0.25956884026527	-0.58253657817841	65.000000000000	0.00000000000000
32.180000305176	0.25835320353508	-0.58196282386780	65.000000000000	0.00000000000000
32.189998626709	0.25713771581650	-0.58138501644135	65.000000000000	0.00000000000000
32.200000762939	0.25592255592346	-0.58080321550369	65.000000000000	0.00000000000000
32.209999084473	0.25470769405365	-0.58021742105484	65.000000000000	0.00000000000000
32.220001220703	0.25349321961403	-0.57962763309479	65.000000000000	0.00000000000000
32.229999542236	0.25227892398834	-0.57903379201889	65.000000000000	0.00000000000000
32.240001678467	0.25106501579285	-0.57843595743179	65.000000000000	0.00000000000000
32.250000000000	0.24985137581825	-0.57783418893814	65.000000000000	0.00000000000000
32.259998321533	0.24863825738430	-0.57722824811935	65.000000000000	0.00000000000000
32.270000457764	0.24742542207241	-0.57661831378937	65.000000000000	0.00000000000000
32.279998779297	0.24621289968491	-0.57600438594818	65.000000000000	0.00000000000000
32.290000915527	0.24500107765198	-0.57538634538651	65.000000000000	0.00000000000000
32.299999237061	0.24378946423531	-0.57476431131363	65.000000000000	0.00000000000000
32.310001373291	0.24257832765579	-0.57413822412491	65.000000000000	0.00000000000000
32.319999694824	0.24136768281460	-0.57350802421570	65.000000000000	0.00000000000000
32.330001831055	0.24015757441521	-0.57287389039993	65.000000000000	0.00000000000000
32.340000152588	0.23894798755646	-0.57223558425903	65.000000000000	0.00000000000000
32.349998474121	0.23773892223835	-0.57159316539764	65.000000000000	0.00000000000000
32.360000610352	0.23653030395508	-0.57094675302505	65.000000000000	0.00000000000000
32.369998931885	0.23532223701477	-0.57029616832733	65.000000000000	0.00000000000000
32.380001068115	0.23411494493484	-0.56964164972305	65.000000000000	0.00000000000000
32.389999389648	0.23290795087814	-0.56898295879364	65.000000000000	0.00000000000000
32.400001525879	0.23170171678066	-0.56832015514374	65.000000000000	0.00000000000000
32.409999847412	0.23049615323544	-0.56765323877335	65.000000000000	0.00000000000000
32.419998168945	0.22929123044014	-0.56698220968246	65.000000000000	0.00000000000000
32.430000305176	0.22808697819710	-0.56630706787109	65.000000000000	0.00000000000000
32.439998626709	0.22688327729702	-0.56562793254852	65.000000000000	0.00000000000000
32.450000762939	0.22568055987358	-0.56494456529617	65.000000000000	0.00000000000000
32.459999084473	0.22447830438614	-0.56425714492798	65.000000000000	0.00000000000000
32.470001220703	0.22327691316605	-0.56356555223465	65.000000000000	0.00000000000000
32.479999542236	0.22207626700401	-0.56286984682083	65.000000000000	0.00000000000000
32.490001678467	0.22087630629539	-0.56217002868652	65.000000000000	0.00000000000000
32.500000000000	0.21967734396458	-0.56146603822708	65.000000000000	0.00000000000000
32.509998321533	0.21847896277905	-0.56075793504715	65.000000000000	0.00000000000000
32.520000457764	0.21728162467480	-0.56004565954208	65.000000000000	0.00000000000000
32.529998779297	0.21608488261700	-0.55932933092117	65.000000000000	0.00000000000000
32.540000915527	0.21488927304745	-0.55860877037048	65.000000000000	0.00000000000000
32.549999237061	0.21369437873363	-0.55788403749466	65.000000000000	0.00000000000000
32.560001373291	0.21250039339066	-0.55715531110764	65.000000000000	0.00000000000000
32.569999694824	0.21130743622780	-0.55642223358154	65.000000000000	0.00000000000000
32.580001831055	0.21011541783810	-0.55568516254425	65.000000000000	0.00000000000000
32.590000152588	0.20892432332039	-0.55494385957718	65.000000000000	0.00000000000000
32.599998474121	0.20773431658745	-0.55419832468033	65.000000000000	0.00000000000000
32.610000610352	0.20654517412186	-0.55344879627228	65.000000000000	0.00000000000000
32.619998931885	0.20535711944103	-0.55269491672516	65.000000000000	0.00000000000000
32.630001068115	0.20416994392872	-0.55193704366684	65.000000000000	0.00000000000000
32.639999389648	0.20298409461975	-0.55117487907410	65.000000000000	0.00000000000000
32.650001525879	0.20179924368858	-0.55040860176086	65.000000000000	0.00000000000000
32.659999847412	0.20061546564102	-0.54963803291321	65.000000000000	0.00000000000000
32.669998168945	0.19943279027939	-0.54886347055435	65.000000000000	0.00000000000000
32.680000305176	0.19825117290020	-0.54808461666107	65.000000000000	0.00000000000000
32.689998626709	0.19707094132900	-0.54730159044266	65.000000000000	0.00000000000000
32.700000762939	0.19589172303677	-0.54651445150375	65.000000000000	0.00000000000000
32.709999084473	0.19471363723278	-0.54572308063507	65.000000000000	0.00000000000000
32.720001220703	0.19353684782982	-0.54492753744125	65.000000000000	0.00000000000000
32.729999542236	0.19236148893833	-0.54412782192230	65.000000000000	0.00000000000000
32.740001678467	0.19118705391884	-0.54332381486893	65.000000000000	0.00000000000000
32.750000000000	0.19001410901546	-0.54251575469971	65.000000000000	0.00000000000000
32.759998321533	0.18884240090847	-0.54170352220535	65.000000000000	0.00000000000000
32.770000457764	0.18767195940018	-0.54088699817657	65.000000000000	0.00000000000000
32.779998779297	0.18650302290916	-0.54006636142731	65.000000000000	0.00000000000000
32.790000915527	0.18533538281918	-0.53924149274826	65.000000000000	0.00000000000000
32.799999237061	0.18416903913021	-0.53841257095337	65.000000000000	0.00000000000000
32.810001373291	0.18300400674343	-0.53757929801941	65.000000000000	0.00000000000000
32.819999694824	0.18184058368206	-0.53674191236496	65.000000000000	0.00000000000000
32.830001831055	0.18067850172520	-0.53590029478073	65.000000000000	0.00000000000000
32.840000152588	0.17951780557632	-0.53505450487137	65.000000000000	0.00000000000000
32.849998474121	0.17835877835751	-0.53420460224152	65.000000000000	0.00000000000000
32.860000610352	0.17720112204552	-0.53335040807724	65.000000000000	0.00000000000000
32.869998931885	0.17604503035545	-0.53249204158783	65.000000000000	0.00000000000000
32.880001068115	0.17489039897919	-0.53162956237793	65.000000000000	0.00000000000000
32.889999389648	0.17373748123646	-0.53076285123825	65.000000000000	0.00000000000000
32.900001525879	0.17258602380753	-0.52989196777344	65.000000000000	0.00000000000000
32.909999847412	0.17143622040749	-0.52901691198349	65.000000000000	0.00000000000000
32.919998168945	0.17028793692589	-0.52813768386841	65.000000000000	0.00000000000000
32.930000305176	0.16914139688015	-0.52725428342819	65.000000000000	0.00000000000000
32.939998626709	0.16799655556679	-0.52636659145355	65.000000000000	0.00000000000000
32.950000762939	0.16685330867767	-0.52547484636307	65.000000000000	0.00000000000000
32.959999084473	0.16571174561977	-0.52457892894745	65.000000000000	0.00000000000000
32.970001220703	0.16457192599773	-0.52367883920670	65.000000000000	0.00000000000000
32.979999542236	0.16343399882317	-0.52277451753616	65.000000000000	0.00000000000000
32.990001678467	0.16229768097401	-0.52186602354050	65.000000000000	0.00000000000000
33.000000000000	0.16116318106651	-0.52095341682434	65.000000000000	0.00000000000000
33.009998321533	0.16003046929836	-0.52003663778305	65.000000000000	0.00000000000000
33.020000457764	0.15889957547188	-0.51911574602127	65.000000000000	0.00000000000000
33.029998779297	0.15777064859867	-0.51819062232971	65.000000000000	0.00000000000000
33.040000915527	0.15664343535900	-0.51726132631302	65.000000000000	0.00000000000000
33.049999237061	0.15551824867725	-0.51632791757584	65.000000000000	0.00000000000000
33.060001373291	0.15439482033253	-0.51539033651352	65.000000000000	0.00000000000000
33.069999694824	0.15327341854572	-0.51444858312607	65.000000000000	0.00000000000000
33.080001831055	0.15215395390987	-0.51350277662277	65.000000000000	0.00000000000000
33.090000152588	0.15103657543659	-0.51255279779434	65.000000000000	0.00000000000000
33.099998474121	0.14992101490498	-0.51159858703613	65.000000000000	0.00000000000000
33.110000610352	0.14880757033825	-0.51064038276672	65.000000000000	0.00000000000000
33.119998931885	0.14769612252712	-0.50967800617218	65.000000000000	0.00000000000000
33.130001068115	0.14658668637276	-0.50871151685715	65.000000000000	0.00000000000000
33.139999389648	0.14547941088676	-0.50774085521698	65.000000000000	0.00000000000000
33.150001525879	0.14437417685986	-0.50676602125168	65.000000000000	0.00000000000000
33.159999847412	0.14327116310596	-0.50578713417053	65.000000000000	0.00000000000000
33.169998168945	0.14217010140419	-0.50480419397354	65.000000000000	0.00000000000000
33.180000305176	0.14107139408588	-0.50381708145142	65.000000000000	0.00000000000000
33.189998626709	0.13997468352318	-0.50282591581345	65.000000000000	0.00000000000000
33.200000762939	0.13888035714626	-0.50183057785034	65.000000000000	0.00000000000000
33.209999084473	0.13778832554817	-0.50083124637604	65.000000000000	0.00000000000000
33.220001220703	0.13669833540916	-0.49982777237892	65.000000000000	0.00000000000000
33.229999542236	0.13561066985130	-0.49882024526596	65.000000000000	0.00000000000000
33.240001678467	0.13452534377575	-0.49780857563019	65.000000000000	0.00000000000000
33.250000000000	0.13344214856625	-0.49679297208786	65.000000000000	0.00000000000000
33.259998321533	0.13236153125763	-0.49577319622040	65.000000000000	0.00000000000000
33.270000457764	0.13128308951855	-0.49474936723709	65.000000000000	0.00000000000000
33.279998779297	0.13020713627338	-0.49372151494026	65.000000000000	0.00000000000000
33.290000915527	0.12913364171982	-0.49268960952759	65.000000000000	0.00000000000000
33.299999237061	0.12806244194508	-0.49165365099907	65.000000000000	0.00000000000000
33.310001373291	0.12699361145496	-0.49061372876167	65.000000000000	0.00000000000000
33.319999694824	0.12592734396458	-0.48956969380379	65.000000000000	0.00000000000000
33.330001831055	0.12486347556114	-0.48852166533470	65.000000000000	0.00000000000000
33.340000152588	0.12380222231150	-0.48746958374977	65.000000000000	0.00000000000000
33.349998474121	0.12274349480867	-0.48641359806061	65.000000000000	0.00000000000000
33.360000610352	0.12168721109629	-0.48535355925560	65.000000000000	0.00000000000000
33.369998931885	0.12063347548246	-0.48428949713707	65.000000000000	0.00000000000000
33.380001068115	0.11958244442940	-0.48322144150734	65.000000000000	0.00000000000000
33.389999389648	0.11853400617838	-0.48214945197105	65.000000000000	0.00000000000000
33.400001525879	0.11748807877302	-0.48107349872589	65.000000000000	0.00000000000000
33.409999847412	0.11644488573074	-0.47999352216721	65.000000000000	0.00000000000000
33.419998168945	0.11540424078703	-0.47890970110893	65.000000000000	0.00000000000000
33.430000305176	0.11436636745930	-0.47782182693481	65.000000000000	0.00000000000000
33.439998626709	0.11333129554987	-0.47673004865646	65.000000000000	0.00000000000000
33.450000762939	0.11229892820120	-0.47563436627388	65.000000000000	0.00000000000000
33.459999084473	0.11126916855574	-0.47453474998474	65.000000000000	0.00000000000000
33.470001220703	0.11024237424135	-0.47343116998672	65.000000000000	0.00000000000000
33.479999542236	0.10921820998192	-0.47232371568680	65.000000000000	0.00000000000000
33.490001678467	0.10819693654776	-0.47121235728264	65.000000000000	0.00000000000000
33.500000000000	0.10717846453190	-0.47009715437889	65.000000000000	0.00000000000000
33.509998321533	0.10616289079189	-0.46897801756859	65.000000000000	0.00000000000000
33.520000457764	0.10515014827251	-0.46785506606102	65.000000000000	0.00000000000000
33.529998779297	0.10414024442434	-0.46672821044922	65.000000000000	0.00000000000000
33.540000915527	0.10313341766596	-0.46559751033783	65.000000000000	0.00000000000000
33.549999237061	0.10212947428226	-0.46446296572685	65.000000000000	0.00000000000000
33.560001373291	0.10112852603197	-0.46332460641861	65.000000000000	0.00000000000000
33.569999694824	0.10013049095869	-0.46218243241310	65.000000000000	0.00000000000000
33.580001831055	0.099135369062424	-0.46103641390800	65.000000000000	0.00000000000000
33.590000152588	0.098143421113491	-0.45988664031029	65.000000000000	0.00000000000000
33.599998474121	0.097154431045055	-0.45873305201530	65.000000000000	0.00000000000000
33.610000610352	0.096168622374535	-0.45757564902306	65.000000000000	0.00000000000000
33.619998931885	0.095185831189156	-0.45641455054283	65.000000000000	0.00000000000000
33.630001068115	0.094206243753433	-0.45524963736534	65.000000000000	0.00000000000000
33.639999389648	0.093229472637177	-0.45408102869987	65.000000000000	0.00000000000000
33.650001525879	0.092256173491478	-0.45290860533714	65.000000000000	0.00000000000000
33.659999847412	0.091285936534405	-0.45173254609108	65.000000000000	0.00000000000000
33.669998168945	0.090318769216537	-0.45055273175240	65.000000000000	0.00000000000000
33.680000305176	0.089354693889618	-0.44936922192574	65.000000000000	0.00000000000000
33.689998626709	0.088394373655319	-0.44818192720413	65.000000000000	0.00000000000000
33.700000762939	0.087436966598034	-0.44699105620384	65.000000000000	0.00000000000000
33.709999084473	0.086482688784599	-0.44579651951790	65.000000000000	0.00000000000000
33.720001220703	0.085531987249851	-0.44459825754166	65.000000000000	0.00000000000000
33.729999542236	0.084584265947342	-0.44339647889137	65.000000000000	0.00000000000000
33.740001678467	0.083640143275261	-0.44219094514847	65.000000000000	0.00000000000000
33.750000000000	0.082699015736580	-0.44098189473152	65.000000000000	0.00000000000000
33.759998321533	0.081761531531811	-0.43976917862892	65.000000000000	0.00000000000000
33.770000457764	0.080827288329601	-0.43855285644531	65.000000000000	0.00000000000000
33.779998779297	0.079896718263626	-0.43733295798302	65.000000000000	0.00000000000000
33.790000915527	0.078969411551952	-0.43610948324203	65.000000000000	0.00000000000000
33.799999237061	0.078045599162579	-0.43488246202469	65.000000000000	0.00000000000000
33.810001373291	0.077125087380409	-0.43365195393562	65.000000000000	0.00000000000000
33.819999694824	0.076208300888538	-0.43241786956787	65.000000000000	0.00000000000000
33.830001831055	0.075294852256775	-0.43118023872375	65.000000000000	0.00000000000000
33.840000152588	0.074384748935699	-0.42993924021721	65.000000000000	0.00000000000000
33.849998474121	0.073478415608406	-0.42869463562965	65.000000000000	0.00000000000000
33.860000610352	0.072575666010380	-0.42744660377502	65.000000000000	0.00000000000000
33.869998931885	0.071676507592201	-0.42619505524635	65.000000000000	0.00000000000000
33.880001068115	0.070780970156193	-0.42494010925293	65.000000000000	0.00000000000000
33.889999389648	0.069889053702354	-0.42368173599243	65.000000000000	0.00000000000000
33.900001525879	0.069000579416752	-0.42241996526718	65.000000000000	0.00000000000000
33.909999847412	0.068115957081318	-0.42115476727486	65.000000000000	0.00000000000000
33.919998168945	0.067234806716442	-0.41988617181778	65.000000000000	0.00000000000000
33.930000305176	0.066357336938381	-0.41861429810524	65.000000000000	0.00000000000000
33.939998626709	0.065483771264553	-0.41733899712563	65.000000000000	0.00000000000000
33.950000762939	0.064613908529282	-0.41606029868126	65.000000000000	0.00000000000000
33.959999084473	0.063747778534889	-0.41477838158607	65.000000000000	0.00000000000000
33.970001220703	0.062885388731956	-0.41349309682846	65.000000000000	0.00000000000000
33.979999542236	0.062026750296354	-0.41220453381538	65.000000000000	0.00000000000000
33.990001678467	0.061171878129244	-0.41091269254684	65.000000000000	0.00000000000000
34.000000000000	0.060320988297462	-0.40961760282516	65.000000000000	0.00000000000000
34.009998321533	0.059473887085915	-0.40831923484802	65.000000000000	0.00000000000000
34.020000457764	0.058630399405956	-0.40701767802238	65.000000000000	0.00000000000000
34.029998779297	0.057790931314230	-0.40571290254593	65.000000000000	0.00000000000000
34.040000915527	0.056955691426992	-0.40440484881401	65.000000000000	0.00000000000000
34.049999237061	0.056123908609152	-0.40309372544289	65.000000000000	0.00000000000000
34.060001373291	0.055296175181866	-0.40177938342094	65.000000000000	0.00000000000000
34.069999694824	0.054472513496876	-0.40046185255051	65.000000000000	0.00000000000000
34.080001831055	0.053652741014957	-0.39914128184319	65.000000000000	0.00000000000000
34.090000152588	0.052836868911982	-0.39781758189201	65.000000000000	0.00000000000000
34.099998474121	0.052025094628334	-0.39649075269699	65.000000000000	0.00000000000000
34.110000610352	0.051217436790466	-0.39516082406044	65.000000000000	0.00000000000000
34.119998931885	0.050413537770510	-0.39382791519165	65.000000000000	0.00000000000000
34.130001068115	0.049613770097494	-0.39249187707901	65.000000000000	0.00000000000000
34.139999389648	0.048818152397871	-0.39115285873413	65.000000000000	0.00000000000000
34.150001525879	0.048026517033577	-0.38981086015701	65.000000000000	0.00000000000000
34.159999847412	0.047239053994417	-0.38846582174301	65.000000000000	0.00000000000000
34.169998168945	0.046455591917038	-0.38711786270142	65.000000000000	0.00000000000000
34.180000305176	0.045676507055759	-0.38576686382294	65.000000000000	0.00000000000000
34.189998626709	0.044901270419359	-0.38441300392151	65.000000000000	0.00000000000000
34.200000762939	0.044130615890026	-0.38305619359016	65.000000000000	0.00000000000000
34.209999084473	0.043363641947508	-0.38169649243355	65.000000000000	0.00000000000000
34.220001220703	0.042601276189089	-0.38033390045166	65.000000000000	0.00000000000000
34.229999542236	0.041842788457870	-0.37896847724915	65.000000000000	0.00000000000000
34.240001678467	0.041088759899139	-0.37760022282600	65.000000000000	0.00000000000000
34.250000000000	0.040338817983866	-0.37622910737991	65.000000000000	0.00000000000000
34.259998321533	0.039593253284693	-0.37485522031784	65.000000000000	0.00000000000000
34.270000457764	0.038851894438267	-0.37347850203514	65.000000000000	0.00000000000000
34.279998779297	0.038114842027426	-0.37209901213646	65.000000000000	0.00000000000000
34.290000915527	0.037382099777460	-0.37071684002876	65.000000000000	0.00000000000000
34.299999237061	0.036653682589531	-0.36933189630508	65.000000000000	0.00000000000000
34.310001373291	0.035929691046476	-0.36794430017471	65.000000000000	0.00000000000000
34.319999694824	0.035209957510233	-0.36655393242836	65.000000000000	0.00000000000000
34.330001831055	0.034494575113058	-0.36516097187996	65.000000000000	0.00000000000000
34.340000152588	0.033783558756113	-0.36376529932022	65.000000000000	0.00000000000000
34.349998474121	0.033076915889978	-0.36236703395844	65.000000000000	0.00000000000000
34.360000610352	0.032374653965235	-0.36096620559692	65.000000000000	0.00000000000000
34.369998931885	0.031676959246397	-0.35956272482872	65.000000000000	0.00000000000000
34.380001068115	0.030983664095402	-0.35815668106079	65.000000000000	0.00000000000000
34.389999389648	0.030294694006443	-0.35674813389778	65.000000000000	0.00000000000000
34.400001525879	0.029610311612487	-0.35533702373505	65.000000000000	0.00000000000000
34.409999847412	0.028930354863405	-0.35392341017723	65.000000000000	0.00000000000000
34.419998168945	0.028254840523005	-0.35250735282898	65.000000000000	0.00000000000000
34.430000305176	0.027583850547671	-0.35108882188797	65.000000000000	0.00000000000000
34.439998626709	0.026917481794953	-0.34966781735420	65.000000000000	0.00000000000000
34.450000762939	0.026255572214723	-0.34824439883232	65.000000000000	0.00000000000000
34.459999084473	0.025598132982850	-0.34681859612465	65.000000000000	0.00000000000000
34.470001220703	0.024945335462689	-0.34539043903351	65.000000000000	0.00000000000000
34.479999542236	0.024297188967466	-0.34395989775658	65.000000000000	0.00000000000000
34.490001678467	0.023653451353312	-0.34252700209618	65.000000000000	0.00000000000000
34.500000000000	0.023014377802610	-0.34109178185463	65.000000000000	0.00000000000000
34.509998321533	0.022379893809557	-0.33965432643890	65.000000000000	0.00000000000000
34.520000457764	0.021750083193183	-0.33821460604668	65.000000000000	0.00000000000000
34.529998779297	0.021124878898263	-0.33677259087563	65.000000000000	0.00000000000000
34.540000915527	0.020504359155893	-0.33532834053040	65.000000000000	0.00000000000000
34.549999237061	0.019888376817107	-0.33388194441795	65.000000000000	0.00000000000000
34.560001373291	0.019277097657323	-0.33243331313133	65.000000000000	0.00000000000000
34.569999694824	0.018670603632927	-0.33098259568214	65.000000000000	0.00000000000000
34.580001831055	0.018068663775921	-0.32952967286110	65.000000000000	0.00000000000000
34.590000152588	0.017471440136433	-0.32807463407516	65.000000000000	0.00000000000000
34.599998474121	0.016879022121429	-0.32661750912666	65.000000000000	0.00000000000000
34.610000610352	0.016291253268719	-0.32515832781792	65.000000000000	0.00000000000000
34.619998931885	0.015708219259977	-0.32369709014893	65.000000000000	0.00000000000000
34.630001068115	0.015129924751818	-0.32223385572433	65.000000000000	0.00000000000000
34.639999389648	0.014556449837983	-0.32076859474182	65.000000000000	0.00000000000000
34.650001525879	0.013987646438181	-0.31930136680603	65.000000000000	0.00000000000000
34.659999847412	0.013423598371446	-0.31783217191696	65.000000000000	0.00000000000000
34.669998168945	0.012864458374679	-0.31636106967926	65.000000000000	0.00000000000000
34.680000305176	0.012310079298913	-0.31488800048828	65.000000000000	0.00000000000000
34.689998626709	0.011760392226279	-0.31341308355331	65.000000000000	0.00000000000000
34.700000762939	0.011215621605515	-0.31193628907204	65.000000000000	0.00000000000000
34.709999084473	0.010675626806915	-0.31045764684677	65.000000000000	0.00000000000000
34.720001220703	0.010140556842089	-0.30897718667984	65.000000000000	0.00000000000000
34.729999542236	0.0096101919189095	-0.30749496817589	65.000000000000	0.00000000000000
34.740001678467	0.0090847574174404	-0.30601093173027	65.000000000000	0.00000000000000
34.750000000000	0.0085641117766500	-0.30452519655228	65.000000000000	0.00000000000000
34.759998321533	0.0080483993515372	-0.30303767323494	65.000000000000	0.00000000000000
34.770000457764	0.0075375516898930	-0.30154848098755	65.000000000000	0.00000000000000
34.779998779297	0.0070316437631845	-0.30005764961243	65.000000000000	0.00000000000000
34.790000915527	0.0065305321477354	-0.29856511950493	65.000000000000	0.00000000000000
34.799999237061	0.0060343635268509	-0.29707098007202	65.000000000000	0.00000000000000
34.810001373291	0.0055430680513382	-0.29557523131371	65.000000000000	0.00000000000000
34.819999694824	0.0050567169673741	-0.29407790303230	65.000000000000	0.00000000000000
34.830001831055	0.0045753121376038	-0.29257896542549	65.000000000000	0.00000000000000
34.840000152588	0.0040987147949636	-0.29107856750488	65.000000000000	0.00000000000000
34.849998474121	0.0036272043362260	-0.28957664966583	65.000000000000	0.00000000000000
34.860000610352	0.0031605728436261	-0.28807324171066	65.000000000000	0.00000000000000
34.869998931885	0.0026988901663572	-0.28656834363937	65.000000000000	0.00000000000000
34.880001068115	0.0022422240581363	-0.28506198525429	65.000000000000	0.00000000000000
34.889999389648	0.0017904393607751	-0.28355428576469	65.000000000000	0.00000000000000
34.900001525879	0.0013436708832160	-0.28204512596130	65.000000000000	0.00000000000000
34.909999847412	0.00090185139561072	-0.28053462505341	65.000000000000	0.00000000000000
34.919998168945	0.00046504687634297	-0.27902281284332	65.000000000000	0.00000000000000
34.930000305176	3.3255961170653e-05	-0.27750965952873	65.000000000000	0.00000000000000
34.939998626709	-0.00039358847425319	-0.27599522471428	65.000000000000	0.00000000000000
34.950000762939	-0.00081548682646826	-0.27447947859764	65.000000000000	0.00000000000000
34.959999084473	-0.0012323094997555	-0.27296254038811	65.000000000000	0.00000000000000
34.970001220703	-0.0016441240441054	-0.27144435048103	65.000000000000	0.00000000000000
34.979999542236	-0.0020508680026978	-0.26992499828339	65.000000000000	0.00000000000000
34.990001678467	-0.0024527360219508	-0.26840442419052	65.000000000000	0.00000000000000
35.000000000000	-0.0028494105208665	-0.26688274741173	65.000000000000	0.00000000000000
