25.000000000000	0.76098233461380	-0.53414583206177	65.000000000000	0.00000000000000
25.010000228882	0.76046180725098	-0.53451776504517	65.000000000000	0.00000000000000
25.020000457764	0.75994002819061	-0.53488963842392	65.000000000000	0.00000000000000
25.030000686646	0.75941711664200	-0.53526151180267	65.000000000000	0.00000000000000
25.040000915527	0.75889301300049	-0.53563326597214	65.000000000000	0.00000000000000
25.049999237061	0.75836765766144	-0.53600496053696	65.000000000000	0.00000000000000
25.059999465942	0.75784111022949	-0.53637659549713	65.000000000000	0.00000000000000
25.069999694824	0.75731337070465	-0.53674817085266	65.000000000000	0.00000000000000
25.079999923706	0.75678431987762	-0.53711974620819	65.000000000000	0.00000000000000
25.090000152588	0.75625413656235	-0.53749120235443	65.000000000000	0.00000000000000
25.100000381470	0.75572276115417	-0.53786247968674	65.000000000000	0.00000000000000
25.110000610352	0.75519013404846	-0.53823381662369	65.000000000000	0.00000000000000
25.120000839233	0.75465631484985	-0.53860503435135	65.000000000000	0.00000000000000
25.129999160767	0.75412118434906	-0.53897631168365	65.000000000000	0.00000000000000
25.139999389648	0.75358480215073	-0.53934735059738	65.000000000000	0.00000000000000
25.149999618530	0.75304722785950	-0.53971832990646	65.000000000000	0.00000000000000
25.159999847412	0.75250828266144	-0.54008924961090	65.000000000000	0.00000000000000
25.170000076294	0.75196814537048	-0.54046005010605	65.000000000000	0.00000000000000
25.180000305176	0.75142675638199	-0.54083085060120	65.000000000000	0.00000000000000
25.190000534058	0.75088417530060	-0.54120147228241	65.000000000000	0.00000000000000
25.200000762939	0.75034034252167	-0.54157203435898	65.000000000000	0.00000000000000
25.209999084473	0.74979513883591	-0.54194241762161	65.000000000000	0.00000000000000
25.219999313354	0.74924874305725	-0.54231280088425	65.000000000000	0.00000000000000
25.229999542236	0.74870085716248	-0.54268312454224	65.000000000000	0.00000000000000
25.239999771118	0.74815195798874	-0.54305326938629	65.000000000000	0.00000000000000
25.250000000000	0.74760168790817	-0.54342329502106	65.000000000000	0.00000000000000
25.260000228882	0.74705004692078	-0.54379326105118	65.000000000000	0.00000000000000
25.270000457764	0.74649727344513	-0.54416304826736	65.000000000000	0.00000000000000
25.280000686646	0.74594300985336	-0.54453277587891	65.000000000000	0.00000000000000
25.290000915527	0.74538749456406	-0.54490238428116	65.000000000000	0.00000000000000
25.299999237061	0.74483078718185	-0.54527187347412	65.000000000000	0.00000000000000
25.309999465942	0.74427258968353	-0.54564124345779	65.000000000000	0.00000000000000
25.319999694824	0.74371325969696	-0.54601043462753	65.000000000000	0.00000000000000
25.329999923706	0.74315249919891	-0.54637950658798	65.000000000000	0.00000000000000
25.340000152588	0.74259048700333	-0.54674857854843	65.000000000000	0.00000000000000
25.350000381470	0.74202710390091	-0.54711729288101	65.000000000000	0.00000000000000
25.360000610352	0.74146240949631	-0.54748600721359	65.000000000000	0.00000000000000
25.370000839233	0.74089628458023	-0.54785460233688	65.000000000000	0.00000000000000
25.379999160767	0.74032896757126	-0.54822295904160	65.000000000000	0.00000000000000
25.389999389648	0.73976027965546	-0.54859113693237	65.000000000000	0.00000000000000
25.399999618530	0.73919016122818	-0.54895931482315	65.000000000000	0.00000000000000
25.409999847412	0.73861873149872	-0.54932719469070	65.000000000000	0.00000000000000
25.420000076294	0.73804581165314	-0.54969507455826	65.000000000000	0.00000000000000
25.430000305176	0.73747175931931	-0.55006265640259	65.000000000000	0.00000000000000
25.440000534058	0.73689621686935	-0.55043005943298	65.000000000000	0.00000000000000
25.450000762939	0.73631936311722	-0.55079734325409	65.000000000000	0.00000000000000
25.459999084473	0.73574101924896	-0.55116450786591	65.000000000000	0.00000000000000
25.469999313354	0.73516142368317	-0.55153131484985	65.000000000000	0.00000000000000
25.479999542236	0.73458039760590	-0.55189812183380	65.000000000000	0.00000000000000
25.489999771118	0.73399806022644	-0.55226469039917	65.000000000000	0.00000000000000
25.500000000000	0.73341429233551	-0.55263108015060	65.000000000000	0.00000000000000
25.510000228882	0.73282927274704	-0.55299705266953	65.000000000000	0.00000000000000
25.520000457764	0.73224264383316	-0.55336314439774	65.000000000000	0.00000000000000
25.530000686646	0.73165446519852	-0.55372917652130	65.000000000000	0.00000000000000
25.540000915527	0.73106527328491	-0.55409461259842	65.000000000000	0.00000000000000
25.549999237061	0.73047447204590	-0.55445998907089	65.000000000000	0.00000000000000
25.559999465942	0.72988235950470	-0.55482500791550	65.000000000000	0.00000000000000
25.569999694824	0.72928869724274	-0.55519008636475	65.000000000000	0.00000000000000
25.579999923706	0.72869366407394	-0.55555474758148	65.000000000000	0.00000000000000
25.590000152588	0.72809731960297	-0.55591911077499	65.000000000000	0.00000000000000
25.600000381470	0.72749942541122	-0.55628347396851	65.000000000000	0.00000000000000
25.610000610352	0.72689998149872	-0.55664777755737	65.000000000000	0.00000000000000
25.620000839233	0.72629916667938	-0.55701166391373	65.000000000000	0.00000000000000
25.629999160767	0.72569721937180	-0.55737489461899	65.000000000000	0.00000000000000
25.639999389648	0.72509372234344	-0.55773806571960	65.000000000000	0.00000000000000
25.649999618530	0.72448873519897	-0.55810117721558	65.000000000000	0.00000000000000
25.659999847412	0.72388201951981	-0.55846428871155	65.000000000000	0.00000000000000
25.670000076294	0.72327429056168	-0.55882662534714	65.000000000000	0.00000000000000
25.680000305176	0.72266465425491	-0.55918926000595	65.000000000000	0.00000000000000
25.690000534058	0.72205418348312	-0.55955070257187	65.000000000000	0.00000000000000
25.700000762939	0.72144192457199	-0.55991250276566	65.000000000000	0.00000000000000
25.709999084473	0.72082769870758	-0.56027454137802	65.000000000000	0.00000000000000
25.719999313354	0.72021275758743	-0.56063550710678	65.000000000000	0.00000000000000
25.729999542236	0.71959608793259	-0.56099629402161	65.000000000000	0.00000000000000
25.739999771118	0.71897786855698	-0.56135702133179	65.000000000000	0.00000000000000
25.750000000000	0.71835821866989	-0.56171733140945	65.000000000000	0.00000000000000
25.760000228882	0.71773701906204	-0.56207746267319	65.000000000000	0.00000000000000
25.770000457764	0.71711438894272	-0.56243717670441	65.000000000000	0.00000000000000
25.780000686646	0.71649020910263	-0.56279677152634	65.000000000000	0.00000000000000
25.790000915527	0.71586459875107	-0.56315582990646	65.000000000000	0.00000000000000
25.799999237061	0.71523749828339	-0.56351459026337	65.000000000000	0.00000000000000
25.809999465942	0.71460878849030	-0.56387317180634	65.000000000000	0.00000000000000
25.819999694824	0.71397882699966	-0.56423139572144	65.000000000000	0.00000000000000
25.829999923706	0.71334725618362	-0.56458926200867	65.000000000000	0.00000000000000
25.840000152588	0.71271395683289	-0.56494677066803	65.000000000000	0.00000000000000
25.850000381470	0.71207946538925	-0.56530398130417	65.000000000000	0.00000000000000
25.860000610352	0.71144330501556	-0.56566071510315	65.000000000000	0.00000000000000
25.870000839233	0.71080565452576	-0.56601727008820	65.000000000000	0.00000000000000
25.879999160767	0.71016651391983	-0.56637346744537	65.000000000000	0.00000000000000
25.889999389648	0.70952582359314	-0.56672924757004	65.000000000000	0.00000000000000
25.899999618530	0.70888358354568	-0.56708467006683	65.000000000000	0.00000000000000
25.909999847412	0.70823979377747	-0.56743973493576	65.000000000000	0.00000000000000
25.920000076294	0.70759439468384	-0.56779450178146	65.000000000000	0.00000000000000
25.930000305176	0.70694762468338	-0.56814879179001	65.000000000000	0.00000000000000
25.940000534058	0.70629918575287	-0.56850272417068	65.000000000000	0.00000000000000
25.950000762939	0.70564937591553	-0.56885629892349	65.000000000000	0.00000000000000
25.959999084473	0.70499795675278	-0.56920945644379	65.000000000000	0.00000000000000
25.969999313354	0.70434486865997	-0.56956219673157	65.000000000000	0.00000000000000
25.979999542236	0.70369040966034	-0.56991457939148	65.000000000000	0.00000000000000
25.989999771118	0.70303422212601	-0.57026654481888	65.000000000000	0.00000000000000
26.000000000000	0.70237672328949	-0.57061815261841	65.000000000000	0.00000000000000
26.010000228882	0.70171743631363	-0.57096928358078	65.000000000000	0.00000000000000
26.020000457764	0.70105659961700	-0.57131999731064	65.000000000000	0.00000000000000
26.030000686646	0.70039427280426	-0.57167029380798	65.000000000000	0.00000000000000
26.040000915527	0.69973033666611	-0.57202023267746	65.000000000000	0.00000000000000
26.049999237061	0.69906473159790	-0.57236969470978	65.000000000000	0.00000000000000
26.059999465942	0.69839775562286	-0.57271862030029	65.000000000000	0.00000000000000
26.069999694824	0.69772905111313	-0.57306718826294	65.000000000000	0.00000000000000
26.079999923706	0.69705879688263	-0.57341533899307	65.000000000000	0.00000000000000
26.090000152588	0.69638705253601	-0.57376289367676	65.000000000000	0.00000000000000
26.100000381470	0.69571352005005	-0.57411015033722	65.000000000000	0.00000000000000
26.110000610352	0.69503861665726	-0.57445681095123	65.000000000000	0.00000000000000
26.120000839233	0.69436198472977	-0.57480317354202	65.000000000000	0.00000000000000
26.129999160767	0.69368386268616	-0.57514894008636	65.000000000000	0.00000000000000
26.139999389648	0.69300407171249	-0.57549417018890	65.000000000000	0.00000000000000
26.149999618530	0.69232255220413	-0.57583904266357	65.000000000000	0.00000000000000
26.159999847412	0.69163966178894	-0.57618337869644	65.000000000000	0.00000000000000
26.170000076294	0.69095498323441	-0.57652717828751	65.000000000000	0.00000000000000
26.180000305176	0.69026887416840	-0.57687050104141	65.000000000000	0.00000000000000
26.190000534058	0.68958109617233	-0.57721334695816	65.000000000000	0.00000000000000
26.200000762939	0.68889153003693	-0.57755565643311	65.000000000000	0.00000000000000
26.209999084473	0.68820059299469	-0.57789736986160	65.000000000000	0.00000000000000
26.219999313354	0.68750792741776	-0.57823866605759	65.000000000000	0.00000000000000
26.229999542236	0.68681353330612	-0.57857942581177	65.000000000000	0.00000000000000
26.239999771118	0.68611764907837	-0.57891964912415	65.000000000000	0.00000000000000
26.250000000000	0.68542003631592	-0.57925927639008	65.000000000000	0.00000000000000
26.260000228882	0.68472087383270	-0.57959842681885	65.000000000000	0.00000000000000
26.270000457764	0.68402016162872	-0.57993698120117	65.000000000000	0.00000000000000
26.280000686646	0.68331760168076	-0.58027493953705	65.000000000000	0.00000000000000
26.290000915527	0.68261355161667	-0.58061242103577	65.000000000000	0.00000000000000
26.299999237061	0.68190789222717	-0.58094936609268	65.000000000000	0.00000000000000
26.309999465942	0.68120044469833	-0.58128559589386	65.000000000000	0.00000000000000
26.319999694824	0.68049150705338	-0.58162134885788	65.000000000000	0.00000000000000
26.329999923706	0.67978078126907	-0.58195650577545	65.000000000000	0.00000000000000
26.340000152588	0.67906850576401	-0.58229112625122	65.000000000000	0.00000000000000
26.350000381470	0.67835456132889	-0.58262509107590	65.000000000000	0.00000000000000
26.360000610352	0.67763894796371	-0.58295840024948	65.000000000000	0.00000000000000
26.370000839233	0.67692166566849	-0.58329123258591	65.000000000000	0.00000000000000
26.379999160767	0.67620265483856	-0.58362329006195	65.000000000000	0.00000000000000
26.389999389648	0.67548197507858	-0.58395487070084	65.000000000000	0.00000000000000
26.399999618530	0.67475974559784	-0.58428573608398	65.000000000000	0.00000000000000
26.409999847412	0.67403572797775	-0.58461606502533	65.000000000000	0.00000000000000
26.420000076294	0.67331027984619	-0.58494573831558	65.000000000000	0.00000000000000
26.430000305176	0.67258298397064	-0.58527463674545	65.000000000000	0.00000000000000
26.440000534058	0.67185401916504	-0.58560305833817	65.000000000000	0.00000000000000
26.450000762939	0.67112326622009	-0.58593082427979	65.000000000000	0.00000000000000
26.459999084473	0.67039102315903	-0.58625787496567	65.000000000000	0.00000000000000
26.469999313354	0.66965705156326	-0.58658421039581	65.000000000000	0.00000000000000
26.479999542236	0.66892123222351	-0.58691000938416	65.000000000000	0.00000000000000
26.489999771118	0.66818392276764	-0.58723503351212	65.000000000000	0.00000000000000
26.500000000000	0.66744482517242	-0.58755940198898	65.000000000000	0.00000000000000
26.510000228882	0.66670405864716	-0.58788311481476	65.000000000000	0.00000000000000
26.520000457764	0.66596150398254	-0.58820611238480	65.000000000000	0.00000000000000
26.530000686646	0.66521751880646	-0.58852833509445	65.000000000000	0.00000000000000
26.540000915527	0.66447156667709	-0.58884996175766	65.000000000000	0.00000000000000
26.549999237061	0.66372412443161	-0.58917087316513	65.000000000000	0.00000000000000
26.559999465942	0.66297483444214	-0.58949106931686	65.000000000000	0.00000000000000
26.569999694824	0.66222387552261	-0.58981049060822	65.000000000000	0.00000000000000
26.579999923706	0.66147112846375	-0.59012925624847	65.000000000000	0.00000000000000
26.590000152588	0.66071683168411	-0.59044724702835	65.000000000000	0.00000000000000
26.600000381470	0.65996074676514	-0.59076446294785	65.000000000000	0.00000000000000
26.610000610352	0.65920299291611	-0.59108102321625	65.000000000000	0.00000000000000
26.620000839233	0.65844333171844	-0.59139680862427	65.000000000000	0.00000000000000
26.629999160767	0.65768218040466	-0.59171169996262	65.000000000000	0.00000000000000
26.639999389648	0.65691918134689	-0.59202593564987	65.000000000000	0.00000000000000
26.649999618530	0.65615457296371	-0.59233945608139	65.000000000000	0.00000000000000
26.659999847412	0.65538805723190	-0.59265214204788	65.000000000000	0.00000000000000
26.670000076294	0.65461993217468	-0.59296399354935	65.000000000000	0.00000000000000
26.680000305176	0.65385007858276	-0.59327512979507	65.000000000000	0.00000000000000
26.690000534058	0.65307849645615	-0.59358549118042	65.000000000000	0.00000000000000
26.700000762939	0.65230518579483	-0.59389501810074	65.000000000000	0.00000000000000
26.709999084473	0.65153002738953	-0.59420371055603	65.000000000000	0.00000000000000
26.719999313354	0.65075314044952	-0.59451162815094	65.000000000000	0.00000000000000
26.729999542236	0.64997464418411	-0.59481871128082	65.000000000000	0.00000000000000
26.739999771118	0.64919435977936	-0.59512501955032	65.000000000000	0.00000000000000
26.750000000000	0.64841240644455	-0.59543043375015	65.000000000000	0.00000000000000
26.760000228882	0.64762866497040	-0.59573501348495	65.000000000000	0.00000000000000
26.770000457764	0.64684313535690	-0.59603881835938	65.000000000000	0.00000000000000
26.780000686646	0.64605569839478	-0.59634166955948	65.000000000000	0.00000000000000
26.790000915527	0.64526683092117	-0.59664368629456	65.000000000000	0.00000000000000
26.799999237061	0.64447581768036	-0.59694486856461	65.000000000000	0.00000000000000
26.809999465942	0.64368337392807	-0.59724521636963	65.000000000000	0.00000000000000
26.819999694824	0.64288908243179	-0.59754461050034	65.000000000000	0.00000000000000
26.829999923706	0.64209294319153	-0.59784317016602	65.000000000000	0.00000000000000
26.840000152588	0.64129513502121	-0.59814083576202	65.000000000000	0.00000000000000
26.850000381470	0.64049559831619	-0.59843766689301	65.000000000000	0.00000000000000
26.860000610352	0.63969415426254	-0.59873342514038	65.000000000000	0.00000000000000
26.870000839233	0.63889122009277	-0.59902840852737	65.000000000000	0.00000000000000
26.879999160767	0.63808619976044	-0.59932249784470	65.000000000000	0.00000000000000
26.889999389648	0.63727957010269	-0.59961551427841	65.000000000000	0.00000000000000
26.899999618530	0.63647115230560	-0.59990775585175	65.000000000000	0.00000000000000
26.909999847412	0.63566076755524	-0.60019898414612	65.000000000000	0.00000000000000
26.920000076294	0.63484889268875	-0.60048931837082	65.000000000000	0.00000000000000
26.930000305176	0.63403505086899	-0.60077869892120	65.000000000000	0.00000000000000
26.940000534058	0.63321948051453	-0.60106712579727	65.000000000000	0.00000000000000
26.950000762939	0.63240224123001	-0.60135459899902	65.000000000000	0.00000000000000
26.959999084473	0.63158303499222	-0.60164111852646	65.000000000000	0.00000000000000
26.969999313354	0.63076210021973	-0.60192656517029	65.000000000000	0.00000000000000
26.979999542236	0.62993931770325	-0.60221111774445	65.000000000000	0.00000000000000
26.989999771118	0.62911486625671	-0.60249459743500	65.000000000000	0.00000000000000
27.000000000000	0.62828856706619	-0.60277712345123	65.000000000000	0.00000000000000
27.010000228882	0.62746047973633	-0.60305869579315	65.000000000000	0.00000000000000
27.020000457764	0.62663060426712	-0.60333919525146	65.000000000000	0.00000000000000
27.030000686646	0.62579888105392	-0.60361868143082	65.000000000000	0.00000000000000
27.040000915527	0.62496542930603	-0.60389715433121	65.000000000000	0.00000000000000
27.049999237061	0.62413012981415	-0.60417461395264	65.000000000000	0.00000000000000
27.059999465942	0.62329298257828	-0.60445106029510	65.000000000000	0.00000000000000
27.069999694824	0.62245416641235	-0.60472643375397	65.000000000000	0.00000000000000
27.079999923706	0.62161344289780	-0.60500067472458	65.000000000000	0.00000000000000
27.090000152588	0.62077093124390	-0.60527396202087	65.000000000000	0.00000000000000
27.100000381470	0.61992663145065	-0.60554617643356	65.000000000000	0.00000000000000
27.110000610352	0.61908048391342	-0.60581725835800	65.000000000000	0.00000000000000
27.120000839233	0.61823260784149	-0.60608732700348	65.000000000000	0.00000000000000
27.129999160767	0.61738282442093	-0.60635626316071	65.000000000000	0.00000000000000
27.139999389648	0.61653131246567	-0.60662412643433	65.000000000000	0.00000000000000
27.149999618530	0.61567783355713	-0.60689091682434	65.000000000000	0.00000000000000
27.159999847412	0.61482250690460	-0.60715651512146	65.000000000000	0.00000000000000
27.170000076294	0.61396563053131	-0.60742110013962	65.000000000000	0.00000000000000
27.180000305176	0.61310666799545	-0.60768443346024	65.000000000000	0.00000000000000
27.190000534058	0.61224597692490	-0.60794669389725	65.000000000000	0.00000000000000
27.200000762939	0.61138361692429	-0.60820782184601	65.000000000000	0.00000000000000
27.209999084473	0.61051917076111	-0.60846781730652	65.000000000000	0.00000000000000
27.219999313354	0.60965299606323	-0.60872668027878	65.000000000000	0.00000000000000
27.229999542236	0.60878509283066	-0.60898429155350	65.000000000000	0.00000000000000
27.239999771118	0.60791522264481	-0.60924082994461	65.000000000000	0.00000000000000
27.250000000000	0.60704350471497	-0.60949611663818	65.000000000000	0.00000000000000
27.260000228882	0.60617005825043	-0.60975027084351	65.000000000000	0.00000000000000
27.270000457764	0.60529476404190	-0.61000323295593	65.000000000000	0.00000000000000
27.280000686646	0.60441750288010	-0.61025494337082	65.000000000000	0.00000000000000
27.290000915527	0.60353845357895	-0.61050546169281	65.000000000000	0.00000000000000
27.299999237061	0.60265773534775	-0.61075484752655	65.000000000000	0.00000000000000
27.309999465942	0.60177493095398	-0.61100298166275	65.000000000000	0.00000000000000
27.319999694824	0.60089045763016	-0.61124980449677	65.000000000000	0.00000000000000
27.329999923706	0.60000401735306	-0.61149543523788	65.000000000000	0.00000000000000
27.340000152588	0.59911578893661	-0.61173981428146	65.000000000000	0.00000000000000
27.350000381470	0.59822565317154	-0.61198300123215	65.000000000000	0.00000000000000
27.360000610352	0.59733378887177	-0.61222487688065	65.000000000000	0.00000000000000
27.370000839233	0.59644007682800	-0.61246544122696	65.000000000000	0.00000000000000
27.379999160767	0.59554427862167	-0.61270475387573	65.000000000000	0.00000000000000
27.389999389648	0.59464693069458	-0.61294275522232	65.000000000000	0.00000000000000
27.399999618530	0.59374761581421	-0.61317956447601	65.000000000000	0.00000000000000
27.409999847412	0.59284639358521	-0.61341500282288	65.000000000000	0.00000000000000
27.420000076294	0.59194338321686	-0.61364912986755	65.000000000000	0.00000000000000
27.430000305176	0.59103846549988	-0.61388194561005	65.000000000000	0.00000000000000
27.440000534058	0.59013164043427	-0.61411339044571	65.000000000000	0.00000000000000
27.450000762939	0.58922302722931	-0.61434358358383	65.000000000000	0.00000000000000
27.459999084473	0.58831256628036	-0.61457240581512	65.000000000000	0.00000000000000
27.469999313354	0.58740019798279	-0.61479985713959	65.000000000000	0.00000000000000
27.479999542236	0.58648604154587	-0.61502599716187	65.000000000000	0.00000000000000
27.489999771118	0.58556991815567	-0.61525070667267	65.000000000000	0.00000000000000
27.500000000000	0.58465194702148	-0.61547404527664	65.000000000000	0.00000000000000
27.510000228882	0.58373212814331	-0.61569601297379	65.000000000000	0.00000000000000
27.520000457764	0.58281046152115	-0.61591660976410	65.000000000000	0.00000000000000
27.530000686646	0.58188682794571	-0.61613577604294	65.000000000000	0.00000000000000
27.540000915527	0.58096146583557	-0.61635351181030	65.000000000000	0.00000000000000
27.549999237061	0.58003425598145	-0.61656987667084	65.000000000000	0.00000000000000
27.559999465942	0.57910507917404	-0.61678481101990	65.000000000000	0.00000000000000
27.569999694824	0.57817405462265	-0.61699831485748	65.000000000000	0.00000000000000
27.579999923706	0.57724118232727	-0.61721032857895	65.000000000000	0.00000000000000
27.590000152588	0.57630640268326	-0.61742097139359	65.000000000000	0.00000000000000
27.600000381470	0.57536983489990	-0.61763012409210	65.000000000000	0.00000000000000
27.610000610352	0.57443130016327	-0.61783778667450	65.000000000000	0.00000000000000
27.620000839233	0.57349085807800	-0.61804389953613	65.000000000000	0.00000000000000
27.629999160767	0.57254874706268	-0.61824864149094	65.000000000000	0.00000000000000
27.639999389648	0.57160454988480	-0.61845183372498	65.000000000000	0.00000000000000
27.649999618530	0.57065856456757	-0.61865347623825	65.000000000000	0.00000000000000
27.659999847412	0.56971055269241	-0.61885368824005	65.000000000000	0.00000000000000
27.670000076294	0.56876087188721	-0.61905235052109	65.000000000000	0.00000000000000
27.680000305176	0.56780910491943	-0.61924946308136	65.000000000000	0.00000000000000
27.690000534058	0.56685566902161	-0.61944502592087	65.000000000000	0.00000000000000
27.700000762939	0.56590026617050	-0.61963909864426	65.000000000000	0.00000000000000
27.709999084473	0.56494295597076	-0.61983150243759	65.000000000000	0.00000000000000
27.719999313354	0.56398385763168	-0.62002247571945	65.000000000000	0.00000000000000
27.729999542236	0.56302273273468	-0.62021178007126	65.000000000000	0.00000000000000
27.739999771118	0.56205970048904	-0.62039953470230	65.000000000000	0.00000000000000
27.750000000000	0.56109505891800	-0.62058568000793	65.000000000000	0.00000000000000
27.760000228882	0.56012833118439	-0.62077021598816	65.000000000000	0.00000000000000
27.770000457764	0.55915975570679	-0.62095308303833	65.000000000000	0.00000000000000
27.780000686646	0.55818933248520	-0.62113445997238	65.000000000000	0.00000000000000
27.790000915527	0.55721688270569	-0.62131410837173	65.000000000000	0.00000000000000
27.799999237061	0.55624264478683	-0.62149208784103	65.000000000000	0.00000000000000
27.809999465942	0.55526661872864	-0.62166845798492	65.000000000000	0.00000000000000
27.819999694824	0.55428856611252	-0.62184315919876	65.000000000000	0.00000000000000
27.829999923706	0.55330878496170	-0.62201619148254	65.000000000000	0.00000000000000
27.840000152588	0.55232685804367	-0.62218755483627	65.000000000000	0.00000000000000
27.850000381470	0.55134338140488	-0.62235724925995	65.000000000000	0.00000000000000
27.860000610352	0.55035781860352	-0.62252515554428	65.000000000000	0.00000000000000
27.870000839233	0.54937040805817	-0.62269139289856	65.000000000000	0.00000000000000
27.879999160767	0.54838103055954	-0.62285596132278	65.000000000000	0.00000000000000
27.889999389648	0.54738992452621	-0.62301874160767	65.000000000000	0.00000000000000
27.899999618530	0.54639691114426	-0.62317979335785	65.000000000000	0.00000000000000
27.909999847412	0.54540187120438	-0.62333911657333	65.000000000000	0.00000000000000
27.920000076294	0.54440504312515	-0.62349671125412	65.000000000000	0.00000000000000
27.930000305176	0.54340642690659	-0.62365245819092	65.000000000000	0.00000000000000
27.940000534058	0.54240578413010	-0.62380647659302	65.000000000000	0.00000000000000
27.950000762939	0.54140335321426	-0.62395864725113	65.000000000000	0.00000000000000
27.959999084473	0.54039895534515	-0.62410908937454	65.000000000000	0.00000000000000
27.969999313354	0.53939270973206	-0.62425768375397	65.000000000000	0.00000000000000
27.979999542236	0.53838461637497	-0.62440448999405	65.000000000000	0.00000000000000
27.989999771118	0.53737467527390	-0.62454938888550	65.000000000000	0.00000000000000
28.000000000000	0.53636288642883	-0.62469255924225	65.000000000000	0.00000000000000
28.010000228882	0.53534901142120	-0.62483376264572	65.000000000000	0.00000000000000
28.020000457764	0.53433334827423	-0.62497323751450	65.000000000000	0.00000000000000
28.030000686646	0.53331589698792	-0.62511074542999	65.000000000000	0.00000000000000
28.040000915527	0.53229647874832	-0.62524646520615	65.000000000000	0.00000000000000
28.049999237061	0.53127533197403	-0.62538015842438	65.000000000000	0.00000000000000
28.059999465942	0.53025215864182	-0.62551206350327	65.000000000000	0.00000000000000
28.069999694824	0.52922713756561	-0.62564200162888	65.000000000000	0.00000000000000
28.079999923706	0.52820038795471	-0.62577003240585	65.000000000000	0.00000000000000
28.090000152588	0.52717149257660	-0.62589609622955	65.000000000000	0.00000000000000
28.100000381470	0.52614098787308	-0.62602025270462	65.000000000000	0.00000000000000
28.110000610352	0.52510851621628	-0.62614250183105	65.000000000000	0.00000000000000
28.120000839233	0.52407407760620	-0.62626272439957	65.000000000000	0.00000000000000
28.129999160767	0.52303785085678	-0.62638098001480	65.000000000000	0.00000000000000
28.139999389648	0.52199983596802	-0.62649732828140	65.000000000000	0.00000000000000
28.149999618530	0.52095985412598	-0.62661153078079	65.000000000000	0.00000000000000
28.159999847412	0.51991790533066	-0.62672388553619	65.000000000000	0.00000000000000
28.170000076294	0.51887428760529	-0.62683415412903	65.000000000000	0.00000000000000
28.180000305176	0.51782876253128	-0.62694227695465	65.000000000000	0.00000000000000
28.190000534058	0.51678144931793	-0.62704849243164	65.000000000000	0.00000000000000
28.200000762939	0.51573234796524	-0.62715262174606	65.000000000000	0.00000000000000
28.209999084473	0.51468086242676	-0.62725490331650	65.000000000000	0.00000000000000
28.219999313354	0.51362806558609	-0.62735480070114	65.000000000000	0.00000000000000
28.229999542236	0.51257330179214	-0.62745267152786	65.000000000000	0.00000000000000
28.239999771118	0.51151657104492	-0.62754851579666	65.000000000000	0.00000000000000
28.250000000000	0.51045817136765	-0.62764215469360	65.000000000000	0.00000000000000
28.260000228882	0.50939774513245	-0.62773376703262	65.000000000000	0.00000000000000
28.270000457764	0.50833547115326	-0.62782335281372	65.000000000000	0.00000000000000
28.280000686646	0.50727152824402	-0.62791061401367	65.000000000000	0.00000000000000
28.290000915527	0.50620549917221	-0.62799578905106	65.000000000000	0.00000000000000
28.299999237061	0.50513768196106	-0.62807899713516	65.000000000000	0.00000000000000
28.309999465942	0.50406813621521	-0.62815976142883	65.000000000000	0.00000000000000
28.319999694824	0.50299662351608	-0.62823843955994	65.000000000000	0.00000000000000
28.329999923706	0.50192326307297	-0.62831503152847	65.000000000000	0.00000000000000
28.340000152588	0.50084853172302	-0.62838906049728	65.000000000000	0.00000000000000
28.350000381470	0.49977156519890	-0.62846118211746	65.000000000000	0.00000000000000
28.360000610352	0.49869266152382	-0.62853115797043	65.000000000000	0.00000000000000
28.370000839233	0.49761214852333	-0.62859869003296	65.000000000000	0.00000000000000
28.379999160767	0.49652966856956	-0.62866407632828	65.000000000000	0.00000000000000
28.389999389648	0.49544566869736	-0.62872701883316	65.000000000000	0.00000000000000
28.399999618530	0.49435967206955	-0.62878775596619	65.000000000000	0.00000000000000
28.409999847412	0.49327176809311	-0.62884622812271	65.000000000000	0.00000000000000
28.420000076294	0.49218171834946	-0.62890285253525	65.000000000000	0.00000000000000
28.430000305176	0.49109062552452	-0.62895643711090	65.000000000000	0.00000000000000
28.440000534058	0.48999732732773	-0.62900805473328	65.000000000000	0.00000000000000
28.450000762939	0.48890218138695	-0.62905734777451	65.000000000000	0.00000000000000
28.459999084473	0.48780539631844	-0.62910419702530	65.000000000000	0.00000000000000
28.469999313354	0.48670676350594	-0.62914872169495	65.000000000000	0.00000000000000
28.479999542236	0.48560622334480	-0.62919098138809	65.000000000000	0.00000000000000
28.489999771118	0.48450383543968	-0.62923085689545	65.000000000000	0.00000000000000
28.500000000000	0.48339986801147	-0.62926822900772	65.000000000000	0.00000000000000
28.510000228882	0.48229432106018	-0.62930303812027	65.000000000000	0.00000000000000
28.520000457764	0.48118633031845	-0.62933588027954	65.000000000000	0.00000000000000
28.530000686646	0.48007708787918	-0.62936598062515	65.000000000000	0.00000000000000
28.540000915527	0.47896566987038	-0.62939387559891	65.000000000000	0.00000000000000
28.549999237061	0.47785302996635	-0.62941902875900	65.000000000000	0.00000000000000
28.559999465942	0.47673821449280	-0.62944191694260	65.000000000000	0.00000000000000
28.569999694824	0.47562181949615	-0.62946206331253	65.000000000000	0.00000000000000
28.579999923706	0.47450339794159	-0.62948018312454	65.000000000000	0.00000000000000
28.590000152588	0.47338339686394	-0.62949550151825	65.000000000000	0.00000000000000
28.600000381470	0.47226187586784	-0.62950813770294	65.000000000000	0.00000000000000
28.610000610352	0.47113835811615	-0.62951850891113	65.000000000000	0.00000000000000
28.620000839233	0.47001305222511	-0.62952625751495	65.000000000000	0.00000000000000
28.629999160767	0.46888604760170	-0.62953150272369	65.000000000000	0.00000000000000
28.639999389648	0.46775746345520	-0.62953418493271	65.000000000000	0.00000000000000
28.649999618530	0.46662706136703	-0.62953430414200	65.000000000000	0.00000000000000
28.659999847412	0.46549484133720	-0.62953180074692	65.000000000000	0.00000000000000
28.670000076294	0.46436092257500	-0.62952673435211	65.000000000000	0.00000000000000
28.680000305176	0.46322533488274	-0.62951904535294	65.000000000000	0.00000000000000
28.690000534058	0.46208804845810	-0.62950873374939	65.000000000000	0.00000000000000
28.700000762939	0.46094906330109	-0.62949579954147	65.000000000000	0.00000000000000
28.709999084473	0.45980823040009	-0.62948024272919	65.000000000000	0.00000000000000
28.719999313354	0.45866599678993	-0.62946200370789	65.000000000000	0.00000000000000
28.729999542236	0.45752185583115	-0.62944108247757	65.000000000000	0.00000000000000
28.739999771118	0.45637607574463	-0.62941747903824	65.000000000000	0.00000000000000
28.750000000000	0.45522844791412	-0.62939125299454	65.000000000000	0.00000000000000
28.760000228882	0.45407932996750	-0.62936222553253	65.000000000000	0.00000000000000
28.770000457764	0.45292854309082	-0.62933051586151	65.000000000000	0.00000000000000
28.780000686646	0.45177599787712	-0.62929606437683	65.000000000000	0.00000000000000
28.790000915527	0.45062184333801	-0.62925881147385	65.000000000000	0.00000000000000
28.799999237061	0.44946601986885	-0.62921893596649	65.000000000000	0.00000000000000
28.809999465942	0.44830849766731	-0.62917619943619	65.000000000000	0.00000000000000
28.819999694824	0.44714930653572	-0.62913072109222	65.000000000000	0.00000000000000
28.829999923706	0.44598850607872	-0.62908238172531	65.000000000000	0.00000000000000
28.840000152588	0.44482624530792	-0.62903136014938	65.000000000000	0.00000000000000
28.850000381470	0.44366222620010	-0.62897735834122	65.000000000000	0.00000000000000
28.860000610352	0.44249641895294	-0.62892061471939	65.000000000000	0.00000000000000
28.870000839233	0.44132921099663	-0.62886106967926	65.000000000000	0.00000000000000
28.879999160767	0.44016024470329	-0.62879860401154	65.000000000000	0.00000000000000
28.889999389648	0.43898978829384	-0.62873327732086	65.000000000000	0.00000000000000
28.899999618530	0.43781775236130	-0.62866503000259	65.000000000000	0.00000000000000
28.909999847412	0.43664398789406	-0.62859404087067	65.000000000000	0.00000000000000
28.920000076294	0.43546870350838	-0.62851995229721	65.000000000000	0.00000000000000
28.930000305176	0.43429183959961	-0.62844306230545	65.000000000000	0.00000000000000
28.940000534058	0.43311333656311	-0.62836319208145	65.000000000000	0.00000000000000
28.950000762939	0.43193334341049	-0.62828034162521	65.000000000000	0.00000000000000
28.959999084473	0.43075180053711	-0.62819457054138	65.000000000000	0.00000000000000
28.969999313354	0.42956861853600	-0.62810587882996	65.000000000000	0.00000000000000
28.979999542236	0.42838388681412	-0.62801414728165	65.000000000000	0.00000000000000
28.989999771118	0.42719769477844	-0.62791943550110	65.000000000000	0.00000000000000
29.000000000000	0.42600995302200	-0.62782174348831	65.000000000000	0.00000000000000
29.010000228882	0.42482060194016	-0.62772095203400	65.000000000000	0.00000000000000
29.020000457764	0.42362987995148	-0.62761723995209	65.000000000000	0.00000000000000
29.030000686646	0.42243760824203	-0.62751036882401	65.000000000000	0.00000000000000
29.040000915527	0.42124375700951	-0.62740039825439	65.000000000000	0.00000000000000
29.049999237061	0.42004841566086	-0.62728750705719	65.000000000000	0.00000000000000
29.059999465942	0.41885167360306	-0.62717145681381	65.000000000000	0.00000000000000
29.069999694824	0.41765344142914	-0.62705230712891	65.000000000000	0.00000000000000
29.079999923706	0.41645362973213	-0.62693005800247	65.000000000000	0.00000000000000
29.090000152588	0.41525235772133	-0.62680464982986	65.000000000000	0.00000000000000
29.100000381470	0.41404971480370	-0.62667614221573	65.000000000000	0.00000000000000
29.110000610352	0.41284549236298	-0.62654447555542	65.000000000000	0.00000000000000
29.120000839233	0.41163989901543	-0.62640964984894	65.000000000000	0.00000000000000
29.129999160767	0.41043299436569	-0.62627160549164	65.000000000000	0.00000000000000
29.139999389648	0.40922448039055	-0.62613046169281	65.000000000000	0.00000000000000
29.149999618530	0.40801468491554	-0.62598609924316	65.000000000000	0.00000000000000
29.159999847412	0.40680339932442	-0.62583845853806	65.000000000000	0.00000000000000
29.170000076294	0.40559071302414	-0.62568753957748	65.000000000000	0.00000000000000
29.180000305176	0.40437662601471	-0.62553358078003	65.000000000000	0.00000000000000
29.190000534058	0.40316107869148	-0.62537628412247	65.000000000000	0.00000000000000
29.200000762939	0.40194430947304	-0.62521564960480	65.000000000000	0.00000000000000
29.209999084473	0.40072610974312	-0.62505179643631	65.000000000000	0.00000000000000
29.219999313354	0.39950653910637	-0.62488472461700	65.000000000000	0.00000000000000
29.229999542236	0.39828574657440	-0.62471419572830	65.000000000000	0.00000000000000
29.239999771118	0.39706340432167	-0.62454044818878	65.000000000000	0.00000000000000
29.250000000000	0.39583989977837	-0.62436330318451	65.000000000000	0.00000000000000
29.260000228882	0.39461499452591	-0.62418287992477	65.000000000000	0.00000000000000
29.270000457764	0.39338874816895	-0.62399911880493	65.000000000000	0.00000000000000
29.280000686646	0.39216119050980	-0.62381196022034	65.000000000000	0.00000000000000
29.290000915527	0.39093244075775	-0.62362140417099	65.000000000000	0.00000000000000
29.299999237061	0.38970240950584	-0.62342751026154	65.000000000000	0.00000000000000
29.309999465942	0.38847106695175	-0.62323027849197	65.000000000000	0.00000000000000
29.319999694824	0.38723847270012	-0.62302947044373	65.000000000000	0.00000000000000
29.329999923706	0.38600450754166	-0.62282532453537	65.000000000000	0.00000000000000
29.340000152588	0.38476932048798	-0.62261772155762	65.000000000000	0.00000000000000
29.350000381470	0.38353314995766	-0.62240660190582	65.000000000000	0.00000000000000
29.360000610352	0.38229545950890	-0.62219208478928	65.000000000000	0.00000000000000
29.370000839233	0.38105678558350	-0.62197411060333	65.000000000000	0.00000000000000
29.379999160767	0.37981674075127	-0.62175256013870	65.000000000000	0.00000000000000
29.389999389648	0.37857553362846	-0.62152761220932	65.000000000000	0.00000000000000
29.399999618530	0.37733322381973	-0.62129908800125	65.000000000000	0.00000000000000
29.409999847412	0.37608972191811	-0.62106710672379	65.000000000000	0.00000000000000
29.420000076294	0.37484499812126	-0.62083148956299	65.000000000000	0.00000000000000
29.430000305176	0.37359917163849	-0.62059235572815	65.000000000000	0.00000000000000
29.440000534058	0.37235227227211	-0.62034964561462	65.000000000000	0.00000000000000
29.450000762939	0.37110424041748	-0.62010335922241	65.000000000000	0.00000000000000
29.459999084473	0.36985501646996	-0.61985349655151	65.000000000000	0.00000000000000
29.469999313354	0.36860468983650	-0.61960005760193	65.000000000000	0.00000000000000
29.479999542236	0.36735337972641	-0.61934292316437	65.000000000000	0.00000000000000
29.489999771118	0.36610084772110	-0.61908227205276	65.000000000000	0.00000000000000
29.500000000000	0.36484736204147	-0.61881786584854	65.000000000000	0.00000000000000
29.510000228882	0.36359274387360	-0.61854988336563	65.000000000000	0.00000000000000
29.520000457764	0.36233708262444	-0.61827820539474	65.000000000000	0.00000000000000
29.530000686646	0.36108049750328	-0.61800289154053	65.000000000000	0.00000000000000
29.540000915527	0.35982272028923	-0.61772382259369	65.000000000000	0.00000000000000
29.549999237061	0.35856404900551	-0.61744111776352	65.000000000000	0.00000000000000
29.559999465942	0.35730436444283	-0.61715465784073	65.000000000000	0.00000000000000
29.569999694824	0.35604378581047	-0.61686450242996	65.000000000000	0.00000000000000
29.579999923706	0.35478189587593	-0.61657059192657	65.000000000000	0.00000000000000
29.590000152588	0.35351932048798	-0.61627292633057	65.000000000000	0.00000000000000
29.600000381470	0.35225579142570	-0.61597150564194	65.000000000000	0.00000000000000
29.610000610352	0.35099127888680	-0.61566638946533	65.000000000000	0.00000000000000
29.620000839233	0.34972596168518	-0.61535739898682	65.000000000000	0.00000000000000
29.629999160767	0.34845969080925	-0.61504465341568	65.000000000000	0.00000000000000
29.639999389648	0.34719234704971	-0.61472809314728	65.000000000000	0.00000000000000
29.649999618530	0.34592440724373	-0.61440765857697	65.000000000000	0.00000000000000
29.659999847412	0.34465539455414	-0.61408346891403	65.000000000000	0.00000000000000
29.670000076294	0.34338563680649	-0.61375534534454	65.000000000000	0.00000000000000
29.680000305176	0.34211498498917	-0.61342346668243	65.000000000000	0.00000000000000
29.690000534058	0.34084352850914	-0.61308771371841	65.000000000000	0.00000000000000
29.700000762939	0.33957129716873	-0.61274802684784	65.000000000000	0.00000000000000
29.709999084473	0.33829811215401	-0.61240446567535	65.000000000000	0.00000000000000
29.719999313354	0.33702421188354	-0.61205697059631	65.000000000000	0.00000000000000
29.729999542236	0.33574956655502	-0.61170566082001	65.000000000000	0.00000000000000
29.739999771118	0.33447423577309	-0.61135041713715	65.000000000000	0.00000000000000
29.750000000000	0.33319807052612	-0.61099117994308	65.000000000000	0.00000000000000
29.760000228882	0.33192119002342	-0.61062800884247	65.000000000000	0.00000000000000
29.770000457764	0.33064353466034	-0.61026084423065	65.000000000000	0.00000000000000
29.780000686646	0.32936516404152	-0.60988980531693	65.000000000000	0.00000000000000
29.790000915527	0.32808631658554	-0.60951471328735	65.000000000000	0.00000000000000
29.799999237061	0.32680648565292	-0.60913562774658	65.000000000000	0.00000000000000
29.809999465942	0.32552623748779	-0.60875260829926	65.000000000000	0.00000000000000
29.819999694824	0.32424530386925	-0.60836547613144	65.000000000000	0.00000000000000
29.829999923706	0.32296368479729	-0.60797441005707	65.000000000000	0.00000000000000
29.840000152588	0.32168155908585	-0.60757929086685	65.000000000000	0.00000000000000
29.850000381470	0.32039877772331	-0.60718005895615	65.000000000000	0.00000000000000
29.860000610352	0.31911537051201	-0.60677689313889	65.000000000000	0.00000000000000
29.870000839233	0.31783148646355	-0.60636955499649	65.000000000000	0.00000000000000
29.879999160767	0.31654688715935	-0.60595822334290	65.000000000000	0.00000000000000
29.889999389648	0.31526196002960	-0.60554271936417	65.000000000000	0.00000000000000
29.899999618530	0.31397649645805	-0.60512316226959	65.000000000000	0.00000000000000
29.909999847412	0.31269028782845	-0.60469949245453	65.000000000000	0.00000000000000
29.920000076294	0.31140384078026	-0.60427170991898	65.000000000000	0.00000000000000
29.930000305176	0.31011685729027	-0.60383981466293	65.000000000000	0.00000000000000
29.940000534058	0.30882936716080	-0.60340368747711	65.000000000000	0.00000000000000
29.950000762939	0.30754140019417	-0.60296344757080	65.000000000000	0.00000000000000
29.959999084473	0.30625307559967	-0.60251915454865	65.000000000000	0.00000000000000
29.969999313354	0.30496430397034	-0.60207056999207	65.000000000000	0.00000000000000
29.979999542236	0.30367517471313	-0.60161787271500	65.000000000000	0.00000000000000
29.989999771118	0.30238562822342	-0.60116094350815	65.000000000000	0.00000000000000
30.000000000000	0.30109584331512	-0.60069984197617	65.000000000000	0.00000000000000
30.010000228882	0.29980564117432	-0.60023456811905	65.000000000000	0.00000000000000
30.020000457764	0.29851517081261	-0.59976488351822	65.000000000000	0.00000000000000
30.030000686646	0.29722437262535	-0.59929120540619	65.000000000000	0.00000000000000
30.040000915527	0.29593318700790	-0.59881317615509	65.000000000000	0.00000000000000
30.049999237061	0.29464179277420	-0.59833091497421	65.000000000000	0.00000000000000
30.059999465942	0.29335007071495	-0.59784436225891	65.000000000000	0.00000000000000
30.069999694824	0.29205822944641	-0.59735363721848	65.000000000000	0.00000000000000
30.079999923706	0.29076603055000	-0.59685850143433	65.000000000000	0.00000000000000
30.090000152588	0.28947386145592	-0.59635913372040	65.000000000000	0.00000000000000
30.100000381470	0.28818118572235	-0.59585553407669	65.000000000000	0.00000000000000
30.110000610352	0.28688850998878	-0.59534752368927	65.000000000000	0.00000000000000
30.120000839233	0.28559574484825	-0.59483522176743	65.000000000000	0.00000000000000
30.129999160767	0.28430283069611	-0.59431868791580	65.000000000000	0.00000000000000
30.139999389648	0.28300979733467	-0.59379774332047	65.000000000000	0.00000000000000
30.149999618530	0.28171664476395	-0.59327250719070	65.000000000000	0.00000000000000
30.159999847412	0.28042325377464	-0.59274286031723	65.000000000000	0.00000000000000
30.170000076294	0.27912992238998	-0.59220886230469	65.000000000000	0.00000000000000
30.180000305176	0.27783662080765	-0.59167057275772	65.000000000000	0.00000000000000
30.190000534058	0.27654331922531	-0.59112781286240	65.000000000000	0.00000000000000
30.200000762939	0.27524977922440	-0.59058070182800	65.000000000000	0.00000000000000
30.209999084473	0.27395641803741	-0.59002918004990	65.000000000000	0.00000000000000
30.219999313354	0.27266305685043	-0.58947330713272	65.000000000000	0.00000000000000
30.229999542236	0.27136993408203	-0.58891302347183	65.000000000000	0.00000000000000
30.239999771118	0.27007651329041	-0.58834838867188	65.000000000000	0.00000000000000
30.250000000000	0.26878347992897	-0.58777916431427	65.000000000000	0.00000000000000
30.260000228882	0.26749047636986	-0.58720558881760	65.000000000000	0.00000000000000
30.270000457764	0.26619762182236	-0.58662760257721	65.000000000000	0.00000000000000
30.280000686646	0.26490482687950	-0.58604514598846	65.000000000000	0.00000000000000
30.290000915527	0.26361224055290	-0.58545815944672	65.000000000000	0.00000000000000
30.299999237061	0.26231974363327	-0.58486682176590	65.000000000000	0.00000000000000
30.309999465942	0.26102763414383	-0.58427095413208	65.000000000000	0.00000000000000
30.319999694824	0.25973564386368	-0.58367061614990	65.000000000000	0.00000000000000
30.329999923706	0.25844392180443	-0.58306586742401	65.000000000000	0.00000000000000
30.340000152588	0.25715234875679	-0.58245646953583	65.000000000000	0.00000000000000
30.350000381470	0.25586122274399	-0.58184272050858	65.000000000000	0.00000000000000
30.360000610352	0.25457030534744	-0.58122432231903	65.000000000000	0.00000000000000
30.370000839233	0.25327977538109	-0.58060157299042	65.000000000000	0.00000000000000
30.379999160767	0.25198957324028	-0.57997423410416	65.000000000000	0.00000000000000
30.389999389648	0.25069975852966	-0.57934236526489	65.000000000000	0.00000000000000
30.399999618530	0.24941021203995	-0.57870596647263	65.000000000000	0.00000000000000
30.409999847412	0.24812123179436	-0.57806491851807	65.000000000000	0.00000000000000
30.420000076294	0.24683243036270	-0.57741945981979	65.000000000000	0.00000000000000
30.430000305176	0.24554434418678	-0.57676941156387	65.000000000000	0.00000000000000
30.440000534058	0.24425661563873	-0.57611477375031	65.000000000000	0.00000000000000
30.450000762939	0.24296937882900	-0.57545560598373	65.000000000000	0.00000000000000
30.459999084473	0.24168252944946	-0.57479190826416	65.000000000000	0.00000000000000
30.469999313354	0.24039633572102	-0.57412356138229	65.000000000000	0.00000000000000
30.479999542236	0.23911070823669	-0.57345062494278	65.000000000000	0.00000000000000
30.489999771118	0.23782555758953	-0.57277321815491	65.000000000000	0.00000000000000
30.500000000000	0.23654109239578	-0.57209116220474	65.000000000000	0.00000000000000
30.510000228882	0.23525725305080	-0.57140445709229	65.000000000000	0.00000000000000
30.520000457764	0.23397402465343	-0.57071310281754	65.000000000000	0.00000000000000
30.530000686646	0.23269149661064	-0.57001727819443	65.000000000000	0.00000000000000
30.540000915527	0.23140946030617	-0.56931674480438	65.000000000000	0.00000000000000
30.549999237061	0.23012825846672	-0.56861162185669	65.000000000000	0.00000000000000
30.559999465942	0.22884765267372	-0.56790190935135	65.000000000000	0.00000000000000
30.569999694824	0.22756789624691	-0.56718748807907	65.000000000000	0.00000000000000
30.579999923706	0.22628903388977	-0.56646847724915	65.000000000000	0.00000000000000
30.590000152588	0.22501081228256	-0.56574487686157	65.000000000000	0.00000000000000
30.600000381470	0.22373336553574	-0.56501662731171	65.000000000000	0.00000000000000
30.610000610352	0.22245670855045	-0.56428366899490	65.000000000000	0.00000000000000
30.620000839233	0.22118091583252	-0.56354606151581	65.000000000000	0.00000000000000
30.629999160767	0.21990621089935	-0.56280380487442	65.000000000000	0.00000000000000
30.639999389648	0.21863226592541	-0.56205689907074	65.000000000000	0.00000000000000
30.649999618530	0.21735906600952	-0.56130540370941	65.000000000000	0.00000000000000
30.659999847412	0.21608704328537	-0.56054913997650	65.000000000000	0.00000000000000
30.670000076294	0.21481581032276	-0.55978822708130	65.000000000000	0.00000000000000
30.680000305176	0.21354568004608	-0.55902272462845	65.000000000000	0.00000000000000
30.690000534058	0.21227648854256	-0.55825245380402	65.000000000000	0.00000000000000
30.700000762939	0.21100831031799	-0.55747753381729	65.000000000000	0.00000000000000
30.709999084473	0.20974139869213	-0.55669796466827	65.000000000000	0.00000000000000
30.719999313354	0.20847538113594	-0.55591368675232	65.000000000000	0.00000000000000
30.729999542236	0.20721028745174	-0.55512470006943	65.000000000000	0.00000000000000
30.739999771118	0.20594665408134	-0.55433100461960	65.000000000000	0.00000000000000
30.750000000000	0.20468400418758	-0.55353271961212	65.000000000000	0.00000000000000
30.760000228882	0.20342244207859	-0.55272972583771	65.000000000000	0.00000000000000
30.770000457764	0.20216216146946	-0.55192190408707	65.000000000000	0.00000000000000
30.780000686646	0.20090301334858	-0.55110943317413	65.000000000000	0.00000000000000
30.790000915527	0.19964517652988	-0.55029231309891	65.000000000000	0.00000000000000
30.799999237061	0.19838868081570	-0.54947042465210	65.000000000000	0.00000000000000
30.809999465942	0.19713327288628	-0.54864394664764	65.000000000000	0.00000000000000
30.819999694824	0.19587935507298	-0.54781270027161	65.000000000000	0.00000000000000
30.829999923706	0.19462655484676	-0.54697674512863	65.000000000000	0.00000000000000
30.840000152588	0.19337530434132	-0.54613602161407	65.000000000000	0.00000000000000
30.850000381470	0.19212535023689	-0.54529058933258	65.000000000000	0.00000000000000
30.860000610352	0.19087687134743	-0.54444062709808	65.000000000000	0.00000000000000
30.870000839233	0.18962995707989	-0.54358565807343	65.000000000000	0.00000000000000
30.879999160767	0.18838404119015	-0.54272627830505	65.000000000000	0.00000000000000
30.889999389648	0.18713988363743	-0.54186195135117	65.000000000000	0.00000000000000
30.899999618530	0.18589700758457	-0.54099309444427	65.000000000000	0.00000000000000
30.909999847412	0.18465593457222	-0.54011934995651	65.000000000000	0.00000000000000
30.920000076294	0.18341618776321	-0.53924101591110	65.000000000000	0.00000000000000
30.930000305176	0.18217828869820	-0.53835779428482	65.000000000000	0.00000000000000
30.940000534058	0.18094150722027	-0.53747010231018	65.000000000000	0.00000000000000
30.950000762939	0.17970663309097	-0.53657758235931	65.000000000000	0.00000000000000
30.959999084473	0.17847341299057	-0.53568029403687	65.000000000000	0.00000000000000
30.969999313354	0.17724187672138	-0.53477841615677	65.000000000000	0.00000000000000
30.979999542236	0.17601177096367	-0.53387176990509	65.000000000000	0.00000000000000
30.989999771118	0.17478366196156	-0.53296035528183	65.000000000000	0.00000000000000
31.000000000000	0.17355728149414	-0.53204417228699	65.000000000000	0.00000000000000
31.010000228882	0.17233245074749	-0.53112345933914	65.000000000000	0.00000000000000
31.020000457764	0.17110963165760	-0.53019791841507	65.000000000000	0.00000000000000
31.030000686646	0.16988836228848	-0.52926778793335	65.000000000000	0.00000000000000
31.040000915527	0.16866920888424	-0.52833282947540	65.000000000000	0.00000000000000
31.049999237061	0.16745163500309	-0.52739316225052	65.000000000000	0.00000000000000
31.059999465942	0.16623593866825	-0.52644890546799	65.000000000000	0.00000000000000
31.069999694824	0.16502238810062	-0.52549988031387	65.000000000000	0.00000000000000
31.079999923706	0.16381077468395	-0.52454608678818	65.000000000000	0.00000000000000
31.090000152588	0.16260084509850	-0.52358776330948	65.000000000000	0.00000000000000
31.100000381470	0.16139309108257	-0.52262461185455	65.000000000000	0.00000000000000
31.110000610352	0.16018712520599	-0.52165687084198	65.000000000000	0.00000000000000
31.120000839233	0.15898337960243	-0.52068436145782	65.000000000000	0.00000000000000
31.129999160767	0.15778140723705	-0.51970726251602	65.000000000000	0.00000000000000
31.139999389648	0.15658196806908	-0.51872533559799	65.000000000000	0.00000000000000
31.149999618530	0.15538439154625	-0.51773887872696	65.000000000000	0.00000000000000
31.159999847412	0.15418887138367	-0.51674765348434	65.000000000000	0.00000000000000
31.170000076294	0.15299573540688	-0.51575171947479	65.000000000000	0.00000000000000
31.180000305176	0.15180471539497	-0.51475113630295	65.000000000000	0.00000000000000
31.190000534058	0.15061558783054	-0.51374596357346	65.000000000000	0.00000000000000
31.200000762939	0.14942890405655	-0.51273608207703	65.000000000000	0.00000000000000
31.209999084473	0.14824444055557	-0.51172161102295	65.000000000000	0.00000000000000
31.219999313354	0.14706216752529	-0.51070249080658	65.000000000000	0.00000000000000
31.229999542236	0.14588212966919	-0.50967866182327	65.000000000000	0.00000000000000
31.239999771118	0.14470487833023	-0.50865012407303	65.000000000000	0.00000000000000
31.250000000000	0.14352963864803	-0.50761705636978	65.000000000000	0.00000000000000
31.260000228882	0.14235670864582	-0.50657933950424	65.000000000000	0.00000000000000
31.270000457764	0.14118637144566	-0.50553697347641	65.000000000000	0.00000000000000
31.280000686646	0.14001837372780	-0.50449001789093	65.000000000000	0.00000000000000
31.290000915527	0.13885274529457	-0.50343841314316	65.000000000000	0.00000000000000
31.299999237061	0.13768950104713	-0.50238221883774	65.000000000000	0.00000000000000
31.309999465942	0.13652893900871	-0.50132137537003	65.000000000000	0.00000000000000
31.319999694824	0.13537104427814	-0.50025600194931	65.000000000000	0.00000000000000
31.329999923706	0.13421511650085	-0.49918609857559	65.000000000000	0.00000000000000
31.340000152588	0.13306239247322	-0.49811139702797	65.000000000000	0.00000000000000
31.350000381470	0.13191194832325	-0.49703231453896	65.000000000000	0.00000000000000
31.360000610352	0.13076424598694	-0.49594852328300	65.000000000000	0.00000000000000
31.370000839233	0.12961886823177	-0.49486032128334	65.000000000000	0.00000000000000
31.379999160767	0.12847651541233	-0.49376744031906	65.000000000000	0.00000000000000
31.389999389648	0.12733677029610	-0.49267005920410	65.000000000000	0.00000000000000
31.399999618530	0.12619985640049	-0.49156802892685	65.000000000000	0.00000000000000
31.409999847412	0.12506556510925	-0.49046149849892	65.000000000000	0.00000000000000
31.420000076294	0.12393396347761	-0.48935049772263	65.000000000000	0.00000000000000
31.430000305176	0.12280524522066	-0.48823496699333	65.000000000000	0.00000000000000
31.440000534058	0.12167934328318	-0.48711487650871	65.000000000000	0.00000000000000
31.450000762939	0.12055629491806	-0.48599031567574	65.000000000000	0.00000000000000
31.459999084473	0.11943608522415	-0.48486125469208	65.000000000000	0.00000000000000
31.469999313354	0.11831887811422	-0.48372769355774	65.000000000000	0.00000000000000
31.479999542236	0.11720445007086	-0.48258966207504	65.000000000000	0.00000000000000
31.489999771118	0.11609306186438	-0.48144713044167	65.000000000000	0.00000000000000
31.500000000000	0.11498462408781	-0.48030018806458	65.000000000000	0.00000000000000
31.510000228882	0.11387913674116	-0.47914877533913	65.000000000000	0.00000000000000
31.520000457764	0.11277674883604	-0.47799286246300	65.000000000000	0.00000000000000
31.530000686646	0.11167725920677	-0.47683262825012	65.000000000000	0.00000000000000
31.540000915527	0.11058101803064	-0.47566786408424	65.000000000000	0.00000000000000
31.549999237061	0.10948783159256	-0.47449871897697	65.000000000000	0.00000000000000
31.559999465942	0.10839771479368	-0.47332519292831	65.000000000000	0.00000000000000
31.569999694824	0.10731067508459	-0.47214725613594	65.000000000000	0.00000000000000
31.579999923706	0.10622698068619	-0.47096493840218	65.000000000000	0.00000000000000
31.590000152588	0.10514630377293	-0.46977823972702	65.000000000000	0.00000000000000
31.600000381470	0.10406889021397	-0.46858716011047	65.000000000000	0.00000000000000
31.610000610352	0.10299476236105	-0.46739175915718	65.000000000000	0.00000000000000
31.620000839233	0.10192393511534	-0.46619197726250	65.000000000000	0.00000000000000
31.629999160767	0.10085633397102	-0.46498790383339	65.000000000000	0.00000000000000
31.639999389648	0.099792078137398	-0.46377950906754	65.000000000000	0.00000000000000
31.649999618530	0.098731070756912	-0.46256682276726	65.000000000000	0.00000000000000
31.659999847412	0.097673572599888	-0.46134978532791	65.000000000000	0.00000000000000
31.670000076294	0.096619360148907	-0.46012851595879	65.000000000000	0.00000000000000
31.680000305176	0.095568582415581	-0.45890289545059	65.000000000000	0.00000000000000
31.690000534058	0.094521254301071	-0.45767313241959	65.000000000000	0.00000000000000
31.700000762939	0.093477278947830	-0.45643907785416	65.000000000000	0.00000000000000
31.709999084473	0.092436909675598	-0.45520076155663	65.000000000000	0.00000000000000
31.719999313354	0.091400042176247	-0.45395818352699	65.000000000000	0.00000000000000
31.729999542236	0.090366706252098	-0.45271149277687	65.000000000000	0.00000000000000
31.739999771118	0.089336916804314	-0.45146054029465	65.000000000000	0.00000000000000
31.750000000000	0.088310703635216	-0.45020544528961	65.000000000000	0.00000000000000
31.760000228882	0.087288074195385	-0.44894614815712	65.000000000000	0.00000000000000
31.770000457764	0.086269155144691	-0.44768273830414	65.000000000000	0.00000000000000
31.780000686646	0.085253871977329	-0.44641515612602	65.000000000000	0.00000000000000
31.790000915527	0.084242135286331	-0.44514343142509	65.000000000000	0.00000000000000
31.799999237061	0.083234265446663	-0.44386762380600	65.000000000000	0.00000000000000
31.809999465942	0.082229986786842	-0.44258773326874	65.000000000000	0.00000000000000
31.819999694824	0.081229507923126	-0.44130370020866	65.000000000000	0.00000000000000
31.829999923706	0.080232873558998	-0.44001561403275	65.000000000000	0.00000000000000
31.840000152588	0.079239882528782	-0.43872350454330	65.000000000000	0.00000000000000
31.850000381470	0.078250855207443	-0.43742734193802	65.000000000000	0.00000000000000
31.860000610352	0.077265612781048	-0.43612715601921	65.000000000000	0.00000000000000
31.870000839233	0.076284170150757	-0.43482291698456	65.000000000000	0.00000000000000
31.879999160767	0.075306653976440	-0.43351474404335	65.000000000000	0.00000000000000
31.889999389648	0.074333094060421	-0.43220254778862	65.000000000000	0.00000000000000
31.899999618530	0.073363490402699	-0.43088641762733	65.000000000000	0.00000000000000
31.909999847412	0.072397761046886	-0.42956632375717	65.000000000000	0.00000000000000
31.920000076294	0.071436040103436	-0.42824232578278	65.000000000000	0.00000000000000
31.930000305176	0.070478327572346	-0.42691439390182	65.000000000000	0.00000000000000
31.940000534058	0.069524668157101	-0.42558255791664	65.000000000000	0.00000000000000
31.950000762939	0.068574942648411	-0.42424684762955	65.000000000000	0.00000000000000
31.959999084473	0.067629404366016	-0.42290729284286	65.000000000000	0.00000000000000
31.969999313354	0.066687859594822	-0.42156386375427	65.000000000000	0.00000000000000
31.979999542236	0.065750509500504	-0.42021661996841	65.000000000000	0.00000000000000
31.989999771118	0.064817301928997	-0.41886553168297	65.000000000000	0.00000000000000
32.000000000000	0.063888229429722	-0.41751065850258	65.000000000000	0.00000000000000
32.009998321533	0.062963329255581	-0.41615203022957	65.000000000000	0.00000000000000
32.020000457764	0.062042605131865	-0.41478967666626	65.000000000000	0.00000000000000
32.029998779297	0.061126176267862	-0.41342350840569	65.000000000000	0.00000000000000
32.040000915527	0.060214061290026	-0.41205361485481	65.000000000000	0.00000000000000
32.049999237061	0.059306085109711	-0.41068005561829	65.000000000000	0.00000000000000
32.060001373291	0.058402448892593	-0.40930280089378	65.000000000000	0.00000000000000
32.069999694824	0.057503089308739	-0.40792188048363	65.000000000000	0.00000000000000
32.080001831055	0.056608099490404	-0.40653729438782	65.000000000000	0.00000000000000
32.090000152588	0.055717416107655	-0.40514913201332	65.000000000000	0.00000000000000
32.099998474121	0.054831154644489	-0.40375730395317	65.000000000000	0.00000000000000
32.110000610352	0.053949311375618	-0.40236189961433	65.000000000000	0.00000000000000
32.119998931885	0.053071923553944	-0.40096291899681	65.000000000000	0.00000000000000
32.130001068115	0.052198898047209	-0.39956039190292	65.000000000000	0.00000000000000
32.139999389648	0.051330361515284	-0.39815434813499	65.000000000000	0.00000000000000
32.150001525879	0.050466209650040	-0.39674469828606	65.000000000000	0.00000000000000
32.159999847412	0.049606770277023	-0.39533165097237	65.000000000000	0.00000000000000
32.169998168945	0.048751670867205	-0.39391514658928	65.000000000000	0.00000000000000
32.180000305176	0.047901112586260	-0.39249515533447	65.000000000000	0.00000000000000
32.189998626709	0.047055199742317	-0.39107170701027	65.000000000000	0.00000000000000
32.200000762939	0.046213865280151	-0.38964492082596	65.000000000000	0.00000000000000
32.209999084473	0.045377209782600	-0.38821467757225	65.000000000000	0.00000000000000
32.220001220703	0.044544976204634	-0.38678106665611	65.000000000000	0.00000000000000
32.229999542236	0.043717540800571	-0.38534408807755	65.000000000000	0.00000000000000
32.240001678467	0.042894747108221	-0.38390383124352	65.000000000000	0.00000000000000
32.250000000000	0.042076598852873	-0.38246029615402	65.000000000000	0.00000000000000
32.259998321533	0.041263204067945	-0.38101339340210	65.000000000000	0.00000000000000
32.270000457764	0.040454488247633	-0.37956327199936	65.000000000000	0.00000000000000
32.279998779297	0.039650559425354	-0.37810999155045	65.000000000000	0.00000000000000
32.290000915527	0.038851331919432	-0.37665337324142	65.000000000000	0.00000000000000
32.299999237061	0.038056913763285	-0.37519359588623	65.000000000000	0.00000000000000
32.310001373291	0.037267323583364	-0.37373065948486	65.000000000000	0.00000000000000
32.319999694824	0.036482568830252	-0.37226453423500	65.000000000000	0.00000000000000
32.330001831055	0.035702578723431	-0.37079530954361	65.000000000000	0.00000000000000
32.340000152588	0.034927364438772	-0.36932301521301	65.000000000000	0.00000000000000
32.349998474121	0.034157205373049	-0.36784759163857	65.000000000000	0.00000000000000
32.360000610352	0.033391848206520	-0.36636915802956	65.000000000000	0.00000000000000
32.369998931885	0.032631393522024	-0.36488765478134	65.000000000000	0.00000000000000
32.380001068115	0.031875941902399	-0.36340311169624	65.000000000000	0.00000000000000
32.389999389648	0.031125336885452	-0.36191561818123	65.000000000000	0.00000000000000
32.400001525879	0.030379757285118	-0.36042517423630	65.000000000000	0.00000000000000
32.409999847412	0.029639130458236	-0.35893175005913	65.000000000000	0.00000000000000
32.419998168945	0.028903471305966	-0.35743540525436	65.000000000000	0.00000000000000
32.430000305176	0.028172872960567	-0.35593616962433	65.000000000000	0.00000000000000
32.439998626709	0.027447266504169	-0.35443413257599	65.000000000000	0.00000000000000
32.450000762939	0.026726743206382	-0.35292920470238	65.000000000000	0.00000000000000
32.459999084473	0.026011236011982	-0.35142144560814	65.000000000000	0.00000000000000
32.470001220703	0.025300836190581	-0.34991088509560	65.000000000000	0.00000000000000
32.479999542236	0.024595472961664	-0.34839758276939	65.000000000000	0.00000000000000
32.490001678467	0.023895407095551	-0.34688153862953	65.000000000000	0.00000000000000
32.500000000000	0.023200312629342	-0.34536272287369	65.000000000000	0.00000000000000
32.509998321533	0.022510370239615	-0.34384122490883	65.000000000000	0.00000000000000
32.520000457764	0.021825591102242	-0.34231710433960	65.000000000000	0.00000000000000
32.529998779297	0.021145984530449	-0.34079030156136	65.000000000000	0.00000000000000
32.540000915527	0.020471720024943	-0.33926090598106	65.000000000000	0.00000000000000
32.549999237061	0.019802482798696	-0.33772891759872	65.000000000000	0.00000000000000
32.560001373291	0.019138526171446	-0.33619430661201	65.000000000000	0.00000000000000
32.569999694824	0.018479783087969	-0.33465722203255	65.000000000000	0.00000000000000
32.580001831055	0.017826337367296	-0.33311757445335	65.000000000000	0.00000000000000
32.590000152588	0.017178121954203	-0.33157545328140	65.000000000000	0.00000000000000
32.599998474121	0.016535222530365	-0.33003085851669	65.000000000000	0.00000000000000
32.610000610352	0.015897568315268	-0.32848381996155	65.000000000000	0.00000000000000
32.619998931885	0.015265325084329	-0.32693439722061	65.000000000000	0.00000000000000
32.630001068115	0.014638345688581	-0.32538262009621	65.000000000000	0.00000000000000
32.639999389648	0.014016715809703	-0.32382842898369	65.000000000000	0.00000000000000
32.650001525879	0.013400363735855	-0.32227191329002	65.000000000000	0.00000000000000
32.659999847412	0.012789457105100	-0.32071310281754	65.000000000000	0.00000000000000
32.669998168945	0.012183842249215	-0.31915202736855	65.000000000000	0.00000000000000
32.680000305176	0.011583683080971	-0.31758868694305	65.000000000000	0.00000000000000
32.689998626709	0.010988985188305	-0.31602314114571	65.000000000000	0.00000000000000
32.700000762939	0.010399605147541	-0.31445538997650	65.000000000000	0.00000000000000
32.709999084473	0.0098156994208694	-0.31288546323776	65.000000000000	0.00000000000000
32.720001220703	0.0092371245846152	-0.31131339073181	65.000000000000	0.00000000000000
32.729999542236	0.0086641842499375	-0.30973923206329	65.000000000000	0.00000000000000
32.740001678467	0.0080965887755156	-0.30816295742989	65.000000000000	0.00000000000000
32.750000000000	0.0075344904325902	-0.30658465623856	65.000000000000	0.00000000000000
32.759998321533	0.0069778943434358	-0.30500432848930	65.000000000000	0.00000000000000
32.770000457764	0.0064268065616488	-0.30342194437981	65.000000000000	0.00000000000000
32.779998779297	0.0058812312781811	-0.30183765292168	65.000000000000	0.00000000000000
32.790000915527	0.0053411731496453	-0.30025139451027	65.000000000000	0.00000000000000
32.799999237061	0.0048066377639771	-0.29866319894791	65.000000000000	0.00000000000000
32.810001373291	0.0042776283808053	-0.29707312583923	65.000000000000	0.00000000000000
32.819999694824	0.0037541496567428	-0.29548120498657	65.000000000000	0.00000000000000
32.830001831055	0.0032363461796194	-0.29388743638992	65.000000000000	0.00000000000000
32.840000152588	0.0027240104973316	-0.29229187965393	65.000000000000	0.00000000000000
32.849998474121	0.0022172171156853	-0.29069453477859	65.000000000000	0.00000000000000
32.860000610352	0.0017161766299978	-0.28909546136856	65.000000000000	0.00000000000000
32.869998931885	0.0012205464299768	-0.28749465942383	65.000000000000	0.00000000000000
32.880001068115	0.00073067325865850	-0.28589218854904	65.000000000000	0.00000000000000
32.889999389648	0.00024635385489091	-0.28428804874420	65.000000000000	0.00000000000000
32.900001525879	-0.00023234117543325	-0.28268224000931	65.000000000000	0.00000000000000
32.909999847412	-0.00070527585921809	-0.28107485175133	65.000000000000	0.00000000000000
32.919998168945	-0.0011726504890248	-0.27946591377258	65.000000000000	0.00000000000000
32.930000305176	-0.0016343957977369	-0.27785545587540	65.000000000000	0.00000000000000
32.939998626709	-0.0020904443226755	-0.27624341845512	65.000000000000	0.00000000000000
32.950000762939	-0.0025408612564206	-0.27462995052338	65.000000000000	0.00000000000000
32.959999084473	-0.0029855805914849	-0.27301499247551	65.000000000000	0.00000000000000
32.970001220703	-0.0034246663562953	-0.27139863371849	65.000000000000	0.00000000000000
32.979999542236	-0.0038579895626754	-0.26978090405464	65.000000000000	0.00000000000000
32.990001678467	-0.0042856144718826	-0.26816174387932	65.000000000000	0.00000000000000
33.000000000000	-0.0047076060436666	-0.26654130220413	65.000000000000	0.00000000000000
33.009998321533	-0.0051237740553916	-0.26491954922676	65.000000000000	0.00000000000000
33.020000457764	-0.0055342451669276	-0.26329648494720	65.000000000000	0.00000000000000
33.029998779297	-0.0059390231035650	-0.26167219877243	65.000000000000	0.00000000000000
33.040000915527	-0.0063381069339812	-0.26004669070244	65.000000000000	0.00000000000000
33.049999237061	-0.0067314379848540	-0.25842002034187	65.000000000000	0.00000000000000
33.060001373291	-0.0071189538575709	-0.25679215788841	65.000000000000	0.00000000000000
33.069999694824	-0.0075007830746472	-0.25516319274902	65.000000000000	0.00000000000000
33.080001831055	-0.0078769251704216	-0.25353309512138	65.000000000000	0.00000000000000
33.090000152588	-0.0082472031936049	-0.25190195441246	65.000000000000	0.00000000000000
33.099998474121	-0.0086117405444384	-0.25026980042458	65.000000000000	0.00000000000000
33.110000610352	-0.0089705409482121	-0.24863660335541	65.000000000000	0.00000000000000
33.119998931885	-0.0093234889209270	-0.24700246751308	65.000000000000	0.00000000000000
33.130001068115	-0.0096707670018077	-0.24536733329296	65.000000000000	0.00000000000000
33.139999389648	-0.010012259706855	-0.24373133480549	65.000000000000	0.00000000000000
33.150001525879	-0.010347915813327	-0.24209441244602	65.000000000000	0.00000000000000
33.159999847412	-0.010677796788514	-0.24045667052269	65.000000000000	0.00000000000000
33.169998168945	-0.011001910082996	-0.23881806433201	65.000000000000	0.00000000000000
33.180000305176	-0.011320144869387	-0.23717871308327	65.000000000000	0.00000000000000
33.189998626709	-0.011632734909654	-0.23553855717182	65.000000000000	0.00000000000000
33.200000762939	-0.011939462274313	-0.23389768600464	65.000000000000	0.00000000000000
33.209999084473	-0.012240330688655	-0.23225609958172	65.000000000000	0.00000000000000
33.220001220703	-0.012535461224616	-0.23061384260654	65.000000000000	0.00000000000000
33.229999542236	-0.012824749574065	-0.22897094488144	65.000000000000	0.00000000000000
33.240001678467	-0.013108312152326	-0.22732742130756	65.000000000000	0.00000000000000
33.250000000000	-0.013385994359851	-0.22568333148956	65.000000000000	0.00000000000000
33.259998321533	-0.013657858595252	-0.22403869032860	65.000000000000	0.00000000000000
33.270000457764	-0.013923969119787	-0.22239349782467	65.000000000000	0.00000000000000
33.279998779297	-0.014184224419296	-0.22074784338474	65.000000000000	0.00000000000000
33.290000915527	-0.014438689686358	-0.21910172700882	65.000000000000	0.00000000000000
33.299999237061	-0.014687373302877	-0.21745519340038	65.000000000000	0.00000000000000
33.310001373291	-0.014930182136595	-0.21580824255943	65.000000000000	0.00000000000000
33.319999694824	-0.015167279168963	-0.21416091918945	65.000000000000	0.00000000000000
33.330001831055	-0.015398524701595	-0.21251325309277	65.000000000000	0.00000000000000
33.340000152588	-0.015623927116394	-0.21086528897285	65.000000000000	0.00000000000000
33.349998474121	-0.015843499451876	-0.20921704173088	65.000000000000	0.00000000000000
33.360000610352	-0.016057353466749	-0.20756854116917	65.000000000000	0.00000000000000
33.369998931885	-0.016265301033854	-0.20591984689236	65.000000000000	0.00000000000000
33.380001068115	-0.016467506065965	-0.20427094399929	65.000000000000	0.00000000000000
33.389999389648	-0.016663931310177	-0.20262189209461	65.000000000000	0.00000000000000
33.400001525879	-0.016854491084814	-0.20097269117832	65.000000000000	0.00000000000000
33.409999847412	-0.017039299011230	-0.19932340085506	65.000000000000	0.00000000000000
33.419998168945	-0.017218319699168	-0.19767406582832	65.000000000000	0.00000000000000
33.430000305176	-0.017391473054886	-0.19602467119694	65.000000000000	0.00000000000000
33.439998626709	-0.017558870837092	-0.19437529146671	65.000000000000	0.00000000000000
33.450000762939	-0.017720524221659	-0.19272592663765	65.000000000000	0.00000000000000
33.459999084473	-0.017876360565424	-0.19107659161091	65.000000000000	0.00000000000000
33.470001220703	-0.018026348203421	-0.18942737579346	65.000000000000	0.00000000000000
33.479999542236	-0.018170595169067	-0.18777823448181	65.000000000000	0.00000000000000
33.490001678467	-0.018309121951461	-0.18612927198410	65.000000000000	0.00000000000000
33.500000000000	-0.018441857770085	-0.18448047339916	65.000000000000	0.00000000000000
33.509998321533	-0.018568901345134	-0.18283185362816	65.000000000000	0.00000000000000
33.520000457764	-0.018690017983317	-0.18118348717690	65.000000000000	0.00000000000000
33.529998779297	-0.018805397674441	-0.17953540384769	65.000000000000	0.00000000000000
33.540000915527	-0.018915144726634	-0.17788755893707	65.000000000000	0.00000000000000
33.549999237061	-0.019019111990929	-0.17624008655548	65.000000000000	0.00000000000000
33.560001373291	-0.019117316231132	-0.17459292709827	65.000000000000	0.00000000000000
33.569999694824	-0.019209781661630	-0.17294616997242	65.000000000000	0.00000000000000
33.580001831055	-0.019296530634165	-0.17129981517792	65.000000000000	0.00000000000000
33.590000152588	-0.019377505406737	-0.16965392231941	65.000000000000	0.00000000000000
33.599998474121	-0.019452808424830	-0.16800847649574	65.000000000000	0.00000000000000
33.610000610352	-0.019522381946445	-0.16636353731155	65.000000000000	0.00000000000000
33.619998931885	-0.019586252048612	-0.16471910476685	65.000000000000	0.00000000000000
33.630001068115	-0.019644444808364	-0.16307523846626	65.000000000000	0.00000000000000
33.639999389648	-0.019696908071637	-0.16143196821213	65.000000000000	0.00000000000000
33.650001525879	-0.019743740558624	-0.15978929400444	65.000000000000	0.00000000000000
33.659999847412	-0.019784823060036	-0.15814727544785	65.000000000000	0.00000000000000
33.669998168945	-0.019820258021355	-0.15650592744350	65.000000000000	0.00000000000000
33.680000305176	-0.019850144162774	-0.15486526489258	65.000000000000	0.00000000000000
33.689998626709	-0.019874220713973	-0.15322534739971	65.000000000000	0.00000000000000
33.700000762939	-0.019892733544111	-0.15158618986607	65.000000000000	0.00000000000000
33.709999084473	-0.019905569031835	-0.14994779229164	65.000000000000	0.00000000000000
33.720001220703	-0.019912831485271	-0.14831022918224	65.000000000000	0.00000000000000
33.729999542236	-0.019914414733648	-0.14667351543903	65.000000000000	0.00000000000000
33.740001678467	-0.019910344853997	-0.14503766596317	65.000000000000	0.00000000000000
33.750000000000	-0.019900802522898	-0.14340269565582	65.000000000000	0.00000000000000
33.759998321533	-0.019885612651706	-0.14176866412163	65.000000000000	0.00000000000000
33.770000457764	-0.019864812493324	-0.14013558626175	65.000000000000	0.00000000000000
33.779998779297	-0.019838506355882	-0.13850349187851	65.000000000000	0.00000000000000
33.790000915527	-0.019806534051895	-0.13687241077423	65.000000000000	0.00000000000000
33.799999237061	-0.019769130274653	-0.13524234294891	65.000000000000	0.00000000000000
33.810001373291	-0.019726078957319	-0.13361336290836	65.000000000000	0.00000000000000
33.819999694824	-0.019677549600601	-0.13198547065258	65.000000000000	0.00000000000000
33.830001831055	-0.019623517990112	-0.13035868108273	65.000000000000	0.00000000000000
33.840000152588	-0.019563907757401	-0.12873306870461	65.000000000000	0.00000000000000
33.849998474121	-0.019498825073242	-0.12710861861706	65.000000000000	0.00000000000000
33.860000610352	-0.019428255036473	-0.12548536062241	65.000000000000	0.00000000000000
33.869998931885	-0.019352246075869	-0.12386331707239	65.000000000000	0.00000000000000
33.880001068115	-0.019270727410913	-0.12224253267050	65.000000000000	0.00000000000000
33.889999389648	-0.019183754920959	-0.12062303721905	65.000000000000	0.00000000000000
33.900001525879	-0.019091375172138	-0.11900483071804	65.000000000000	0.00000000000000
33.909999847412	-0.018993536010385	-0.11738797277212	65.000000000000	0.00000000000000
33.919998168945	-0.018890287727118	-0.11577247083187	65.000000000000	0.00000000000000
33.930000305176	-0.018781637772918	-0.11415834724903	65.000000000000	0.00000000000000
33.939998626709	-0.018667642027140	-0.11254562437534	65.000000000000	0.00000000000000
33.950000762939	-0.018548201769590	-0.11093435436487	65.000000000000	0.00000000000000
33.959999084473	-0.018423436209559	-0.10932453721762	65.000000000000	0.00000000000000
33.970001220703	-0.018293304368854	-0.10771620273590	65.000000000000	0.00000000000000
33.979999542236	-0.018157826736569	-0.10610938072205	65.000000000000	0.00000000000000
33.990001678467	-0.018017021939158	-0.10450410097837	65.000000000000	0.00000000000000
34.000000000000	-0.017870916053653	-0.10290037840605	65.000000000000	0.00000000000000
34.009998321533	-0.017719484865665	-0.10129825025797	65.000000000000	0.00000000000000
34.020000457764	-0.017562808468938	-0.099697723984718	65.000000000000	0.00000000000000
34.029998779297	-0.017400875687599	-0.098098829388618	65.000000000000	0.00000000000000
34.040000915527	-0.017233630642295	-0.096501603722572	65.000000000000	0.00000000000000
34.049999237061	-0.017061166465282	-0.094906061887741	65.000000000000	0.00000000000000
34.060001373291	-0.016883479431272	-0.093312233686447	65.000000000000	0.00000000000000
34.069999694824	-0.016700584441423	-0.091720134019852	65.000000000000	0.00000000000000
34.080001831055	-0.016512531787157	-0.090129777789116	65.000000000000	0.00000000000000
34.090000152588	-0.016319217160344	-0.088541224598885	65.000000000000	0.00000000000000
34.099998474121	-0.016120793297887	-0.086954452097416	65.000000000000	0.00000000000000
34.110000610352	-0.015917208045721	-0.085369519889355	65.000000000000	0.00000000000000
34.119998931885	-0.015708461403847	-0.083786442875862	65.000000000000	0.00000000000000
34.130001068115	-0.015494639985263	-0.082205228507519	65.000000000000	0.00000000000000
34.139999389648	-0.015275681391358	-0.080625921487808	65.000000000000	0.00000000000000
34.150001525879	-0.015051610767841	-0.079048529267311	65.000000000000	0.00000000000000
34.159999847412	-0.014822497963905	-0.077473074197769	65.000000000000	0.00000000000000
34.169998168945	-0.014588353224099	-0.075899578630924	65.000000000000	0.00000000000000
34.180000305176	-0.014349156059325	-0.074328079819679	65.000000000000	0.00000000000000
34.189998626709	-0.014104904606938	-0.072758592665195	65.000000000000	0.00000000000000
34.200000762939	-0.013855639845133	-0.071191124618053	65.000000000000	0.00000000000000
34.209999084473	-0.013601454906166	-0.069625698029995	65.000000000000	0.00000000000000
34.220001220703	-0.013342221267521	-0.068062365055084	65.000000000000	0.00000000000000
34.229999542236	-0.013078095391393	-0.066501118242741	65.000000000000	0.00000000000000
34.240001678467	-0.012808987870812	-0.064941994845867	65.000000000000	0.00000000000000
34.250000000000	-0.012534957379103	-0.063385009765625	65.000000000000	0.00000000000000
34.259998321533	-0.012256029993296	-0.061830166727304	65.000000000000	0.00000000000000
34.270000457764	-0.011972206644714	-0.060277517884970	65.000000000000	0.00000000000000
34.279998779297	-0.011683514341712	-0.058727059513330	65.000000000000	0.00000000000000
34.290000915527	-0.011389969848096	-0.057178825139999	65.000000000000	0.00000000000000
34.299999237061	-0.011091593652964	-0.055632829666138	65.000000000000	0.00000000000000
34.310001373291	-0.010788389481604	-0.054089102894068	65.000000000000	0.00000000000000
34.319999694824	-0.010480389930308	-0.052547644823790	65.000000000000	0.00000000000000
34.330001831055	-0.010167608968914	-0.051008492708206	65.000000000000	0.00000000000000
34.340000152588	-0.0098500605672598	-0.049471653997898	65.000000000000	0.00000000000000
34.349998474121	-0.0095277689397335	-0.047937158495188	65.000000000000	0.00000000000000
34.360000610352	-0.0092007424682379	-0.046405013650656	65.000000000000	0.00000000000000
34.369998931885	-0.0088690174743533	-0.044875249266624	65.000000000000	0.00000000000000
34.380001068115	-0.0085326004773378	-0.043347883969545	65.000000000000	0.00000000000000
34.389999389648	-0.0081915017217398	-0.041822921484709	65.000000000000	0.00000000000000
34.400001525879	-0.0078457575291395	-0.040300399065018	65.000000000000	0.00000000000000
34.409999847412	-0.0074953730218112	-0.038780327886343	65.000000000000	0.00000000000000
34.419998168945	-0.0071403626352549	-0.037262722849846	65.000000000000	0.00000000000000
34.430000305176	-0.0067807659506798	-0.035747602581978	65.000000000000	0.00000000000000
34.439998626709	-0.0064165908843279	-0.034234985709190	65.000000000000	0.00000000000000
34.450000762939	-0.0060478434897959	-0.032724894583225	65.000000000000	0.00000000000000
34.459999084473	-0.0056745586916804	-0.031217342242599	65.000000000000	0.00000000000000
34.470001220703	-0.0052967537194490	-0.029712343588471	65.000000000000	0.00000000000000
34.479999542236	-0.0049144485965371	-0.028209917247295	65.000000000000	0.00000000000000
34.490001678467	-0.0045276489108801	-0.026710081845522	65.000000000000	0.00000000000000
34.500000000000	-0.0041363881900907	-0.025212852284312	65.000000000000	0.00000000000000
34.509998321533	-0.0037406766787171	-0.023718243464828	65.000000000000	0.00000000000000
34.520000457764	-0.0033405446447432	-0.022226274013519	65.000000000000	0.00000000000000
34.529998779297	-0.0029360018670559	-0.020736960694194	65.000000000000	0.00000000000000
34.540000915527	-0.0025270702317357	-0.019250316545367	65.000000000000	0.00000000000000
34.549999237061	-0.0021137734875083	-0.017766363918781	65.000000000000	0.00000000000000
34.560001373291	-0.0016961169894785	-0.016285106539726	65.000000000000	0.00000000000000
34.569999694824	-0.0012741421815008	-0.014806568622589	65.000000000000	0.00000000000000
34.580001831055	-0.00084785069338977	-0.013330763205886	65.000000000000	0.00000000000000
34.590000152588	-0.00041726889321581	-0.011857704259455	65.000000000000	0.00000000000000
34.599998474121	1.7585098248674e-05	-0.010387409478426	65.000000000000	0.00000000000000
34.610000610352	0.00045668683014810	-0.0089198881760240	65.000000000000	0.00000000000000
34.619998931885	0.00090002402430400	-0.0074551594443619	65.000000000000	0.00000000000000
34.630001068115	0.0013475737068802	-0.0059932353906333	65.000000000000	0.00000000000000
34.639999389648	0.0017993153305724	-0.0045341313816607	65.000000000000	0.00000000000000
34.650001525879	0.0022552299778908	-0.0030778597574681	65.000000000000	0.00000000000000
34.659999847412	0.0027152982074767	-0.0016244351863861	65.000000000000	0.00000000000000
34.669998168945	0.0031794998794794	-0.00017387082334608	65.000000000000	0.00000000000000
34.680000305176	0.0036478154361248	0.0012738199438900	65.000000000000	0.00000000000000
34.689998626709	0.0041202246211469	0.0027186241932213	65.000000000000	0.00000000000000
34.700000762939	0.0045967088080943	0.0041605285368860	65.000000000000	0.00000000000000
34.709999084473	0.0050772479735315	0.0055995206348598	65.000000000000	0.00000000000000
34.720001220703	0.0055618206970394	0.0070355874486268	65.000000000000	0.00000000000000
34.729999542236	0.0060504083521664	0.0084687154740095	65.000000000000	0.00000000000000
34.740001678467	0.0065429918467999	0.0098988944664598	65.000000000000	0.00000000000000
34.750000000000	0.0070395478978753	0.011326111853123	65.000000000000	0.00000000000000
34.759998321533	0.0075400620698929	0.012750355526805	65.000000000000	0.00000000000000
34.770000457764	0.0080445120111108	0.014171613380313	65.000000000000	0.00000000000000
34.779998779297	0.0085528781637549	0.015589874237776	65.000000000000	0.00000000000000
34.790000915527	0.0090651428326964	0.017005123198032	65.000000000000	0.00000000000000
34.799999237061	0.0095812818035483	0.018417356535792	65.000000000000	0.00000000000000
34.810001373291	0.010101274587214	0.019826555624604	65.000000000000	0.00000000000000
34.819999694824	0.010625107213855	0.021232713013887	65.000000000000	0.00000000000000
34.830001831055	0.011152760125697	0.022635817527771	65.000000000000	0.00000000000000
34.840000152588	0.011684201657772	0.024035863578320	65.000000000000	0.00000000000000
34.849998474121	0.012219428084791	0.025432828813791	65.000000000000	0.00000000000000
34.860000610352	0.012758414261043	0.026826711371541	65.000000000000	0.00000000000000
34.869998931885	0.013301135040820	0.028217503800988	65.000000000000	0.00000000000000
34.880001068115	0.013847583904862	0.029605187475681	65.000000000000	0.00000000000000
34.889999389648	0.014397726394236	0.030989756807685	65.000000000000	0.00000000000000
34.900001525879	0.014951541088521	0.032371208071709	65.000000000000	0.00000000000000
34.909999847412	0.015509023331106	0.033749517053366	65.000000000000	0.00000000000000
34.919998168945	0.016070155426860	0.035124689340591	65.000000000000	0.00000000000000
34.930000305176	0.016634898260236	0.036496710032225	65.000000000000	0.00000000000000
34.939998626709	0.017203247174621	0.037865560501814	65.000000000000	0.00000000000000
34.950000762939	0.017775189131498	0.039231248199940	65.000000000000	0.00000000000000
34.959999084473	0.018350685015321	0.040593754500151	65.000000000000	0.00000000000000
34.970001220703	0.018929723650217	0.041953079402447	65.000000000000	0.00000000000000
34.979999542236	0.019512297585607	0.043309200555086	65.000000000000	0.00000000000000
34.990001678467	0.020098373293877	0.044662121683359	65.000000000000	0.00000000000000
35.000000000000	0.020687935873866	0.046011827886105	65.000000000000	0.00000000000000
