25.000000000000	-0.025432864204049	-0.15753559768200	65.000000000000	0.00000000000000
25.010000228882	-0.025510998442769	-0.15528763830662	65.000000000000	0.00000000000000
25.020000457764	-0.025578530505300	-0.15304060280323	65.000000000000	0.00000000000000
25.030000686646	-0.025635445490479	-0.15079461038113	65.000000000000	0.00000000000000
25.040000915527	-0.025681890547276	-0.14854969084263	65.000000000000	0.00000000000000
25.049999237061	-0.025717876851559	-0.14630588889122	65.000000000000	0.00000000000000
25.059999465942	-0.025743201375008	-0.14406335353851	65.000000000000	0.00000000000000
25.069999694824	-0.025758206844330	-0.14182209968567	65.000000000000	0.00000000000000
25.079999923706	-0.025762617588043	-0.13958223164082	65.000000000000	0.00000000000000
25.090000152588	-0.025756562128663	-0.13734380900860	65.000000000000	0.00000000000000
25.100000381470	-0.025740088894963	-0.13510689139366	65.000000000000	0.00000000000000
25.110000610352	-0.025713242590427	-0.13287153840065	65.000000000000	0.00000000000000
25.120000839233	-0.025676006451249	-0.13063786923885	65.000000000000	0.00000000000000
25.129999160767	-0.025628400966525	-0.12840588390827	65.000000000000	0.00000000000000
25.139999389648	-0.025570459663868	-0.12617571651936	65.000000000000	0.00000000000000
25.149999618530	-0.025502189993858	-0.12394740432501	65.000000000000	0.00000000000000
25.159999847412	-0.025423612445593	-0.12172101438046	65.000000000000	0.00000000000000
25.170000076294	-0.025334773585200	-0.11949662864208	65.000000000000	0.00000000000000
25.180000305176	-0.025235729292035	-0.11727429926395	65.000000000000	0.00000000000000
25.190000534058	-0.025126455351710	-0.11505410075188	65.000000000000	0.00000000000000
25.200000762939	-0.025007033720613	-0.11283609271049	65.000000000000	0.00000000000000
25.209999084473	-0.024877369403839	-0.11062037199736	65.000000000000	0.00000000000000
25.219999313354	-0.024737574160099	-0.10840698331594	65.000000000000	0.00000000000000
25.229999542236	-0.024587737396359	-0.10619597136974	65.000000000000	0.00000000000000
25.239999771118	-0.024427829310298	-0.10398742556572	65.000000000000	0.00000000000000
25.250000000000	-0.024257857352495	-0.10178141295910	65.000000000000	0.00000000000000
25.260000228882	-0.024077866226435	-0.099577985703945	65.000000000000	0.00000000000000
25.270000457764	-0.023887917399406	-0.097377210855484	65.000000000000	0.00000000000000
25.280000686646	-0.023688014596701	-0.095179162919521	65.000000000000	0.00000000000000
25.290000915527	-0.023478133603930	-0.092983908951283	65.000000000000	0.00000000000000
25.299999237061	-0.023258453235030	-0.090791486203671	65.000000000000	0.00000000000000
25.309999465942	-0.023028854280710	-0.088601976633072	65.000000000000	0.00000000000000
25.319999694824	-0.022789454087615	-0.086415447294712	65.000000000000	0.00000000000000
25.329999923706	-0.022540286183357	-0.084231935441494	65.000000000000	0.00000000000000
25.340000152588	-0.022281354293227	-0.082051515579224	65.000000000000	0.00000000000000
25.350000381470	-0.022012699395418	-0.079874254763126	65.000000000000	0.00000000000000
25.360000610352	-0.021734364330769	-0.077700220048428	65.000000000000	0.00000000000000
25.370000839233	-0.021446401253343	-0.075529448688030	65.000000000000	0.00000000000000
25.379999160767	-0.021148791536689	-0.073362015187740	65.000000000000	0.00000000000000
25.389999389648	-0.020841622725129	-0.071197971701622	65.000000000000	0.00000000000000
25.399999618530	-0.020524922758341	-0.069037377834320	65.000000000000	0.00000000000000
25.409999847412	-0.020198706537485	-0.066880300641060	65.000000000000	0.00000000000000
25.420000076294	-0.019863009452820	-0.064726799726486	65.000000000000	0.00000000000000
25.430000305176	-0.019517950713634	-0.062576897442341	65.000000000000	0.00000000000000
25.440000534058	-0.019163431599736	-0.060430705547333	65.000000000000	0.00000000000000
25.450000762939	-0.018799612298608	-0.058288231492043	65.000000000000	0.00000000000000
25.459999084473	-0.018426489084959	-0.056149546056986	65.000000000000	0.00000000000000
25.469999313354	-0.018044061958790	-0.054014727473259	65.000000000000	0.00000000000000
25.479999542236	-0.017652448266745	-0.051883798092604	65.000000000000	0.00000000000000
25.489999771118	-0.017251625657082	-0.049756832420826	65.000000000000	0.00000000000000
25.500000000000	-0.016841631382704	-0.047633882611990	65.000000000000	0.00000000000000
25.510000228882	-0.016422571614385	-0.045514982193708	65.000000000000	0.00000000000000
25.520000457764	-0.015994440764189	-0.043400201946497	65.000000000000	0.00000000000000
25.530000686646	-0.015557279810309	-0.041289597749710	65.000000000000	0.00000000000000
25.540000915527	-0.015111134387553	-0.039183218032122	65.000000000000	0.00000000000000
25.549999237061	-0.014656051993370	-0.037081111222506	65.000000000000	0.00000000000000
25.559999465942	-0.014192095026374	-0.034983314573765	65.000000000000	0.00000000000000
25.569999694824	-0.013719255104661	-0.032889906316996	65.000000000000	0.00000000000000
25.579999923706	-0.013237629085779	-0.030800914391875	65.000000000000	0.00000000000000
25.590000152588	-0.012747245840728	-0.028716396540403	65.000000000000	0.00000000000000
25.600000381470	-0.012248130515218	-0.026636399328709	65.000000000000	0.00000000000000
25.610000610352	-0.011740344576538	-0.024560974910855	65.000000000000	0.00000000000000
25.620000839233	-0.011223927140236	-0.022490167990327	65.000000000000	0.00000000000000
25.629999160767	-0.010698921047151	-0.020424028858542	65.000000000000	0.00000000000000
25.639999389648	-0.010165381245315	-0.018362600356340	65.000000000000	0.00000000000000
25.649999618530	-0.0096233496442437	-0.016305927187204	65.000000000000	0.00000000000000
25.659999847412	-0.0090728625655174	-0.014254064299166	65.000000000000	0.00000000000000
25.670000076294	-0.0085139777511358	-0.012207048013806	65.000000000000	0.00000000000000
25.680000305176	-0.0079467380419374	-0.010164926759899	65.000000000000	0.00000000000000
25.690000534058	-0.0073711951263249	-0.0081277415156364	65.000000000000	0.00000000000000
25.700000762939	-0.0067873834632337	-0.0060955425724387	65.000000000000	0.00000000000000
25.709999084473	-0.0061953584663570	-0.0040683690458536	65.000000000000	0.00000000000000
25.719999313354	-0.0055951671674848	-0.0020462633110583	65.000000000000	0.00000000000000
25.729999542236	-0.0049868552014232	-2.9269376682350e-05	65.000000000000	0.00000000000000
25.739999771118	-0.0043704719282687	0.0019825715571642	65.000000000000	0.00000000000000
25.750000000000	-0.0037460657767951	0.0039892191998661	65.000000000000	0.00000000000000
25.760000228882	-0.0031136835459620	0.0059906318783760	65.000000000000	0.00000000000000
25.770000457764	-0.0024733729660511	0.0079867700114846	65.000000000000	0.00000000000000
25.780000686646	-0.0018251861911267	0.0099775940179825	65.000000000000	0.00000000000000
25.790000915527	-0.0011691660620272	0.011963061988354	65.000000000000	0.00000000000000
25.799999237061	-0.00050536659546196	0.013943140394986	65.000000000000	0.00000000000000
25.809999465942	0.00016615811910015	0.015917787328362	65.000000000000	0.00000000000000
25.819999694824	0.00084536918438971	0.017886964604259	65.000000000000	0.00000000000000
25.829999923706	0.0015322094550356	0.019850639626384	65.000000000000	0.00000000000000
25.840000152588	0.0022266390733421	0.021808769553900	65.000000000000	0.00000000000000
25.850000381470	0.0029285983182490	0.023761320859194	65.000000000000	0.00000000000000
25.860000610352	0.0036380493547767	0.025708261877298	65.000000000000	0.00000000000000
25.870000839233	0.0043549146503210	0.027649553492665	65.000000000000	0.00000000000000
25.879999160767	0.0050791702233255	0.029585158452392	65.000000000000	0.00000000000000
25.889999389648	0.0058107599616051	0.031515050679445	65.000000000000	0.00000000000000
25.899999618530	0.0065496433526278	0.033439185470343	65.000000000000	0.00000000000000
25.909999847412	0.0072957281954587	0.035357542335987	65.000000000000	0.00000000000000
25.920000076294	0.0080490065738559	0.037270080298185	65.000000000000	0.00000000000000
25.930000305176	0.0088094398379326	0.039176765829325	65.000000000000	0.00000000000000
25.940000534058	0.0095769222825766	0.041077576577663	65.000000000000	0.00000000000000
25.950000762939	0.010351427830756	0.042972475290298	65.000000000000	0.00000000000000
25.959999084473	0.011132930405438	0.044861424714327	65.000000000000	0.00000000000000
25.969999313354	0.011921333149076	0.046744409948587	65.000000000000	0.00000000000000
25.979999542236	0.012716610915959	0.048621397465467	65.000000000000	0.00000000000000
25.989999771118	0.013518732041121	0.050492346286774	65.000000000000	0.00000000000000
26.000000000000	0.014327601529658	0.052357241511345	65.000000000000	0.00000000000000
26.010000228882	0.015143186785281	0.054216049611568	65.000000000000	0.00000000000000
26.020000457764	0.015965478494763	0.056068733334541	65.000000000000	0.00000000000000
26.030000686646	0.016794372349977	0.057915281504393	65.000000000000	0.00000000000000
26.040000915527	0.017629789188504	0.059755668044090	65.000000000000	0.00000000000000
26.049999237061	0.018471742048860	0.061589848250151	65.000000000000	0.00000000000000
26.059999465942	0.019320141524076	0.063417822122574	65.000000000000	0.00000000000000
26.069999694824	0.020174978300929	0.065239533782005	65.000000000000	0.00000000000000
26.079999923706	0.021036162972450	0.067054986953735	65.000000000000	0.00000000000000
26.090000152588	0.021903647109866	0.068864144384861	65.000000000000	0.00000000000000
26.100000381470	0.022777371108532	0.070666983723640	65.000000000000	0.00000000000000
26.110000610352	0.023657314479351	0.072463490068913	65.000000000000	0.00000000000000
26.120000839233	0.024543367326260	0.074253626167774	65.000000000000	0.00000000000000
26.129999160767	0.025435557588935	0.076037369668484	65.000000000000	0.00000000000000
26.139999389648	0.026333782821894	0.077814713120461	65.000000000000	0.00000000000000
26.149999618530	0.027237974107265	0.079585626721382	65.000000000000	0.00000000000000
26.159999847412	0.028148148208857	0.081350080668926	65.000000000000	0.00000000000000
26.170000076294	0.029064167290926	0.083108082413673	65.000000000000	0.00000000000000
26.180000305176	0.029986038804054	0.084859587252140	65.000000000000	0.00000000000000
26.190000534058	0.030913637951016	0.086604595184326	65.000000000000	0.00000000000000
26.200000762939	0.031847078353167	0.088343046605587	65.000000000000	0.00000000000000
26.209999084473	0.032786123454571	0.090074971318245	65.000000000000	0.00000000000000
26.219999313354	0.033730812370777	0.091800332069397	65.000000000000	0.00000000000000
26.229999542236	0.034681115299463	0.093519091606140	65.000000000000	0.00000000000000
26.239999771118	0.035636883229017	0.095231264829636	65.000000000000	0.00000000000000
26.250000000000	0.036598142236471	0.096936836838722	65.000000000000	0.00000000000000
26.260000228882	0.037564769387245	0.098635777831078	65.000000000000	0.00000000000000
26.270000457764	0.038536861538887	0.10032803565264	65.000000000000	0.00000000000000
26.280000686646	0.039514195173979	0.10201366990805	65.000000000000	0.00000000000000
26.290000915527	0.040496837347746	0.10369259864092	65.000000000000	0.00000000000000
26.299999237061	0.041484691202641	0.10536483675241	65.000000000000	0.00000000000000
26.309999465942	0.042477700859308	0.10703037679195	65.000000000000	0.00000000000000
26.319999694824	0.043475750833750	0.10868921130896	65.000000000000	0.00000000000000
26.329999923706	0.044478915631771	0.11034128814936	65.000000000000	0.00000000000000
26.340000152588	0.045487083494663	0.11198662966490	65.000000000000	0.00000000000000
26.350000381470	0.046500213444233	0.11362521350384	65.000000000000	0.00000000000000
26.360000610352	0.047518238425255	0.11525702476501	65.000000000000	0.00000000000000
26.370000839233	0.048541128635406	0.11688206344843	65.000000000000	0.00000000000000
26.379999160767	0.049568828195333	0.11850028485060	65.000000000000	0.00000000000000
26.389999389648	0.050601255148649	0.12011173367500	65.000000000000	0.00000000000000
26.399999618530	0.051638372242451	0.12171635031700	65.000000000000	0.00000000000000
26.409999847412	0.052680168300867	0.12331414967775	65.000000000000	0.00000000000000
26.420000076294	0.053726561367512	0.12490512430668	65.000000000000	0.00000000000000
26.430000305176	0.054777473211288	0.12648925185204	65.000000000000	0.00000000000000
26.440000534058	0.055832918733358	0.12806652486324	65.000000000000	0.00000000000000
26.450000762939	0.056892778724432	0.12963692843914	65.000000000000	0.00000000000000
26.459999084473	0.057957045733929	0.13120049238205	65.000000000000	0.00000000000000
26.469999313354	0.059025660157204	0.13275718688965	65.000000000000	0.00000000000000
26.479999542236	0.060098595917225	0.13430696725845	65.000000000000	0.00000000000000
26.489999771118	0.061175756156445	0.13584989309311	65.000000000000	0.00000000000000
26.500000000000	0.062257122248411	0.13738591969013	65.000000000000	0.00000000000000
26.510000228882	0.063342615962029	0.13891503214836	65.000000000000	0.00000000000000
26.520000457764	0.064432241022587	0.14043726027012	65.000000000000	0.00000000000000
26.530000686646	0.065525896847248	0.14195257425308	65.000000000000	0.00000000000000
26.540000915527	0.066623538732529	0.14346097409725	65.000000000000	0.00000000000000
26.549999237061	0.067725159227848	0.14496245980263	65.000000000000	0.00000000000000
26.559999465942	0.068830646574497	0.14645701646805	65.000000000000	0.00000000000000
26.569999694824	0.069940015673637	0.14794464409351	65.000000000000	0.00000000000000
26.579999923706	0.071053184568882	0.14942534267902	65.000000000000	0.00000000000000
26.590000152588	0.072170093655586	0.15089912712574	65.000000000000	0.00000000000000
26.600000381470	0.073290728032589	0.15236598253250	65.000000000000	0.00000000000000
26.610000610352	0.074414961040020	0.15382589399815	65.000000000000	0.00000000000000
26.620000839233	0.075542896986008	0.15527886152267	65.000000000000	0.00000000000000
26.629999160767	0.076674342155457	0.15672488510609	65.000000000000	0.00000000000000
26.639999389648	0.077809318900108	0.15816399455070	65.000000000000	0.00000000000000
26.649999618530	0.078947760164738	0.15959613025188	65.000000000000	0.00000000000000
26.659999847412	0.080089621245861	0.16102135181427	65.000000000000	0.00000000000000
26.670000076294	0.081234849989414	0.16243962943554	65.000000000000	0.00000000000000
26.680000305176	0.082383424043655	0.16385096311569	65.000000000000	0.00000000000000
26.690000534058	0.083535261452198	0.16525535285473	65.000000000000	0.00000000000000
26.700000762939	0.084690317511559	0.16665279865265	65.000000000000	0.00000000000000
26.709999084473	0.085848540067673	0.16804333031178	65.000000000000	0.00000000000000
26.719999313354	0.087009958922863	0.16942690312862	65.000000000000	0.00000000000000
26.729999542236	0.088174477219582	0.17080354690552	65.000000000000	0.00000000000000
26.739999771118	0.089341975748539	0.17217326164246	65.000000000000	0.00000000000000
26.750000000000	0.090512514114380	0.17353606224060	65.000000000000	0.00000000000000
26.760000228882	0.091686010360718	0.17489193379879	65.000000000000	0.00000000000000
26.770000457764	0.092862419784069	0.17624087631702	65.000000000000	0.00000000000000
26.780000686646	0.094041660428047	0.17758290469646	65.000000000000	0.00000000000000
26.790000915527	0.095223791897297	0.17891800403595	65.000000000000	0.00000000000000
26.799999237061	0.096408627927303	0.18024620413780	65.000000000000	0.00000000000000
26.809999465942	0.097596228122711	0.18156750500202	65.000000000000	0.00000000000000
26.819999694824	0.098786480724812	0.18288187682629	65.000000000000	0.00000000000000
26.829999923706	0.099979422986507	0.18418937921524	65.000000000000	0.00000000000000
26.840000152588	0.10117491334677	0.18548998236656	65.000000000000	0.00000000000000
26.850000381470	0.10237301141024	0.18678370118141	65.000000000000	0.00000000000000
26.860000610352	0.10357360541821	0.18807053565979	65.000000000000	0.00000000000000
26.870000839233	0.10477663576603	0.18935051560402	65.000000000000	0.00000000000000
26.879999160767	0.10598214715719	0.19062359631062	65.000000000000	0.00000000000000
26.889999389648	0.10718993842602	0.19188985228539	65.000000000000	0.00000000000000
26.899999618530	0.10840018093586	0.19314923882484	65.000000000000	0.00000000000000
26.909999847412	0.10961262881756	0.19440177083015	65.000000000000	0.00000000000000
26.920000076294	0.11082737147808	0.19564746320248	65.000000000000	0.00000000000000
26.930000305176	0.11204429715872	0.19688633084297	65.000000000000	0.00000000000000
26.940000534058	0.11326340585947	0.19811837375164	65.000000000000	0.00000000000000
26.950000762939	0.11448465287685	0.19934363663197	65.000000000000	0.00000000000000
26.959999084473	0.11570800095797	0.20056205987930	65.000000000000	0.00000000000000
26.969999313354	0.11693336814642	0.20177367329597	65.000000000000	0.00000000000000
26.979999542236	0.11816066503525	0.20297855138779	65.000000000000	0.00000000000000
26.989999771118	0.11939001083374	0.20417660474777	65.000000000000	0.00000000000000
27.000000000000	0.12062126398087	0.20536789298058	65.000000000000	0.00000000000000
27.010000228882	0.12185442447662	0.20655243098736	65.000000000000	0.00000000000000
27.020000457764	0.12308938801289	0.20773021876812	65.000000000000	0.00000000000000
27.030000686646	0.12432614713907	0.20890127122402	65.000000000000	0.00000000000000
27.040000915527	0.12556466460228	0.21006558835506	65.000000000000	0.00000000000000
27.049999237061	0.12680488824844	0.21122321486473	65.000000000000	0.00000000000000
27.059999465942	0.12804682552814	0.21237410604954	65.000000000000	0.00000000000000
27.069999694824	0.12929041683674	0.21351829171181	65.000000000000	0.00000000000000
27.079999923706	0.13053554296494	0.21465581655502	65.000000000000	0.00000000000000
27.090000152588	0.13178229331970	0.21578666567802	65.000000000000	0.00000000000000
27.100000381470	0.13303054869175	0.21691083908081	65.000000000000	0.00000000000000
27.110000610352	0.13428029417992	0.21802841126919	65.000000000000	0.00000000000000
27.120000839233	0.13553148508072	0.21913929283619	65.000000000000	0.00000000000000
27.129999160767	0.13678409159184	0.22024354338646	65.000000000000	0.00000000000000
27.139999389648	0.13803808391094	0.22134122252464	65.000000000000	0.00000000000000
27.149999618530	0.13929338753223	0.22243230044842	65.000000000000	0.00000000000000
27.159999847412	0.14055000245571	0.22351677715778	65.000000000000	0.00000000000000
27.170000076294	0.14180786907673	0.22459468245506	65.000000000000	0.00000000000000
27.180000305176	0.14306697249413	0.22566603124142	65.000000000000	0.00000000000000
27.190000534058	0.14432723820210	0.22673082351685	65.000000000000	0.00000000000000
27.200000762939	0.14558868110180	0.22778910398483	65.000000000000	0.00000000000000
27.209999084473	0.14685122668743	0.22884084284306	65.000000000000	0.00000000000000
27.219999313354	0.14811487495899	0.22988609969616	65.000000000000	0.00000000000000
27.229999542236	0.14937953650951	0.23092485964298	65.000000000000	0.00000000000000
27.239999771118	0.15064528584480	0.23195715248585	65.000000000000	0.00000000000000
27.250000000000	0.15191188454628	0.23298297822475	65.000000000000	0.00000000000000
27.260000228882	0.15317948162556	0.23400236666203	65.000000000000	0.00000000000000
27.270000457764	0.15444806218147	0.23501531779766	65.000000000000	0.00000000000000
27.280000686646	0.15571741759777	0.23602189123631	65.000000000000	0.00000000000000
27.290000915527	0.15698766708374	0.23702201247215	65.000000000000	0.00000000000000
27.299999237061	0.15825864672661	0.23801575601101	65.000000000000	0.00000000000000
27.309999465942	0.15953047573566	0.23900315165520	65.000000000000	0.00000000000000
27.319999694824	0.16080299019814	0.23998418450356	65.000000000000	0.00000000000000
27.329999923706	0.16207623481750	0.24095889925957	65.000000000000	0.00000000000000
27.340000152588	0.16335012018681	0.24192728102207	65.000000000000	0.00000000000000
27.350000381470	0.16462467610836	0.24288932979107	65.000000000000	0.00000000000000
27.360000610352	0.16589982807636	0.24384510517120	65.000000000000	0.00000000000000
27.370000839233	0.16717554628849	0.24479462206364	65.000000000000	0.00000000000000
27.379999160767	0.16845178604126	0.24573789536953	65.000000000000	0.00000000000000
27.389999389648	0.16972860693932	0.24667489528656	65.000000000000	0.00000000000000
27.399999618530	0.17100583016872	0.24760569632053	65.000000000000	0.00000000000000
27.409999847412	0.17228353023529	0.24853032827377	65.000000000000	0.00000000000000
27.420000076294	0.17356161773205	0.24944870173931	65.000000000000	0.00000000000000
27.430000305176	0.17484015226364	0.25036096572876	65.000000000000	0.00000000000000
27.440000534058	0.17611896991730	0.25126704573631	65.000000000000	0.00000000000000
27.450000762939	0.17739814519882	0.25216698646545	65.000000000000	0.00000000000000
27.459999084473	0.17867760360241	0.25306084752083	65.000000000000	0.00000000000000
27.469999313354	0.17995736002922	0.25394856929779	65.000000000000	0.00000000000000
27.479999542236	0.18123731017113	0.25483024120331	65.000000000000	0.00000000000000
27.489999771118	0.18251748383045	0.25570583343506	65.000000000000	0.00000000000000
27.500000000000	0.18379782140255	0.25657537579536	65.000000000000	0.00000000000000
27.510000228882	0.18507826328278	0.25743889808655	65.000000000000	0.00000000000000
27.520000457764	0.18635894358158	0.25829640030861	65.000000000000	0.00000000000000
27.530000686646	0.18763959407806	0.25914794206619	65.000000000000	0.00000000000000
27.540000915527	0.18892036378384	0.25999346375465	65.000000000000	0.00000000000000
27.549999237061	0.19020116329193	0.26083308458328	65.000000000000	0.00000000000000
27.559999465942	0.19148190319538	0.26166674494743	65.000000000000	0.00000000000000
27.569999694824	0.19276274740696	0.26249450445175	65.000000000000	0.00000000000000
27.579999923706	0.19404347240925	0.26331636309624	65.000000000000	0.00000000000000
27.590000152588	0.19532409310341	0.26413235068321	65.000000000000	0.00000000000000
27.600000381470	0.19660463929176	0.26494246721268	65.000000000000	0.00000000000000
27.610000610352	0.19788503646851	0.26574674248695	65.000000000000	0.00000000000000
27.620000839233	0.19916532933712	0.26654523611069	65.000000000000	0.00000000000000
27.629999160767	0.20044539868832	0.26733788847923	65.000000000000	0.00000000000000
27.639999389648	0.20172521471977	0.26812475919724	65.000000000000	0.00000000000000
27.649999618530	0.20300488173962	0.26890587806702	65.000000000000	0.00000000000000
27.659999847412	0.20428426563740	0.26968127489090	65.000000000000	0.00000000000000
27.670000076294	0.20556330680847	0.27045091986656	65.000000000000	0.00000000000000
27.680000305176	0.20684204995632	0.27121487259865	65.000000000000	0.00000000000000
27.690000534058	0.20812053978443	0.27197316288948	65.000000000000	0.00000000000000
27.700000762939	0.20939859747887	0.27272576093674	65.000000000000	0.00000000000000
27.709999084473	0.21067629754543	0.27347272634506	65.000000000000	0.00000000000000
27.719999313354	0.21195358037949	0.27421408891678	65.000000000000	0.00000000000000
27.729999542236	0.21323041617870	0.27494981884956	65.000000000000	0.00000000000000
27.739999771118	0.21450680494308	0.27568000555038	65.000000000000	0.00000000000000
27.750000000000	0.21578276157379	0.27640458941460	65.000000000000	0.00000000000000
27.760000228882	0.21705813705921	0.27712363004684	65.000000000000	0.00000000000000
27.770000457764	0.21833303570747	0.27783718705177	65.000000000000	0.00000000000000
27.780000686646	0.21960735321045	0.27854520082474	65.000000000000	0.00000000000000
27.790000915527	0.22088114917278	0.27924773097038	65.000000000000	0.00000000000000
27.799999237061	0.22215427458286	0.27994486689568	65.000000000000	0.00000000000000
27.809999465942	0.22342687845230	0.28063651919365	65.000000000000	0.00000000000000
27.819999694824	0.22469873726368	0.28132271766663	65.000000000000	0.00000000000000
27.829999923706	0.22597005963326	0.28200358152390	65.000000000000	0.00000000000000
27.840000152588	0.22724065184593	0.28267902135849	65.000000000000	0.00000000000000
27.850000381470	0.22851048409939	0.28334912657738	65.000000000000	0.00000000000000
27.860000610352	0.22977960109711	0.28401389718056	65.000000000000	0.00000000000000
27.870000839233	0.23104800283909	0.28467330336571	65.000000000000	0.00000000000000
27.879999160767	0.23231567442417	0.28532746434212	65.000000000000	0.00000000000000
27.889999389648	0.23358249664307	0.28597635030746	65.000000000000	0.00000000000000
27.899999618530	0.23484851419926	0.28661996126175	65.000000000000	0.00000000000000
27.909999847412	0.23611371219158	0.28725832700729	65.000000000000	0.00000000000000
27.920000076294	0.23737807571888	0.28789147734642	65.000000000000	0.00000000000000
27.930000305176	0.23864164948463	0.28851950168610	65.000000000000	0.00000000000000
27.940000534058	0.23990425467491	0.28914231061935	65.000000000000	0.00000000000000
27.950000762939	0.24116596579552	0.28975993394852	65.000000000000	0.00000000000000
27.959999084473	0.24242672324181	0.29037249088287	65.000000000000	0.00000000000000
27.969999313354	0.24368654191494	0.29097992181778	65.000000000000	0.00000000000000
27.979999542236	0.24494546651840	0.29158225655556	65.000000000000	0.00000000000000
27.989999771118	0.24620337784290	0.29217949509621	65.000000000000	0.00000000000000
28.000000000000	0.24746029078960	0.29277175664902	65.000000000000	0.00000000000000
28.010000228882	0.24871614575386	0.29335892200470	65.000000000000	0.00000000000000
28.020000457764	0.24997101724148	0.29394114017487	65.000000000000	0.00000000000000
28.030000686646	0.25122481584549	0.29451835155487	65.000000000000	0.00000000000000
28.040000915527	0.25247758626938	0.29509064555168	65.000000000000	0.00000000000000
28.049999237061	0.25372922420502	0.29565793275833	65.000000000000	0.00000000000000
28.059999465942	0.25497972965240	0.29622030258179	65.000000000000	0.00000000000000
28.069999694824	0.25622913241386	0.29677781462669	65.000000000000	0.00000000000000
28.079999923706	0.25747746229172	0.29733043909073	65.000000000000	0.00000000000000
28.090000152588	0.25872457027435	0.29787823557854	65.000000000000	0.00000000000000
28.100000381470	0.25997051596642	0.29842117428780	65.000000000000	0.00000000000000
28.110000610352	0.26121523976326	0.29895928502083	65.000000000000	0.00000000000000
28.120000839233	0.26245889067650	0.29949262738228	65.000000000000	0.00000000000000
28.129999160767	0.26370123028755	0.30002114176750	65.000000000000	0.00000000000000
28.139999389648	0.26494234800339	0.30054497718811	65.000000000000	0.00000000000000
28.149999618530	0.26618221402168	0.30106401443481	65.000000000000	0.00000000000000
28.159999847412	0.26742076873779	0.30157840251923	65.000000000000	0.00000000000000
28.170000076294	0.26865813136101	0.30208811163902	65.000000000000	0.00000000000000
28.180000305176	0.26989412307739	0.30259311199188	65.000000000000	0.00000000000000
28.190000534058	0.27112889289856	0.30309349298477	65.000000000000	0.00000000000000
28.200000762939	0.27236223220825	0.30358922481537	65.000000000000	0.00000000000000
28.209999084473	0.27359434962273	0.30408039689064	65.000000000000	0.00000000000000
28.219999313354	0.27482500672340	0.30456697940826	65.000000000000	0.00000000000000
28.229999542236	0.27605441212654	0.30504894256592	65.000000000000	0.00000000000000
28.239999771118	0.27728229761124	0.30552643537521	65.000000000000	0.00000000000000
28.250000000000	0.27850893139839	0.30599936842918	65.000000000000	0.00000000000000
28.260000228882	0.27973407506943	0.30646780133247	65.000000000000	0.00000000000000
28.270000457764	0.28095784783363	0.30693176388741	65.000000000000	0.00000000000000
28.280000686646	0.28218013048172	0.30739128589630	65.000000000000	0.00000000000000
28.290000915527	0.28340098261833	0.30784636735916	65.000000000000	0.00000000000000
28.299999237061	0.28462040424347	0.30829703807831	65.000000000000	0.00000000000000
28.309999465942	0.28583833575249	0.30874332785606	65.000000000000	0.00000000000000
28.319999694824	0.28705477714539	0.30918520689011	65.000000000000	0.00000000000000
28.329999923706	0.28826975822449	0.30962276458740	65.000000000000	0.00000000000000
28.340000152588	0.28948321938515	0.31005594134331	65.000000000000	0.00000000000000
28.350000381470	0.29069513082504	0.31048482656479	65.000000000000	0.00000000000000
28.360000610352	0.29190552234650	0.31090945005417	65.000000000000	0.00000000000000
28.370000839233	0.29311442375183	0.31132978200912	65.000000000000	0.00000000000000
28.379999160767	0.29432162642479	0.31174588203430	65.000000000000	0.00000000000000
28.389999389648	0.29552739858627	0.31215777993202	65.000000000000	0.00000000000000
28.399999618530	0.29673159122467	0.31256541609764	65.000000000000	0.00000000000000
28.409999847412	0.29793414473534	0.31296887993813	65.000000000000	0.00000000000000
28.420000076294	0.29913508892059	0.31336817145348	65.000000000000	0.00000000000000
28.430000305176	0.30033448338509	0.31376332044601	65.000000000000	0.00000000000000
28.440000534058	0.30153220891953	0.31415435671806	65.000000000000	0.00000000000000
28.450000762939	0.30272838473320	0.31454128026962	65.000000000000	0.00000000000000
28.459999084473	0.30392277240753	0.31492409110069	65.000000000000	0.00000000000000
28.469999313354	0.30511566996574	0.31530284881592	65.000000000000	0.00000000000000
28.479999542236	0.30630674958229	0.31567761301994	65.000000000000	0.00000000000000
28.489999771118	0.30749630928040	0.31604829430580	65.000000000000	0.00000000000000
28.500000000000	0.30868414044380	0.31641501188278	65.000000000000	0.00000000000000
28.510000228882	0.30987021327019	0.31677770614624	65.000000000000	0.00000000000000
28.520000457764	0.31105464696884	0.31713646650314	65.000000000000	0.00000000000000
28.530000686646	0.31223738193512	0.31749126315117	65.000000000000	0.00000000000000
28.540000915527	0.31341844797134	0.31784212589264	65.000000000000	0.00000000000000
28.549999237061	0.31459769606590	0.31818911433220	65.000000000000	0.00000000000000
28.559999465942	0.31577524542809	0.31853219866753	65.000000000000	0.00000000000000
28.569999694824	0.31695103645325	0.31887140870094	65.000000000000	0.00000000000000
28.579999923706	0.31812506914139	0.31920680403709	65.000000000000	0.00000000000000
28.590000152588	0.31929740309715	0.31953838467598	65.000000000000	0.00000000000000
28.600000381470	0.32046791911125	0.31986615061760	65.000000000000	0.00000000000000
28.610000610352	0.32163673639297	0.32019007205963	65.000000000000	0.00000000000000
28.620000839233	0.32280361652374	0.32051032781601	65.000000000000	0.00000000000000
28.629999160767	0.32396894693375	0.32082667946815	65.000000000000	0.00000000000000
28.639999389648	0.32513213157654	0.32113954424858	65.000000000000	0.00000000000000
28.649999618530	0.32629394531250	0.32144835591316	65.000000000000	0.00000000000000
28.659999847412	0.32745361328125	0.32175377011299	65.000000000000	0.00000000000000
28.670000076294	0.32861149311066	0.32205545902252	65.000000000000	0.00000000000000
28.680000305176	0.32976773381233	0.32235336303711	65.000000000000	0.00000000000000
28.690000534058	0.33092188835144	0.32264789938927	65.000000000000	0.00000000000000
28.700000762939	0.33207434415817	0.32293862104416	65.000000000000	0.00000000000000
28.709999084473	0.33322498202324	0.32322576642036	65.000000000000	0.00000000000000
28.719999313354	0.33437377214432	0.32350930571556	65.000000000000	0.00000000000000
28.729999542236	0.33552059531212	0.32378941774368	65.000000000000	0.00000000000000
28.739999771118	0.33666551113129	0.32406601309776	65.000000000000	0.00000000000000
28.750000000000	0.33780875802040	0.32433888316154	65.000000000000	0.00000000000000
28.760000228882	0.33894982933998	0.32460859417915	65.000000000000	0.00000000000000
28.770000457764	0.34008932113647	0.32487449049950	65.000000000000	0.00000000000000
28.780000686646	0.34122690558434	0.32513692975044	65.000000000000	0.00000000000000
28.790000915527	0.34236246347427	0.32539609074593	65.000000000000	0.00000000000000
28.799999237061	0.34349611401558	0.32565182447433	65.000000000000	0.00000000000000
28.809999465942	0.34462785720825	0.32590416073799	65.000000000000	0.00000000000000
28.819999694824	0.34575766324997	0.32615309953690	65.000000000000	0.00000000000000
28.829999923706	0.34688571095467	0.32639855146408	65.000000000000	0.00000000000000
28.840000152588	0.34801164269447	0.32664081454277	65.000000000000	0.00000000000000
28.850000381470	0.34913581609726	0.32687962055206	65.000000000000	0.00000000000000
28.860000610352	0.35025805234909	0.32711508870125	65.000000000000	0.00000000000000
28.870000839233	0.35137814283371	0.32734745740891	65.000000000000	0.00000000000000
28.879999160767	0.35249659419060	0.32757627964020	65.000000000000	0.00000000000000
28.889999389648	0.35361275076866	0.32780215144157	65.000000000000	0.00000000000000
28.899999618530	0.35472726821899	0.32802450656891	65.000000000000	0.00000000000000
28.909999847412	0.35583946108818	0.32824400067329	65.000000000000	0.00000000000000
28.920000076294	0.35694998502731	0.32846000790596	65.000000000000	0.00000000000000
28.930000305176	0.35805845260620	0.32867282629013	65.000000000000	0.00000000000000
28.940000534058	0.35916498303413	0.32888254523277	65.000000000000	0.00000000000000
28.950000762939	0.36026954650879	0.32908907532692	65.000000000000	0.00000000000000
28.959999084473	0.36137214303017	0.32929250597954	65.000000000000	0.00000000000000
28.969999313354	0.36247265338898	0.32949283719063	65.000000000000	0.00000000000000
28.979999542236	0.36357128620148	0.32969000935555	65.000000000000	0.00000000000000
28.989999771118	0.36466792225838	0.32988414168358	65.000000000000	0.00000000000000
29.000000000000	0.36576253175735	0.33007523417473	65.000000000000	0.00000000000000
29.010000228882	0.36685514450073	0.33026328682899	65.000000000000	0.00000000000000
29.020000457764	0.36794582009315	0.33044824004173	65.000000000000	0.00000000000000
29.030000686646	0.36903440952301	0.33063024282455	65.000000000000	0.00000000000000
29.040000915527	0.37012103199959	0.33080920577049	65.000000000000	0.00000000000000
29.049999237061	0.37120565772057	0.33098521828651	65.000000000000	0.00000000000000
29.059999465942	0.37228828668594	0.33115828037262	65.000000000000	0.00000000000000
29.069999694824	0.37336891889572	0.33132836222649	65.000000000000	0.00000000000000
29.079999923706	0.37444746494293	0.33149558305740	65.000000000000	0.00000000000000
29.090000152588	0.37552398443222	0.33165982365608	65.000000000000	0.00000000000000
29.100000381470	0.37659853696823	0.33182126283646	65.000000000000	0.00000000000000
29.110000610352	0.37767100334167	0.33197972178459	65.000000000000	0.00000000000000
29.120000839233	0.37874153256416	0.33213537931442	65.000000000000	0.00000000000000
29.129999160767	0.37980997562408	0.33228820562363	65.000000000000	0.00000000000000
29.139999389648	0.38087639212608	0.33243814110756	65.000000000000	0.00000000000000
29.149999618530	0.38194084167480	0.33258533477783	65.000000000000	0.00000000000000
29.159999847412	0.38300314545631	0.33272969722748	65.000000000000	0.00000000000000
29.170000076294	0.38406351208687	0.33287128806114	65.000000000000	0.00000000000000
29.180000305176	0.38512179255486	0.33301016688347	65.000000000000	0.00000000000000
29.190000534058	0.38617798686028	0.33314624428749	65.000000000000	0.00000000000000
29.200000762939	0.38723218441010	0.33327960968018	65.000000000000	0.00000000000000
29.209999084473	0.38828441500664	0.33341026306152	65.000000000000	0.00000000000000
29.219999313354	0.38933447003365	0.33353820443153	65.000000000000	0.00000000000000
29.229999542236	0.39038252830505	0.33366349339485	65.000000000000	0.00000000000000
29.239999771118	0.39142861962318	0.33378610014915	65.000000000000	0.00000000000000
29.250000000000	0.39247250556946	0.33390602469444	65.000000000000	0.00000000000000
29.260000228882	0.39351448416710	0.33402332663536	65.000000000000	0.00000000000000
29.270000457764	0.39455431699753	0.33413809537888	65.000000000000	0.00000000000000
29.280000686646	0.39559215307236	0.33425021171570	65.000000000000	0.00000000000000
29.290000915527	0.39662790298462	0.33435964584351	65.000000000000	0.00000000000000
29.299999237061	0.39766159653664	0.33446660637856	65.000000000000	0.00000000000000
29.309999465942	0.39869317412376	0.33457097411156	65.000000000000	0.00000000000000
29.319999694824	0.39972278475761	0.33467286825180	65.000000000000	0.00000000000000
29.329999923706	0.40075033903122	0.33477216959000	65.000000000000	0.00000000000000
29.340000152588	0.40177577733994	0.33486893773079	65.000000000000	0.00000000000000
29.350000381470	0.40279915928841	0.33496323227882	65.000000000000	0.00000000000000
29.360000610352	0.40382057428360	0.33505511283875	65.000000000000	0.00000000000000
29.370000839233	0.40483981370926	0.33514446020126	65.000000000000	0.00000000000000
29.379999160767	0.40585702657700	0.33523136377335	65.000000000000	0.00000000000000
29.389999389648	0.40687224268913	0.33531588315964	65.000000000000	0.00000000000000
29.399999618530	0.40788528323174	0.33539792895317	65.000000000000	0.00000000000000
29.409999847412	0.40889635682106	0.33547756075859	65.000000000000	0.00000000000000
29.420000076294	0.40990534424782	0.33555477857590	65.000000000000	0.00000000000000
29.430000305176	0.41091224551201	0.33562967181206	65.000000000000	0.00000000000000
29.440000534058	0.41191712021828	0.33570218086243	65.000000000000	0.00000000000000
29.450000762939	0.41291990876198	0.33577233552933	65.000000000000	0.00000000000000
29.459999084473	0.41392064094543	0.33584019541740	65.000000000000	0.00000000000000
29.469999313354	0.41491928696632	0.33590564131737	65.000000000000	0.00000000000000
29.479999542236	0.41591590642929	0.33596885204315	65.000000000000	0.00000000000000
29.489999771118	0.41691043972969	0.33602973818779	65.000000000000	0.00000000000000
29.500000000000	0.41790291666985	0.33608838915825	65.000000000000	0.00000000000000
29.510000228882	0.41889330744743	0.33614474534988	65.000000000000	0.00000000000000
29.520000457764	0.41988167166710	0.33619880676270	65.000000000000	0.00000000000000
29.530000686646	0.42086803913116	0.33625072240829	65.000000000000	0.00000000000000
29.540000915527	0.42185220122337	0.33630034327507	65.000000000000	0.00000000000000
29.549999237061	0.42283439636230	0.33634778857231	65.000000000000	0.00000000000000
29.559999465942	0.42381447553635	0.33639302849770	65.000000000000	0.00000000000000
29.569999694824	0.42479258775711	0.33643603324890	65.000000000000	0.00000000000000
29.579999923706	0.42576864361763	0.33647695183754	65.000000000000	0.00000000000000
29.590000152588	0.42674255371094	0.33651569485664	65.000000000000	0.00000000000000
29.600000381470	0.42771440744400	0.33655226230621	65.000000000000	0.00000000000000
29.610000610352	0.42868423461914	0.33658671379089	65.000000000000	0.00000000000000
29.620000839233	0.42965203523636	0.33661904931068	65.000000000000	0.00000000000000
29.629999160767	0.43061777949333	0.33664932847023	65.000000000000	0.00000000000000
29.639999389648	0.43158146739006	0.33667743206024	65.000000000000	0.00000000000000
29.649999618530	0.43254303932190	0.33670353889465	65.000000000000	0.00000000000000
29.659999847412	0.43350270390511	0.33672752976418	65.000000000000	0.00000000000000
29.670000076294	0.43446013331413	0.33674946427345	65.000000000000	0.00000000000000
29.680000305176	0.43541571497917	0.33676940202713	65.000000000000	0.00000000000000
29.690000534058	0.43636909127235	0.33678731322289	65.000000000000	0.00000000000000
29.700000762939	0.43732050061226	0.33680319786072	65.000000000000	0.00000000000000
29.709999084473	0.43826985359192	0.33681702613831	65.000000000000	0.00000000000000
29.719999313354	0.43921709060669	0.33682894706726	65.000000000000	0.00000000000000
29.729999542236	0.44016236066818	0.33683887124062	65.000000000000	0.00000000000000
29.739999771118	0.44110557436943	0.33684682846069	65.000000000000	0.00000000000000
29.750000000000	0.44204676151276	0.33685281872749	65.000000000000	0.00000000000000
29.760000228882	0.44298583269119	0.33685690164566	65.000000000000	0.00000000000000
29.770000457764	0.44392299652100	0.33685901761055	65.000000000000	0.00000000000000
29.780000686646	0.44485804438591	0.33685928583145	65.000000000000	0.00000000000000
29.790000915527	0.44579106569290	0.33685755729675	65.000000000000	0.00000000000000
29.799999237061	0.44672217965126	0.33685404062271	65.000000000000	0.00000000000000
29.809999465942	0.44765114784241	0.33684858679771	65.000000000000	0.00000000000000
29.819999694824	0.44857797026634	0.33684125542641	65.000000000000	0.00000000000000
29.829999923706	0.44950297474861	0.33683213591576	65.000000000000	0.00000000000000
29.840000152588	0.45042589306831	0.33682113885880	65.000000000000	0.00000000000000
29.850000381470	0.45134675502777	0.33680829405785	65.000000000000	0.00000000000000
29.860000610352	0.45226562023163	0.33679363131523	65.000000000000	0.00000000000000
29.870000839233	0.45318248867989	0.33677718043327	65.000000000000	0.00000000000000
29.879999160767	0.45409721136093	0.33675894141197	65.000000000000	0.00000000000000
29.889999389648	0.45501008629799	0.33673885464668	65.000000000000	0.00000000000000
29.899999618530	0.45592084527016	0.33671709895134	65.000000000000	0.00000000000000
29.909999847412	0.45682960748672	0.33669349551201	65.000000000000	0.00000000000000
29.920000076294	0.45773643255234	0.33666822314262	65.000000000000	0.00000000000000
29.930000305176	0.45864114165306	0.33664116263390	65.000000000000	0.00000000000000
29.940000534058	0.45954400300980	0.33661237359047	65.000000000000	0.00000000000000
29.950000762939	0.46044474840164	0.33658188581467	65.000000000000	0.00000000000000
29.959999084473	0.46134346723557	0.33654966950417	65.000000000000	0.00000000000000
29.969999313354	0.46224024891853	0.33651578426361	65.000000000000	0.00000000000000
29.979999542236	0.46313503384590	0.33648020029068	65.000000000000	0.00000000000000
29.989999771118	0.46402779221535	0.33644294738770	65.000000000000	0.00000000000000
30.000000000000	0.46491861343384	0.33640402555466	65.000000000000	0.00000000000000
30.010000228882	0.46580743789673	0.33636343479156	65.000000000000	0.00000000000000
30.020000457764	0.46669417619705	0.33632126450539	65.000000000000	0.00000000000000
30.030000686646	0.46757903695107	0.33627742528915	65.000000000000	0.00000000000000
30.040000915527	0.46846193075180	0.33623197674751	65.000000000000	0.00000000000000
30.049999237061	0.46934273838997	0.33618491888046	65.000000000000	0.00000000000000
30.059999465942	0.47022166848183	0.33613628149033	65.000000000000	0.00000000000000
30.069999694824	0.47109857201576	0.33608603477478	65.000000000000	0.00000000000000
30.079999923706	0.47197350859642	0.33603423833847	65.000000000000	0.00000000000000
30.090000152588	0.47284644842148	0.33598083257675	65.000000000000	0.00000000000000
30.100000381470	0.47371751070023	0.33592590689659	65.000000000000	0.00000000000000
30.110000610352	0.47458648681641	0.33586943149567	65.000000000000	0.00000000000000
30.120000839233	0.47545361518860	0.33581140637398	65.000000000000	0.00000000000000
30.129999160767	0.47631871700287	0.33575186133385	65.000000000000	0.00000000000000
30.139999389648	0.47718191146851	0.33569079637527	65.000000000000	0.00000000000000
30.149999618530	0.47804316878319	0.33562824130058	65.000000000000	0.00000000000000
30.159999847412	0.47890236973763	0.33556416630745	65.000000000000	0.00000000000000
30.170000076294	0.47975972294807	0.33549863100052	65.000000000000	0.00000000000000
30.180000305176	0.48061510920525	0.33543163537979	65.000000000000	0.00000000000000
30.190000534058	0.48146852850914	0.33536311984062	65.000000000000	0.00000000000000
30.200000762939	0.48231992125511	0.33529314398766	65.000000000000	0.00000000000000
30.209999084473	0.48316952586174	0.33522179722786	65.000000000000	0.00000000000000
30.219999313354	0.48401716351509	0.33514899015427	65.000000000000	0.00000000000000
30.229999542236	0.48486277461052	0.33507469296455	65.000000000000	0.00000000000000
30.239999771118	0.48570656776428	0.33499902486801	65.000000000000	0.00000000000000
30.250000000000	0.48654833436012	0.33492192625999	65.000000000000	0.00000000000000
30.260000228882	0.48738831281662	0.33484348654747	65.000000000000	0.00000000000000
30.270000457764	0.48822626471519	0.33476358652115	65.000000000000	0.00000000000000
30.280000686646	0.48906227946281	0.33468237519264	65.000000000000	0.00000000000000
30.290000915527	0.48989647626877	0.33459973335266	65.000000000000	0.00000000000000
30.299999237061	0.49072873592377	0.33451581001282	65.000000000000	0.00000000000000
30.309999465942	0.49155905842781	0.33443042635918	65.000000000000	0.00000000000000
30.319999694824	0.49238750338554	0.33434373140335	65.000000000000	0.00000000000000
30.329999923706	0.49321398139000	0.33425572514534	65.000000000000	0.00000000000000
30.340000152588	0.49403861165047	0.33416643738747	65.000000000000	0.00000000000000
30.350000381470	0.49486136436462	0.33407574892044	65.000000000000	0.00000000000000
30.360000610352	0.49568215012550	0.33398383855820	65.000000000000	0.00000000000000
30.370000839233	0.49650114774704	0.33389055728912	65.000000000000	0.00000000000000
30.379999160767	0.49731817841530	0.33379599452019	65.000000000000	0.00000000000000
30.389999389648	0.49813330173492	0.33370018005371	65.000000000000	0.00000000000000
30.399999618530	0.49894654750824	0.33360305428505	65.000000000000	0.00000000000000
30.409999847412	0.49975797533989	0.33350470662117	65.000000000000	0.00000000000000
30.420000076294	0.50056755542755	0.33340510725975	65.000000000000	0.00000000000000
30.430000305176	0.50137519836426	0.33330422639847	65.000000000000	0.00000000000000
30.440000534058	0.50218093395233	0.33320212364197	65.000000000000	0.00000000000000
30.450000762939	0.50298488140106	0.33309879899025	65.000000000000	0.00000000000000
30.459999084473	0.50378692150116	0.33299422264099	65.000000000000	0.00000000000000
30.469999313354	0.50458711385727	0.33288848400116	65.000000000000	0.00000000000000
30.479999542236	0.50538539886475	0.33278152346611	65.000000000000	0.00000000000000
30.489999771118	0.50618195533752	0.33267334103584	65.000000000000	0.00000000000000
30.500000000000	0.50697654485703	0.33256396651268	65.000000000000	0.00000000000000
30.510000228882	0.50776934623718	0.33245345950127	65.000000000000	0.00000000000000
30.520000457764	0.50856029987335	0.33234173059464	65.000000000000	0.00000000000000
30.530000686646	0.50934934616089	0.33222886919975	65.000000000000	0.00000000000000
30.540000915527	0.51013666391373	0.33211484551430	65.000000000000	0.00000000000000
30.549999237061	0.51092213392258	0.33199968934059	65.000000000000	0.00000000000000
30.559999465942	0.51170569658279	0.33188334107399	65.000000000000	0.00000000000000
30.569999694824	0.51248747110367	0.33176589012146	65.000000000000	0.00000000000000
30.579999923706	0.51326745748520	0.33164736628532	65.000000000000	0.00000000000000
30.590000152588	0.51404541730881	0.33152768015862	65.000000000000	0.00000000000000
30.600000381470	0.51482176780701	0.33140689134598	65.000000000000	0.00000000000000
30.610000610352	0.51559633016586	0.33128499984741	65.000000000000	0.00000000000000
30.620000839233	0.51636892557144	0.33116197586060	65.000000000000	0.00000000000000
30.629999160767	0.51713979244232	0.33103793859482	65.000000000000	0.00000000000000
30.639999389648	0.51790887117386	0.33091276884079	65.000000000000	0.00000000000000
30.649999618530	0.51867616176605	0.33078658580780	65.000000000000	0.00000000000000
30.659999847412	0.51944154500961	0.33065930008888	65.000000000000	0.00000000000000
30.670000076294	0.52020525932312	0.33053097128868	65.000000000000	0.00000000000000
30.680000305176	0.52096712589264	0.33040156960487	65.000000000000	0.00000000000000
30.690000534058	0.52172720432281	0.33027115464211	65.000000000000	0.00000000000000
30.700000762939	0.52248543500900	0.33013975620270	65.000000000000	0.00000000000000
30.709999084473	0.52324199676514	0.33000725507736	65.000000000000	0.00000000000000
30.719999313354	0.52399671077728	0.32987380027771	65.000000000000	0.00000000000000
30.729999542236	0.52474969625473	0.32973924279213	65.000000000000	0.00000000000000
30.739999771118	0.52550089359283	0.32960376143456	65.000000000000	0.00000000000000
30.750000000000	0.52625024318695	0.32946723699570	65.000000000000	0.00000000000000
30.760000228882	0.52699798345566	0.32932978868484	65.000000000000	0.00000000000000
30.770000457764	0.52774387598038	0.32919126749039	65.000000000000	0.00000000000000
30.780000686646	0.52848798036575	0.32905185222626	65.000000000000	0.00000000000000
30.790000915527	0.52923035621643	0.32891145348549	65.000000000000	0.00000000000000
30.799999237061	0.52997100353241	0.32877007126808	65.000000000000	0.00000000000000
30.809999465942	0.53070986270905	0.32862776517868	65.000000000000	0.00000000000000
30.819999694824	0.53144699335098	0.32848441600800	65.000000000000	0.00000000000000
30.829999923706	0.53218239545822	0.32834023237228	65.000000000000	0.00000000000000
30.840000152588	0.53291612863541	0.32819512486458	65.000000000000	0.00000000000000
30.850000381470	0.53364795446396	0.32804900407791	65.000000000000	0.00000000000000
30.860000610352	0.53437817096710	0.32790201902390	65.000000000000	0.00000000000000
30.870000839233	0.53510665893555	0.32775408029556	65.000000000000	0.00000000000000
30.879999160767	0.53583341836929	0.32760530710220	65.000000000000	0.00000000000000
30.889999389648	0.53655838966370	0.32745558023453	65.000000000000	0.00000000000000
30.899999618530	0.53728163242340	0.32730498909950	65.000000000000	0.00000000000000
30.909999847412	0.53800320625305	0.32715344429016	65.000000000000	0.00000000000000
30.920000076294	0.53872311115265	0.32700112462044	65.000000000000	0.00000000000000
30.930000305176	0.53944128751755	0.32684785127640	65.000000000000	0.00000000000000
30.940000534058	0.54015779495239	0.32669371366501	65.000000000000	0.00000000000000
30.950000762939	0.54087257385254	0.32653880119324	65.000000000000	0.00000000000000
30.959999084473	0.54158550500870	0.32638290524483	65.000000000000	0.00000000000000
30.969999313354	0.54229694604874	0.32622626423836	65.000000000000	0.00000000000000
30.979999542236	0.54300671815872	0.32606875896454	65.000000000000	0.00000000000000
30.989999771118	0.54371470212936	0.32591038942337	65.000000000000	0.00000000000000
31.000000000000	0.54442101716995	0.32575121521950	65.000000000000	0.00000000000000
31.010000228882	0.54512560367584	0.32559123635292	65.000000000000	0.00000000000000
31.020000457764	0.54582852125168	0.32543036341667	65.000000000000	0.00000000000000
31.030000686646	0.54652982950211	0.32526874542236	65.000000000000	0.00000000000000
31.040000915527	0.54722946882248	0.32510629296303	65.000000000000	0.00000000000000
31.049999237061	0.54792743921280	0.32494306564331	65.000000000000	0.00000000000000
31.059999465942	0.54862374067307	0.32477900385857	65.000000000000	0.00000000000000
31.069999694824	0.54931831359863	0.32461419701576	65.000000000000	0.00000000000000
31.079999923706	0.55001133680344	0.32444861531258	65.000000000000	0.00000000000000
31.090000152588	0.55070263147354	0.32428225874901	65.000000000000	0.00000000000000
31.100000381470	0.55139231681824	0.32411515712738	65.000000000000	0.00000000000000
31.110000610352	0.55208033323288	0.32394722104073	65.000000000000	0.00000000000000
31.120000839233	0.55276674032211	0.32377853989601	65.000000000000	0.00000000000000
31.129999160767	0.55345141887665	0.32360911369324	65.000000000000	0.00000000000000
31.139999389648	0.55413454771042	0.32343897223473	65.000000000000	0.00000000000000
31.149999618530	0.55481600761414	0.32326814532280	65.000000000000	0.00000000000000
31.159999847412	0.55549585819244	0.32309645414352	65.000000000000	0.00000000000000
31.170000076294	0.55617415904999	0.32292410731316	65.000000000000	0.00000000000000
31.180000305176	0.55685073137283	0.32275104522705	65.000000000000	0.00000000000000
31.190000534058	0.55752569437027	0.32257723808289	65.000000000000	0.00000000000000
31.200000762939	0.55819910764694	0.32240274548531	65.000000000000	0.00000000000000
31.209999084473	0.55887085199356	0.32222750782967	65.000000000000	0.00000000000000
31.219999313354	0.55954110622406	0.32205161452293	65.000000000000	0.00000000000000
31.229999542236	0.56020963191986	0.32187500596046	65.000000000000	0.00000000000000
31.239999771118	0.56087654829025	0.32169774174690	65.000000000000	0.00000000000000
31.250000000000	0.56154191493988	0.32151973247528	65.000000000000	0.00000000000000
31.260000228882	0.56220567226410	0.32134106755257	65.000000000000	0.00000000000000
31.270000457764	0.56286793947220	0.32116174697876	65.000000000000	0.00000000000000
31.280000686646	0.56352847814560	0.32098174095154	65.000000000000	0.00000000000000
31.290000915527	0.56418752670288	0.32080107927322	65.000000000000	0.00000000000000
31.299999237061	0.56484490633011	0.32061976194382	65.000000000000	0.00000000000000
31.309999465942	0.56550079584122	0.32043778896332	65.000000000000	0.00000000000000
31.319999694824	0.56615513563156	0.32025516033173	65.000000000000	0.00000000000000
31.329999923706	0.56680786609650	0.32007190585136	65.000000000000	0.00000000000000
31.340000152588	0.56745898723602	0.31988802552223	65.000000000000	0.00000000000000
31.350000381470	0.56810861825943	0.31970351934433	65.000000000000	0.00000000000000
31.360000610352	0.56875663995743	0.31951832771301	65.000000000000	0.00000000000000
31.370000839233	0.56940305233002	0.31933256983757	65.000000000000	0.00000000000000
31.379999160767	0.57004809379578	0.31914621591568	65.000000000000	0.00000000000000
31.389999389648	0.57069152593613	0.31895920634270	65.000000000000	0.00000000000000
31.399999618530	0.57133334875107	0.31877160072327	65.000000000000	0.00000000000000
31.409999847412	0.57197386026382	0.31858319044113	65.000000000000	0.00000000000000
31.420000076294	0.57261240482330	0.31839463114738	65.000000000000	0.00000000000000
31.430000305176	0.57324963808060	0.31820520758629	65.000000000000	0.00000000000000
31.440000534058	0.57388532161713	0.31801524758339	65.000000000000	0.00000000000000
31.450000762939	0.57451951503754	0.31782475113869	65.000000000000	0.00000000000000
31.459999084473	0.57515209913254	0.31763371825218	65.000000000000	0.00000000000000
31.469999313354	0.57578337192535	0.31744188070297	65.000000000000	0.00000000000000
31.479999542236	0.57641303539276	0.31724950671196	65.000000000000	0.00000000000000
31.489999771118	0.57704097032547	0.31705683469772	65.000000000000	0.00000000000000
31.500000000000	0.57766765356064	0.31686344742775	65.000000000000	0.00000000000000
31.510000228882	0.57829272747040	0.31666952371597	65.000000000000	0.00000000000000
31.520000457764	0.57891643047333	0.31647482514381	65.000000000000	0.00000000000000
31.530000686646	0.57953846454620	0.31627994775772	65.000000000000	0.00000000000000
31.540000915527	0.58015912771225	0.31608423590660	65.000000000000	0.00000000000000
31.549999237061	0.58077830076218	0.31588810682297	65.000000000000	0.00000000000000
31.559999465942	0.58139586448669	0.31569147109985	65.000000000000	0.00000000000000
31.569999694824	0.58201199769974	0.31549438834190	65.000000000000	0.00000000000000
31.579999923706	0.58262658119202	0.31529682874680	65.000000000000	0.00000000000000
31.590000152588	0.58323979377747	0.31509852409363	65.000000000000	0.00000000000000
31.600000381470	0.58385139703751	0.31490007042885	65.000000000000	0.00000000000000
31.610000610352	0.58446174860001	0.31470063328743	65.000000000000	0.00000000000000
31.620000839233	0.58507043123245	0.31450101733208	65.000000000000	0.00000000000000
31.629999160767	0.58567774295807	0.31430068612099	65.000000000000	0.00000000000000
31.639999389648	0.58628362417221	0.31409996747971	65.000000000000	0.00000000000000
31.649999618530	0.58688807487488	0.31389880180359	65.000000000000	0.00000000000000
31.659999847412	0.58749097585678	0.31369712948799	65.000000000000	0.00000000000000
31.670000076294	0.58809250593185	0.31349495053291	65.000000000000	0.00000000000000
31.680000305176	0.58869254589081	0.31329232454300	65.000000000000	0.00000000000000
31.690000534058	0.58929103612900	0.31308919191360	65.000000000000	0.00000000000000
31.700000762939	0.58988833427429	0.31288561224937	65.000000000000	0.00000000000000
31.709999084473	0.59048408269882	0.31268158555031	65.000000000000	0.00000000000000
31.719999313354	0.59107828140259	0.31247708201408	65.000000000000	0.00000000000000
31.729999542236	0.59167116880417	0.31227213144302	65.000000000000	0.00000000000000
31.739999771118	0.59226262569427	0.31206673383713	65.000000000000	0.00000000000000
31.750000000000	0.59285259246826	0.31186085939407	65.000000000000	0.00000000000000
31.760000228882	0.59344118833542	0.31165456771851	65.000000000000	0.00000000000000
31.770000457764	0.59402835369110	0.31144782900810	65.000000000000	0.00000000000000
31.780000686646	0.59461420774460	0.31124064326286	65.000000000000	0.00000000000000
31.790000915527	0.59519857168198	0.31103307008743	65.000000000000	0.00000000000000
31.799999237061	0.59578150510788	0.31082502007484	65.000000000000	0.00000000000000
31.809999465942	0.59636312723160	0.31061661243439	65.000000000000	0.00000000000000
31.819999694824	0.59694319963455	0.31040769815445	65.000000000000	0.00000000000000
31.829999923706	0.59752196073532	0.31019842624664	65.000000000000	0.00000000000000
31.840000152588	0.59809941053391	0.30998873710632	65.000000000000	0.00000000000000
31.850000381470	0.59867542982101	0.30977863073349	65.000000000000	0.00000000000000
31.860000610352	0.59924995899200	0.30956810712814	65.000000000000	0.00000000000000
31.870000839233	0.59982323646545	0.30935719609261	65.000000000000	0.00000000000000
31.879999160767	0.60039502382278	0.30914592742920	65.000000000000	0.00000000000000
31.889999389648	0.60096561908722	0.30893424153328	65.000000000000	0.00000000000000
31.899999618530	0.60153466463089	0.30872213840485	65.000000000000	0.00000000000000
31.909999847412	0.60210239887238	0.30850964784622	65.000000000000	0.00000000000000
31.920000076294	0.60266882181168	0.30829679965973	65.000000000000	0.00000000000000
31.930000305176	0.60323381423950	0.30808356404305	65.000000000000	0.00000000000000
31.940000534058	0.60379743576050	0.30786997079849	65.000000000000	0.00000000000000
31.950000762939	0.60435974597931	0.30765601992607	65.000000000000	0.00000000000000
31.959999084473	0.60492068529129	0.30744168162346	65.000000000000	0.00000000000000
31.969999313354	0.60548031330109	0.30722698569298	65.000000000000	0.00000000000000
31.979999542236	0.60603863000870	0.30701193213463	65.000000000000	0.00000000000000
31.989999771118	0.60659545660019	0.30679652094841	65.000000000000	0.00000000000000
32.000000000000	0.60715115070343	0.30658075213432	65.000000000000	0.00000000000000
32.009998321533	0.60770541429520	0.30636462569237	65.000000000000	0.00000000000000
32.020000457764	0.60825830698013	0.30614817142487	65.000000000000	0.00000000000000
32.029998779297	0.60880994796753	0.30593138933182	65.000000000000	0.00000000000000
32.040000915527	0.60936021804810	0.30571421980858	65.000000000000	0.00000000000000
32.049999237061	0.60990917682648	0.30549675226212	65.000000000000	0.00000000000000
32.060001373291	0.61045688390732	0.30527895689011	65.000000000000	0.00000000000000
32.069999694824	0.61100316047668	0.30506080389023	65.000000000000	0.00000000000000
32.080001831055	0.61154824495316	0.30484235286713	65.000000000000	0.00000000000000
32.090000152588	0.61209189891815	0.30462360382080	65.000000000000	0.00000000000000
32.099998474121	0.61263424158096	0.30440446734428	65.000000000000	0.00000000000000
32.110000610352	0.61317545175552	0.30418506264687	65.000000000000	0.00000000000000
32.119998931885	0.61371529102325	0.30396533012390	65.000000000000	0.00000000000000
32.130001068115	0.61425387859344	0.30374529957771	65.000000000000	0.00000000000000
32.139999389648	0.61479109525681	0.30352500081062	65.000000000000	0.00000000000000
32.150001525879	0.61532706022263	0.30330434441566	65.000000000000	0.00000000000000
32.159999847412	0.61586165428162	0.30308338999748	65.000000000000	0.00000000000000
32.169998168945	0.61639511585236	0.30286216735840	65.000000000000	0.00000000000000
32.180000305176	0.61692726612091	0.30264064669609	65.000000000000	0.00000000000000
32.189998626709	0.61745810508728	0.30241882801056	65.000000000000	0.00000000000000
32.200000762939	0.61798763275146	0.30219677090645	65.000000000000	0.00000000000000
32.209999084473	0.61851602792740	0.30197438597679	65.000000000000	0.00000000000000
32.220001220703	0.61904305219650	0.30175170302391	65.000000000000	0.00000000000000
32.229999542236	0.61956882476807	0.30152875185013	65.000000000000	0.00000000000000
32.240001678467	0.62009340524673	0.30130556225777	65.000000000000	0.00000000000000
32.250000000000	0.62061673402786	0.30108207464218	65.000000000000	0.00000000000000
32.259998321533	0.62113875150681	0.30085831880569	65.000000000000	0.00000000000000
32.270000457764	0.62165951728821	0.30063429474831	65.000000000000	0.00000000000000
32.279998779297	0.62217909097672	0.30041000247002	65.000000000000	0.00000000000000
32.290000915527	0.62269747257233	0.30018547177315	65.000000000000	0.00000000000000
32.299999237061	0.62321448326111	0.29996070265770	65.000000000000	0.00000000000000
32.310001373291	0.62373036146164	0.29973563551903	65.000000000000	0.00000000000000
32.319999694824	0.62424498796463	0.29951032996178	65.000000000000	0.00000000000000
32.330001831055	0.62475830316544	0.29928478598595	65.000000000000	0.00000000000000
32.340000152588	0.62527060508728	0.29905903339386	65.000000000000	0.00000000000000
32.349998474121	0.62578147649765	0.29883298277855	65.000000000000	0.00000000000000
32.360000610352	0.62629133462906	0.29860672354698	65.000000000000	0.00000000000000
32.369998931885	0.62679976224899	0.29838019609451	65.000000000000	0.00000000000000
32.380001068115	0.62730717658997	0.29815348982811	65.000000000000	0.00000000000000
32.389999389648	0.62781322002411	0.29792648553848	65.000000000000	0.00000000000000
32.400001525879	0.62831813097000	0.29769930243492	65.000000000000	0.00000000000000
32.409999847412	0.62882190942764	0.29747188091278	65.000000000000	0.00000000000000
32.419998168945	0.62932443618774	0.29724422097206	65.000000000000	0.00000000000000
32.430000305176	0.62982571125031	0.29701635241508	65.000000000000	0.00000000000000
32.439998626709	0.63032591342926	0.29678827524185	65.000000000000	0.00000000000000
32.450000762939	0.63082486391068	0.29655998945236	65.000000000000	0.00000000000000
32.459999084473	0.63132256269455	0.29633143544197	65.000000000000	0.00000000000000
32.470001220703	0.63181918859482	0.29610276222229	65.000000000000	0.00000000000000
32.479999542236	0.63231456279755	0.29587379097939	65.000000000000	0.00000000000000
32.490001678467	0.63280880451202	0.29564464092255	65.000000000000	0.00000000000000
32.500000000000	0.63330185413361	0.29541534185410	65.000000000000	0.00000000000000
32.509998321533	0.63379383087158	0.29518580436707	65.000000000000	0.00000000000000
32.520000457764	0.63428455591202	0.29495602846146	65.000000000000	0.00000000000000
32.529998779297	0.63477414846420	0.29472610354424	65.000000000000	0.00000000000000
32.540000915527	0.63526254892349	0.29449599981308	65.000000000000	0.00000000000000
32.549999237061	0.63574987649918	0.29426568746567	65.000000000000	0.00000000000000
32.560001373291	0.63623595237732	0.29403519630432	65.000000000000	0.00000000000000
32.569999694824	0.63672095537186	0.29380452632904	65.000000000000	0.00000000000000
32.580001831055	0.63720470666885	0.29357364773750	65.000000000000	0.00000000000000
32.590000152588	0.63768738508224	0.29334259033203	65.000000000000	0.00000000000000
32.599998474121	0.63816899061203	0.29311135411263	65.000000000000	0.00000000000000
32.610000610352	0.63864934444427	0.29287996888161	65.000000000000	0.00000000000000
32.619998931885	0.63912862539291	0.29264834523201	65.000000000000	0.00000000000000
32.630001068115	0.63960677385330	0.29241660237312	65.000000000000	0.00000000000000
32.639999389648	0.64008378982544	0.29218468070030	65.000000000000	0.00000000000000
32.650001525879	0.64055973291397	0.29195261001587	65.000000000000	0.00000000000000
32.659999847412	0.64103454351425	0.29172036051750	65.000000000000	0.00000000000000
32.669998168945	0.64150822162628	0.29148793220520	65.000000000000	0.00000000000000
32.680000305176	0.64198076725006	0.29125535488129	65.000000000000	0.00000000000000
32.689998626709	0.64245218038559	0.29102262854576	65.000000000000	0.00000000000000
32.700000762939	0.64292252063751	0.29078972339630	65.000000000000	0.00000000000000
32.709999084473	0.64339172840118	0.29055666923523	65.000000000000	0.00000000000000
32.720001220703	0.64385992288589	0.29032349586487	65.000000000000	0.00000000000000
32.729999542236	0.64432692527771	0.29009014368057	65.000000000000	0.00000000000000
32.740001678467	0.64479285478592	0.28985661268234	65.000000000000	0.00000000000000
32.750000000000	0.64525771141052	0.28962299227715	65.000000000000	0.00000000000000
32.759998321533	0.64572149515152	0.28938922286034	65.000000000000	0.00000000000000
32.770000457764	0.64618414640427	0.28915527462959	65.000000000000	0.00000000000000
32.779998779297	0.64664578437805	0.28892120718956	65.000000000000	0.00000000000000
32.790000915527	0.64710628986359	0.28868702054024	65.000000000000	0.00000000000000
32.799999237061	0.64756572246552	0.28845265507698	65.000000000000	0.00000000000000
32.810001373291	0.64802402257919	0.28821817040443	65.000000000000	0.00000000000000
32.819999694824	0.64848136901855	0.28798356652260	65.000000000000	0.00000000000000
32.830001831055	0.64893764257431	0.28774884343147	65.000000000000	0.00000000000000
32.840000152588	0.64939278364182	0.28751394152641	65.000000000000	0.00000000000000
32.849998474121	0.64984685182571	0.28727895021439	65.000000000000	0.00000000000000
32.860000610352	0.65029996633530	0.28704383969307	65.000000000000	0.00000000000000
32.869998931885	0.65075194835663	0.28680860996246	65.000000000000	0.00000000000000
32.880001068115	0.65120285749435	0.28657326102257	65.000000000000	0.00000000000000
32.889999389648	0.65165275335312	0.28633776307106	65.000000000000	0.00000000000000
32.900001525879	0.65210157632828	0.28610217571259	65.000000000000	0.00000000000000
32.909999847412	0.65254938602448	0.28586646914482	65.000000000000	0.00000000000000
32.919998168945	0.65299612283707	0.28563061356544	65.000000000000	0.00000000000000
32.930000305176	0.65344184637070	0.28539466857910	65.000000000000	0.00000000000000
32.939998626709	0.65388655662537	0.28515863418579	65.000000000000	0.00000000000000
32.950000762939	0.65433019399643	0.28492245078087	65.000000000000	0.00000000000000
32.959999084473	0.65477281808853	0.28468617796898	65.000000000000	0.00000000000000
32.970001220703	0.65521442890167	0.28444978594780	65.000000000000	0.00000000000000
32.979999542236	0.65565496683121	0.28421330451965	65.000000000000	0.00000000000000
32.990001678467	0.65609461069107	0.28397676348686	65.000000000000	0.00000000000000
33.000000000000	0.65653306245804	0.28374004364014	65.000000000000	0.00000000000000
33.009998321533	0.65697062015533	0.28350329399109	65.000000000000	0.00000000000000
33.020000457764	0.65740716457367	0.28326639533043	65.000000000000	0.00000000000000
33.029998779297	0.65784263610840	0.28302940726280	65.000000000000	0.00000000000000
33.040000915527	0.65827715396881	0.28279235959053	65.000000000000	0.00000000000000
33.049999237061	0.65871059894562	0.28255519270897	65.000000000000	0.00000000000000
33.060001373291	0.65914314985275	0.28231793642044	65.000000000000	0.00000000000000
33.069999694824	0.65957462787628	0.28208059072495	65.000000000000	0.00000000000000
33.080001831055	0.66000515222549	0.28184318542480	65.000000000000	0.00000000000000
33.090000152588	0.66043460369110	0.28160563111305	65.000000000000	0.00000000000000
33.099998474121	0.66086316108704	0.28136801719666	65.000000000000	0.00000000000000
33.110000610352	0.66129070520401	0.28113037347794	65.000000000000	0.00000000000000
33.119998931885	0.66171723604202	0.28089258074760	65.000000000000	0.00000000000000
33.130001068115	0.66214287281036	0.28065475821495	65.000000000000	0.00000000000000
33.139999389648	0.66256737709045	0.28041678667068	65.000000000000	0.00000000000000
33.150001525879	0.66299104690552	0.28017881512642	65.000000000000	0.00000000000000
33.159999847412	0.66341370344162	0.27994069457054	65.000000000000	0.00000000000000
33.169998168945	0.66383534669876	0.27970254421234	65.000000000000	0.00000000000000
33.180000305176	0.66425609588623	0.27946433424950	65.000000000000	0.00000000000000
33.189998626709	0.66467577219009	0.27922600507736	65.000000000000	0.00000000000000
33.200000762939	0.66509461402893	0.27898761630058	65.000000000000	0.00000000000000
33.209999084473	0.66551238298416	0.27874916791916	65.000000000000	0.00000000000000
33.220001220703	0.66592925786972	0.27851065993309	65.000000000000	0.00000000000000
33.229999542236	0.66634511947632	0.27827206254005	65.000000000000	0.00000000000000
33.240001678467	0.66676014661789	0.27803340554237	65.000000000000	0.00000000000000
33.250000000000	0.66717416048050	0.27779471874237	65.000000000000	0.00000000000000
33.259998321533	0.66758716106415	0.27755591273308	65.000000000000	0.00000000000000
33.270000457764	0.66799926757813	0.27731704711914	65.000000000000	0.00000000000000
33.279998779297	0.66841048002243	0.27707818150520	65.000000000000	0.00000000000000
33.290000915527	0.66882067918777	0.27683919668198	65.000000000000	0.00000000000000
33.299999237061	0.66922998428345	0.27660015225410	65.000000000000	0.00000000000000
33.310001373291	0.66963839530945	0.27636107802391	65.000000000000	0.00000000000000
33.319999694824	0.67004579305649	0.27612194418907	65.000000000000	0.00000000000000
33.330001831055	0.67045229673386	0.27588275074959	65.000000000000	0.00000000000000
33.340000152588	0.67085790634155	0.27564349770546	65.000000000000	0.00000000000000
33.349998474121	0.67126256227493	0.27540421485901	65.000000000000	0.00000000000000
33.360000610352	0.67166632413864	0.27516487240791	65.000000000000	0.00000000000000
33.369998931885	0.67206913232803	0.27492544054985	65.000000000000	0.00000000000000
33.380001068115	0.67247104644775	0.27468600869179	65.000000000000	0.00000000000000
33.389999389648	0.67287206649780	0.27444651722908	65.000000000000	0.00000000000000
33.400001525879	0.67327213287354	0.27420696616173	65.000000000000	0.00000000000000
33.409999847412	0.67367118597031	0.27396735548973	65.000000000000	0.00000000000000
33.419998168945	0.67406952381134	0.27372771501541	65.000000000000	0.00000000000000
33.430000305176	0.67446690797806	0.27348801493645	65.000000000000	0.00000000000000
33.439998626709	0.67486333847046	0.27324828505516	65.000000000000	0.00000000000000
33.450000762939	0.67525887489319	0.27300852537155	65.000000000000	0.00000000000000
33.459999084473	0.67565357685089	0.27276873588562	65.000000000000	0.00000000000000
33.470001220703	0.67604738473892	0.27252888679504	65.000000000000	0.00000000000000
33.479999542236	0.67644023895264	0.27228897809982	65.000000000000	0.00000000000000
33.490001678467	0.67683219909668	0.27204906940460	65.000000000000	0.00000000000000
33.500000000000	0.67722326517105	0.27180907130241	65.000000000000	0.00000000000000
33.509998321533	0.67761343717575	0.27156910300255	65.000000000000	0.00000000000000
33.520000457764	0.67800283432007	0.27132904529572	65.000000000000	0.00000000000000
33.529998779297	0.67839127779007	0.27108898758888	65.000000000000	0.00000000000000
33.540000915527	0.67877882719040	0.27084887027740	65.000000000000	0.00000000000000
33.549999237061	0.67916548252106	0.27060872316360	65.000000000000	0.00000000000000
33.560001373291	0.67955136299133	0.27036860585213	65.000000000000	0.00000000000000
33.569999694824	0.67993628978729	0.27012833952904	65.000000000000	0.00000000000000
33.580001831055	0.68032038211823	0.26988813281059	65.000000000000	0.00000000000000
33.590000152588	0.68070358037949	0.26964792609215	65.000000000000	0.00000000000000
33.599998474121	0.68108588457108	0.26940760016441	65.000000000000	0.00000000000000
33.610000610352	0.68146741390228	0.26916727423668	65.000000000000	0.00000000000000
33.619998931885	0.68184804916382	0.26892697811127	65.000000000000	0.00000000000000
33.630001068115	0.68222779035568	0.26868662238121	65.000000000000	0.00000000000000
33.639999389648	0.68260669708252	0.26844623684883	65.000000000000	0.00000000000000
33.650001525879	0.68298476934433	0.26820582151413	65.000000000000	0.00000000000000
33.659999847412	0.68336200714111	0.26796537637711	65.000000000000	0.00000000000000
33.669998168945	0.68373835086823	0.26772493124008	65.000000000000	0.00000000000000
33.680000305176	0.68411380052567	0.26748445630074	65.000000000000	0.00000000000000
33.689998626709	0.68448847532272	0.26724395155907	65.000000000000	0.00000000000000
33.700000762939	0.68486225605011	0.26700344681740	65.000000000000	0.00000000000000
33.709999084473	0.68523520231247	0.26676294207573	65.000000000000	0.00000000000000
33.720001220703	0.68560737371445	0.26652237772942	65.000000000000	0.00000000000000
33.729999542236	0.68597865104675	0.26628181338310	65.000000000000	0.00000000000000
33.740001678467	0.68634909391403	0.26604121923447	65.000000000000	0.00000000000000
33.750000000000	0.68671876192093	0.26580065488815	65.000000000000	0.00000000000000
33.759998321533	0.68708747625351	0.26556006073952	65.000000000000	0.00000000000000
33.770000457764	0.68745553493500	0.26531946659088	65.000000000000	0.00000000000000
33.779998779297	0.68782269954681	0.26507881283760	65.000000000000	0.00000000000000
33.790000915527	0.68818891048431	0.26483818888664	65.000000000000	0.00000000000000
33.799999237061	0.68855446577072	0.26459750533104	65.000000000000	0.00000000000000
33.810001373291	0.68891912698746	0.26435688138008	65.000000000000	0.00000000000000
33.819999694824	0.68928289413452	0.26411616802216	65.000000000000	0.00000000000000
33.830001831055	0.68964594602585	0.26387551426888	65.000000000000	0.00000000000000
33.840000152588	0.69000816345215	0.26363480091095	65.000000000000	0.00000000000000
33.849998474121	0.69036954641342	0.26339411735535	65.000000000000	0.00000000000000
33.860000610352	0.69073015451431	0.26315346360207	65.000000000000	0.00000000000000
33.869998931885	0.69108992815018	0.26291272044182	65.000000000000	0.00000000000000
33.880001068115	0.69144892692566	0.26267203688622	65.000000000000	0.00000000000000
33.889999389648	0.69180703163147	0.26243135333061	65.000000000000	0.00000000000000
33.900001525879	0.69216436147690	0.26219061017036	65.000000000000	0.00000000000000
33.909999847412	0.69252097606659	0.26194989681244	65.000000000000	0.00000000000000
33.919998168945	0.69287669658661	0.26170918345451	65.000000000000	0.00000000000000
33.930000305176	0.69323164224625	0.26146847009659	65.000000000000	0.00000000000000
33.939998626709	0.69358581304550	0.26122775673866	65.000000000000	0.00000000000000
33.950000762939	0.69393908977509	0.26098701357841	65.000000000000	0.00000000000000
33.959999084473	0.69429171085358	0.26074635982513	65.000000000000	0.00000000000000
33.970001220703	0.69464343786240	0.26050564646721	65.000000000000	0.00000000000000
33.979999542236	0.69499444961548	0.26026493310928	65.000000000000	0.00000000000000
33.990001678467	0.69534462690353	0.26002421975136	65.000000000000	0.00000000000000
34.000000000000	0.69569408893585	0.25978350639343	65.000000000000	0.00000000000000
34.009998321533	0.69604259729385	0.25954285264015	65.000000000000	0.00000000000000
34.020000457764	0.69639050960541	0.25930216908455	65.000000000000	0.00000000000000
34.029998779297	0.69673752784729	0.25906151533127	65.000000000000	0.00000000000000
34.040000915527	0.69708377122879	0.25882083177567	65.000000000000	0.00000000000000
34.049999237061	0.69742929935455	0.25858017802238	65.000000000000	0.00000000000000
34.060001373291	0.69777399301529	0.25833952426910	65.000000000000	0.00000000000000
34.069999694824	0.69811791181564	0.25809890031815	65.000000000000	0.00000000000000
34.080001831055	0.69846111536026	0.25785827636719	65.000000000000	0.00000000000000
34.090000152588	0.69880348443985	0.25761765241623	65.000000000000	0.00000000000000
34.099998474121	0.69914513826370	0.25737705826759	65.000000000000	0.00000000000000
34.110000610352	0.69948595762253	0.25713646411896	65.000000000000	0.00000000000000
34.119998931885	0.69982600212097	0.25689589977264	65.000000000000	0.00000000000000
34.130001068115	0.70016539096832	0.25665539503098	65.000000000000	0.00000000000000
34.139999389648	0.70050388574600	0.25641483068466	65.000000000000	0.00000000000000
34.150001525879	0.70084166526794	0.25617429614067	65.000000000000	0.00000000000000
34.159999847412	0.70117872953415	0.25593379139900	65.000000000000	0.00000000000000
34.169998168945	0.70151501893997	0.25569331645966	65.000000000000	0.00000000000000
34.180000305176	0.70185047388077	0.25545287132263	65.000000000000	0.00000000000000
34.189998626709	0.70218527317047	0.25521242618561	65.000000000000	0.00000000000000
34.200000762939	0.70251923799515	0.25497201085091	65.000000000000	0.00000000000000
34.209999084473	0.70285248756409	0.25473159551620	65.000000000000	0.00000000000000
34.220001220703	0.70318496227264	0.25449120998383	65.000000000000	0.00000000000000
34.229999542236	0.70351672172546	0.25425094366074	65.000000000000	0.00000000000000
34.240001678467	0.70384776592255	0.25401055812836	65.000000000000	0.00000000000000
34.250000000000	0.70417797565460	0.25377038121223	65.000000000000	0.00000000000000
34.259998321533	0.70450747013092	0.25353011488914	65.000000000000	0.00000000000000
34.270000457764	0.70483630895615	0.25328975915909	65.000000000000	0.00000000000000
34.279998779297	0.70516425371170	0.25304964184761	65.000000000000	0.00000000000000
34.290000915527	0.70549166202545	0.25280910730362	65.000000000000	0.00000000000000
34.299999237061	0.70581811666489	0.25256916880608	65.000000000000	0.00000000000000
34.310001373291	0.70614403486252	0.25232878327370	65.000000000000	0.00000000000000
34.319999694824	0.70646893978119	0.25208899378777	65.000000000000	0.00000000000000
34.330001831055	0.70679330825806	0.25184878706932	65.000000000000	0.00000000000000
34.340000152588	0.70711684226990	0.25160887837410	65.000000000000	0.00000000000000
34.349998474121	0.70743978023529	0.25136885046959	65.000000000000	0.00000000000000
34.360000610352	0.70776176452637	0.25112909078598	65.000000000000	0.00000000000000
34.369998931885	0.70808327198029	0.25088888406754	65.000000000000	0.00000000000000
34.380001068115	0.70840388536453	0.25064903497696	65.000000000000	0.00000000000000
34.389999389648	0.70872384309769	0.25040921568871	65.000000000000	0.00000000000000
34.400001525879	0.70904302597046	0.25016936659813	65.000000000000	0.00000000000000
34.409999847412	0.70936155319214	0.24992959201336	65.000000000000	0.00000000000000
34.419998168945	0.70967930555344	0.24968983232975	65.000000000000	0.00000000000000
34.430000305176	0.70999640226364	0.24945017695427	65.000000000000	0.00000000000000
34.439998626709	0.71031272411346	0.24921053647995	65.000000000000	0.00000000000000
34.450000762939	0.71062827110291	0.24897088110447	65.000000000000	0.00000000000000
34.459999084473	0.71094322204590	0.24873135983944	65.000000000000	0.00000000000000
34.470001220703	0.71125727891922	0.24849183857441	65.000000000000	0.00000000000000
34.479999542236	0.71157085895538	0.24825234711170	65.000000000000	0.00000000000000
34.490001678467	0.71188354492188	0.24801293015480	65.000000000000	0.00000000000000
34.500000000000	0.71219563484192	0.24777355790138	65.000000000000	0.00000000000000
34.509998321533	0.71250694990158	0.24753420054913	65.000000000000	0.00000000000000
34.520000457764	0.71281754970551	0.24729494750500	65.000000000000	0.00000000000000
34.529998779297	0.71312749385834	0.24705570936203	65.000000000000	0.00000000000000
34.540000915527	0.71343678236008	0.24681656062603	65.000000000000	0.00000000000000
34.549999237061	0.71374517679214	0.24657744169235	65.000000000000	0.00000000000000
34.560001373291	0.71405297517776	0.24633835256100	65.000000000000	0.00000000000000
34.569999694824	0.71436011791229	0.24609936773777	65.000000000000	0.00000000000000
34.580001831055	0.71466654539108	0.24586039781570	65.000000000000	0.00000000000000
34.590000152588	0.71497219800949	0.24562150239944	65.000000000000	0.00000000000000
34.599998474121	0.71527719497681	0.24538268148899	65.000000000000	0.00000000000000
34.610000610352	0.71558153629303	0.24514387547970	65.000000000000	0.00000000000000
34.619998931885	0.71588522195816	0.24490517377853	65.000000000000	0.00000000000000
34.630001068115	0.71618807315826	0.24466650187969	65.000000000000	0.00000000000000
34.639999389648	0.71649032831192	0.24442791938782	65.000000000000	0.00000000000000
34.650001525879	0.71679186820984	0.24418938159943	65.000000000000	0.00000000000000
34.659999847412	0.71709275245667	0.24395093321800	65.000000000000	0.00000000000000
34.669998168945	0.71739292144775	0.24371251463890	65.000000000000	0.00000000000000
34.680000305176	0.71769237518311	0.24347417056561	65.000000000000	0.00000000000000
34.689998626709	0.71799111366272	0.24323591589928	65.000000000000	0.00000000000000
34.700000762939	0.71828925609589	0.24299772083759	65.000000000000	0.00000000000000
34.709999084473	0.71858668327332	0.24275958538055	65.000000000000	0.00000000000000
34.720001220703	0.71888345479965	0.24252155423164	65.000000000000	0.00000000000000
34.729999542236	0.71917951107025	0.24228356778622	65.000000000000	0.00000000000000
34.740001678467	0.71947491168976	0.24204567074776	65.000000000000	0.00000000000000
34.750000000000	0.71976965665817	0.24180781841278	65.000000000000	0.00000000000000
34.759998321533	0.72006368637085	0.24157005548477	65.000000000000	0.00000000000000
34.770000457764	0.72035712003708	0.24133239686489	65.000000000000	0.00000000000000
34.779998779297	0.72064977884293	0.24109478294849	65.000000000000	0.00000000000000
34.790000915527	0.72094178199768	0.24085727334023	65.000000000000	0.00000000000000
34.799999237061	0.72123324871063	0.24061982333660	65.000000000000	0.00000000000000
34.810001373291	0.72152394056320	0.24038246273994	65.000000000000	0.00000000000000
34.819999694824	0.72181391716003	0.24014519155025	65.000000000000	0.00000000000000
34.830001831055	0.72210329771042	0.23990802466869	65.000000000000	0.00000000000000
34.840000152588	0.72239208221436	0.23967088758945	65.000000000000	0.00000000000000
34.849998474121	0.72268009185791	0.23943388462067	65.000000000000	0.00000000000000
34.860000610352	0.72296750545502	0.23919695615768	65.000000000000	0.00000000000000
34.869998931885	0.72325426340103	0.23896010220051	65.000000000000	0.00000000000000
34.880001068115	0.72354036569595	0.23872335255146	65.000000000000	0.00000000000000
34.889999389648	0.72382581233978	0.23848669230938	65.000000000000	0.00000000000000
34.900001525879	0.72411054372787	0.23825010657310	65.000000000000	0.00000000000000
34.909999847412	0.72439467906952	0.23801365494728	65.000000000000	0.00000000000000
34.919998168945	0.72467821836472	0.23777729272842	65.000000000000	0.00000000000000
34.930000305176	0.72496104240417	0.23754097521305	65.000000000000	0.00000000000000
34.939998626709	0.72524315118790	0.23730479180813	65.000000000000	0.00000000000000
34.950000762939	0.72552478313446	0.23706871271133	65.000000000000	0.00000000000000
34.959999084473	0.72580564022064	0.23683276772499	65.000000000000	0.00000000000000
34.970001220703	0.72608590126038	0.23659680783749	65.000000000000	0.00000000000000
34.979999542236	0.72636550664902	0.23636104166508	65.000000000000	0.00000000000000
34.990001678467	0.72664451599121	0.23612537980080	65.000000000000	0.00000000000000
35.000000000000	0.72692286968231	0.23588980734348	65.000000000000	0.00000000000000
