25.000000000000	0.17709252238274	-0.53532767295837	65.000000000000	0.00000000000000
25.010000228882	0.17556218802929	-0.53422945737839	65.000000000000	0.00000000000000
25.020000457764	0.17403383553028	-0.53312397003174	65.000000000000	0.00000000000000
25.030000686646	0.17250750958920	-0.53201127052307	65.000000000000	0.00000000000000
25.040000915527	0.17098326981068	-0.53089141845703	65.000000000000	0.00000000000000
25.049999237061	0.16946141421795	-0.52976429462433	65.000000000000	0.00000000000000
25.059999465942	0.16794168949127	-0.52862989902496	65.000000000000	0.00000000000000
25.069999694824	0.16642417013645	-0.52748823165894	65.000000000000	0.00000000000000
25.079999923706	0.16490915417671	-0.52633929252625	65.000000000000	0.00000000000000
25.090000152588	0.16339646279812	-0.52518320083618	65.000000000000	0.00000000000000
25.100000381470	0.16188605129719	-0.52401965856552	65.000000000000	0.00000000000000
25.110000610352	0.16037829220295	-0.52284890413284	65.000000000000	0.00000000000000
25.120000839233	0.15887311100960	-0.52167093753815	65.000000000000	0.00000000000000
25.129999160767	0.15737035870552	-0.52048552036285	65.000000000000	0.00000000000000
25.139999389648	0.15587024390697	-0.51929295063019	65.000000000000	0.00000000000000
25.149999618530	0.15437294542789	-0.51809304952621	65.000000000000	0.00000000000000
25.159999847412	0.15287825465202	-0.51688575744629	65.000000000000	0.00000000000000
25.170000076294	0.15138643980026	-0.51567119359970	65.000000000000	0.00000000000000
25.180000305176	0.14989745616913	-0.51444929838181	65.000000000000	0.00000000000000
25.190000534058	0.14841146767139	-0.51322019100189	65.000000000000	0.00000000000000
25.200000762939	0.14692811667919	-0.51198363304138	65.000000000000	0.00000000000000
25.209999084473	0.14544810354710	-0.51073980331421	65.000000000000	0.00000000000000
25.219999313354	0.14397096633911	-0.50948870182037	65.000000000000	0.00000000000000
25.229999542236	0.14249697327614	-0.50823020935059	65.000000000000	0.00000000000000
25.239999771118	0.14102594554424	-0.50696438550949	65.000000000000	0.00000000000000
25.250000000000	0.13955843448639	-0.50569117069244	65.000000000000	0.00000000000000
25.260000228882	0.13809394836426	-0.50441080331802	65.000000000000	0.00000000000000
25.270000457764	0.13663282990456	-0.50312304496765	65.000000000000	0.00000000000000
25.280000686646	0.13517512381077	-0.50182795524597	65.000000000000	0.00000000000000
25.290000915527	0.13372084498405	-0.50052559375763	65.000000000000	0.00000000000000
25.299999237061	0.13227005302906	-0.49921587109566	65.000000000000	0.00000000000000
25.309999465942	0.13082277774811	-0.49789878726006	65.000000000000	0.00000000000000
25.319999694824	0.12937910854816	-0.49657449126244	65.000000000000	0.00000000000000
25.329999923706	0.12793904542923	-0.49524292349815	65.000000000000	0.00000000000000
25.340000152588	0.12650263309479	-0.49390396475792	65.000000000000	0.00000000000000
25.350000381470	0.12506973743439	-0.49255788326263	65.000000000000	0.00000000000000
25.360000610352	0.12364106625319	-0.49120441079140	65.000000000000	0.00000000000000
25.370000839233	0.12221596390009	-0.48984369635582	65.000000000000	0.00000000000000
25.379999160767	0.12079496681690	-0.48847568035126	65.000000000000	0.00000000000000
25.389999389648	0.11937786638737	-0.48710048198700	65.000000000000	0.00000000000000
25.399999618530	0.11796472221613	-0.48571804165840	65.000000000000	0.00000000000000
25.409999847412	0.11655580997467	-0.48432829976082	65.000000000000	0.00000000000000
25.420000076294	0.11515070497990	-0.48293143510818	65.000000000000	0.00000000000000
25.430000305176	0.11375015974045	-0.48152729868889	65.000000000000	0.00000000000000
25.440000534058	0.11235376447439	-0.48011597990990	65.000000000000	0.00000000000000
25.450000762939	0.11096154153347	-0.47869747877121	65.000000000000	0.00000000000000
25.459999084473	0.10957378894091	-0.47727179527283	65.000000000000	0.00000000000000
25.469999313354	0.10819031298161	-0.47583898901939	65.000000000000	0.00000000000000
25.479999542236	0.10681140422821	-0.47439906001091	65.000000000000	0.00000000000000
25.489999771118	0.10543685406446	-0.47295197844505	65.000000000000	0.00000000000000
25.500000000000	0.10406696051359	-0.47149777412415	65.000000000000	0.00000000000000
25.510000228882	0.10270153731108	-0.47003650665283	65.000000000000	0.00000000000000
25.520000457764	0.10134108364582	-0.46856811642647	65.000000000000	0.00000000000000
25.530000686646	0.099985197186470	-0.46709269285202	65.000000000000	0.00000000000000
25.540000915527	0.098634138703346	-0.46561023592949	65.000000000000	0.00000000000000
25.549999237061	0.097287960350513	-0.46412068605423	65.000000000000	0.00000000000000
25.559999465942	0.095946706831455	-0.46262419223785	65.000000000000	0.00000000000000
25.569999694824	0.094610206782818	-0.46112072467804	65.000000000000	0.00000000000000
25.579999923706	0.093278944492340	-0.45961025357246	65.000000000000	0.00000000000000
25.590000152588	0.091952309012413	-0.45809289813042	65.000000000000	0.00000000000000
25.600000381470	0.090631440281868	-0.45656850934029	65.000000000000	0.00000000000000
25.610000610352	0.089315079152584	-0.45503732562065	65.000000000000	0.00000000000000
25.620000839233	0.088004566729069	-0.45349919795990	65.000000000000	0.00000000000000
25.629999160767	0.086698874831200	-0.45195424556732	65.000000000000	0.00000000000000
25.639999389648	0.085398472845554	-0.45040249824524	65.000000000000	0.00000000000000
25.649999618530	0.084103628993034	-0.44884389638901	65.000000000000	0.00000000000000
25.659999847412	0.082814164459705	-0.44727852940559	65.000000000000	0.00000000000000
25.670000076294	0.081530347466469	-0.44570636749268	65.000000000000	0.00000000000000
25.680000305176	0.080252006649971	-0.44412747025490	65.000000000000	0.00000000000000
25.690000534058	0.078979186713696	-0.44254189729691	65.000000000000	0.00000000000000
25.700000762939	0.077711924910545	-0.44094964861870	65.000000000000	0.00000000000000
25.709999084473	0.076450489461422	-0.43935072422028	65.000000000000	0.00000000000000
25.719999313354	0.075194709002972	-0.43774521350861	65.000000000000	0.00000000000000
25.729999542236	0.073944844305515	-0.43613308668137	65.000000000000	0.00000000000000
25.739999771118	0.072700716555119	-0.43451443314552	65.000000000000	0.00000000000000
25.750000000000	0.071462593972683	-0.43288919329643	65.000000000000	0.00000000000000
25.760000228882	0.070230089128017	-0.43125751614571	65.000000000000	0.00000000000000
25.770000457764	0.069003880023956	-0.42961931228638	65.000000000000	0.00000000000000
25.780000686646	0.067783586680889	-0.42797470092773	65.000000000000	0.00000000000000
25.790000915527	0.066569663584232	-0.42632362246513	65.000000000000	0.00000000000000
25.799999237061	0.065361656248569	-0.42466616630554	65.000000000000	0.00000000000000
25.809999465942	0.064159899950027	-0.42300242185593	65.000000000000	0.00000000000000
25.819999694824	0.062964439392090	-0.42133232951164	65.000000000000	0.00000000000000
25.829999923706	0.061775330454111	-0.41965600848198	65.000000000000	0.00000000000000
25.840000152588	0.060592494904995	-0.41797339916229	65.000000000000	0.00000000000000
25.850000381470	0.059415981173515	-0.41628459095955	65.000000000000	0.00000000000000
25.860000610352	0.058246035128832	-0.41458961367607	65.000000000000	0.00000000000000
25.870000839233	0.057082500308752	-0.41288849711418	65.000000000000	0.00000000000000
25.879999160767	0.055925611406565	-0.41118127107620	65.000000000000	0.00000000000000
25.889999389648	0.054775308817625	-0.40946799516678	65.000000000000	0.00000000000000
25.899999618530	0.053631536662579	-0.40774866938591	65.000000000000	0.00000000000000
25.909999847412	0.052494537085295	-0.40602341294289	65.000000000000	0.00000000000000
25.920000076294	0.051364250481129	-0.40429216623306	65.000000000000	0.00000000000000
25.930000305176	0.050240714102983	-0.40255498886108	65.000000000000	0.00000000000000
25.940000534058	0.049124065786600	-0.40081197023392	65.000000000000	0.00000000000000
25.950000762939	0.048014152795076	-0.39906316995621	65.000000000000	0.00000000000000
25.959999084473	0.046911302953959	-0.39730852842331	65.000000000000	0.00000000000000
25.969999313354	0.045815359801054	-0.39554810523987	65.000000000000	0.00000000000000
25.979999542236	0.044726371765137	-0.39378201961517	65.000000000000	0.00000000000000
25.989999771118	0.043644372373819	-0.39201027154922	65.000000000000	0.00000000000000
26.000000000000	0.042569585144520	-0.39023286104202	65.000000000000	0.00000000000000
26.010000228882	0.041501864790916	-0.38844990730286	65.000000000000	0.00000000000000
26.020000457764	0.040441431105137	-0.38666138052940	65.000000000000	0.00000000000000
26.030000686646	0.039388142526150	-0.38486739993095	65.000000000000	0.00000000000000
26.040000915527	0.038342028856277	-0.38306793570518	65.000000000000	0.00000000000000
26.049999237061	0.037303321063519	-0.38126310706139	65.000000000000	0.00000000000000
26.059999465942	0.036272045224905	-0.37945282459259	65.000000000000	0.00000000000000
26.069999694824	0.035247970372438	-0.37763729691505	65.000000000000	0.00000000000000
26.079999923706	0.034231401979923	-0.37581649422646	65.000000000000	0.00000000000000
26.090000152588	0.033222284168005	-0.37399044632912	65.000000000000	0.00000000000000
26.100000381470	0.032220657914877	-0.37215921282768	65.000000000000	0.00000000000000
26.110000610352	0.031226646155119	-0.37032285332680	65.000000000000	0.00000000000000
26.120000839233	0.030240103602409	-0.36848139762878	65.000000000000	0.00000000000000
26.129999160767	0.029261242598295	-0.36663487553596	65.000000000000	0.00000000000000
26.139999389648	0.028290009126067	-0.36478343605995	65.000000000000	0.00000000000000
26.149999618530	0.027326527982950	-0.36292698979378	65.000000000000	0.00000000000000
26.159999847412	0.026370825245976	-0.36106568574905	65.000000000000	0.00000000000000
26.170000076294	0.025422768667340	-0.35919949412346	65.000000000000	0.00000000000000
26.180000305176	0.024482561275363	-0.35732853412628	65.000000000000	0.00000000000000
26.190000534058	0.023550234735012	-0.35545283555984	65.000000000000	0.00000000000000
26.200000762939	0.022625818848610	-0.35357239842415	65.000000000000	0.00000000000000
26.209999084473	0.021709185093641	-0.35168734192848	65.000000000000	0.00000000000000
26.219999313354	0.020800527185202	-0.34979766607285	65.000000000000	0.00000000000000
26.229999542236	0.019899874925613	-0.34790340065956	65.000000000000	0.00000000000000
26.239999771118	0.019007265567780	-0.34600472450256	65.000000000000	0.00000000000000
26.250000000000	0.018122727051377	-0.34410157799721	65.000000000000	0.00000000000000
26.260000228882	0.017246205359697	-0.34219402074814	65.000000000000	0.00000000000000
26.270000457764	0.016377814114094	-0.34028208255768	65.000000000000	0.00000000000000
26.280000686646	0.015517584048212	-0.33836591243744	65.000000000000	0.00000000000000
26.290000915527	0.014665545895696	-0.33644548058510	65.000000000000	0.00000000000000
26.299999237061	0.013821646571159	-0.33452087640762	65.000000000000	0.00000000000000
26.309999465942	0.012985995970666	-0.33259212970734	65.000000000000	0.00000000000000
26.319999694824	0.012158622033894	-0.33065932989120	65.000000000000	0.00000000000000
26.329999923706	0.011339553631842	-0.32872244715691	65.000000000000	0.00000000000000
26.340000152588	0.010528817772865	-0.32678163051605	65.000000000000	0.00000000000000
26.350000381470	0.0097263669595122	-0.32483690977097	65.000000000000	0.00000000000000
26.360000610352	0.0089323036372662	-0.32288828492165	65.000000000000	0.00000000000000
26.370000839233	0.0081467339769006	-0.32093587517738	65.000000000000	0.00000000000000
26.379999160767	0.0073694535531104	-0.31897971034050	65.000000000000	0.00000000000000
26.389999389648	0.0066007189452648	-0.31701985001564	65.000000000000	0.00000000000000
26.399999618530	0.0058404789306223	-0.31505635380745	65.000000000000	0.00000000000000
26.409999847412	0.0050886850804090	-0.31308925151825	65.000000000000	0.00000000000000
26.420000076294	0.0043454375118017	-0.31111860275269	65.000000000000	0.00000000000000
26.430000305176	0.0036108363419771	-0.30914449691772	65.000000000000	0.00000000000000
26.440000534058	0.0028847572393715	-0.30716693401337	65.000000000000	0.00000000000000
26.450000762939	0.0021672265138477	-0.30518603324890	65.000000000000	0.00000000000000
26.459999084473	0.0014584141317755	-0.30320179462433	65.000000000000	0.00000000000000
26.469999313354	0.00075812719296664	-0.30121430754662	65.000000000000	0.00000000000000
26.479999542236	6.6605854954105e-05	-0.29922366142273	65.000000000000	0.00000000000000
26.489999771118	-0.00061619916232303	-0.29722988605499	65.000000000000	0.00000000000000
26.500000000000	-0.0012903353199363	-0.29523301124573	65.000000000000	0.00000000000000
26.510000228882	-0.0019557790365070	-0.29323306679726	65.000000000000	0.00000000000000
26.520000457764	-0.0026124368887395	-0.29123020172119	65.000000000000	0.00000000000000
26.530000686646	-0.0032603563740849	-0.28922441601753	65.000000000000	0.00000000000000
26.540000915527	-0.0038994457572699	-0.28721573948860	65.000000000000	0.00000000000000
26.549999237061	-0.0045298207551241	-0.28520429134369	65.000000000000	0.00000000000000
26.559999465942	-0.0051513221114874	-0.28319010138512	65.000000000000	0.00000000000000
26.569999694824	-0.0057639298029244	-0.28117325901985	65.000000000000	0.00000000000000
26.579999923706	-0.0063677555881441	-0.27915373444557	65.000000000000	0.00000000000000
26.590000152588	-0.0069626457989216	-0.27713170647621	65.000000000000	0.00000000000000
26.600000381470	-0.0075487126596272	-0.27510711550713	65.000000000000	0.00000000000000
26.610000610352	-0.0081258034333587	-0.27308011054993	65.000000000000	0.00000000000000
26.620000839233	-0.0086940266191959	-0.27105069160461	65.000000000000	0.00000000000000
26.629999160767	-0.0092533659189939	-0.26901897788048	65.000000000000	0.00000000000000
26.639999389648	-0.0098036685958505	-0.26698499917984	65.000000000000	0.00000000000000
26.649999618530	-0.010345044545829	-0.26494875550270	65.000000000000	0.00000000000000
26.659999847412	-0.010877474211156	-0.26291036605835	65.000000000000	0.00000000000000
26.670000076294	-0.011400938034058	-0.26086992025375	65.000000000000	0.00000000000000
26.680000305176	-0.011915415525436	-0.25882738828659	65.000000000000	0.00000000000000
26.690000534058	-0.012420887127519	-0.25678288936615	65.000000000000	0.00000000000000
26.700000762939	-0.012917335145175	-0.25473648309708	65.000000000000	0.00000000000000
26.709999084473	-0.013404679484665	-0.25268816947937	65.000000000000	0.00000000000000
26.719999313354	-0.013883084990084	-0.25063809752464	65.000000000000	0.00000000000000
26.729999542236	-0.014352469705045	-0.24858628213406	65.000000000000	0.00000000000000
26.739999771118	-0.014812756329775	-0.24653275310993	65.000000000000	0.00000000000000
26.750000000000	-0.015263986773789	-0.24447759985924	65.000000000000	0.00000000000000
26.760000228882	-0.015706200152636	-0.24242091178894	65.000000000000	0.00000000000000
26.770000457764	-0.016139321029186	-0.24036267399788	65.000000000000	0.00000000000000
26.780000686646	-0.016563385725021	-0.23830299079418	65.000000000000	0.00000000000000
26.790000915527	-0.016978321596980	-0.23624193668365	65.000000000000	0.00000000000000
26.799999237061	-0.017384221777320	-0.23417954146862	65.000000000000	0.00000000000000
26.809999465942	-0.017780959606171	-0.23211587965488	65.000000000000	0.00000000000000
26.819999694824	-0.018168680369854	-0.23005099594593	65.000000000000	0.00000000000000
26.829999923706	-0.018547259271145	-0.22798496484756	65.000000000000	0.00000000000000
26.840000152588	-0.018916780129075	-0.22591784596443	65.000000000000	0.00000000000000
26.850000381470	-0.019277229905128	-0.22384963929653	65.000000000000	0.00000000000000
26.860000610352	-0.019628481939435	-0.22178049385548	65.000000000000	0.00000000000000
26.870000839233	-0.019970677793026	-0.21971042454243	65.000000000000	0.00000000000000
26.879999160767	-0.020303795114160	-0.21763949096203	65.000000000000	0.00000000000000
26.889999389648	-0.020627716556191	-0.21556775271893	65.000000000000	0.00000000000000
26.899999618530	-0.020942576229572	-0.21349526941776	65.000000000000	0.00000000000000
26.909999847412	-0.021248349919915	-0.21142208576202	65.000000000000	0.00000000000000
26.920000076294	-0.021545026451349	-0.20934830605984	65.000000000000	0.00000000000000
26.930000305176	-0.021832577884197	-0.20727393031120	65.000000000000	0.00000000000000
26.940000534058	-0.022110991179943	-0.20519904792309	65.000000000000	0.00000000000000
26.950000762939	-0.022380342707038	-0.20312371850014	65.000000000000	0.00000000000000
26.959999084473	-0.022640610113740	-0.20104800164700	65.000000000000	0.00000000000000
26.969999313354	-0.022891771048307	-0.19897192716599	65.000000000000	0.00000000000000
26.979999542236	-0.023133808746934	-0.19689558446407	65.000000000000	0.00000000000000
26.989999771118	-0.023366792127490	-0.19481901824474	65.000000000000	0.00000000000000
27.000000000000	-0.023590700700879	-0.19274227321148	65.000000000000	0.00000000000000
27.010000228882	-0.023805512115359	-0.19066543877125	65.000000000000	0.00000000000000
27.020000457764	-0.024011295288801	-0.18858854472637	65.000000000000	0.00000000000000
27.030000686646	-0.024207934737206	-0.18651166558266	65.000000000000	0.00000000000000
27.040000915527	-0.024395583197474	-0.18443486094475	65.000000000000	0.00000000000000
27.049999237061	-0.024574175477028	-0.18235817551613	65.000000000000	0.00000000000000
27.059999465942	-0.024743726477027	-0.18028165400028	65.000000000000	0.00000000000000
27.069999694824	-0.024904249235988	-0.17820537090302	65.000000000000	0.00000000000000
27.079999923706	-0.025055682286620	-0.17612938582897	65.000000000000	0.00000000000000
27.090000152588	-0.025198161602020	-0.17405375838280	65.000000000000	0.00000000000000
27.100000381470	-0.025331577286124	-0.17197851836681	65.000000000000	0.00000000000000
27.110000610352	-0.025456059724092	-0.16990375518799	65.000000000000	0.00000000000000
27.120000839233	-0.025571499019861	-0.16782951354980	65.000000000000	0.00000000000000
27.129999160767	-0.025678021833301	-0.16575582325459	65.000000000000	0.00000000000000
27.139999389648	-0.025775516405702	-0.16368275880814	65.000000000000	0.00000000000000
27.149999618530	-0.025864105671644	-0.16161040961742	65.000000000000	0.00000000000000
27.159999847412	-0.025943750515580	-0.15953877568245	65.000000000000	0.00000000000000
27.170000076294	-0.026014417409897	-0.15746796131134	65.000000000000	0.00000000000000
27.180000305176	-0.026076212525368	-0.15539798140526	65.000000000000	0.00000000000000
27.190000534058	-0.026129100471735	-0.15332891047001	65.000000000000	0.00000000000000
27.200000762939	-0.026173109188676	-0.15126077830791	65.000000000000	0.00000000000000
27.209999084473	-0.026208193972707	-0.14919367432594	65.000000000000	0.00000000000000
27.219999313354	-0.026234451681376	-0.14712762832642	65.000000000000	0.00000000000000
27.229999542236	-0.026251869276166	-0.14506272971630	65.000000000000	0.00000000000000
27.239999771118	-0.026260429993272	-0.14299897849560	65.000000000000	0.00000000000000
27.250000000000	-0.026260217651725	-0.14093646407127	65.000000000000	0.00000000000000
27.260000228882	-0.026251176372170	-0.13887524604797	65.000000000000	0.00000000000000
27.270000457764	-0.026233352720737	-0.13681535422802	65.000000000000	0.00000000000000
27.280000686646	-0.026206772774458	-0.13475683331490	65.000000000000	0.00000000000000
27.290000915527	-0.026171445846558	-0.13269978761673	65.000000000000	0.00000000000000
27.299999237061	-0.026127425953746	-0.13064420223236	65.000000000000	0.00000000000000
27.309999465942	-0.026074644178152	-0.12859018146992	65.000000000000	0.00000000000000
27.319999694824	-0.026013210415840	-0.12653775513172	65.000000000000	0.00000000000000
27.329999923706	-0.025943044573069	-0.12448697537184	65.000000000000	0.00000000000000
27.340000152588	-0.025864271447062	-0.12243788689375	65.000000000000	0.00000000000000
27.350000381470	-0.025776837021112	-0.12039057165384	65.000000000000	0.00000000000000
27.360000610352	-0.025680847465992	-0.11834504455328	65.000000000000	0.00000000000000
27.370000839233	-0.025576202198863	-0.11630137264729	65.000000000000	0.00000000000000
27.379999160767	-0.025462998077273	-0.11425961554050	65.000000000000	0.00000000000000
27.389999389648	-0.025341259315610	-0.11221980303526	65.000000000000	0.00000000000000
27.399999618530	-0.025210952386260	-0.11018200963736	65.000000000000	0.00000000000000
27.409999847412	-0.025072166696191	-0.10814625024796	65.000000000000	0.00000000000000
27.420000076294	-0.024924926459789	-0.10611260682344	65.000000000000	0.00000000000000
27.430000305176	-0.024769194424152	-0.10408112406731	65.000000000000	0.00000000000000
27.440000534058	-0.024604998528957	-0.10205182433128	65.000000000000	0.00000000000000
27.450000762939	-0.024432409554720	-0.10002479702234	65.000000000000	0.00000000000000
27.459999084473	-0.024251446127892	-0.098000064492226	65.000000000000	0.00000000000000
27.469999313354	-0.024062078446150	-0.095977671444416	65.000000000000	0.00000000000000
27.479999542236	-0.023864414542913	-0.093957677483559	65.000000000000	0.00000000000000
27.489999771118	-0.023658389225602	-0.091940127313137	65.000000000000	0.00000000000000
27.500000000000	-0.023444078862667	-0.089925073087215	65.000000000000	0.00000000000000
27.510000228882	-0.023221509531140	-0.087912552058697	65.000000000000	0.00000000000000
27.520000457764	-0.022990692406893	-0.085902608931065	65.000000000000	0.00000000000000
27.530000686646	-0.022751634940505	-0.083895310759544	65.000000000000	0.00000000000000
27.540000915527	-0.022504437714815	-0.081890687346458	65.000000000000	0.00000000000000
27.549999237061	-0.022249029949307	-0.079888775944710	65.000000000000	0.00000000000000
27.559999465942	-0.021985493600368	-0.077889643609524	65.000000000000	0.00000000000000
27.569999694824	-0.021713871508837	-0.075893327593803	65.000000000000	0.00000000000000
27.579999923706	-0.021434132009745	-0.073899865150452	65.000000000000	0.00000000000000
27.590000152588	-0.021146381273866	-0.071909308433533	65.000000000000	0.00000000000000
27.600000381470	-0.020850555971265	-0.069921702146530	65.000000000000	0.00000000000000
27.610000610352	-0.020546754822135	-0.067937083542347	65.000000000000	0.00000000000000
27.620000839233	-0.020234992727637	-0.065955512225628	65.000000000000	0.00000000000000
27.629999160767	-0.019915290176868	-0.063977010548115	65.000000000000	0.00000000000000
27.639999389648	-0.019587662070990	-0.062001630663872	65.000000000000	0.00000000000000
27.649999618530	-0.019252166152000	-0.060029424726963	65.000000000000	0.00000000000000
27.659999847412	-0.018908811733127	-0.058060422539711	65.000000000000	0.00000000000000
27.670000076294	-0.018557630479336	-0.056094668805599	65.000000000000	0.00000000000000
27.680000305176	-0.018198670819402	-0.054132215678692	65.000000000000	0.00000000000000
27.690000534058	-0.017831938341260	-0.052173092961311	65.000000000000	0.00000000000000
27.700000762939	-0.017457485198975	-0.050217349082232	65.000000000000	0.00000000000000
27.709999084473	-0.017075316980481	-0.048265017569065	65.000000000000	0.00000000000000
27.719999313354	-0.016685502603650	-0.046316143125296	65.000000000000	0.00000000000000
27.729999542236	-0.016288043931127	-0.044370770454407	65.000000000000	0.00000000000000
27.739999771118	-0.015882978215814	-0.042428929358721	65.000000000000	0.00000000000000
27.750000000000	-0.015470346435905	-0.040490671992302	65.000000000000	0.00000000000000
27.760000228882	-0.015050174668431	-0.038556028157473	65.000000000000	0.00000000000000
27.770000457764	-0.014622492715716	-0.036625042557716	65.000000000000	0.00000000000000
27.780000686646	-0.014187336899340	-0.034697752445936	65.000000000000	0.00000000000000
27.790000915527	-0.013744745403528	-0.032774195075035	65.000000000000	0.00000000000000
27.799999237061	-0.013294743373990	-0.030854405835271	65.000000000000	0.00000000000000
27.809999465942	-0.012837367132306	-0.028938429430127	65.000000000000	0.00000000000000
27.819999694824	-0.012372644618154	-0.027026297524571	65.000000000000	0.00000000000000
27.829999923706	-0.011900614947081	-0.025118052959442	65.000000000000	0.00000000000000
27.840000152588	-0.011421315371990	-0.023213725537062	65.000000000000	0.00000000000000
27.850000381470	-0.010934782214463	-0.021313354372978	65.000000000000	0.00000000000000
27.860000610352	-0.010441053658724	-0.019416969269514	65.000000000000	0.00000000000000
27.870000839233	-0.0099401380866766	-0.017524622380733	65.000000000000	0.00000000000000
27.879999160767	-0.0094320951029658	-0.015636336058378	65.000000000000	0.00000000000000
27.889999389648	-0.0089169554412365	-0.013752146624029	65.000000000000	0.00000000000000
27.899999618530	-0.0083947535604239	-0.011872090399265	65.000000000000	0.00000000000000
27.909999847412	-0.0078655211254954	-0.0099962018430233	65.000000000000	0.00000000000000
27.920000076294	-0.0073292925953865	-0.0081245182082057	65.000000000000	0.00000000000000
27.930000305176	-0.0067861094139516	-0.0062570697627962	65.000000000000	0.00000000000000
27.940000534058	-0.0062360060401261	-0.0043938877061009	65.000000000000	0.00000000000000
27.950000762939	-0.0056790160015225	-0.0025350088253617	65.000000000000	0.00000000000000
27.959999084473	-0.0051151770167053	-0.00068046461092308	65.000000000000	0.00000000000000
27.969999313354	-0.0045445268042386	0.0011697147274390	65.000000000000	0.00000000000000
27.979999542236	-0.0039671016857028	0.0030154932755977	65.000000000000	0.00000000000000
27.989999771118	-0.0033829375170171	0.0048568425700068	65.000000000000	0.00000000000000
28.000000000000	-0.0027920708525926	0.0066937296651304	65.000000000000	0.00000000000000
28.010000228882	-0.0021945391781628	0.0085261249914765	65.000000000000	0.00000000000000
28.020000457764	-0.0015903798630461	0.010353997349739	65.000000000000	0.00000000000000
28.030000686646	-0.00097963225562125	0.012177315540612	65.000000000000	0.00000000000000
28.040000915527	-0.00036232802085578	0.013996050693095	65.000000000000	0.00000000000000
28.049999237061	0.00026148580946028	0.015810173004866	65.000000000000	0.00000000000000
28.059999465942	0.00089178071357310	0.017619654536247	65.000000000000	0.00000000000000
28.069999694824	0.0015285090776160	0.019424462690949	65.000000000000	0.00000000000000
28.079999923706	0.0021716463379562	0.021224573254585	65.000000000000	0.00000000000000
28.090000152588	0.0028211455792189	0.023019956424832	65.000000000000	0.00000000000000
28.100000381470	0.0034769675694406	0.024810582399368	65.000000000000	0.00000000000000
28.110000610352	0.0041390778496861	0.026596428826451	65.000000000000	0.00000000000000
28.120000839233	0.0048074293881655	0.028377464041114	65.000000000000	0.00000000000000
28.129999160767	0.0054820040240884	0.030153661966324	65.000000000000	0.00000000000000
28.139999389648	0.0061627412214875	0.031924996525049	65.000000000000	0.00000000000000
28.149999618530	0.0068496149033308	0.033691443502903	65.000000000000	0.00000000000000
28.159999847412	0.0075425715185702	0.035452976822853	65.000000000000	0.00000000000000
28.170000076294	0.0082415901124477	0.037209566682577	65.000000000000	0.00000000000000
28.180000305176	0.0089466208592057	0.038961194455624	65.000000000000	0.00000000000000
28.190000534058	0.0096576279029250	0.040707830339670	65.000000000000	0.00000000000000
28.200000762939	0.010374571196735	0.042449448257685	65.000000000000	0.00000000000000
28.209999084473	0.011097424663603	0.044186033308506	65.000000000000	0.00000000000000
28.219999313354	0.011826121248305	0.045917555689812	65.000000000000	0.00000000000000
28.229999542236	0.012560640461743	0.047643989324570	65.000000000000	0.00000000000000
28.239999771118	0.013300946913660	0.049365315586329	65.000000000000	0.00000000000000
28.250000000000	0.014046985656023	0.051081515848637	65.000000000000	0.00000000000000
28.260000228882	0.014798723161221	0.052792556583881	65.000000000000	0.00000000000000
28.270000457764	0.015556124970317	0.054498419165611	65.000000000000	0.00000000000000
28.280000686646	0.016319137066603	0.056199088692665	65.000000000000	0.00000000000000
28.290000915527	0.017087735235691	0.057894542813301	65.000000000000	0.00000000000000
28.299999237061	0.017861882224679	0.059584755450487	65.000000000000	0.00000000000000
28.309999465942	0.018641525879502	0.061269711703062	65.000000000000	0.00000000000000
28.319999694824	0.019426614046097	0.062949381768703	65.000000000000	0.00000000000000
28.329999923706	0.020217141136527	0.064623765647411	65.000000000000	0.00000000000000
28.340000152588	0.021013053134084	0.066292807459831	65.000000000000	0.00000000000000
28.350000381470	0.021814292296767	0.067956529557705	65.000000000000	0.00000000000000
28.360000610352	0.022620847448707	0.069614887237549	65.000000000000	0.00000000000000
28.370000839233	0.023432632908225	0.071267873048782	65.000000000000	0.00000000000000
28.379999160767	0.024249671027064	0.072915464639664	65.000000000000	0.00000000000000
28.389999389648	0.025071876123548	0.074557632207870	65.000000000000	0.00000000000000
28.399999618530	0.025899212807417	0.076194383203983	65.000000000000	0.00000000000000
28.409999847412	0.026731645688415	0.077825680375099	65.000000000000	0.00000000000000
28.420000076294	0.027569169178605	0.079451508820057	65.000000000000	0.00000000000000
28.430000305176	0.028411677107215	0.081071868538857	65.000000000000	0.00000000000000
28.440000534058	0.029259175062180	0.082686722278595	65.000000000000	0.00000000000000
28.450000762939	0.030111609026790	0.084296077489853	65.000000000000	0.00000000000000
28.459999084473	0.030968949198723	0.085899882018566	65.000000000000	0.00000000000000
28.469999313354	0.031831141561270	0.087498158216476	65.000000000000	0.00000000000000
28.479999542236	0.032698135823011	0.089090868830681	65.000000000000	0.00000000000000
28.489999771118	0.033569924533367	0.090678006410599	65.000000000000	0.00000000000000
28.500000000000	0.034446440637112	0.092259570956230	65.000000000000	0.00000000000000
28.510000228882	0.035327672958374	0.093835517764091	65.000000000000	0.00000000000000
28.520000457764	0.036213535815477	0.095405854284763	65.000000000000	0.00000000000000
28.530000686646	0.037104032933712	0.096970565617085	65.000000000000	0.00000000000000
28.540000915527	0.037999086081982	0.098529636859894	65.000000000000	0.00000000000000
28.549999237061	0.038898684084415	0.10008305311203	65.000000000000	0.00000000000000
28.559999465942	0.039802767336369	0.10163079947233	65.000000000000	0.00000000000000
28.569999694824	0.040711320936680	0.10317286849022	65.000000000000	0.00000000000000
28.579999923706	0.041624303907156	0.10470923781395	65.000000000000	0.00000000000000
28.590000152588	0.042541611939669	0.10623992979527	65.000000000000	0.00000000000000
28.600000381470	0.043463278561831	0.10776489973068	65.000000000000	0.00000000000000
28.610000610352	0.044389255344868	0.10928414016962	65.000000000000	0.00000000000000
28.620000839233	0.045319508761168	0.11079762130976	65.000000000000	0.00000000000000
28.629999160767	0.046253867447376	0.11230541765690	65.000000000000	0.00000000000000
28.639999389648	0.047192502766848	0.11380741000175	65.000000000000	0.00000000000000
28.649999618530	0.048135198652744	0.11530368030071	65.000000000000	0.00000000000000
28.659999847412	0.049082092940807	0.11679411679506	65.000000000000	0.00000000000000
28.670000076294	0.050032977014780	0.11827880889177	65.000000000000	0.00000000000000
28.680000305176	0.050987839698792	0.11975772678852	65.000000000000	0.00000000000000
28.690000534058	0.051946733146906	0.12123081088066	65.000000000000	0.00000000000000
28.700000762939	0.052909571677446	0.12269809842110	65.000000000000	0.00000000000000
28.709999084473	0.053876228630543	0.12415958940983	65.000000000000	0.00000000000000
28.719999313354	0.054846856743097	0.12561520934105	65.000000000000	0.00000000000000
28.729999542236	0.055821169167757	0.12706506252289	65.000000000000	0.00000000000000
28.739999771118	0.056799318641424	0.12850905954838	65.000000000000	0.00000000000000
28.750000000000	0.057781200855970	0.12994721531868	65.000000000000	0.00000000000000
28.760000228882	0.058766797184944	0.13137951493263	65.000000000000	0.00000000000000
28.770000457764	0.059756070375443	0.13280594348907	65.000000000000	0.00000000000000
28.780000686646	0.060748945921659	0.13422651588917	65.000000000000	0.00000000000000
28.790000915527	0.061745319515467	0.13564124703407	65.000000000000	0.00000000000000
28.799999237061	0.062745325267315	0.13705009222031	65.000000000000	0.00000000000000
28.809999465942	0.063748799264431	0.13845306634903	65.000000000000	0.00000000000000
28.819999694824	0.064755797386169	0.13985012471676	65.000000000000	0.00000000000000
28.829999923706	0.065766170620918	0.14124132692814	65.000000000000	0.00000000000000
28.840000152588	0.066779926419258	0.14262664318085	65.000000000000	0.00000000000000
28.850000381470	0.067797042429447	0.14400605857372	65.000000000000	0.00000000000000
28.860000610352	0.068817444145679	0.14537957310677	65.000000000000	0.00000000000000
28.870000839233	0.069841131567955	0.14674720168114	65.000000000000	0.00000000000000
28.879999160767	0.070868037641048	0.14810891449451	65.000000000000	0.00000000000000
28.889999389648	0.071898162364960	0.14946472644806	65.000000000000	0.00000000000000
28.899999618530	0.072931423783302	0.15081462264061	65.000000000000	0.00000000000000
28.909999847412	0.073967769742012	0.15215864777565	65.000000000000	0.00000000000000
28.920000076294	0.075007274746895	0.15349671244621	65.000000000000	0.00000000000000
28.930000305176	0.076049789786339	0.15482886135578	65.000000000000	0.00000000000000
28.940000534058	0.077095344662666	0.15615509450436	65.000000000000	0.00000000000000
28.950000762939	0.078143790364265	0.15747545659542	65.000000000000	0.00000000000000
28.959999084473	0.079195208847523	0.15878985822201	65.000000000000	0.00000000000000
28.969999313354	0.080249540507793	0.16009832918644	65.000000000000	0.00000000000000
28.979999542236	0.081306658685207	0.16140092909336	65.000000000000	0.00000000000000
28.989999771118	0.082366578280926	0.16269762814045	65.000000000000	0.00000000000000
29.000000000000	0.083429291844368	0.16398836672306	65.000000000000	0.00000000000000
29.010000228882	0.084494858980179	0.16527317464352	65.000000000000	0.00000000000000
29.020000457764	0.085563048720360	0.16655209660530	65.000000000000	0.00000000000000
29.030000686646	0.086633868515491	0.16782510280609	65.000000000000	0.00000000000000
29.040000915527	0.087707437574863	0.16909214854240	65.000000000000	0.00000000000000
29.049999237061	0.088783457875252	0.17035333812237	65.000000000000	0.00000000000000
29.059999465942	0.089862123131752	0.17160859704018	65.000000000000	0.00000000000000
29.069999694824	0.090943358838558	0.17285789549351	65.000000000000	0.00000000000000
29.079999923706	0.092027060687542	0.17410132288933	65.000000000000	0.00000000000000
29.090000152588	0.093113064765930	0.17533886432648	65.000000000000	0.00000000000000
29.100000381470	0.094201631844044	0.17657049000263	65.000000000000	0.00000000000000
29.110000610352	0.095292568206787	0.17779619991779	65.000000000000	0.00000000000000
29.120000839233	0.096385784447193	0.17901603877544	65.000000000000	0.00000000000000
29.129999160767	0.097481369972229	0.18022996187210	65.000000000000	0.00000000000000
29.139999389648	0.098579175770283	0.18143801391125	65.000000000000	0.00000000000000
29.149999618530	0.099679246544838	0.18264015018940	65.000000000000	0.00000000000000
29.159999847412	0.10078153759241	0.18383643031120	65.000000000000	0.00000000000000
29.170000076294	0.10188599675894	0.18502680957317	65.000000000000	0.00000000000000
29.180000305176	0.10299256443977	0.18621133267879	65.000000000000	0.00000000000000
29.190000534058	0.10410129278898	0.18738996982574	65.000000000000	0.00000000000000
29.200000762939	0.10521199554205	0.18856275081635	65.000000000000	0.00000000000000
29.209999084473	0.10632477700710	0.18972967565060	65.000000000000	0.00000000000000
29.219999313354	0.10743953287601	0.19089072942734	65.000000000000	0.00000000000000
29.229999542236	0.10855626314878	0.19204594194889	65.000000000000	0.00000000000000
29.239999771118	0.10967492312193	0.19319531321526	65.000000000000	0.00000000000000
29.250000000000	0.11079548299313	0.19433885812759	65.000000000000	0.00000000000000
29.260000228882	0.11191787570715	0.19547656178474	65.000000000000	0.00000000000000
29.270000457764	0.11304211616516	0.19660840928555	65.000000000000	0.00000000000000
29.280000686646	0.11416811496019	0.19773447513580	65.000000000000	0.00000000000000
29.290000915527	0.11529596894979	0.19885468482971	65.000000000000	0.00000000000000
29.299999237061	0.11642543226480	0.19996912777424	65.000000000000	0.00000000000000
29.309999465942	0.11755664646626	0.20107777416706	65.000000000000	0.00000000000000
29.319999694824	0.11868951469660	0.20218059420586	65.000000000000	0.00000000000000
29.329999923706	0.11982399225235	0.20327767729759	65.000000000000	0.00000000000000
29.340000152588	0.12096010893583	0.20436893403530	65.000000000000	0.00000000000000
29.350000381470	0.12209775298834	0.20545443892479	65.000000000000	0.00000000000000
29.360000610352	0.12323695421219	0.20653417706490	65.000000000000	0.00000000000000
29.370000839233	0.12437763065100	0.20760816335678	65.000000000000	0.00000000000000
29.379999160767	0.12551979720592	0.20867641270161	65.000000000000	0.00000000000000
29.389999389648	0.12666338682175	0.20973892509937	65.000000000000	0.00000000000000
29.399999618530	0.12780840694904	0.21079568564892	65.000000000000	0.00000000000000
29.409999847412	0.12895476818085	0.21184675395489	65.000000000000	0.00000000000000
29.420000076294	0.13010241091251	0.21289211511612	65.000000000000	0.00000000000000
29.430000305176	0.13125149905682	0.21393173933029	65.000000000000	0.00000000000000
29.440000534058	0.13240177929401	0.21496570110321	65.000000000000	0.00000000000000
29.450000762939	0.13355335593224	0.21599397063255	65.000000000000	0.00000000000000
29.459999084473	0.13470610976219	0.21701654791832	65.000000000000	0.00000000000000
29.469999313354	0.13586005568504	0.21803349256516	65.000000000000	0.00000000000000
29.479999542236	0.13701517879963	0.21904477477074	65.000000000000	0.00000000000000
29.489999771118	0.13817141950130	0.22005042433739	65.000000000000	0.00000000000000
29.500000000000	0.13932882249355	0.22105044126511	65.000000000000	0.00000000000000
29.510000228882	0.14048720896244	0.22204482555389	65.000000000000	0.00000000000000
29.520000457764	0.14164666831493	0.22303357720375	65.000000000000	0.00000000000000
29.530000686646	0.14280709624290	0.22401674091816	65.000000000000	0.00000000000000
29.540000915527	0.14396855235100	0.22499431669712	65.000000000000	0.00000000000000
29.549999237061	0.14513097703457	0.22596630454063	65.000000000000	0.00000000000000
29.559999465942	0.14629428088665	0.22693274915218	65.000000000000	0.00000000000000
29.569999694824	0.14745847880840	0.22789360582829	65.000000000000	0.00000000000000
29.579999923706	0.14862360060215	0.22884893417358	65.000000000000	0.00000000000000
29.590000152588	0.14978951215744	0.22979873418808	65.000000000000	0.00000000000000
29.600000381470	0.15095622837543	0.23074302077293	65.000000000000	0.00000000000000
29.610000610352	0.15212374925613	0.23168176412582	65.000000000000	0.00000000000000
29.620000839233	0.15329203009605	0.23261505365372	65.000000000000	0.00000000000000
29.629999160767	0.15446101129055	0.23354279994965	65.000000000000	0.00000000000000
29.639999389648	0.15563069283962	0.23446510732174	65.000000000000	0.00000000000000
29.649999618530	0.15680110454559	0.23538194596767	65.000000000000	0.00000000000000
29.659999847412	0.15797205269337	0.23629334568977	65.000000000000	0.00000000000000
29.670000076294	0.15914370119572	0.23719930648804	65.000000000000	0.00000000000000
29.680000305176	0.16031596064568	0.23809984326363	65.000000000000	0.00000000000000
29.690000534058	0.16148872673512	0.23899495601654	65.000000000000	0.00000000000000
29.700000762939	0.16266199946404	0.23988467454910	65.000000000000	0.00000000000000
29.709999084473	0.16383588314056	0.24076899886131	65.000000000000	0.00000000000000
29.719999313354	0.16501018404961	0.24164798855782	65.000000000000	0.00000000000000
29.729999542236	0.16618499159813	0.24252158403397	65.000000000000	0.00000000000000
29.739999771118	0.16736014187336	0.24338984489441	65.000000000000	0.00000000000000
29.750000000000	0.16853582859039	0.24425277113914	65.000000000000	0.00000000000000
29.760000228882	0.16971181333065	0.24511037766933	65.000000000000	0.00000000000000
29.770000457764	0.17088820040226	0.24596270918846	65.000000000000	0.00000000000000
29.780000686646	0.17206487059593	0.24680970609188	65.000000000000	0.00000000000000
29.790000915527	0.17324188351631	0.24765148758888	65.000000000000	0.00000000000000
29.799999237061	0.17441916465759	0.24848796427250	65.000000000000	0.00000000000000
29.809999465942	0.17559677362442	0.24931916594505	65.000000000000	0.00000000000000
29.819999694824	0.17677451670170	0.25014519691467	65.000000000000	0.00000000000000
29.829999923706	0.17795254290104	0.25096598267555	65.000000000000	0.00000000000000
29.840000152588	0.17913071811199	0.25178155303001	65.000000000000	0.00000000000000
29.850000381470	0.18030905723572	0.25259193778038	65.000000000000	0.00000000000000
29.860000610352	0.18148754537106	0.25339716672897	65.000000000000	0.00000000000000
29.870000839233	0.18266613781452	0.25419721007347	65.000000000000	0.00000000000000
29.879999160767	0.18384481966496	0.25499209761620	65.000000000000	0.00000000000000
29.889999389648	0.18502365052700	0.25578188896179	65.000000000000	0.00000000000000
29.899999618530	0.18620246648788	0.25656655430794	65.000000000000	0.00000000000000
29.909999847412	0.18738132715225	0.25734609365463	65.000000000000	0.00000000000000
29.920000076294	0.18856014311314	0.25812059640884	65.000000000000	0.00000000000000
29.930000305176	0.18973895907402	0.25888997316360	65.000000000000	0.00000000000000
29.940000534058	0.19091771543026	0.25965434312820	65.000000000000	0.00000000000000
29.950000762939	0.19209647178650	0.26041364669800	65.000000000000	0.00000000000000
29.959999084473	0.19327509403229	0.26116794347763	65.000000000000	0.00000000000000
29.969999313354	0.19445364177227	0.26191723346710	65.000000000000	0.00000000000000
29.979999542236	0.19563204050064	0.26266148686409	65.000000000000	0.00000000000000
29.989999771118	0.19681032001972	0.26340079307556	65.000000000000	0.00000000000000
30.000000000000	0.19798837602139	0.26413515210152	65.000000000000	0.00000000000000
30.010000228882	0.19916626811028	0.26486456394196	65.000000000000	0.00000000000000
30.020000457764	0.20034398138523	0.26558902859688	65.000000000000	0.00000000000000
30.030000686646	0.20152139663696	0.26630857586861	65.000000000000	0.00000000000000
30.040000915527	0.20269857347012	0.26702323555946	65.000000000000	0.00000000000000
30.049999237061	0.20387551188469	0.26773300766945	65.000000000000	0.00000000000000
30.059999465942	0.20505212247372	0.26843792200089	65.000000000000	0.00000000000000
30.069999694824	0.20622839033604	0.26913797855377	65.000000000000	0.00000000000000
30.079999923706	0.20740440487862	0.26983320713043	65.000000000000	0.00000000000000
30.090000152588	0.20857998728752	0.27052360773087	65.000000000000	0.00000000000000
30.100000381470	0.20975527167320	0.27120921015739	65.000000000000	0.00000000000000
30.110000610352	0.21093015372753	0.27189004421234	65.000000000000	0.00000000000000
30.120000839233	0.21210461854935	0.27256610989571	65.000000000000	0.00000000000000
30.129999160767	0.21327857673168	0.27323740720749	65.000000000000	0.00000000000000
30.139999389648	0.21445220708847	0.27390396595001	65.000000000000	0.00000000000000
30.149999618530	0.21562528610229	0.27456581592560	65.000000000000	0.00000000000000
30.159999847412	0.21679790318012	0.27522298693657	65.000000000000	0.00000000000000
30.170000076294	0.21797004342079	0.27587541937828	65.000000000000	0.00000000000000
30.180000305176	0.21914161741734	0.27652323246002	65.000000000000	0.00000000000000
30.190000534058	0.22031272947788	0.27716636657715	65.000000000000	0.00000000000000
30.200000762939	0.22148326039314	0.27780488133430	65.000000000000	0.00000000000000
30.209999084473	0.22265315055847	0.27843871712685	65.000000000000	0.00000000000000
30.219999313354	0.22382251918316	0.27906805276871	65.000000000000	0.00000000000000
30.229999542236	0.22499123215675	0.27969270944595	65.000000000000	0.00000000000000
30.239999771118	0.22615936398506	0.28031286597252	65.000000000000	0.00000000000000
30.250000000000	0.22732679545879	0.28092843294144	65.000000000000	0.00000000000000
30.260000228882	0.22849363088608	0.28153949975967	65.000000000000	0.00000000000000
30.270000457764	0.22965979576111	0.28214603662491	65.000000000000	0.00000000000000
30.280000686646	0.23082521557808	0.28274804353714	65.000000000000	0.00000000000000
30.290000915527	0.23198996484280	0.28334560990334	65.000000000000	0.00000000000000
30.299999237061	0.23315399885178	0.28393867611885	65.000000000000	0.00000000000000
30.309999465942	0.23431724309921	0.28452730178833	65.000000000000	0.00000000000000
30.319999694824	0.23547980189323	0.28511148691177	65.000000000000	0.00000000000000
30.329999923706	0.23664157092571	0.28569129109383	65.000000000000	0.00000000000000
30.340000152588	0.23780253529549	0.28626668453217	65.000000000000	0.00000000000000
30.350000381470	0.23896269500256	0.28683766722679	65.000000000000	0.00000000000000
30.360000610352	0.24012207984924	0.28740432858467	65.000000000000	0.00000000000000
30.370000839233	0.24128054082394	0.28796660900116	65.000000000000	0.00000000000000
30.379999160767	0.24243828654289	0.28852453827858	65.000000000000	0.00000000000000
30.389999389648	0.24359512329102	0.28907820582390	65.000000000000	0.00000000000000
30.399999618530	0.24475100636482	0.28962758183479	65.000000000000	0.00000000000000
30.409999847412	0.24590608477592	0.29017266631126	65.000000000000	0.00000000000000
30.420000076294	0.24706028401852	0.29071345925331	65.000000000000	0.00000000000000
30.430000305176	0.24821351468563	0.29125005006790	65.000000000000	0.00000000000000
30.440000534058	0.24936586618423	0.29178237915039	65.000000000000	0.00000000000000
30.450000762939	0.25051724910736	0.29231050610542	65.000000000000	0.00000000000000
30.459999084473	0.25166767835617	0.29283446073532	65.000000000000	0.00000000000000
30.469999313354	0.25281712412834	0.29335424304008	65.000000000000	0.00000000000000
30.479999542236	0.25396558642387	0.29386985301971	65.000000000000	0.00000000000000
30.489999771118	0.25511306524277	0.29438132047653	65.000000000000	0.00000000000000
30.500000000000	0.25625950098038	0.29488867521286	65.000000000000	0.00000000000000
30.510000228882	0.25740495324135	0.29539191722870	65.000000000000	0.00000000000000
30.520000457764	0.25854933261871	0.29589107632637	65.000000000000	0.00000000000000
30.530000686646	0.25969272851944	0.29638615250587	65.000000000000	0.00000000000000
30.540000915527	0.26083508133888	0.29687717556953	65.000000000000	0.00000000000000
30.549999237061	0.26197633147240	0.29736414551735	65.000000000000	0.00000000000000
30.559999465942	0.26311644911766	0.29784712195396	65.000000000000	0.00000000000000
30.569999694824	0.26425552368164	0.29832610487938	65.000000000000	0.00000000000000
30.579999923706	0.26539340615273	0.29880106449127	65.000000000000	0.00000000000000
30.590000152588	0.26653033494949	0.29927209019661	65.000000000000	0.00000000000000
30.600000381470	0.26766604185104	0.29973915219307	65.000000000000	0.00000000000000
30.610000610352	0.26880052685738	0.30020228028297	65.000000000000	0.00000000000000
30.620000839233	0.26993402838707	0.30066147446632	65.000000000000	0.00000000000000
30.629999160767	0.27106636762619	0.30111676454544	65.000000000000	0.00000000000000
30.639999389648	0.27219736576080	0.30156821012497	65.000000000000	0.00000000000000
30.649999618530	0.27332726120949	0.30201575160027	65.000000000000	0.00000000000000
30.659999847412	0.27445599436760	0.30245944857597	65.000000000000	0.00000000000000
30.670000076294	0.27558353543282	0.30289936065674	65.000000000000	0.00000000000000
30.680000305176	0.27670988440514	0.30333539843559	65.000000000000	0.00000000000000
30.690000534058	0.27783489227295	0.30376765131950	65.000000000000	0.00000000000000
30.700000762939	0.27895867824554	0.30419614911079	65.000000000000	0.00000000000000
30.709999084473	0.28008130192757	0.30462083220482	65.000000000000	0.00000000000000
30.719999313354	0.28120267391205	0.30504181981087	65.000000000000	0.00000000000000
30.729999542236	0.28232270479202	0.30545905232430	65.000000000000	0.00000000000000
30.739999771118	0.28344151377678	0.30587258934975	65.000000000000	0.00000000000000
30.750000000000	0.28455904126167	0.30628240108490	65.000000000000	0.00000000000000
30.760000228882	0.28567534685135	0.30668851733208	65.000000000000	0.00000000000000
30.770000457764	0.28679025173187	0.30709099769592	65.000000000000	0.00000000000000
30.780000686646	0.28790381550789	0.30748984217644	65.000000000000	0.00000000000000
30.790000915527	0.28901615738869	0.30788505077362	65.000000000000	0.00000000000000
30.799999237061	0.29012712836266	0.30827662348747	65.000000000000	0.00000000000000
30.809999465942	0.29123681783676	0.30866461992264	65.000000000000	0.00000000000000
30.819999694824	0.29234513640404	0.30904901027679	65.000000000000	0.00000000000000
30.829999923706	0.29345208406448	0.30942988395691	65.000000000000	0.00000000000000
30.840000152588	0.29455763101578	0.30980715155602	65.000000000000	0.00000000000000
30.850000381470	0.29566183686256	0.31018093228340	65.000000000000	0.00000000000000
30.860000610352	0.29676473140717	0.31055119633675	65.000000000000	0.00000000000000
30.870000839233	0.29786622524261	0.31091794371605	65.000000000000	0.00000000000000
30.879999160767	0.29896631836891	0.31128120422363	65.000000000000	0.00000000000000
30.889999389648	0.30006501078606	0.31164100766182	65.000000000000	0.00000000000000
30.899999618530	0.30116221308708	0.31199735403061	65.000000000000	0.00000000000000
30.909999847412	0.30225813388824	0.31235024333000	65.000000000000	0.00000000000000
30.920000076294	0.30335259437561	0.31269976496696	65.000000000000	0.00000000000000
30.930000305176	0.30444556474686	0.31304588913918	65.000000000000	0.00000000000000
30.940000534058	0.30553710460663	0.31338858604431	65.000000000000	0.00000000000000
30.950000762939	0.30662724375725	0.31372794508934	65.000000000000	0.00000000000000
30.959999084473	0.30771595239639	0.31406396627426	65.000000000000	0.00000000000000
30.969999313354	0.30880323052406	0.31439661979675	65.000000000000	0.00000000000000
30.979999542236	0.30988898873329	0.31472596526146	65.000000000000	0.00000000000000
30.989999771118	0.31097325682640	0.31505197286606	65.000000000000	0.00000000000000
31.000000000000	0.31205615401268	0.31537473201752	65.000000000000	0.00000000000000
31.010000228882	0.31313741207123	0.31569418311119	65.000000000000	0.00000000000000
31.020000457764	0.31421729922295	0.31601041555405	65.000000000000	0.00000000000000
31.030000686646	0.31529566645622	0.31632339954376	65.000000000000	0.00000000000000
31.040000915527	0.31637254357338	0.31663313508034	65.000000000000	0.00000000000000
31.049999237061	0.31744793057442	0.31693968176842	65.000000000000	0.00000000000000
31.059999465942	0.31852176785469	0.31724303960800	65.000000000000	0.00000000000000
31.069999694824	0.31959411501884	0.31754317879677	65.000000000000	0.00000000000000
31.079999923706	0.32066491246223	0.31784021854401	65.000000000000	0.00000000000000
31.090000152588	0.32173427939415	0.31813403964043	65.000000000000	0.00000000000000
31.100000381470	0.32280197739601	0.31842476129532	65.000000000000	0.00000000000000
31.110000610352	0.32386824488640	0.31871235370636	65.000000000000	0.00000000000000
31.120000839233	0.32493293285370	0.31899687647820	65.000000000000	0.00000000000000
31.129999160767	0.32599607110023	0.31927829980850	65.000000000000	0.00000000000000
31.139999389648	0.32705768942833	0.31955662369728	65.000000000000	0.00000000000000
31.149999618530	0.32811766862869	0.31983190774918	65.000000000000	0.00000000000000
31.159999847412	0.32917609810829	0.32010415196419	65.000000000000	0.00000000000000
31.170000076294	0.33023306727409	0.32037335634232	65.000000000000	0.00000000000000
31.180000305176	0.33128839731216	0.32063958048820	65.000000000000	0.00000000000000
31.190000534058	0.33234214782715	0.32090279459953	65.000000000000	0.00000000000000
31.200000762939	0.33339431881905	0.32116305828094	65.000000000000	0.00000000000000
31.209999084473	0.33444488048553	0.32142031192780	65.000000000000	0.00000000000000
31.219999313354	0.33549392223358	0.32167461514473	65.000000000000	0.00000000000000
31.229999542236	0.33654138445854	0.32192599773407	65.000000000000	0.00000000000000
31.239999771118	0.33758711814880	0.32217445969582	65.000000000000	0.00000000000000
31.250000000000	0.33863139152527	0.32242000102997	65.000000000000	0.00000000000000
31.260000228882	0.33967396616936	0.32266262173653	65.000000000000	0.00000000000000
31.270000457764	0.34071499109268	0.32290238142014	65.000000000000	0.00000000000000
31.280000686646	0.34175443649292	0.32313930988312	65.000000000000	0.00000000000000
31.290000915527	0.34279218316078	0.32337334752083	65.000000000000	0.00000000000000
31.299999237061	0.34382838010788	0.32360458374023	65.000000000000	0.00000000000000
31.309999465942	0.34486293792725	0.32383298873901	65.000000000000	0.00000000000000
31.319999694824	0.34589576721191	0.32405856251717	65.000000000000	0.00000000000000
31.329999923706	0.34692710638046	0.32428136467934	65.000000000000	0.00000000000000
31.340000152588	0.34795674681664	0.32450139522552	65.000000000000	0.00000000000000
31.350000381470	0.34898474812508	0.32471868395805	65.000000000000	0.00000000000000
31.360000610352	0.35001111030579	0.32493317127228	65.000000000000	0.00000000000000
31.370000839233	0.35103589296341	0.32514494657516	65.000000000000	0.00000000000000
31.379999160767	0.35205894708633	0.32535395026207	65.000000000000	0.00000000000000
31.389999389648	0.35308048129082	0.32556030154228	65.000000000000	0.00000000000000
31.399999618530	0.35410019755363	0.32576397061348	65.000000000000	0.00000000000000
31.409999847412	0.35511842370033	0.32596495747566	65.000000000000	0.00000000000000
31.420000076294	0.35613495111465	0.32616317272186	65.000000000000	0.00000000000000
31.430000305176	0.35714986920357	0.32635876536369	65.000000000000	0.00000000000000
31.440000534058	0.35816293954849	0.32655188441277	65.000000000000	0.00000000000000
31.450000762939	0.35917446017265	0.32674223184586	65.000000000000	0.00000000000000
31.459999084473	0.36018431186676	0.32692998647690	65.000000000000	0.00000000000000
31.469999313354	0.36119261384010	0.32711499929428	65.000000000000	0.00000000000000
31.479999542236	0.36219912767410	0.32729759812355	65.000000000000	0.00000000000000
31.489999771118	0.36320376396179	0.32747781276703	65.000000000000	0.00000000000000
31.500000000000	0.36420714855194	0.32765501737595	65.000000000000	0.00000000000000
31.510000228882	0.36520853638649	0.32783001661301	65.000000000000	0.00000000000000
31.520000457764	0.36620834469795	0.32800233364105	65.000000000000	0.00000000000000
31.530000686646	0.36720648407936	0.32817217707634	65.000000000000	0.00000000000000
31.540000915527	0.36820289492607	0.32833957672119	65.000000000000	0.00000000000000
31.549999237061	0.36919775605202	0.32850432395935	65.000000000000	0.00000000000000
31.559999465942	0.37019085884094	0.32866662740707	65.000000000000	0.00000000000000
31.569999694824	0.37118211388588	0.32882666587830	65.000000000000	0.00000000000000
31.579999923706	0.37217190861702	0.32898396253586	65.000000000000	0.00000000000000
31.590000152588	0.37315985560417	0.32913905382156	65.000000000000	0.00000000000000
31.600000381470	0.37414619326591	0.32929158210754	65.000000000000	0.00000000000000
31.610000610352	0.37513095140457	0.32944154739380	65.000000000000	0.00000000000000
31.620000839233	0.37611383199692	0.32958936691284	65.000000000000	0.00000000000000
31.629999160767	0.37709507346153	0.32973468303680	65.000000000000	0.00000000000000
31.639999389648	0.37807476520538	0.32987749576569	65.000000000000	0.00000000000000
31.649999618530	0.37905251979828	0.33001813292503	65.000000000000	0.00000000000000
31.659999847412	0.38002869486809	0.33015635609627	65.000000000000	0.00000000000000
31.670000076294	0.38100320100784	0.33029210567474	65.000000000000	0.00000000000000
31.680000305176	0.38197600841522	0.33042559027672	65.000000000000	0.00000000000000
31.690000534058	0.38294699788094	0.33055683970451	65.000000000000	0.00000000000000
31.700000762939	0.38391619920731	0.33068585395813	65.000000000000	0.00000000000000
31.709999084473	0.38488402962685	0.33081233501434	65.000000000000	0.00000000000000
31.719999313354	0.38584986329079	0.33093675971031	65.000000000000	0.00000000000000
31.729999542236	0.38681414723396	0.33105868101120	65.000000000000	0.00000000000000
31.739999771118	0.38777664303780	0.33117848634720	65.000000000000	0.00000000000000
31.750000000000	0.38873744010925	0.33129602670670	65.000000000000	0.00000000000000
31.760000228882	0.38969653844833	0.33141127228737	65.000000000000	0.00000000000000
31.770000457764	0.39065399765968	0.33152434229851	65.000000000000	0.00000000000000
31.780000686646	0.39160963892937	0.33163514733315	65.000000000000	0.00000000000000
31.790000915527	0.39256364107132	0.33174380660057	65.000000000000	0.00000000000000
31.799999237061	0.39351585507393	0.33185029029846	65.000000000000	0.00000000000000
31.809999465942	0.39446642994881	0.33195456862450	65.000000000000	0.00000000000000
31.819999694824	0.39541521668434	0.33205661177635	65.000000000000	0.00000000000000
31.829999923706	0.39636239409447	0.33215656876564	65.000000000000	0.00000000000000
31.840000152588	0.39730778336525	0.33225437998772	65.000000000000	0.00000000000000
31.850000381470	0.39825147390366	0.33235004544258	65.000000000000	0.00000000000000
31.860000610352	0.39919346570969	0.33244356513023	65.000000000000	0.00000000000000
31.870000839233	0.40013369917870	0.33253499865532	65.000000000000	0.00000000000000
31.879999160767	0.40107226371765	0.33262431621552	65.000000000000	0.00000000000000
31.889999389648	0.40200906991959	0.33271154761314	65.000000000000	0.00000000000000
31.899999618530	0.40294423699379	0.33279666304588	65.000000000000	0.00000000000000
31.909999847412	0.40387761592865	0.33287981152534	65.000000000000	0.00000000000000
31.920000076294	0.40480935573578	0.33296078443527	65.000000000000	0.00000000000000
31.930000305176	0.40573933720589	0.33303979039192	65.000000000000	0.00000000000000
31.940000534058	0.40666753053665	0.33311671018600	65.000000000000	0.00000000000000
31.950000762939	0.40759405493736	0.33319160342216	65.000000000000	0.00000000000000
31.959999084473	0.40851891040802	0.33326447010040	65.000000000000	0.00000000000000
31.969999313354	0.40944197773933	0.33333539962769	65.000000000000	0.00000000000000
31.979999542236	0.41036340594292	0.33340430259705	65.000000000000	0.00000000000000
31.989999771118	0.41128304600716	0.33347120881081	65.000000000000	0.00000000000000
32.000000000000	0.41220098733902	0.33353614807129	65.000000000000	0.00000000000000
32.009998321533	0.41311725974083	0.33359909057617	65.000000000000	0.00000000000000
32.020000457764	0.41403180360794	0.33366015553474	65.000000000000	0.00000000000000
32.029998779297	0.41494458913803	0.33371919393539	65.000000000000	0.00000000000000
32.040000915527	0.41585567593575	0.33377635478973	65.000000000000	0.00000000000000
32.049999237061	0.41676497459412	0.33383160829544	65.000000000000	0.00000000000000
32.060001373291	0.41767266392708	0.33388486504555	65.000000000000	0.00000000000000
32.069999694824	0.41857865452766	0.33393630385399	65.000000000000	0.00000000000000
32.080001831055	0.41948288679123	0.33398586511612	65.000000000000	0.00000000000000
32.090000152588	0.42038533091545	0.33403342962265	65.000000000000	0.00000000000000
32.099998474121	0.42128619551659	0.33407926559448	65.000000000000	0.00000000000000
32.110000610352	0.42218521237373	0.33412313461304	65.000000000000	0.00000000000000
32.119998931885	0.42308259010315	0.33416515588760	65.000000000000	0.00000000000000
32.130001068115	0.42397826910019	0.33420535922050	65.000000000000	0.00000000000000
32.139999389648	0.42487218976021	0.33424374461174	65.000000000000	0.00000000000000
32.150001525879	0.42576447129250	0.33428028225899	65.000000000000	0.00000000000000
32.159999847412	0.42665487527847	0.33431503176689	65.000000000000	0.00000000000000
32.169998168945	0.42754364013672	0.33434796333313	65.000000000000	0.00000000000000
32.180000305176	0.42843076586723	0.33437910676003	65.000000000000	0.00000000000000
32.189998626709	0.42931622266769	0.33440846204758	65.000000000000	0.00000000000000
32.200000762939	0.43019986152649	0.33443605899811	65.000000000000	0.00000000000000
32.209999084473	0.43108177185059	0.33446186780930	65.000000000000	0.00000000000000
32.220001220703	0.43196201324463	0.33448594808578	65.000000000000	0.00000000000000
32.229999542236	0.43284058570862	0.33450824022293	65.000000000000	0.00000000000000
32.240001678467	0.43371742963791	0.33452880382538	65.000000000000	0.00000000000000
32.250000000000	0.43459251523018	0.33454766869545	65.000000000000	0.00000000000000
32.259998321533	0.43546593189240	0.33456477522850	65.000000000000	0.00000000000000
32.270000457764	0.43633762001991	0.33458018302917	65.000000000000	0.00000000000000
32.279998779297	0.43720763921738	0.33459389209747	65.000000000000	0.00000000000000
32.290000915527	0.43807592988014	0.33460596203804	65.000000000000	0.00000000000000
32.299999237061	0.43894249200821	0.33461627364159	65.000000000000	0.00000000000000
32.310001373291	0.43980735540390	0.33462497591972	65.000000000000	0.00000000000000
32.319999694824	0.44067060947418	0.33463197946548	65.000000000000	0.00000000000000
32.330001831055	0.44153210520744	0.33463734388351	65.000000000000	0.00000000000000
32.340000152588	0.44239178299904	0.33464103937149	65.000000000000	0.00000000000000
32.349998474121	0.44324985146523	0.33464309573174	65.000000000000	0.00000000000000
32.360000610352	0.44410622119904	0.33464357256889	65.000000000000	0.00000000000000
32.369998931885	0.44496086239815	0.33464238047600	65.000000000000	0.00000000000000
32.380001068115	0.44581389427185	0.33463957905769	65.000000000000	0.00000000000000
32.389999389648	0.44666519761086	0.33463519811630	65.000000000000	0.00000000000000
32.400001525879	0.44751480221748	0.33462923765182	65.000000000000	0.00000000000000
32.409999847412	0.44836264848709	0.33462166786194	65.000000000000	0.00000000000000
32.419998168945	0.44920882582664	0.33461254835129	65.000000000000	0.00000000000000
32.430000305176	0.45005330443382	0.33460181951523	65.000000000000	0.00000000000000
32.439998626709	0.45089614391327	0.33458957076073	65.000000000000	0.00000000000000
32.450000762939	0.45173722505569	0.33457577228546	65.000000000000	0.00000000000000
32.459999084473	0.45257657766342	0.33456039428711	65.000000000000	0.00000000000000
32.470001220703	0.45341435074806	0.33454352617264	65.000000000000	0.00000000000000
32.479999542236	0.45425039529800	0.33452507853508	65.000000000000	0.00000000000000
32.490001678467	0.45508471131325	0.33450523018837	65.000000000000	0.00000000000000
32.500000000000	0.45591738820076	0.33448377251625	65.000000000000	0.00000000000000
32.509998321533	0.45674830675125	0.33446076512337	65.000000000000	0.00000000000000
32.520000457764	0.45757755637169	0.33443638682365	65.000000000000	0.00000000000000
32.529998779297	0.45840516686440	0.33441048860550	65.000000000000	0.00000000000000
32.540000915527	0.45923110842705	0.33438313007355	65.000000000000	0.00000000000000
32.549999237061	0.46005532145500	0.33435428142548	65.000000000000	0.00000000000000
32.560001373291	0.46087792515755	0.33432400226593	65.000000000000	0.00000000000000
32.569999694824	0.46169874072075	0.33429220318794	65.000000000000	0.00000000000000
32.580001831055	0.46251785755157	0.33425900340080	65.000000000000	0.00000000000000
32.590000152588	0.46333542466164	0.33422437310219	65.000000000000	0.00000000000000
32.599998474121	0.46415117383003	0.33418831229210	65.000000000000	0.00000000000000
32.610000610352	0.46496531367302	0.33415088057518	65.000000000000	0.00000000000000
32.619998931885	0.46577781438828	0.33411201834679	65.000000000000	0.00000000000000
32.630001068115	0.46658858656883	0.33407178521156	65.000000000000	0.00000000000000
32.639999389648	0.46739768981934	0.33403006196022	65.000000000000	0.00000000000000
32.650001525879	0.46820515394211	0.33398702740669	65.000000000000	0.00000000000000
32.659999847412	0.46901088953018	0.33394262194633	65.000000000000	0.00000000000000
32.669998168945	0.46981498599052	0.33389681577682	65.000000000000	0.00000000000000
32.680000305176	0.47061744332314	0.33384966850281	65.000000000000	0.00000000000000
32.689998626709	0.47141817212105	0.33380118012428	65.000000000000	0.00000000000000
32.700000762939	0.47221729159355	0.33375135064125	65.000000000000	0.00000000000000
32.709999084473	0.47301468253136	0.33370015025139	65.000000000000	0.00000000000000
32.720001220703	0.47381046414375	0.33364763855934	65.000000000000	0.00000000000000
32.729999542236	0.47460451722145	0.33359378576279	65.000000000000	0.00000000000000
32.740001678467	0.47539699077606	0.33353862166405	65.000000000000	0.00000000000000
32.750000000000	0.47618773579597	0.33348223567009	65.000000000000	0.00000000000000
32.759998321533	0.47697681188583	0.33342444896698	65.000000000000	0.00000000000000
32.770000457764	0.47776430845261	0.33336541056633	65.000000000000	0.00000000000000
32.779998779297	0.47855004668236	0.33330509066582	65.000000000000	0.00000000000000
32.790000915527	0.47933423519135	0.33324348926544	65.000000000000	0.00000000000000
32.799999237061	0.48011672496796	0.33318066596985	65.000000000000	0.00000000000000
32.810001373291	0.48089754581451	0.33311656117439	65.000000000000	0.00000000000000
32.819999694824	0.48167675733566	0.33305117487907	65.000000000000	0.00000000000000
32.830001831055	0.48245415091515	0.33298456668854	65.000000000000	0.00000000000000
32.840000152588	0.48323014378548	0.33291670680046	65.000000000000	0.00000000000000
32.849998474121	0.48400428891182	0.33284762501717	65.000000000000	0.00000000000000
32.860000610352	0.48477688431740	0.33277741074562	65.000000000000	0.00000000000000
32.869998931885	0.48554781079292	0.33270588517189	65.000000000000	0.00000000000000
32.880001068115	0.48631700873375	0.33263313770294	65.000000000000	0.00000000000000
32.889999389648	0.48708471655846	0.33255922794342	65.000000000000	0.00000000000000
32.900001525879	0.48785072565079	0.33248409628868	65.000000000000	0.00000000000000
32.909999847412	0.48861506581306	0.33240786194801	65.000000000000	0.00000000000000
32.919998168945	0.48937776684761	0.33233040571213	65.000000000000	0.00000000000000
32.930000305176	0.49013882875443	0.33225178718567	65.000000000000	0.00000000000000
32.939998626709	0.49089828133583	0.33217197656631	65.000000000000	0.00000000000000
32.950000762939	0.49165609478951	0.33209103345871	65.000000000000	0.00000000000000
32.959999084473	0.49241226911545	0.33200892806053	65.000000000000	0.00000000000000
32.970001220703	0.49316680431366	0.33192569017410	65.000000000000	0.00000000000000
32.979999542236	0.49391978979111	0.33184134960175	65.000000000000	0.00000000000000
32.990001678467	0.49467101693153	0.33175590634346	65.000000000000	0.00000000000000
33.000000000000	0.49542063474655	0.33166927099228	65.000000000000	0.00000000000000
33.009998321533	0.49616867303848	0.33158159255981	65.000000000000	0.00000000000000
33.020000457764	0.49691504240036	0.33149284124374	65.000000000000	0.00000000000000
33.029998779297	0.49765983223915	0.33140286803246	65.000000000000	0.00000000000000
33.040000915527	0.49840301275253	0.33131191134453	65.000000000000	0.00000000000000
33.049999237061	0.49914455413818	0.33121988177299	65.000000000000	0.00000000000000
33.060001373291	0.49988451600075	0.33112671971321	65.000000000000	0.00000000000000
33.069999694824	0.50062274932861	0.33103248476982	65.000000000000	0.00000000000000
33.080001831055	0.50135952234268	0.33093726634979	65.000000000000	0.00000000000000
33.090000152588	0.50209456682205	0.33084091544151	65.000000000000	0.00000000000000
33.099998474121	0.50282800197601	0.33074361085892	65.000000000000	0.00000000000000
33.110000610352	0.50355994701385	0.33064520359039	65.000000000000	0.00000000000000
33.119998931885	0.50429016351700	0.33054581284523	65.000000000000	0.00000000000000
33.130001068115	0.50501871109009	0.33044534921646	65.000000000000	0.00000000000000
33.139999389648	0.50574588775635	0.33034390211105	65.000000000000	0.00000000000000
33.150001525879	0.50647127628326	0.33024141192436	65.000000000000	0.00000000000000
33.159999847412	0.50719511508942	0.33013796806335	65.000000000000	0.00000000000000
33.169998168945	0.50791734457016	0.33003357052803	65.000000000000	0.00000000000000
33.180000305176	0.50863796472549	0.32992807030678	65.000000000000	0.00000000000000
33.189998626709	0.50935709476471	0.32982167601585	65.000000000000	0.00000000000000
33.200000762939	0.51007449626923	0.32971426844597	65.000000000000	0.00000000000000
33.209999084473	0.51079034805298	0.32960593700409	65.000000000000	0.00000000000000
33.220001220703	0.51150470972061	0.32949659228325	65.000000000000	0.00000000000000
33.229999542236	0.51221734285355	0.32938638329506	65.000000000000	0.00000000000000
33.240001678467	0.51292842626572	0.32927510142326	65.000000000000	0.00000000000000
33.250000000000	0.51363795995712	0.32916298508644	65.000000000000	0.00000000000000
33.259998321533	0.51434582471848	0.32904994487762	65.000000000000	0.00000000000000
33.270000457764	0.51505225896835	0.32893592119217	65.000000000000	0.00000000000000
33.279998779297	0.51575708389282	0.32882100343704	65.000000000000	0.00000000000000
33.290000915527	0.51646035909653	0.32870519161224	65.000000000000	0.00000000000000
33.299999237061	0.51716196537018	0.32858845591545	65.000000000000	0.00000000000000
33.310001373291	0.51786202192307	0.32847079634666	65.000000000000	0.00000000000000
33.319999694824	0.51856052875519	0.32835236191750	65.000000000000	0.00000000000000
33.330001831055	0.51925748586655	0.32823291420937	65.000000000000	0.00000000000000
33.340000152588	0.51995283365250	0.32811266183853	65.000000000000	0.00000000000000
33.349998474121	0.52064663171768	0.32799154520035	65.000000000000	0.00000000000000
33.360000610352	0.52133893966675	0.32786956429482	65.000000000000	0.00000000000000
33.369998931885	0.52202963829041	0.32774668931961	65.000000000000	0.00000000000000
33.380001068115	0.52271872758865	0.32762303948402	65.000000000000	0.00000000000000
33.389999389648	0.52340638637543	0.32749843597412	65.000000000000	0.00000000000000
33.400001525879	0.52409237623215	0.32737305760384	65.000000000000	0.00000000000000
33.409999847412	0.52477687597275	0.32724693417549	65.000000000000	0.00000000000000
33.419998168945	0.52545976638794	0.32711982727051	65.000000000000	0.00000000000000
33.430000305176	0.52614122629166	0.32699203491211	65.000000000000	0.00000000000000
33.439998626709	0.52682107686996	0.32686340808868	65.000000000000	0.00000000000000
33.450000762939	0.52749943733215	0.32673394680023	65.000000000000	0.00000000000000
33.459999084473	0.52817618846893	0.32660374045372	65.000000000000	0.00000000000000
33.470001220703	0.52885150909424	0.32647272944450	65.000000000000	0.00000000000000
33.479999542236	0.52952527999878	0.32634091377258	65.000000000000	0.00000000000000
33.490001678467	0.53019738197327	0.32620832324028	65.000000000000	0.00000000000000
33.500000000000	0.53086811304092	0.32607501745224	65.000000000000	0.00000000000000
33.509998321533	0.53153735399246	0.32594090700150	65.000000000000	0.00000000000000
33.520000457764	0.53220498561859	0.32580608129501	65.000000000000	0.00000000000000
33.529998779297	0.53287112712860	0.32567045092583	65.000000000000	0.00000000000000
33.540000915527	0.53353577852249	0.32553410530090	65.000000000000	0.00000000000000
33.549999237061	0.53419882059097	0.32539701461792	65.000000000000	0.00000000000000
33.560001373291	0.53486049175262	0.32525917887688	65.000000000000	0.00000000000000
33.569999694824	0.53552055358887	0.32512068748474	65.000000000000	0.00000000000000
33.580001831055	0.53617912530899	0.32498145103455	65.000000000000	0.00000000000000
33.590000152588	0.53683620691299	0.32484146952629	65.000000000000	0.00000000000000
33.599998474121	0.53749185800552	0.32470080256462	65.000000000000	0.00000000000000
33.610000610352	0.53814601898193	0.32455945014954	65.000000000000	0.00000000000000
33.619998931885	0.53879863023758	0.32441744208336	65.000000000000	0.00000000000000
33.630001068115	0.53944969177246	0.32427471876144	65.000000000000	0.00000000000000
33.639999389648	0.54009938240051	0.32413128018379	65.000000000000	0.00000000000000
33.650001525879	0.54074752330780	0.32398721575737	65.000000000000	0.00000000000000
33.659999847412	0.54139423370361	0.32384246587753	65.000000000000	0.00000000000000
33.669998168945	0.54203951358795	0.32369709014893	65.000000000000	0.00000000000000
33.680000305176	0.54268312454224	0.32355102896690	65.000000000000	0.00000000000000
33.689998626709	0.54332548379898	0.32340431213379	65.000000000000	0.00000000000000
33.700000762939	0.54396623373032	0.32325696945190	65.000000000000	0.00000000000000
33.709999084473	0.54460561275482	0.32310903072357	65.000000000000	0.00000000000000
33.720001220703	0.54524350166321	0.32296037673950	65.000000000000	0.00000000000000
33.729999542236	0.54587996006012	0.32281115651131	65.000000000000	0.00000000000000
33.740001678467	0.54651498794556	0.32266134023666	65.000000000000	0.00000000000000
33.750000000000	0.54714846611023	0.32251086831093	65.000000000000	0.00000000000000
33.759998321533	0.54778063297272	0.32235985994339	65.000000000000	0.00000000000000
33.770000457764	0.54841130971909	0.32220816612244	65.000000000000	0.00000000000000
33.779998779297	0.54904049634933	0.32205596566200	65.000000000000	0.00000000000000
33.790000915527	0.54966831207275	0.32190310955048	65.000000000000	0.00000000000000
33.799999237061	0.55029469728470	0.32174965739250	65.000000000000	0.00000000000000
33.810001373291	0.55091965198517	0.32159572839737	65.000000000000	0.00000000000000
33.819999694824	0.55154311656952	0.32144111394882	65.000000000000	0.00000000000000
33.830001831055	0.55216526985168	0.32128602266312	65.000000000000	0.00000000000000
33.840000152588	0.55278587341309	0.32113033533096	65.000000000000	0.00000000000000
33.849998474121	0.55340522527695	0.32097411155701	65.000000000000	0.00000000000000
33.860000610352	0.55402302742004	0.32081732153893	65.000000000000	0.00000000000000
33.869998931885	0.55463957786560	0.32066002488136	65.000000000000	0.00000000000000
33.880001068115	0.55525463819504	0.32050213217735	65.000000000000	0.00000000000000
33.889999389648	0.55586826801300	0.32034379243851	65.000000000000	0.00000000000000
33.900001525879	0.55648058652878	0.32018488645554	65.000000000000	0.00000000000000
33.909999847412	0.55709141492844	0.32002541422844	65.000000000000	0.00000000000000
33.919998168945	0.55770093202591	0.31986552476883	65.000000000000	0.00000000000000
33.930000305176	0.55830907821655	0.31970503926277	65.000000000000	0.00000000000000
33.939998626709	0.55891579389572	0.31954410672188	65.000000000000	0.00000000000000
33.950000762939	0.55952119827271	0.31938263773918	65.000000000000	0.00000000000000
33.959999084473	0.56012517213821	0.31922066211700	65.000000000000	0.00000000000000
33.970001220703	0.56072789430618	0.31905826926231	65.000000000000	0.00000000000000
33.979999542236	0.56132918596268	0.31889533996582	65.000000000000	0.00000000000000
33.990001678467	0.56192910671234	0.31873193383217	65.000000000000	0.00000000000000
34.000000000000	0.56252771615982	0.31856808066368	65.000000000000	0.00000000000000
34.009998321533	0.56312489509583	0.31840372085571	65.000000000000	0.00000000000000
34.020000457764	0.56372076272964	0.31823891401291	65.000000000000	0.00000000000000
34.029998779297	0.56431531906128	0.31807366013527	65.000000000000	0.00000000000000
34.040000915527	0.56490862369537	0.31790798902512	65.000000000000	0.00000000000000
34.049999237061	0.56550043821335	0.31774181127548	65.000000000000	0.00000000000000
34.060001373291	0.56609106063843	0.31757521629333	65.000000000000	0.00000000000000
34.069999694824	0.56668037176132	0.31740820407867	65.000000000000	0.00000000000000
34.080001831055	0.56726825237274	0.31724071502686	65.000000000000	0.00000000000000
34.090000152588	0.56785482168198	0.31707280874252	65.000000000000	0.00000000000000
34.099998474121	0.56844025850296	0.31690448522568	65.000000000000	0.00000000000000
34.110000610352	0.56902420520782	0.31673574447632	65.000000000000	0.00000000000000
34.119998931885	0.56960695981979	0.31656655669212	65.000000000000	0.00000000000000
34.130001068115	0.57018840312958	0.31639701128006	65.000000000000	0.00000000000000
34.139999389648	0.57076853513718	0.31622698903084	65.000000000000	0.00000000000000
34.150001525879	0.57134735584259	0.31605663895607	65.000000000000	0.00000000000000
34.159999847412	0.57192492485046	0.31588584184647	65.000000000000	0.00000000000000
34.169998168945	0.57250130176544	0.31571468710899	65.000000000000	0.00000000000000
34.180000305176	0.57307624816895	0.31554311513901	65.000000000000	0.00000000000000
34.189998626709	0.57365006208420	0.31537118554115	65.000000000000	0.00000000000000
34.200000762939	0.57422256469727	0.31519880890846	65.000000000000	0.00000000000000
34.209999084473	0.57479381561279	0.31502610445023	65.000000000000	0.00000000000000
34.220001220703	0.57536381483078	0.31485301256180	65.000000000000	0.00000000000000
34.229999542236	0.57593262195587	0.31467962265015	65.000000000000	0.00000000000000
34.240001678467	0.57650011777878	0.31450581550598	65.000000000000	0.00000000000000
34.250000000000	0.57706642150879	0.31433150172234	65.000000000000	0.00000000000000
34.259998321533	0.57763135433197	0.31415721774101	65.000000000000	0.00000000000000
34.270000457764	0.57819527387619	0.31398212909698	65.000000000000	0.00000000000000
34.279998779297	0.57875788211823	0.31380683183670	65.000000000000	0.00000000000000
34.290000915527	0.57931923866272	0.31363129615784	65.000000000000	0.00000000000000
34.299999237061	0.57987940311432	0.31345528364182	65.000000000000	0.00000000000000
34.310001373291	0.58043837547302	0.31327906250954	65.000000000000	0.00000000000000
34.319999694824	0.58099621534348	0.31310233473778	65.000000000000	0.00000000000000
34.330001831055	0.58155256509781	0.31292566657066	65.000000000000	0.00000000000000
34.340000152588	0.58210813999176	0.31274804472923	65.000000000000	0.00000000000000
34.349998474121	0.58266234397888	0.31257045269012	65.000000000000	0.00000000000000
34.360000610352	0.58321535587311	0.31239241361618	65.000000000000	0.00000000000000
34.369998931885	0.58376717567444	0.31221419572830	65.000000000000	0.00000000000000
34.380001068115	0.58431780338287	0.31203553080559	65.000000000000	0.00000000000000
34.389999389648	0.58486723899841	0.31185668706894	65.000000000000	0.00000000000000
34.400001525879	0.58541560173035	0.31167742609978	65.000000000000	0.00000000000000
34.409999847412	0.58596271276474	0.31149804592133	65.000000000000	0.00000000000000
34.419998168945	0.58650881052017	0.31131789088249	65.000000000000	0.00000000000000
34.430000305176	0.58705365657806	0.31113791465759	65.000000000000	0.00000000000000
34.439998626709	0.58759731054306	0.31095740199089	65.000000000000	0.00000000000000
34.450000762939	0.58813995122910	0.31077662110329	65.000000000000	0.00000000000000
34.459999084473	0.58868139982224	0.31059554219246	65.000000000000	0.00000000000000
34.470001220703	0.58922171592712	0.31041416525841	65.000000000000	0.00000000000000
34.479999542236	0.58976089954376	0.31023252010345	65.000000000000	0.00000000000000
34.490001678467	0.59029901027679	0.31005054712296	65.000000000000	0.00000000000000
34.500000000000	0.59083604812622	0.30986827611923	65.000000000000	0.00000000000000
34.509998321533	0.59137189388275	0.30968576669693	65.000000000000	0.00000000000000
34.520000457764	0.59190660715103	0.30950289964676	65.000000000000	0.00000000000000
34.529998779297	0.59244030714035	0.30931979417801	65.000000000000	0.00000000000000
34.540000915527	0.59297287464142	0.30913636088371	65.000000000000	0.00000000000000
34.549999237061	0.59350436925888	0.30895268917084	65.000000000000	0.00000000000000
34.560001373291	0.59403479099274	0.30876871943474	65.000000000000	0.00000000000000
34.569999694824	0.59456413984299	0.30858448147774	65.000000000000	0.00000000000000
34.580001831055	0.59509241580963	0.30839994549751	65.000000000000	0.00000000000000
34.590000152588	0.59561955928802	0.30821514129639	65.000000000000	0.00000000000000
34.599998474121	0.59614568948746	0.30803003907204	65.000000000000	0.00000000000000
34.610000610352	0.59667074680328	0.30784469842911	65.000000000000	0.00000000000000
34.619998931885	0.59719473123550	0.30765905976295	65.000000000000	0.00000000000000
34.630001068115	0.59771776199341	0.30747318267822	65.000000000000	0.00000000000000
34.639999389648	0.59823971986771	0.30728697776794	65.000000000000	0.00000000000000
34.650001525879	0.59876060485840	0.30710056424141	65.000000000000	0.00000000000000
34.659999847412	0.59928041696548	0.30691385269165	65.000000000000	0.00000000000000
34.669998168945	0.59979921579361	0.30672687292099	65.000000000000	0.00000000000000
34.680000305176	0.60031706094742	0.30653959512711	65.000000000000	0.00000000000000
34.689998626709	0.60083383321762	0.30635207891464	65.000000000000	0.00000000000000
34.700000762939	0.60134959220886	0.30616429448128	65.000000000000	0.00000000000000
34.709999084473	0.60186433792114	0.30597624182701	65.000000000000	0.00000000000000
34.720001220703	0.60237807035446	0.30578792095184	65.000000000000	0.00000000000000
34.729999542236	0.60289072990417	0.30559933185577	65.000000000000	0.00000000000000
34.740001678467	0.60340255498886	0.30541047453880	65.000000000000	0.00000000000000
34.750000000000	0.60391324758530	0.30522137880325	65.000000000000	0.00000000000000
34.759998321533	0.60442304611206	0.30503198504448	65.000000000000	0.00000000000000
34.770000457764	0.60493189096451	0.30484235286713	65.000000000000	0.00000000000000
34.779998779297	0.60543960332870	0.30465242266655	65.000000000000	0.00000000000000
34.790000915527	0.60594642162323	0.30446225404739	65.000000000000	0.00000000000000
34.799999237061	0.60645228624344	0.30427181720734	65.000000000000	0.00000000000000
34.810001373291	0.60695713758469	0.30408108234406	65.000000000000	0.00000000000000
34.819999694824	0.60746103525162	0.30389010906219	65.000000000000	0.00000000000000
34.830001831055	0.60796397924423	0.30369886755943	65.000000000000	0.00000000000000
34.840000152588	0.60846590995789	0.30350732803345	65.000000000000	0.00000000000000
34.849998474121	0.60896706581116	0.30331555008888	65.000000000000	0.00000000000000
34.860000610352	0.60946714878082	0.30312350392342	65.000000000000	0.00000000000000
34.869998931885	0.60996633768082	0.30293118953705	65.000000000000	0.00000000000000
34.880001068115	0.61046445369720	0.30273860692978	65.000000000000	0.00000000000000
34.889999389648	0.61096173524857	0.30254575610161	65.000000000000	0.00000000000000
34.900001525879	0.61145812273026	0.30235260725021	65.000000000000	0.00000000000000
34.909999847412	0.61195349693298	0.30215919017792	65.000000000000	0.00000000000000
34.919998168945	0.61244803667068	0.30196550488472	65.000000000000	0.00000000000000
34.930000305176	0.61294150352478	0.30177158117294	65.000000000000	0.00000000000000
34.939998626709	0.61343425512314	0.30157735943794	65.000000000000	0.00000000000000
34.950000762939	0.61392593383789	0.30138280987740	65.000000000000	0.00000000000000
34.959999084473	0.61441671848297	0.30118805170059	65.000000000000	0.00000000000000
34.970001220703	0.61490660905838	0.30099299550056	65.000000000000	0.00000000000000
34.979999542236	0.61539566516876	0.30079764127731	65.000000000000	0.00000000000000
34.990001678467	0.61588382720947	0.30060204863548	65.000000000000	0.00000000000000
35.000000000000	0.61637091636658	0.30040606856346	65.000000000000	0.00000000000000
