25.000000000000	0.84498387575150	-0.45895597338676	65.000000000000	0.00000000000000
25.010000228882	0.84468555450439	-0.45928692817688	65.000000000000	0.00000000000000
25.020000457764	0.84438663721085	-0.45961797237396	65.000000000000	0.00000000000000
25.030000686646	0.84408718347549	-0.45994916558266	65.000000000000	0.00000000000000
25.040000915527	0.84378701448441	-0.46028050780296	65.000000000000	0.00000000000000
25.049999237061	0.84348624944687	-0.46061205863953	65.000000000000	0.00000000000000
25.059999465942	0.84318476915359	-0.46094363927841	65.000000000000	0.00000000000000
25.069999694824	0.84288269281387	-0.46127548813820	65.000000000000	0.00000000000000
25.079999923706	0.84257996082306	-0.46160742640495	65.000000000000	0.00000000000000
25.090000152588	0.84227657318115	-0.46193948388100	65.000000000000	0.00000000000000
25.100000381470	0.84197247028351	-0.46227172017097	65.000000000000	0.00000000000000
25.110000610352	0.84166789054871	-0.46260410547256	65.000000000000	0.00000000000000
25.120000839233	0.84136247634888	-0.46293658018112	65.000000000000	0.00000000000000
25.129999160767	0.84105646610260	-0.46326926350594	65.000000000000	0.00000000000000
25.139999389648	0.84074980020523	-0.46360212564468	65.000000000000	0.00000000000000
25.149999618530	0.84044253826141	-0.46393498778343	65.000000000000	0.00000000000000
25.159999847412	0.84013456106186	-0.46426805853844	65.000000000000	0.00000000000000
25.170000076294	0.83982592821121	-0.46460130810738	65.000000000000	0.00000000000000
25.180000305176	0.83951658010483	-0.46493473649025	65.000000000000	0.00000000000000
25.190000534058	0.83920669555664	-0.46526819467545	65.000000000000	0.00000000000000
25.200000762939	0.83889603614807	-0.46560180187225	65.000000000000	0.00000000000000
25.209999084473	0.83858472108841	-0.46593561768532	65.000000000000	0.00000000000000
25.219999313354	0.83827275037766	-0.46626958250999	65.000000000000	0.00000000000000
25.229999542236	0.83796012401581	-0.46660363674164	65.000000000000	0.00000000000000
25.239999771118	0.83764678239822	-0.46693783998489	65.000000000000	0.00000000000000
25.250000000000	0.83733278512955	-0.46727216243744	65.000000000000	0.00000000000000
25.260000228882	0.83701825141907	-0.46760666370392	65.000000000000	0.00000000000000
25.270000457764	0.83670288324356	-0.46794131398201	65.000000000000	0.00000000000000
25.280000686646	0.83638691902161	-0.46827602386475	65.000000000000	0.00000000000000
25.290000915527	0.83607029914856	-0.46861097216606	65.000000000000	0.00000000000000
25.299999237061	0.83575290441513	-0.46894595026970	65.000000000000	0.00000000000000
25.309999465942	0.83543479442596	-0.46928113698959	65.000000000000	0.00000000000000
25.319999694824	0.83511608839035	-0.46961641311646	65.000000000000	0.00000000000000
25.329999923706	0.83479660749435	-0.46995180845261	65.000000000000	0.00000000000000
25.340000152588	0.83447653055191	-0.47028738260269	65.000000000000	0.00000000000000
25.350000381470	0.83415579795837	-0.47062304615974	65.000000000000	0.00000000000000
25.360000610352	0.83383429050446	-0.47095888853073	65.000000000000	0.00000000000000
25.370000839233	0.83351212739944	-0.47129487991333	65.000000000000	0.00000000000000
25.379999160767	0.83318930864334	-0.47163096070290	65.000000000000	0.00000000000000
25.389999389648	0.83286571502686	-0.47196716070175	65.000000000000	0.00000000000000
25.399999618530	0.83254146575928	-0.47230347990990	65.000000000000	0.00000000000000
25.409999847412	0.83221650123596	-0.47263994812965	65.000000000000	0.00000000000000
25.420000076294	0.83189088106155	-0.47297656536102	65.000000000000	0.00000000000000
25.430000305176	0.83156454563141	-0.47331327199936	65.000000000000	0.00000000000000
25.440000534058	0.83123743534088	-0.47365012764931	65.000000000000	0.00000000000000
25.450000762939	0.83090966939926	-0.47398713231087	65.000000000000	0.00000000000000
25.459999084473	0.83058124780655	-0.47432419657707	65.000000000000	0.00000000000000
25.469999313354	0.83025211095810	-0.47466143965721	65.000000000000	0.00000000000000
25.479999542236	0.82992219924927	-0.47499883174896	65.000000000000	0.00000000000000
25.489999771118	0.82959157228470	-0.47533625364304	65.000000000000	0.00000000000000
25.500000000000	0.82926023006439	-0.47567388415337	65.000000000000	0.00000000000000
25.510000228882	0.82892829179764	-0.47601163387299	65.000000000000	0.00000000000000
25.520000457764	0.82859557867050	-0.47634944319725	65.000000000000	0.00000000000000
25.530000686646	0.82826203107834	-0.47668743133545	65.000000000000	0.00000000000000
25.540000915527	0.82792782783508	-0.47702550888062	65.000000000000	0.00000000000000
25.549999237061	0.82759284973145	-0.47736400365829	65.000000000000	0.00000000000000
25.559999465942	0.82725739479065	-0.47770214080811	65.000000000000	0.00000000000000
25.569999694824	0.82692104578018	-0.47804066538811	65.000000000000	0.00000000000000
25.579999923706	0.82658404111862	-0.47837921977043	65.000000000000	0.00000000000000
25.590000152588	0.82624632120132	-0.47871774435043	65.000000000000	0.00000000000000
25.600000381470	0.82590764760971	-0.47905668616295	65.000000000000	0.00000000000000
25.610000610352	0.82556867599487	-0.47939527034760	65.000000000000	0.00000000000000
25.620000839233	0.82522845268250	-0.47973456978798	65.000000000000	0.00000000000000
25.629999160767	0.82488793134689	-0.48007354140282	65.000000000000	0.00000000000000
25.639999389648	0.82454639673233	-0.48041287064552	65.000000000000	0.00000000000000
25.649999618530	0.82420432567596	-0.48075217008591	65.000000000000	0.00000000000000
25.659999847412	0.82386118173599	-0.48109191656113	65.000000000000	0.00000000000000
25.670000076294	0.82351768016815	-0.48143124580383	65.000000000000	0.00000000000000
25.680000305176	0.82317304611206	-0.48177129030228	65.000000000000	0.00000000000000
25.690000534058	0.82282793521881	-0.48211097717285	65.000000000000	0.00000000000000
25.700000762939	0.82248216867447	-0.48245069384575	65.000000000000	0.00000000000000
25.709999084473	0.82213550806046	-0.48279073834419	65.000000000000	0.00000000000000
25.719999313354	0.82178819179535	-0.48313078284264	65.000000000000	0.00000000000000
25.729999542236	0.82143974304199	-0.48347160220146	65.000000000000	0.00000000000000
25.739999771118	0.82109105587006	-0.48381161689758	65.000000000000	0.00000000000000
25.750000000000	0.82074123620987	-0.48415234684944	65.000000000000	0.00000000000000
25.760000228882	0.82039088010788	-0.48449274897575	65.000000000000	0.00000000000000
25.770000457764	0.82003968954086	-0.48483347892761	65.000000000000	0.00000000000000
25.780000686646	0.81968784332275	-0.48517417907715	65.000000000000	0.00000000000000
25.790000915527	0.81933498382568	-0.48551508784294	65.000000000000	0.00000000000000
25.799999237061	0.81898158788681	-0.48585611581802	65.000000000000	0.00000000000000
25.809999465942	0.81862741708755	-0.48619720339775	65.000000000000	0.00000000000000
25.819999694824	0.81827229261398	-0.48653838038445	65.000000000000	0.00000000000000
25.829999923706	0.81791651248932	-0.48687970638275	65.000000000000	0.00000000000000
25.840000152588	0.81756001710892	-0.48722109198570	65.000000000000	0.00000000000000
25.850000381470	0.81720274686813	-0.48756256699562	65.000000000000	0.00000000000000
25.860000610352	0.81684470176697	-0.48790419101715	65.000000000000	0.00000000000000
25.870000839233	0.81648582220078	-0.48824590444565	65.000000000000	0.00000000000000
25.879999160767	0.81612616777420	-0.48858770728111	65.000000000000	0.00000000000000
25.889999389648	0.81576573848724	-0.48892953991890	65.000000000000	0.00000000000000
25.899999618530	0.81540459394455	-0.48927155137062	65.000000000000	0.00000000000000
25.909999847412	0.81504249572754	-0.48961359262466	65.000000000000	0.00000000000000
25.920000076294	0.81467974185944	-0.48995575308800	65.000000000000	0.00000000000000
25.930000305176	0.81431627273560	-0.49029806256294	65.000000000000	0.00000000000000
25.940000534058	0.81395202875137	-0.49064037203789	65.000000000000	0.00000000000000
25.950000762939	0.81358677148819	-0.49098277091980	65.000000000000	0.00000000000000
25.959999084473	0.81322085857391	-0.49132534861565	65.000000000000	0.00000000000000
25.969999313354	0.81285417079926	-0.49166798591614	65.000000000000	0.00000000000000
25.979999542236	0.81248664855957	-0.49201071262360	65.000000000000	0.00000000000000
25.989999771118	0.81211823225021	-0.49235346913338	65.000000000000	0.00000000000000
26.000000000000	0.81174921989441	-0.49269634485245	65.000000000000	0.00000000000000
26.010000228882	0.81137931346893	-0.49303930997849	65.000000000000	0.00000000000000
26.020000457764	0.81100857257843	-0.49338239431381	65.000000000000	0.00000000000000
26.030000686646	0.81063699722290	-0.49372550845146	65.000000000000	0.00000000000000
26.040000915527	0.81026470661163	-0.49406871199608	65.000000000000	0.00000000000000
26.049999237061	0.80989152193069	-0.49441206455231	65.000000000000	0.00000000000000
26.059999465942	0.80951762199402	-0.49475541710854	65.000000000000	0.00000000000000
26.069999694824	0.80914276838303	-0.49509888887405	65.000000000000	0.00000000000000
26.079999923706	0.80876725912094	-0.49544242024422	65.000000000000	0.00000000000000
26.090000152588	0.80839085578918	-0.49578604102135	65.000000000000	0.00000000000000
26.100000381470	0.80801367759705	-0.49612975120544	65.000000000000	0.00000000000000
26.110000610352	0.80763560533524	-0.49647352099419	65.000000000000	0.00000000000000
26.120000839233	0.80725669860840	-0.49681732058525	65.000000000000	0.00000000000000
26.129999160767	0.80687701702118	-0.49716126918793	65.000000000000	0.00000000000000
26.139999389648	0.80649656057358	-0.49750518798828	65.000000000000	0.00000000000000
26.149999618530	0.80611515045166	-0.49784928560257	65.000000000000	0.00000000000000
26.159999847412	0.80573302507401	-0.49819341301918	65.000000000000	0.00000000000000
26.170000076294	0.80534994602203	-0.49853757023811	65.000000000000	0.00000000000000
26.180000305176	0.80496615171432	-0.49888187646866	65.000000000000	0.00000000000000
26.190000534058	0.80458152294159	-0.49922618269920	65.000000000000	0.00000000000000
26.200000762939	0.80419600009918	-0.49957060813904	65.000000000000	0.00000000000000
26.209999084473	0.80380958318710	-0.49991506338120	65.000000000000	0.00000000000000
26.219999313354	0.80342239141464	-0.50025963783264	65.000000000000	0.00000000000000
26.229999542236	0.80303430557251	-0.50060427188873	65.000000000000	0.00000000000000
26.239999771118	0.80264550447464	-0.50094890594482	65.000000000000	0.00000000000000
26.250000000000	0.80225569009781	-0.50129365921021	65.000000000000	0.00000000000000
26.260000228882	0.80186516046524	-0.50163841247559	65.000000000000	0.00000000000000
26.270000457764	0.80147367715836	-0.50198328495026	65.000000000000	0.00000000000000
26.280000686646	0.80108141899109	-0.50232821702957	65.000000000000	0.00000000000000
26.290000915527	0.80068820714951	-0.50267314910889	65.000000000000	0.00000000000000
26.299999237061	0.80029416084290	-0.50301814079285	65.000000000000	0.00000000000000
26.309999465942	0.79989945888519	-0.50336325168610	65.000000000000	0.00000000000000
26.319999694824	0.79950368404388	-0.50370836257935	65.000000000000	0.00000000000000
26.329999923706	0.79910701513290	-0.50405359268188	65.000000000000	0.00000000000000
26.340000152588	0.79870957136154	-0.50439876317978	65.000000000000	0.00000000000000
26.350000381470	0.79831129312515	-0.50474405288696	65.000000000000	0.00000000000000
26.360000610352	0.79791218042374	-0.50508934259415	65.000000000000	0.00000000000000
26.370000839233	0.79751205444336	-0.50543475151062	65.000000000000	0.00000000000000
26.379999160767	0.79711109399796	-0.50578016042709	65.000000000000	0.00000000000000
26.389999389648	0.79670923948288	-0.50612556934357	65.000000000000	0.00000000000000
26.399999618530	0.79630655050278	-0.50647115707397	65.000000000000	0.00000000000000
26.409999847412	0.79590296745300	-0.50681668519974	65.000000000000	0.00000000000000
26.420000076294	0.79549860954285	-0.50716221332550	65.000000000000	0.00000000000000
26.430000305176	0.79509311914444	-0.50750792026520	65.000000000000	0.00000000000000
26.440000534058	0.79468703269958	-0.50785356760025	65.000000000000	0.00000000000000
26.450000762939	0.79427987337112	-0.50819927453995	65.000000000000	0.00000000000000
26.459999084473	0.79387187957764	-0.50854516029358	65.000000000000	0.00000000000000
26.469999313354	0.79346305131912	-0.50889086723328	65.000000000000	0.00000000000000
26.479999542236	0.79305326938629	-0.50923669338226	65.000000000000	0.00000000000000
26.489999771118	0.79264253377914	-0.50958257913589	65.000000000000	0.00000000000000
26.500000000000	0.79223084449768	-0.50992846488953	65.000000000000	0.00000000000000
26.510000228882	0.79181843996048	-0.51027441024780	65.000000000000	0.00000000000000
26.520000457764	0.79140508174896	-0.51062041521072	65.000000000000	0.00000000000000
26.530000686646	0.79099082946777	-0.51096630096436	65.000000000000	0.00000000000000
26.540000915527	0.79057556390762	-0.51131230592728	65.000000000000	0.00000000000000
26.549999237061	0.79015940427780	-0.51165843009949	65.000000000000	0.00000000000000
26.559999465942	0.78974246978760	-0.51200437545776	65.000000000000	0.00000000000000
26.569999694824	0.78932446241379	-0.51235055923462	65.000000000000	0.00000000000000
26.579999923706	0.78890573978424	-0.51269668340683	65.000000000000	0.00000000000000
26.590000152588	0.78848588466644	-0.51304274797440	65.000000000000	0.00000000000000
26.600000381470	0.78806525468826	-0.51338893175125	65.000000000000	0.00000000000000
26.610000610352	0.78764367103577	-0.51373505592346	65.000000000000	0.00000000000000
26.620000839233	0.78722107410431	-0.51408129930496	65.000000000000	0.00000000000000
26.629999160767	0.78679764270782	-0.51442742347717	65.000000000000	0.00000000000000
26.639999389648	0.78637331724167	-0.51477360725403	65.000000000000	0.00000000000000
26.649999618530	0.78594803810120	-0.51511991024017	65.000000000000	0.00000000000000
26.659999847412	0.78552174568176	-0.51546615362167	65.000000000000	0.00000000000000
26.670000076294	0.78509455919266	-0.51581239700317	65.000000000000	0.00000000000000
26.680000305176	0.78466647863388	-0.51615864038467	65.000000000000	0.00000000000000
26.690000534058	0.78423744440079	-0.51650488376617	65.000000000000	0.00000000000000
26.700000762939	0.78380739688873	-0.51685118675232	65.000000000000	0.00000000000000
26.709999084473	0.78337657451630	-0.51719743013382	65.000000000000	0.00000000000000
26.719999313354	0.78294461965561	-0.51754373311996	65.000000000000	0.00000000000000
26.729999542236	0.78251183032990	-0.51788997650146	65.000000000000	0.00000000000000
26.739999771118	0.78207802772522	-0.51823621988297	65.000000000000	0.00000000000000
26.750000000000	0.78164327144623	-0.51858246326447	65.000000000000	0.00000000000000
26.760000228882	0.78120768070221	-0.51892876625061	65.000000000000	0.00000000000000
26.770000457764	0.78077101707458	-0.51927506923676	65.000000000000	0.00000000000000
26.780000686646	0.78033345937729	-0.51962131261826	65.000000000000	0.00000000000000
26.790000915527	0.77989494800568	-0.51996749639511	65.000000000000	0.00000000000000
26.799999237061	0.77945542335510	-0.52031379938126	65.000000000000	0.00000000000000
26.809999465942	0.77901506423950	-0.52065998315811	65.000000000000	0.00000000000000
26.819999694824	0.77857363224030	-0.52100622653961	65.000000000000	0.00000000000000
26.829999923706	0.77813118696213	-0.52135241031647	65.000000000000	0.00000000000000
26.840000152588	0.77768778800964	-0.52169859409332	65.000000000000	0.00000000000000
26.850000381470	0.77724349498749	-0.52204471826553	65.000000000000	0.00000000000000
26.860000610352	0.77679824829102	-0.52239090204239	65.000000000000	0.00000000000000
26.870000839233	0.77635180950165	-0.52273702621460	65.000000000000	0.00000000000000
26.879999160767	0.77590465545654	-0.52308315038681	65.000000000000	0.00000000000000
26.889999389648	0.77545630931854	-0.52342921495438	65.000000000000	0.00000000000000
26.899999618530	0.77500712871552	-0.52377527952194	65.000000000000	0.00000000000000
26.909999847412	0.77455699443817	-0.52412122488022	65.000000000000	0.00000000000000
26.920000076294	0.77410578727722	-0.52446728944778	65.000000000000	0.00000000000000
26.930000305176	0.77365350723267	-0.52481329441071	65.000000000000	0.00000000000000
26.940000534058	0.77320039272308	-0.52515918016434	65.000000000000	0.00000000000000
26.950000762939	0.77274620532990	-0.52550506591797	65.000000000000	0.00000000000000
26.959999084473	0.77229100465775	-0.52585095167160	65.000000000000	0.00000000000000
26.969999313354	0.77183485031128	-0.52619677782059	65.000000000000	0.00000000000000
26.979999542236	0.77137762308121	-0.52654260396957	65.000000000000	0.00000000000000
26.989999771118	0.77091950178146	-0.52688837051392	65.000000000000	0.00000000000000
27.000000000000	0.77046036720276	-0.52723407745361	65.000000000000	0.00000000000000
27.010000228882	0.77000010013580	-0.52757972478867	65.000000000000	0.00000000000000
27.020000457764	0.76953899860382	-0.52792537212372	65.000000000000	0.00000000000000
27.030000686646	0.76907676458359	-0.52827095985413	65.000000000000	0.00000000000000
27.040000915527	0.76861357688904	-0.52861648797989	65.000000000000	0.00000000000000
27.049999237061	0.76814937591553	-0.52896195650101	65.000000000000	0.00000000000000
27.059999465942	0.76768410205841	-0.52930730581284	65.000000000000	0.00000000000000
27.069999694824	0.76721793413162	-0.52965265512466	65.000000000000	0.00000000000000
27.079999923706	0.76675051450729	-0.52999800443649	65.000000000000	0.00000000000000
27.090000152588	0.76628232002258	-0.53034323453903	65.000000000000	0.00000000000000
27.100000381470	0.76581299304962	-0.53068846464157	65.000000000000	0.00000000000000
27.110000610352	0.76534253358841	-0.53103351593018	65.000000000000	0.00000000000000
27.120000839233	0.76487112045288	-0.53137862682343	65.000000000000	0.00000000000000
27.129999160767	0.76439863443375	-0.53172361850739	65.000000000000	0.00000000000000
27.139999389648	0.76392519474030	-0.53206861019135	65.000000000000	0.00000000000000
27.149999618530	0.76345080137253	-0.53241342306137	65.000000000000	0.00000000000000
27.159999847412	0.76297509670258	-0.53275823593140	65.000000000000	0.00000000000000
27.170000076294	0.76249855756760	-0.53310286998749	65.000000000000	0.00000000000000
27.180000305176	0.76202100515366	-0.53344756364822	65.000000000000	0.00000000000000
27.190000534058	0.76154232025146	-0.53379207849503	65.000000000000	0.00000000000000
27.200000762939	0.76106256246567	-0.53413659334183	65.000000000000	0.00000000000000
27.209999084473	0.76058179140091	-0.53448104858398	65.000000000000	0.00000000000000
27.219999313354	0.76010000705719	-0.53482538461685	65.000000000000	0.00000000000000
27.229999542236	0.75961703062057	-0.53516960144043	65.000000000000	0.00000000000000
27.239999771118	0.75913321971893	-0.53551369905472	65.000000000000	0.00000000000000
27.250000000000	0.75864821672440	-0.53585779666901	65.000000000000	0.00000000000000
27.260000228882	0.75816208124161	-0.53620183467865	65.000000000000	0.00000000000000
27.270000457764	0.75767499208450	-0.53654563426971	65.000000000000	0.00000000000000
27.280000686646	0.75718671083450	-0.53688949346542	65.000000000000	0.00000000000000
27.290000915527	0.75669747591019	-0.53723317384720	65.000000000000	0.00000000000000
27.299999237061	0.75620710849762	-0.53757673501968	65.000000000000	0.00000000000000
27.309999465942	0.75571572780609	-0.53792017698288	65.000000000000	0.00000000000000
27.319999694824	0.75522327423096	-0.53826355934143	65.000000000000	0.00000000000000
27.329999923706	0.75472974777222	-0.53860688209534	65.000000000000	0.00000000000000
27.340000152588	0.75423502922058	-0.53895002603531	65.000000000000	0.00000000000000
27.350000381470	0.75373929738998	-0.53929311037064	65.000000000000	0.00000000000000
27.360000610352	0.75324249267578	-0.53963607549667	65.000000000000	0.00000000000000
27.370000839233	0.75274449586868	-0.53997892141342	65.000000000000	0.00000000000000
27.379999160767	0.75224554538727	-0.54032158851624	65.000000000000	0.00000000000000
27.389999389648	0.75174546241760	-0.54066425561905	65.000000000000	0.00000000000000
27.399999618530	0.75124442577362	-0.54100674390793	65.000000000000	0.00000000000000
27.409999847412	0.75074207782745	-0.54134905338287	65.000000000000	0.00000000000000
27.420000076294	0.75023871660233	-0.54169136285782	65.000000000000	0.00000000000000
27.430000305176	0.74973428249359	-0.54203343391418	65.000000000000	0.00000000000000
27.440000534058	0.74922859668732	-0.54237550497055	65.000000000000	0.00000000000000
27.450000762939	0.74872195720673	-0.54271733760834	65.000000000000	0.00000000000000
27.459999084473	0.74821424484253	-0.54305905103683	65.000000000000	0.00000000000000
27.469999313354	0.74770528078079	-0.54340052604675	65.000000000000	0.00000000000000
27.479999542236	0.74719524383545	-0.54374206066132	65.000000000000	0.00000000000000
27.489999771118	0.74668413400650	-0.54408335685730	65.000000000000	0.00000000000000
27.500000000000	0.74617189168930	-0.54442453384399	65.000000000000	0.00000000000000
27.510000228882	0.74565845727921	-0.54476559162140	65.000000000000	0.00000000000000
27.520000457764	0.74514412879944	-0.54510641098022	65.000000000000	0.00000000000000
27.530000686646	0.74462854862213	-0.54544711112976	65.000000000000	0.00000000000000
27.540000915527	0.74411177635193	-0.54578769207001	65.000000000000	0.00000000000000
27.549999237061	0.74359399080276	-0.54612809419632	65.000000000000	0.00000000000000
27.559999465942	0.74307501316071	-0.54646843671799	65.000000000000	0.00000000000000
27.569999694824	0.74255484342575	-0.54680854082108	65.000000000000	0.00000000000000
27.579999923706	0.74203348159790	-0.54714846611023	65.000000000000	0.00000000000000
27.590000152588	0.74151110649109	-0.54748827219009	65.000000000000	0.00000000000000
27.600000381470	0.74098759889603	-0.54782789945602	65.000000000000	0.00000000000000
27.610000610352	0.74046307802200	-0.54816734790802	65.000000000000	0.00000000000000
27.620000839233	0.73993712663651	-0.54850661754608	65.000000000000	0.00000000000000
27.629999160767	0.73941016197205	-0.54884570837021	65.000000000000	0.00000000000000
27.639999389648	0.73888212442398	-0.54918462038040	65.000000000000	0.00000000000000
27.649999618530	0.73835277557373	-0.54952341318130	65.000000000000	0.00000000000000
27.659999847412	0.73782229423523	-0.54986202716827	65.000000000000	0.00000000000000
27.670000076294	0.73729074001312	-0.55020040273666	65.000000000000	0.00000000000000
27.680000305176	0.73675805330276	-0.55053859949112	65.000000000000	0.00000000000000
27.690000534058	0.73622411489487	-0.55087661743164	65.000000000000	0.00000000000000
27.700000762939	0.73568916320801	-0.55121439695358	65.000000000000	0.00000000000000
27.709999084473	0.73515284061432	-0.55155205726624	65.000000000000	0.00000000000000
27.719999313354	0.73461544513702	-0.55188947916031	65.000000000000	0.00000000000000
27.729999542236	0.73407679796219	-0.55222678184509	65.000000000000	0.00000000000000
27.739999771118	0.73353725671768	-0.55256372690201	65.000000000000	0.00000000000000
27.750000000000	0.73299616575241	-0.55290067195892	65.000000000000	0.00000000000000
27.760000228882	0.73245418071747	-0.55323725938797	65.000000000000	0.00000000000000
27.770000457764	0.73191100358963	-0.55357366800308	65.000000000000	0.00000000000000
27.780000686646	0.73136645555496	-0.55390983819962	65.000000000000	0.00000000000000
27.790000915527	0.73082083463669	-0.55424588918686	65.000000000000	0.00000000000000
27.799999237061	0.73027402162552	-0.55458170175552	65.000000000000	0.00000000000000
27.809999465942	0.72972607612610	-0.55491727590561	65.000000000000	0.00000000000000
27.819999694824	0.72917687892914	-0.55525261163712	65.000000000000	0.00000000000000
27.829999923706	0.72862648963928	-0.55558770895004	65.000000000000	0.00000000000000
27.840000152588	0.72807484865189	-0.55592256784439	65.000000000000	0.00000000000000
27.850000381470	0.72752207517624	-0.55625730752945	65.000000000000	0.00000000000000
27.860000610352	0.72696805000305	-0.55659174919128	65.000000000000	0.00000000000000
27.870000839233	0.72641295194626	-0.55692589282990	65.000000000000	0.00000000000000
27.879999160767	0.72585642337799	-0.55725979804993	65.000000000000	0.00000000000000
27.889999389648	0.72529894113541	-0.55759358406067	65.000000000000	0.00000000000000
27.899999618530	0.72474014759064	-0.55792707204819	65.000000000000	0.00000000000000
27.909999847412	0.72418016195297	-0.55826026201248	65.000000000000	0.00000000000000
27.920000076294	0.72361892461777	-0.55859321355820	65.000000000000	0.00000000000000
27.930000305176	0.72305649518967	-0.55892598628998	65.000000000000	0.00000000000000
27.940000534058	0.72249287366867	-0.55925846099854	65.000000000000	0.00000000000000
27.950000762939	0.72192800045013	-0.55959063768387	65.000000000000	0.00000000000000
27.959999084473	0.72136181592941	-0.55992263555527	65.000000000000	0.00000000000000
27.969999313354	0.72079443931580	-0.56025427579880	65.000000000000	0.00000000000000
27.979999542236	0.72022593021393	-0.56058573722839	65.000000000000	0.00000000000000
27.989999771118	0.71965610980988	-0.56091684103012	65.000000000000	0.00000000000000
28.000000000000	0.71908509731293	-0.56124776601791	65.000000000000	0.00000000000000
28.010000228882	0.71851289272308	-0.56157839298248	65.000000000000	0.00000000000000
28.020000457764	0.71793937683105	-0.56190866231918	65.000000000000	0.00000000000000
28.030000686646	0.71736466884613	-0.56223869323730	65.000000000000	0.00000000000000
28.040000915527	0.71678876876831	-0.56256848573685	65.000000000000	0.00000000000000
28.049999237061	0.71621137857437	-0.56289798021317	65.000000000000	0.00000000000000
28.059999465942	0.71563303470612	-0.56322711706161	65.000000000000	0.00000000000000
28.069999694824	0.71505331993103	-0.56355607509613	65.000000000000	0.00000000000000
28.079999923706	0.71447229385376	-0.56388467550278	65.000000000000	0.00000000000000
28.090000152588	0.71389013528824	-0.56421291828156	65.000000000000	0.00000000000000
28.100000381470	0.71330654621124	-0.56454080343246	65.000000000000	0.00000000000000
28.110000610352	0.71272194385529	-0.56486856937408	65.000000000000	0.00000000000000
28.120000839233	0.71213597059250	-0.56519597768784	65.000000000000	0.00000000000000
28.129999160767	0.71154868602753	-0.56552302837372	65.000000000000	0.00000000000000
28.139999389648	0.71096014976501	-0.56584978103638	65.000000000000	0.00000000000000
28.149999618530	0.71037042140961	-0.56617623567581	65.000000000000	0.00000000000000
28.159999847412	0.70977938175201	-0.56650227308273	65.000000000000	0.00000000000000
28.170000076294	0.70918697118759	-0.56682807207108	65.000000000000	0.00000000000000
28.180000305176	0.70859342813492	-0.56715351343155	65.000000000000	0.00000000000000
28.190000534058	0.70799851417542	-0.56747865676880	65.000000000000	0.00000000000000
28.200000762939	0.70740234851837	-0.56780344247818	65.000000000000	0.00000000000000
28.209999084473	0.70680493116379	-0.56812793016434	65.000000000000	0.00000000000000
28.219999313354	0.70620620250702	-0.56845206022263	65.000000000000	0.00000000000000
28.229999542236	0.70560622215271	-0.56877577304840	65.000000000000	0.00000000000000
28.239999771118	0.70500487089157	-0.56909918785095	65.000000000000	0.00000000000000
28.250000000000	0.70440226793289	-0.56942230463028	65.000000000000	0.00000000000000
28.260000228882	0.70379853248596	-0.56974494457245	65.000000000000	0.00000000000000
28.270000457764	0.70319330692291	-0.57006734609604	65.000000000000	0.00000000000000
28.280000686646	0.70258677005768	-0.57038933038712	65.000000000000	0.00000000000000
28.290000915527	0.70197916030884	-0.57071101665497	65.000000000000	0.00000000000000
28.299999237061	0.70137006044388	-0.57103228569031	65.000000000000	0.00000000000000
28.309999465942	0.70075970888138	-0.57135319709778	65.000000000000	0.00000000000000
28.319999694824	0.70014804601669	-0.57167363166809	65.000000000000	0.00000000000000
28.329999923706	0.69953483343124	-0.57199400663376	65.000000000000	0.00000000000000
28.340000152588	0.69892096519470	-0.57231336832047	65.000000000000	0.00000000000000
28.350000381470	0.69830495119095	-0.57263314723969	65.000000000000	0.00000000000000
28.360000610352	0.69768822193146	-0.57295191287994	65.000000000000	0.00000000000000
28.370000839233	0.69706994295120	-0.57327055931091	65.000000000000	0.00000000000000
28.379999160767	0.69645035266876	-0.57358878850937	65.000000000000	0.00000000000000
28.389999389648	0.69582945108414	-0.57390654087067	65.000000000000	0.00000000000000
28.399999618530	0.69520735740662	-0.57422381639481	65.000000000000	0.00000000000000
28.409999847412	0.69458395242691	-0.57454067468643	65.000000000000	0.00000000000000
28.420000076294	0.69395899772644	-0.57485741376877	65.000000000000	0.00000000000000
28.430000305176	0.69333297014236	-0.57517331838608	65.000000000000	0.00000000000000
28.440000534058	0.69270539283752	-0.57548910379410	65.000000000000	0.00000000000000
28.450000762939	0.69207626581192	-0.57580465078354	65.000000000000	0.00000000000000
28.459999084473	0.69144618511200	-0.57611954212189	65.000000000000	0.00000000000000
28.469999313354	0.69081449508667	-0.57643419504166	65.000000000000	0.00000000000000
28.479999542236	0.69018173217773	-0.57674801349640	65.000000000000	0.00000000000000
28.489999771118	0.68954747915268	-0.57706171274185	65.000000000000	0.00000000000000
28.500000000000	0.68891191482544	-0.57737481594086	65.000000000000	0.00000000000000
28.510000228882	0.68827503919601	-0.57768750190735	65.000000000000	0.00000000000000
28.520000457764	0.68763661384583	-0.57799994945526	65.000000000000	0.00000000000000
28.530000686646	0.68699717521667	-0.57831162214279	65.000000000000	0.00000000000000
28.540000915527	0.68635606765747	-0.57862305641174	65.000000000000	0.00000000000000
28.549999237061	0.68571376800537	-0.57893389463425	65.000000000000	0.00000000000000
28.559999465942	0.68506985902786	-0.57924461364746	65.000000000000	0.00000000000000
28.569999694824	0.68442487716675	-0.57955449819565	65.000000000000	0.00000000000000
28.579999923706	0.68377864360809	-0.57986378669739	65.000000000000	0.00000000000000
28.590000152588	0.68313086032867	-0.58017283678055	65.000000000000	0.00000000000000
28.600000381470	0.68248152732849	-0.58048135042191	65.000000000000	0.00000000000000
28.610000610352	0.68183094263077	-0.58078950643539	65.000000000000	0.00000000000000
28.620000839233	0.68117910623550	-0.58109706640244	65.000000000000	0.00000000000000
28.629999160767	0.68052589893341	-0.58140414953232	65.000000000000	0.00000000000000
28.639999389648	0.67987120151520	-0.58171075582504	65.000000000000	0.00000000000000
28.649999618530	0.67921513319016	-0.58201682567596	65.000000000000	0.00000000000000
28.659999847412	0.67855769395828	-0.58232247829437	65.000000000000	0.00000000000000
28.670000076294	0.67789888381958	-0.58262759447098	65.000000000000	0.00000000000000
28.680000305176	0.67723864316940	-0.58293205499649	65.000000000000	0.00000000000000
28.690000534058	0.67657715082169	-0.58323615789413	65.000000000000	0.00000000000000
28.700000762939	0.67591404914856	-0.58353978395462	65.000000000000	0.00000000000000
28.709999084473	0.67524981498718	-0.58384281396866	65.000000000000	0.00000000000000
28.719999313354	0.67458397150040	-0.58414524793625	65.000000000000	0.00000000000000
28.729999542236	0.67391687631607	-0.58444726467133	65.000000000000	0.00000000000000
28.739999771118	0.67324829101563	-0.58474868535995	65.000000000000	0.00000000000000
28.750000000000	0.67257827520370	-0.58504951000214	65.000000000000	0.00000000000000
28.760000228882	0.67190700769424	-0.58534985780716	65.000000000000	0.00000000000000
28.770000457764	0.67123425006866	-0.58564972877502	65.000000000000	0.00000000000000
28.780000686646	0.67056006193161	-0.58594900369644	65.000000000000	0.00000000000000
28.790000915527	0.66988444328308	-0.58624762296677	65.000000000000	0.00000000000000
28.799999237061	0.66920745372772	-0.58654576539993	65.000000000000	0.00000000000000
28.809999465942	0.66852897405624	-0.58684337139130	65.000000000000	0.00000000000000
28.819999694824	0.66784924268723	-0.58714038133621	65.000000000000	0.00000000000000
28.829999923706	0.66716802120209	-0.58743673563004	65.000000000000	0.00000000000000
28.840000152588	0.66648524999619	-0.58773261308670	65.000000000000	0.00000000000000
28.850000381470	0.66580122709274	-0.58802789449692	65.000000000000	0.00000000000000
28.860000610352	0.66511565446854	-0.58832257986069	65.000000000000	0.00000000000000
28.870000839233	0.66442877054214	-0.58861666917801	65.000000000000	0.00000000000000
28.879999160767	0.66374045610428	-0.58891016244888	65.000000000000	0.00000000000000
28.889999389648	0.66305059194565	-0.58920300006866	65.000000000000	0.00000000000000
28.899999618530	0.66235941648483	-0.58949530124664	65.000000000000	0.00000000000000
28.909999847412	0.66166675090790	-0.58978688716888	65.000000000000	0.00000000000000
28.920000076294	0.66097259521484	-0.59007805585861	65.000000000000	0.00000000000000
28.930000305176	0.66027700901031	-0.59036850929260	65.000000000000	0.00000000000000
28.940000534058	0.65958005189896	-0.59065836668015	65.000000000000	0.00000000000000
28.950000762939	0.65888160467148	-0.59094750881195	65.000000000000	0.00000000000000
28.959999084473	0.65818166732788	-0.59123605489731	65.000000000000	0.00000000000000
28.969999313354	0.65748041868210	-0.59152394533157	65.000000000000	0.00000000000000
28.979999542236	0.65677773952484	-0.59181118011475	65.000000000000	0.00000000000000
28.989999771118	0.65607351064682	-0.59209781885147	65.000000000000	0.00000000000000
29.000000000000	0.65536779165268	-0.59238386154175	65.000000000000	0.00000000000000
29.010000228882	0.65466070175171	-0.59266918897629	65.000000000000	0.00000000000000
29.020000457764	0.65395200252533	-0.59295380115509	65.000000000000	0.00000000000000
29.030000686646	0.65324211120605	-0.59323781728745	65.000000000000	0.00000000000000
29.040000915527	0.65253061056137	-0.59352117776871	65.000000000000	0.00000000000000
29.049999237061	0.65181761980057	-0.59380382299423	65.000000000000	0.00000000000000
29.059999465942	0.65110319852829	-0.59408575296402	65.000000000000	0.00000000000000
29.069999694824	0.65038722753525	-0.59436708688736	65.000000000000	0.00000000000000
29.079999923706	0.64966988563538	-0.59464764595032	65.000000000000	0.00000000000000
29.090000152588	0.64895099401474	-0.59492754936218	65.000000000000	0.00000000000000
29.100000381470	0.64823079109192	-0.59520673751831	65.000000000000	0.00000000000000
29.110000610352	0.64750891923904	-0.59548521041870	65.000000000000	0.00000000000000
29.120000839233	0.64678573608398	-0.59576302766800	65.000000000000	0.00000000000000
29.129999160767	0.64606094360352	-0.59604012966156	65.000000000000	0.00000000000000
29.139999389648	0.64533478021622	-0.59631651639938	65.000000000000	0.00000000000000
29.149999618530	0.64460706710815	-0.59659212827682	65.000000000000	0.00000000000000
29.159999847412	0.64387792348862	-0.59686696529388	65.000000000000	0.00000000000000
29.170000076294	0.64314723014832	-0.59714114665985	65.000000000000	0.00000000000000
29.180000305176	0.64241504669189	-0.59741461277008	65.000000000000	0.00000000000000
29.190000534058	0.64168155193329	-0.59768730401993	65.000000000000	0.00000000000000
29.200000762939	0.64094632863998	-0.59795922040939	65.000000000000	0.00000000000000
29.209999084473	0.64020961523056	-0.59823042154312	65.000000000000	0.00000000000000
29.219999313354	0.63947159051895	-0.59850078821182	65.000000000000	0.00000000000000
29.229999542236	0.63873201608658	-0.59877043962479	65.000000000000	0.00000000000000
29.239999771118	0.63799083232880	-0.59903931617737	65.000000000000	0.00000000000000
29.250000000000	0.63724827766418	-0.59930747747421	65.000000000000	0.00000000000000
29.260000228882	0.63650405406952	-0.59957474470139	65.000000000000	0.00000000000000
29.270000457764	0.63575851917267	-0.59984129667282	65.000000000000	0.00000000000000
29.280000686646	0.63501137495041	-0.60010707378387	65.000000000000	0.00000000000000
29.290000915527	0.63426285982132	-0.60037195682526	65.000000000000	0.00000000000000
29.299999237061	0.63351273536682	-0.60063612461090	65.000000000000	0.00000000000000
29.309999465942	0.63276112079620	-0.60089945793152	65.000000000000	0.00000000000000
29.319999694824	0.63200783729553	-0.60116201639175	65.000000000000	0.00000000000000
29.329999923706	0.63125324249268	-0.60142374038696	65.000000000000	0.00000000000000
29.340000152588	0.63049691915512	-0.60168457031250	65.000000000000	0.00000000000000
29.350000381470	0.62973934412003	-0.60194456577301	65.000000000000	0.00000000000000
29.360000610352	0.62898010015488	-0.60220384597778	65.000000000000	0.00000000000000
29.370000839233	0.62821948528290	-0.60246217250824	65.000000000000	0.00000000000000
29.379999160767	0.62745714187622	-0.60271972417831	65.000000000000	0.00000000000000
29.389999389648	0.62669330835342	-0.60297644138336	65.000000000000	0.00000000000000
29.399999618530	0.62592810392380	-0.60323226451874	65.000000000000	0.00000000000000
29.409999847412	0.62516123056412	-0.60348725318909	65.000000000000	0.00000000000000
29.420000076294	0.62439292669296	-0.60374128818512	65.000000000000	0.00000000000000
29.430000305176	0.62362295389175	-0.60399448871613	65.000000000000	0.00000000000000
29.440000534058	0.62285172939301	-0.60424685478210	65.000000000000	0.00000000000000
29.450000762939	0.62207865715027	-0.60449826717377	65.000000000000	0.00000000000000
29.459999084473	0.62130421400070	-0.60474884510040	65.000000000000	0.00000000000000
29.469999313354	0.62052828073502	-0.60499852895737	65.000000000000	0.00000000000000
29.479999542236	0.61975061893463	-0.60524725914001	65.000000000000	0.00000000000000
29.489999771118	0.61897152662277	-0.60549515485764	65.000000000000	0.00000000000000
29.500000000000	0.61819106340408	-0.60574209690094	65.000000000000	0.00000000000000
29.510000228882	0.61740881204605	-0.60598808526993	65.000000000000	0.00000000000000
29.520000457764	0.61662501096725	-0.60623317956924	65.000000000000	0.00000000000000
29.530000686646	0.61583983898163	-0.60647732019424	65.000000000000	0.00000000000000
29.540000915527	0.61505299806595	-0.60672056674957	65.000000000000	0.00000000000000
29.549999237061	0.61426466703415	-0.60696280002594	65.000000000000	0.00000000000000
29.559999465942	0.61347478628159	-0.60720407962799	65.000000000000	0.00000000000000
29.569999694824	0.61268335580826	-0.60744452476501	65.000000000000	0.00000000000000
29.579999923706	0.61189031600952	-0.60768389701843	65.000000000000	0.00000000000000
29.590000152588	0.61109584569931	-0.60792231559753	65.000000000000	0.00000000000000
29.600000381470	0.61029970645905	-0.60815984010696	65.000000000000	0.00000000000000
29.610000610352	0.60950201749802	-0.60839629173279	65.000000000000	0.00000000000000
29.620000839233	0.60870289802551	-0.60863178968430	65.000000000000	0.00000000000000
29.629999160767	0.60790205001831	-0.60886627435684	65.000000000000	0.00000000000000
29.639999389648	0.60709971189499	-0.60909980535507	65.000000000000	0.00000000000000
29.649999618530	0.60629600286484	-0.60933232307434	65.000000000000	0.00000000000000
29.659999847412	0.60549050569534	-0.60956382751465	65.000000000000	0.00000000000000
29.670000076294	0.60468357801437	-0.60979425907135	65.000000000000	0.00000000000000
29.680000305176	0.60387486219406	-0.61002379655838	65.000000000000	0.00000000000000
29.690000534058	0.60306483507156	-0.61025214195251	65.000000000000	0.00000000000000
29.700000762939	0.60225319862366	-0.61047959327698	65.000000000000	0.00000000000000
29.709999084473	0.60143989324570	-0.61070585250854	65.000000000000	0.00000000000000
29.719999313354	0.60062509775162	-0.61093115806580	65.000000000000	0.00000000000000
29.729999542236	0.59980863332748	-0.61115545034409	65.000000000000	0.00000000000000
29.739999771118	0.59899079799652	-0.61137866973877	65.000000000000	0.00000000000000
29.750000000000	0.59817129373550	-0.61160075664520	65.000000000000	0.00000000000000
29.760000228882	0.59735018014908	-0.61182177066803	65.000000000000	0.00000000000000
29.770000457764	0.59652745723724	-0.61204177141190	65.000000000000	0.00000000000000
29.780000686646	0.59570330381393	-0.61226063966751	65.000000000000	0.00000000000000
29.790000915527	0.59487736225128	-0.61247843503952	65.000000000000	0.00000000000000
29.799999237061	0.59405004978180	-0.61269509792328	65.000000000000	0.00000000000000
29.809999465942	0.59322112798691	-0.61291074752808	65.000000000000	0.00000000000000
29.819999694824	0.59239053726196	-0.61312520503998	65.000000000000	0.00000000000000
29.829999923706	0.59155827760696	-0.61333853006363	65.000000000000	0.00000000000000
29.840000152588	0.59072476625443	-0.61355072259903	65.000000000000	0.00000000000000
29.850000381470	0.58988946676254	-0.61376190185547	65.000000000000	0.00000000000000
29.860000610352	0.58905249834061	-0.61397176980972	65.000000000000	0.00000000000000
29.870000839233	0.58821409940720	-0.61418062448502	65.000000000000	0.00000000000000
29.879999160767	0.58737409114838	-0.61438822746277	65.000000000000	0.00000000000000
29.889999389648	0.58653247356415	-0.61459475755692	65.000000000000	0.00000000000000
29.899999618530	0.58568930625916	-0.61480009555817	65.000000000000	0.00000000000000
29.909999847412	0.58484452962875	-0.61500424146652	65.000000000000	0.00000000000000
29.920000076294	0.58399808406830	-0.61520725488663	65.000000000000	0.00000000000000
29.930000305176	0.58315020799637	-0.61540907621384	65.000000000000	0.00000000000000
29.940000534058	0.58230072259903	-0.61560964584351	65.000000000000	0.00000000000000
29.950000762939	0.58144956827164	-0.61580896377563	65.000000000000	0.00000000000000
29.959999084473	0.58059686422348	-0.61600720882416	65.000000000000	0.00000000000000
29.969999313354	0.57974255084991	-0.61620414257050	65.000000000000	0.00000000000000
29.979999542236	0.57888668775558	-0.61639994382858	65.000000000000	0.00000000000000
29.989999771118	0.57802921533585	-0.61659449338913	65.000000000000	0.00000000000000
30.000000000000	0.57717007398605	-0.61678779125214	65.000000000000	0.00000000000000
30.010000228882	0.57630956172943	-0.61697983741760	65.000000000000	0.00000000000000
30.020000457764	0.57544720172882	-0.61717063188553	65.000000000000	0.00000000000000
30.030000686646	0.57458341121674	-0.61736017465591	65.000000000000	0.00000000000000
30.040000915527	0.57371807098389	-0.61754846572876	65.000000000000	0.00000000000000
30.049999237061	0.57285106182098	-0.61773550510406	65.000000000000	0.00000000000000
30.059999465942	0.57198238372803	-0.61792129278183	65.000000000000	0.00000000000000
30.069999694824	0.57111209630966	-0.61810570955276	65.000000000000	0.00000000000000
30.079999923706	0.57024043798447	-0.61828887462616	65.000000000000	0.00000000000000
30.090000152588	0.56936699151993	-0.61847078800201	65.000000000000	0.00000000000000
30.100000381470	0.56849199533463	-0.61865133047104	65.000000000000	0.00000000000000
30.110000610352	0.56761538982391	-0.61883056163788	65.000000000000	0.00000000000000
30.120000839233	0.56673723459244	-0.61900848150253	65.000000000000	0.00000000000000
30.129999160767	0.56585752964020	-0.61918509006500	65.000000000000	0.00000000000000
30.139999389648	0.56497603654861	-0.61936032772064	65.000000000000	0.00000000000000
30.149999618530	0.56409311294556	-0.61953425407410	65.000000000000	0.00000000000000
30.159999847412	0.56320858001709	-0.61970686912537	65.000000000000	0.00000000000000
30.170000076294	0.56232237815857	-0.61987811326981	65.000000000000	0.00000000000000
30.180000305176	0.56143480539322	-0.62004792690277	65.000000000000	0.00000000000000
30.190000534058	0.56054538488388	-0.62021648883820	65.000000000000	0.00000000000000
30.200000762939	0.55965447425842	-0.62038356065750	65.000000000000	0.00000000000000
30.209999084473	0.55876195430756	-0.62054920196533	65.000000000000	0.00000000000000
30.219999313354	0.55786788463593	-0.62071365118027	65.000000000000	0.00000000000000
30.229999542236	0.55697208642960	-0.62087643146515	65.000000000000	0.00000000000000
30.239999771118	0.55607467889786	-0.62103807926178	65.000000000000	0.00000000000000
30.250000000000	0.55517596006393	-0.62119811773300	65.000000000000	0.00000000000000
30.260000228882	0.55427545309067	-0.62135678529739	65.000000000000	0.00000000000000
30.270000457764	0.55337327718735	-0.62151402235031	65.000000000000	0.00000000000000
30.280000686646	0.55246961116791	-0.62166988849640	65.000000000000	0.00000000000000
30.290000915527	0.55156433582306	-0.62182420492172	65.000000000000	0.00000000000000
30.299999237061	0.55065745115280	-0.62197709083557	65.000000000000	0.00000000000000
30.309999465942	0.54974889755249	-0.62212848663330	65.000000000000	0.00000000000000
30.319999694824	0.54883885383606	-0.62227857112885	65.000000000000	0.00000000000000
30.329999923706	0.54792726039886	-0.62242704629898	65.000000000000	0.00000000000000
30.340000152588	0.54701393842697	-0.62257403135300	65.000000000000	0.00000000000000
30.350000381470	0.54609906673431	-0.62271952629089	65.000000000000	0.00000000000000
30.360000610352	0.54518270492554	-0.62286353111267	65.000000000000	0.00000000000000
30.370000839233	0.54426467418671	-0.62300604581833	65.000000000000	0.00000000000000
30.379999160767	0.54334503412247	-0.62314707040787	65.000000000000	0.00000000000000
30.389999389648	0.54242384433746	-0.62328642606735	65.000000000000	0.00000000000000
30.399999618530	0.54150098562241	-0.62342447042465	65.000000000000	0.00000000000000
30.409999847412	0.54057663679123	-0.62356072664261	65.000000000000	0.00000000000000
30.420000076294	0.53965073823929	-0.62369561195374	65.000000000000	0.00000000000000
30.430000305176	0.53872299194336	-0.62382888793945	65.000000000000	0.00000000000000
30.440000534058	0.53779387474060	-0.62396067380905	65.000000000000	0.00000000000000
30.450000762939	0.53686314821243	-0.62409079074860	65.000000000000	0.00000000000000
30.459999084473	0.53593087196350	-0.62421929836273	65.000000000000	0.00000000000000
30.469999313354	0.53499692678452	-0.62434631586075	65.000000000000	0.00000000000000
30.479999542236	0.53406137228012	-0.62447166442871	65.000000000000	0.00000000000000
30.489999771118	0.53312426805496	-0.62459540367126	65.000000000000	0.00000000000000
30.500000000000	0.53218567371368	-0.62471759319305	65.000000000000	0.00000000000000
30.510000228882	0.53124547004700	-0.62483817338943	65.000000000000	0.00000000000000
30.520000457764	0.53030365705490	-0.62495702505112	65.000000000000	0.00000000000000
30.530000686646	0.52936017513275	-0.62507432699203	65.000000000000	0.00000000000000
30.540000915527	0.52841520309448	-0.62518996000290	65.000000000000	0.00000000000000
30.549999237061	0.52746856212616	-0.62530386447906	65.000000000000	0.00000000000000
30.559999465942	0.52652037143707	-0.62541627883911	65.000000000000	0.00000000000000
30.569999694824	0.52557057142258	-0.62552684545517	65.000000000000	0.00000000000000
30.579999923706	0.52461940050125	-0.62563586235046	65.000000000000	0.00000000000000
30.590000152588	0.52366662025452	-0.62574309110641	65.000000000000	0.00000000000000
30.600000381470	0.52271211147308	-0.62584865093231	65.000000000000	0.00000000000000
30.610000610352	0.52175599336624	-0.62595254182816	65.000000000000	0.00000000000000
30.620000839233	0.52079844474792	-0.62605476379395	65.000000000000	0.00000000000000
30.629999160767	0.51983934640884	-0.62615513801575	65.000000000000	0.00000000000000
30.639999389648	0.51887851953506	-0.62625384330750	65.000000000000	0.00000000000000
30.649999618530	0.51791626214981	-0.62635082006454	65.000000000000	0.00000000000000
30.659999847412	0.51695245504379	-0.62644600868225	65.000000000000	0.00000000000000
30.670000076294	0.51598691940308	-0.62653952836990	65.000000000000	0.00000000000000
30.680000305176	0.51502001285553	-0.62663125991821	65.000000000000	0.00000000000000
30.690000534058	0.51405149698257	-0.62672114372253	65.000000000000	0.00000000000000
30.700000762939	0.51308125257492	-0.62680929899216	65.000000000000	0.00000000000000
30.709999084473	0.51210969686508	-0.62689566612244	65.000000000000	0.00000000000000
30.719999313354	0.51113653182983	-0.62698024511337	65.000000000000	0.00000000000000
30.729999542236	0.51016169786453	-0.62706303596497	65.000000000000	0.00000000000000
30.739999771118	0.50918543338776	-0.62714397907257	65.000000000000	0.00000000000000
30.750000000000	0.50820761919022	-0.62722313404083	65.000000000000	0.00000000000000
30.760000228882	0.50722807645798	-0.62730038166046	65.000000000000	0.00000000000000
30.770000457764	0.50624710321426	-0.62737590074539	65.000000000000	0.00000000000000
30.780000686646	0.50526463985443	-0.62744945287704	65.000000000000	0.00000000000000
30.790000915527	0.50428074598312	-0.62752115726471	65.000000000000	0.00000000000000
30.799999237061	0.50329512357712	-0.62759107351303	65.000000000000	0.00000000000000
30.809999465942	0.50230795145035	-0.62765902280807	65.000000000000	0.00000000000000
30.819999694824	0.50131922960281	-0.62772518396378	65.000000000000	0.00000000000000
30.829999923706	0.50032907724380	-0.62778943777084	65.000000000000	0.00000000000000
30.840000152588	0.49933731555939	-0.62785172462463	65.000000000000	0.00000000000000
30.850000381470	0.49834409356117	-0.62791216373444	65.000000000000	0.00000000000000
30.860000610352	0.49734923243523	-0.62797069549561	65.000000000000	0.00000000000000
30.870000839233	0.49635294079781	-0.62802726030350	65.000000000000	0.00000000000000
30.879999160767	0.49535501003265	-0.62808185815811	65.000000000000	0.00000000000000
30.889999389648	0.49435573816299	-0.62813454866409	65.000000000000	0.00000000000000
30.899999618530	0.49335482716560	-0.62818533182144	65.000000000000	0.00000000000000
30.909999847412	0.49235236644745	-0.62823408842087	65.000000000000	0.00000000000000
30.920000076294	0.49134850502014	-0.62828087806702	65.000000000000	0.00000000000000
30.930000305176	0.49034306406975	-0.62832564115524	65.000000000000	0.00000000000000
30.940000534058	0.48933604359627	-0.62836849689484	65.000000000000	0.00000000000000
30.950000762939	0.48832768201828	-0.62840932607651	65.000000000000	0.00000000000000
30.959999084473	0.48731765151024	-0.62844812870026	65.000000000000	0.00000000000000
30.969999313354	0.48630630970001	-0.62848490476608	65.000000000000	0.00000000000000
30.979999542236	0.48529335856438	-0.62851971387863	65.000000000000	0.00000000000000
30.989999771118	0.48427876830101	-0.62855243682861	65.000000000000	0.00000000000000
31.000000000000	0.48326301574707	-0.62858307361603	65.000000000000	0.00000000000000
31.010000228882	0.48224538564682	-0.62861186265945	65.000000000000	0.00000000000000
31.020000457764	0.48122659325600	-0.62863838672638	65.000000000000	0.00000000000000
31.030000686646	0.48020628094673	-0.62866282463074	65.000000000000	0.00000000000000
31.040000915527	0.47918429970741	-0.62868529558182	65.000000000000	0.00000000000000
31.049999237061	0.47816079854965	-0.62870573997498	65.000000000000	0.00000000000000
31.059999465942	0.47713622450829	-0.62872380018234	65.000000000000	0.00000000000000
31.069999694824	0.47610983252525	-0.62873989343643	65.000000000000	0.00000000000000
31.079999923706	0.47508206963539	-0.62875396013260	65.000000000000	0.00000000000000
31.090000152588	0.47405278682709	-0.62876576185226	65.000000000000	0.00000000000000
31.100000381470	0.47302189469337	-0.62877571582794	65.000000000000	0.00000000000000
31.110000610352	0.47199007868767	-0.62878292798996	65.000000000000	0.00000000000000
31.120000839233	0.47095629572868	-0.62878859043121	65.000000000000	0.00000000000000
31.129999160767	0.46992105245590	-0.62879192829132	65.000000000000	0.00000000000000
31.139999389648	0.46888446807861	-0.62879312038422	65.000000000000	0.00000000000000
31.149999618530	0.46784672141075	-0.62879186868668	65.000000000000	0.00000000000000
31.159999847412	0.46680724620819	-0.62878853082657	65.000000000000	0.00000000000000
31.170000076294	0.46576642990112	-0.62878310680389	65.000000000000	0.00000000000000
31.180000305176	0.46472418308258	-0.62877535820007	65.000000000000	0.00000000000000
31.190000534058	0.46368056535721	-0.62876540422440	65.000000000000	0.00000000000000
31.200000762939	0.46263521909714	-0.62875336408615	65.000000000000	0.00000000000000
31.209999084473	0.46158853173256	-0.62873911857605	65.000000000000	0.00000000000000
31.219999313354	0.46054080128670	-0.62872231006622	65.000000000000	0.00000000000000
31.229999542236	0.45949134230614	-0.62870347499847	65.000000000000	0.00000000000000
31.239999771118	0.45844051241875	-0.62868231534958	65.000000000000	0.00000000000000
31.250000000000	0.45738834142685	-0.62865889072418	65.000000000000	0.00000000000000
31.260000228882	0.45633482933044	-0.62863308191299	65.000000000000	0.00000000000000
31.270000457764	0.45527958869934	-0.62860518693924	65.000000000000	0.00000000000000
31.280000686646	0.45422336459160	-0.62857472896576	65.000000000000	0.00000000000000
31.290000915527	0.45316550135612	-0.62854218482971	65.000000000000	0.00000000000000
31.299999237061	0.45210626721382	-0.62850725650787	65.000000000000	0.00000000000000
31.309999465942	0.45104566216469	-0.62846994400024	65.000000000000	0.00000000000000
31.319999694824	0.44998380541801	-0.62843024730682	65.000000000000	0.00000000000000
31.329999923706	0.44892027974129	-0.62838840484619	65.000000000000	0.00000000000000
31.340000152588	0.44785571098328	-0.62834393978119	65.000000000000	0.00000000000000
31.350000381470	0.44678956270218	-0.62829726934433	65.000000000000	0.00000000000000
31.360000610352	0.44572210311890	-0.62824821472168	65.000000000000	0.00000000000000
31.370000839233	0.44465330243111	-0.62819671630859	65.000000000000	0.00000000000000
31.379999160767	0.44358325004578	-0.62814277410507	65.000000000000	0.00000000000000
31.389999389648	0.44251158833504	-0.62808668613434	65.000000000000	0.00000000000000
31.399999618530	0.44143894314766	-0.62802785634995	65.000000000000	0.00000000000000
31.409999847412	0.44036480784416	-0.62796658277512	65.000000000000	0.00000000000000
31.420000076294	0.43928927183151	-0.62790298461914	65.000000000000	0.00000000000000
31.430000305176	0.43821248412132	-0.62783688306808	65.000000000000	0.00000000000000
31.440000534058	0.43713429570198	-0.62776845693588	65.000000000000	0.00000000000000
31.450000762939	0.43605497479439	-0.62769746780396	65.000000000000	0.00000000000000
31.459999084473	0.43497407436371	-0.62762409448624	65.000000000000	0.00000000000000
31.469999313354	0.43389210104942	-0.62754809856415	65.000000000000	0.00000000000000
31.479999542236	0.43280869722366	-0.62746965885162	65.000000000000	0.00000000000000
31.489999771118	0.43172395229340	-0.62738883495331	65.000000000000	0.00000000000000
31.500000000000	0.43063807487488	-0.62730538845062	65.000000000000	0.00000000000000
31.510000228882	0.42955085635185	-0.62721943855286	65.000000000000	0.00000000000000
31.520000457764	0.42846238613129	-0.62713092565536	65.000000000000	0.00000000000000
31.530000686646	0.42737257480621	-0.62703990936279	65.000000000000	0.00000000000000
31.540000915527	0.42628157138824	-0.62694633007050	65.000000000000	0.00000000000000
31.549999237061	0.42518916726112	-0.62685012817383	65.000000000000	0.00000000000000
31.559999465942	0.42409560084343	-0.62675142288208	65.000000000000	0.00000000000000
31.569999694824	0.42300081253052	-0.62665009498596	65.000000000000	0.00000000000000
31.579999923706	0.42190468311310	-0.62654620409012	65.000000000000	0.00000000000000
31.590000152588	0.42080739140511	-0.62643975019455	65.000000000000	0.00000000000000
31.600000381470	0.41970878839493	-0.62633061408997	65.000000000000	0.00000000000000
31.610000610352	0.41860911250114	-0.62621885538101	65.000000000000	0.00000000000000
31.620000839233	0.41750803589821	-0.62610447406769	65.000000000000	0.00000000000000
31.629999160767	0.41640576720238	-0.62598747014999	65.000000000000	0.00000000000000
31.639999389648	0.41530239582062	-0.62586784362793	65.000000000000	0.00000000000000
31.649999618530	0.41419783234596	-0.62574547529221	65.000000000000	0.00000000000000
31.659999847412	0.41309201717377	-0.62562054395676	65.000000000000	0.00000000000000
31.670000076294	0.41198489069939	-0.62549287080765	65.000000000000	0.00000000000000
31.680000305176	0.41087684035301	-0.62536257505417	65.000000000000	0.00000000000000
31.690000534058	0.40976735949516	-0.62522953748703	65.000000000000	0.00000000000000
31.700000762939	0.40865689516068	-0.62509375810623	65.000000000000	0.00000000000000
31.709999084473	0.40754520893097	-0.62495529651642	65.000000000000	0.00000000000000
31.719999313354	0.40643224120140	-0.62481409311295	65.000000000000	0.00000000000000
31.729999542236	0.40531820058823	-0.62467014789581	65.000000000000	0.00000000000000
31.739999771118	0.40420308709145	-0.62452346086502	65.000000000000	0.00000000000000
31.750000000000	0.40308693051338	-0.62437409162521	65.000000000000	0.00000000000000
31.760000228882	0.40196937322617	-0.62422186136246	65.000000000000	0.00000000000000
31.770000457764	0.40085089206696	-0.62406688928604	65.000000000000	0.00000000000000
31.780000686646	0.39973121881485	-0.62390917539597	65.000000000000	0.00000000000000
31.790000915527	0.39861038327217	-0.62374860048294	65.000000000000	0.00000000000000
31.799999237061	0.39748862385750	-0.62358528375626	65.000000000000	0.00000000000000
31.809999465942	0.39636549353600	-0.62341904640198	65.000000000000	0.00000000000000
31.819999694824	0.39524158835411	-0.62325006723404	65.000000000000	0.00000000000000
31.829999923706	0.39411634206772	-0.62307828664780	65.000000000000	0.00000000000000
31.840000152588	0.39299020171165	-0.62290364503860	65.000000000000	0.00000000000000
31.850000381470	0.39186289906502	-0.62272608280182	65.000000000000	0.00000000000000
31.860000610352	0.39073464274406	-0.62254565954208	65.000000000000	0.00000000000000
31.870000839233	0.38960522413254	-0.62236243486404	65.000000000000	0.00000000000000
31.879999160767	0.38847485184669	-0.62217628955841	65.000000000000	0.00000000000000
31.889999389648	0.38734334707260	-0.62198734283447	65.000000000000	0.00000000000000
31.899999618530	0.38621091842651	-0.62179541587830	65.000000000000	0.00000000000000
31.909999847412	0.38507729768753	-0.62160062789917	65.000000000000	0.00000000000000
31.920000076294	0.38394278287888	-0.62140285968781	65.000000000000	0.00000000000000
31.930000305176	0.38280731439590	-0.62120217084885	65.000000000000	0.00000000000000
31.940000534058	0.38167080283165	-0.62099856138229	65.000000000000	0.00000000000000
31.950000762939	0.38053333759308	-0.62079203128815	65.000000000000	0.00000000000000
31.959999084473	0.37939485907555	-0.62058252096176	65.000000000000	0.00000000000000
31.969999313354	0.37825542688370	-0.62037009000778	65.000000000000	0.00000000000000
31.979999542236	0.37711510062218	-0.62015461921692	65.000000000000	0.00000000000000
31.989999771118	0.37597358226776	-0.61993616819382	65.000000000000	0.00000000000000
32.000000000000	0.37483134865761	-0.61971473693848	65.000000000000	0.00000000000000
32.009998321533	0.37368807196617	-0.61949038505554	65.000000000000	0.00000000000000
32.020000457764	0.37254396080971	-0.61926287412643	65.000000000000	0.00000000000000
32.029998779297	0.37139880657196	-0.61903250217438	65.000000000000	0.00000000000000
32.040000915527	0.37025284767151	-0.61879897117615	65.000000000000	0.00000000000000
32.049999237061	0.36910602450371	-0.61856245994568	65.000000000000	0.00000000000000
32.060001373291	0.36795821785927	-0.61832284927368	65.000000000000	0.00000000000000
32.069999694824	0.36680945754051	-0.61808025836945	65.000000000000	0.00000000000000
32.080001831055	0.36565992236137	-0.61783450841904	65.000000000000	0.00000000000000
32.090000152588	0.36450952291489	-0.61758577823639	65.000000000000	0.00000000000000
32.099998474121	0.36335834860802	-0.61733388900757	65.000000000000	0.00000000000000
32.110000610352	0.36220622062683	-0.61707890033722	65.000000000000	0.00000000000000
32.119998931885	0.36105322837830	-0.61682081222534	65.000000000000	0.00000000000000
32.130001068115	0.35989940166473	-0.61655962467194	65.000000000000	0.00000000000000
32.139999389648	0.35874471068382	-0.61629533767700	65.000000000000	0.00000000000000
32.150001525879	0.35758924484253	-0.61602795124054	65.000000000000	0.00000000000000
32.159999847412	0.35643306374550	-0.61575734615326	65.000000000000	0.00000000000000
32.169998168945	0.35527610778809	-0.61548358201981	65.000000000000	0.00000000000000
32.180000305176	0.35411834716797	-0.61520671844482	65.000000000000	0.00000000000000
32.189998626709	0.35295984148979	-0.61492663621902	65.000000000000	0.00000000000000
32.200000762939	0.35180047154427	-0.61464339494705	65.000000000000	0.00000000000000
32.209999084473	0.35064041614532	-0.61435693502426	65.000000000000	0.00000000000000
32.220001220703	0.34947955608368	-0.61406743526459	65.000000000000	0.00000000000000
32.229999542236	0.34831801056862	-0.61377459764481	65.000000000000	0.00000000000000
32.240001678467	0.34715577960014	-0.61347854137421	65.000000000000	0.00000000000000
32.250000000000	0.34599289298058	-0.61317926645279	65.000000000000	0.00000000000000
32.259998321533	0.34482911229134	-0.61287683248520	65.000000000000	0.00000000000000
32.270000457764	0.34366467595100	-0.61257106065750	65.000000000000	0.00000000000000
32.279998779297	0.34249976277351	-0.61226207017899	65.000000000000	0.00000000000000
32.290000915527	0.34133392572403	-0.61194986104965	65.000000000000	0.00000000000000
32.299999237061	0.34016761183739	-0.61163431406021	65.000000000000	0.00000000000000
32.310001373291	0.33900058269501	-0.61131554841995	65.000000000000	0.00000000000000
32.319999694824	0.33783283829689	-0.61099350452423	65.000000000000	0.00000000000000
32.330001831055	0.33666467666626	-0.61066818237305	65.000000000000	0.00000000000000
32.340000152588	0.33549562096596	-0.61033946275711	65.000000000000	0.00000000000000
32.349998474121	0.33432614803314	-0.61000746488571	65.000000000000	0.00000000000000
32.360000610352	0.33315616846085	-0.60967218875885	65.000000000000	0.00000000000000
32.369998931885	0.33198535442352	-0.60933363437653	65.000000000000	0.00000000000000
32.380001068115	0.33081400394440	-0.60899168252945	65.000000000000	0.00000000000000
32.389999389648	0.32964229583740	-0.60864639282227	65.000000000000	0.00000000000000
32.400001525879	0.32846978306770	-0.60829770565033	65.000000000000	0.00000000000000
32.409999847412	0.32729694247246	-0.60794574022293	65.000000000000	0.00000000000000
32.419998168945	0.32612347602844	-0.60759037733078	65.000000000000	0.00000000000000
32.430000305176	0.32494956254959	-0.60723161697388	65.000000000000	0.00000000000000
32.439998626709	0.32377499341965	-0.60686945915222	65.000000000000	0.00000000000000
32.450000762939	0.32260015606880	-0.60650390386581	65.000000000000	0.00000000000000
32.459999084473	0.32142457365990	-0.60613495111465	65.000000000000	0.00000000000000
32.470001220703	0.32024872303009	-0.60576260089874	65.000000000000	0.00000000000000
32.479999542236	0.31907248497009	-0.60538685321808	65.000000000000	0.00000000000000
32.490001678467	0.31789550185204	-0.60500764846802	65.000000000000	0.00000000000000
32.500000000000	0.31671816110611	-0.60462504625320	65.000000000000	0.00000000000000
32.509998321533	0.31554055213928	-0.60423892736435	65.000000000000	0.00000000000000
32.520000457764	0.31436246633530	-0.60384947061539	65.000000000000	0.00000000000000
32.529998779297	0.31318402290344	-0.60345643758774	65.000000000000	0.00000000000000
32.540000915527	0.31200507283211	-0.60306000709534	65.000000000000	0.00000000000000
32.549999237061	0.31082579493523	-0.60266011953354	65.000000000000	0.00000000000000
32.560001373291	0.30964615941048	-0.60225671529770	65.000000000000	0.00000000000000
32.569999694824	0.30846625566483	-0.60184973478317	65.000000000000	0.00000000000000
32.580001831055	0.30728602409363	-0.60143935680389	65.000000000000	0.00000000000000
32.590000152588	0.30610534548759	-0.60102546215057	65.000000000000	0.00000000000000
32.599998474121	0.30492445826530	-0.60060799121857	65.000000000000	0.00000000000000
32.610000610352	0.30374324321747	-0.60018706321716	65.000000000000	0.00000000000000
32.619998931885	0.30256178975105	-0.59976261854172	65.000000000000	0.00000000000000
32.630001068115	0.30137994885445	-0.59933453798294	65.000000000000	0.00000000000000
32.639999389648	0.30019789934158	-0.59890305995941	65.000000000000	0.00000000000000
32.650001525879	0.29901561141014	-0.59846794605255	65.000000000000	0.00000000000000
32.659999847412	0.29783311486244	-0.59802925586700	65.000000000000	0.00000000000000
32.669998168945	0.29665029048920	-0.59758698940277	65.000000000000	0.00000000000000
32.680000305176	0.29546728730202	-0.59714120626450	65.000000000000	0.00000000000000
32.689998626709	0.29428425431252	-0.59669184684753	65.000000000000	0.00000000000000
32.700000762939	0.29310077428818	-0.59623885154724	65.000000000000	0.00000000000000
32.709999084473	0.29191732406616	-0.59578227996826	65.000000000000	0.00000000000000
32.720001220703	0.29073366522789	-0.59532207250595	65.000000000000	0.00000000000000
32.729999542236	0.28954979777336	-0.59485828876495	65.000000000000	0.00000000000000
32.740001678467	0.28836598992348	-0.59439086914063	65.000000000000	0.00000000000000
32.750000000000	0.28718176484108	-0.59391987323761	65.000000000000	0.00000000000000
32.759998321533	0.28599774837494	-0.59344518184662	65.000000000000	0.00000000000000
32.770000457764	0.28481337428093	-0.59296691417694	65.000000000000	0.00000000000000
32.779998779297	0.28362908959389	-0.59248495101929	65.000000000000	0.00000000000000
32.790000915527	0.28244477510452	-0.59199929237366	65.000000000000	0.00000000000000
32.799999237061	0.28126043081284	-0.59151017665863	65.000000000000	0.00000000000000
32.810001373291	0.28007602691650	-0.59101718664169	65.000000000000	0.00000000000000
32.819999694824	0.27889150381088	-0.59052056074142	65.000000000000	0.00000000000000
32.830001831055	0.27770701050758	-0.59002029895782	65.000000000000	0.00000000000000
32.840000152588	0.27652263641357	-0.58951628208160	65.000000000000	0.00000000000000
32.849998474121	0.27533814311028	-0.58900868892670	65.000000000000	0.00000000000000
32.860000610352	0.27415373921394	-0.58849728107452	65.000000000000	0.00000000000000
32.869998931885	0.27296939492226	-0.58798229694366	65.000000000000	0.00000000000000
32.880001068115	0.27178511023521	-0.58746355772018	65.000000000000	0.00000000000000
32.889999389648	0.27060109376907	-0.58694106340408	65.000000000000	0.00000000000000
32.900001525879	0.26941683888435	-0.58641487360001	65.000000000000	0.00000000000000
32.909999847412	0.26823300123215	-0.58588492870331	65.000000000000	0.00000000000000
32.919998168945	0.26704913377762	-0.58535128831863	65.000000000000	0.00000000000000
32.930000305176	0.26586541533470	-0.58481389284134	65.000000000000	0.00000000000000
32.939998626709	0.26468196511269	-0.58427268266678	65.000000000000	0.00000000000000
32.950000762939	0.26349845528603	-0.58372783660889	65.000000000000	0.00000000000000
32.959999084473	0.26231539249420	-0.58317917585373	65.000000000000	0.00000000000000
32.970001220703	0.26113238930702	-0.58262676000595	65.000000000000	0.00000000000000
32.979999542236	0.25994956493378	-0.58207052946091	65.000000000000	0.00000000000000
32.990001678467	0.25876712799072	-0.58151066303253	65.000000000000	0.00000000000000
33.000000000000	0.25758489966393	-0.58094686269760	65.000000000000	0.00000000000000
33.009998321533	0.25640293955803	-0.58037930727005	65.000000000000	0.00000000000000
33.020000457764	0.25522124767303	-0.57980793714523	65.000000000000	0.00000000000000
33.029998779297	0.25403967499733	-0.57923287153244	65.000000000000	0.00000000000000
33.040000915527	0.25285843014717	-0.57865399122238	65.000000000000	0.00000000000000
33.049999237061	0.25167784094810	-0.57807117700577	65.000000000000	0.00000000000000
33.060001373291	0.25049737095833	-0.57748472690582	65.000000000000	0.00000000000000
33.069999694824	0.24931718409061	-0.57689434289932	65.000000000000	0.00000000000000
33.080001831055	0.24813748896122	-0.57630014419556	65.000000000000	0.00000000000000
33.090000152588	0.24695818126202	-0.57570219039917	65.000000000000	0.00000000000000
33.099998474121	0.24577911198139	-0.57510036230087	65.000000000000	0.00000000000000
33.110000610352	0.24460071325302	-0.57449471950531	65.000000000000	0.00000000000000
33.119998931885	0.24342268705368	-0.57388514280319	65.000000000000	0.00000000000000
33.130001068115	0.24224509298801	-0.57327181100845	65.000000000000	0.00000000000000
33.139999389648	0.24106781184673	-0.57265460491180	65.000000000000	0.00000000000000
33.150001525879	0.23989124596119	-0.57203358411789	65.000000000000	0.00000000000000
33.159999847412	0.23871500790119	-0.57140868902206	65.000000000000	0.00000000000000
33.169998168945	0.23753938078880	-0.57077991962433	65.000000000000	0.00000000000000
33.180000305176	0.23636426031590	-0.57014721632004	65.000000000000	0.00000000000000
33.189998626709	0.23518978059292	-0.56951075792313	65.000000000000	0.00000000000000
33.200000762939	0.23401582241058	-0.56887030601501	65.000000000000	0.00000000000000
33.209999084473	0.23284240067005	-0.56822609901428	65.000000000000	0.00000000000000
33.220001220703	0.23166953027248	-0.56757795810699	65.000000000000	0.00000000000000
33.229999542236	0.23049747943878	-0.56692582368851	65.000000000000	0.00000000000000
33.240001678467	0.22932577133179	-0.56626999378204	65.000000000000	0.00000000000000
33.250000000000	0.22815491259098	-0.56561011075974	65.000000000000	0.00000000000000
33.259998321533	0.22698467969894	-0.56494647264481	65.000000000000	0.00000000000000
33.270000457764	0.22581505775452	-0.56427884101868	65.000000000000	0.00000000000000
33.279998779297	0.22464635968208	-0.56360733509064	65.000000000000	0.00000000000000
33.290000915527	0.22347816824913	-0.56293189525604	65.000000000000	0.00000000000000
33.299999237061	0.22231081128120	-0.56225258111954	65.000000000000	0.00000000000000
33.310001373291	0.22114427387714	-0.56156933307648	65.000000000000	0.00000000000000
33.319999694824	0.21997827291489	-0.56088209152222	65.000000000000	0.00000000000000
33.330001831055	0.21881328523159	-0.56019103527069	65.000000000000	0.00000000000000
33.340000152588	0.21764889359474	-0.55949604511261	65.000000000000	0.00000000000000
33.349998474121	0.21648553013802	-0.55879712104797	65.000000000000	0.00000000000000
33.360000610352	0.21532276272774	-0.55809426307678	65.000000000000	0.00000000000000
33.369998931885	0.21416108310223	-0.55738747119904	65.000000000000	0.00000000000000
33.380001068115	0.21300017833710	-0.55667680501938	65.000000000000	0.00000000000000
33.389999389648	0.21184036135674	-0.55596214532852	65.000000000000	0.00000000000000
33.400001525879	0.21068109571934	-0.55524361133575	65.000000000000	0.00000000000000
33.409999847412	0.20952306687832	-0.55452096462250	65.000000000000	0.00000000000000
33.419998168945	0.20836578309536	-0.55379456281662	65.000000000000	0.00000000000000
33.430000305176	0.20720963180065	-0.55306416749954	65.000000000000	0.00000000000000
33.439998626709	0.20605434477329	-0.55232977867126	65.000000000000	0.00000000000000
33.450000762939	0.20490011572838	-0.55159151554108	65.000000000000	0.00000000000000
33.459999084473	0.20374679565430	-0.55084925889969	65.000000000000	0.00000000000000
33.470001220703	0.20259456336498	-0.55010306835175	65.000000000000	0.00000000000000
33.479999542236	0.20144340395927	-0.54935288429260	65.000000000000	0.00000000000000
33.490001678467	0.20029336214066	-0.54859876632690	65.000000000000	0.00000000000000
33.500000000000	0.19914427399635	-0.54784065485001	65.000000000000	0.00000000000000
33.509998321533	0.19799646735191	-0.54707866907120	65.000000000000	0.00000000000000
33.520000457764	0.19684965908527	-0.54631268978119	65.000000000000	0.00000000000000
33.529998779297	0.19570402801037	-0.54554277658463	65.000000000000	0.00000000000000
33.540000915527	0.19455970823765	-0.54476886987686	65.000000000000	0.00000000000000
33.549999237061	0.19341632723808	-0.54399102926254	65.000000000000	0.00000000000000
33.560001373291	0.19227427244186	-0.54320925474167	65.000000000000	0.00000000000000
33.569999694824	0.19113332033157	-0.54242348670959	65.000000000000	0.00000000000000
33.580001831055	0.18999373912811	-0.54163372516632	65.000000000000	0.00000000000000
33.590000152588	0.18885526061058	-0.54084002971649	65.000000000000	0.00000000000000
33.599998474121	0.18771822750568	-0.54004234075546	65.000000000000	0.00000000000000
33.610000610352	0.18658234179020	-0.53924077749252	65.000000000000	0.00000000000000
33.619998931885	0.18544787168503	-0.53843516111374	65.000000000000	0.00000000000000
33.630001068115	0.18431462347507	-0.53762561082840	65.000000000000	0.00000000000000
33.639999389648	0.18318283557892	-0.53681212663651	65.000000000000	0.00000000000000
33.650001525879	0.18205226957798	-0.53599464893341	65.000000000000	0.00000000000000
33.659999847412	0.18092319369316	-0.53517317771912	65.000000000000	0.00000000000000
33.669998168945	0.17979565262794	-0.53434783220291	65.000000000000	0.00000000000000
33.680000305176	0.17866936326027	-0.53351843357086	65.000000000000	0.00000000000000
33.689998626709	0.17754463851452	-0.53268516063690	65.000000000000	0.00000000000000
33.700000762939	0.17642122507095	-0.53184789419174	65.000000000000	0.00000000000000
33.709999084473	0.17529934644699	-0.53100657463074	65.000000000000	0.00000000000000
33.720001220703	0.17417883872986	-0.53016144037247	65.000000000000	0.00000000000000
33.729999542236	0.17305971682072	-0.52931243181229	65.000000000000	0.00000000000000
33.740001678467	0.17194244265556	-0.52845925092697	65.000000000000	0.00000000000000
33.750000000000	0.17082680761814	-0.52760219573975	65.000000000000	0.00000000000000
33.759998321533	0.16971231997013	-0.52674120664597	65.000000000000	0.00000000000000
33.770000457764	0.16860000789165	-0.52587610483170	65.000000000000	0.00000000000000
33.779998779297	0.16748890280724	-0.52500724792480	65.000000000000	0.00000000000000
33.790000915527	0.16637925803661	-0.52413445711136	65.000000000000	0.00000000000000
33.799999237061	0.16527159512043	-0.52325761318207	65.000000000000	0.00000000000000
33.810001373291	0.16416537761688	-0.52237689495087	65.000000000000	0.00000000000000
33.819999694824	0.16306096315384	-0.52149224281311	65.000000000000	0.00000000000000
33.830001831055	0.16195829212666	-0.52060353755951	65.000000000000	0.00000000000000
33.840000152588	0.16085715591908	-0.51971095800400	65.000000000000	0.00000000000000
33.849998474121	0.15975809097290	-0.51881444454193	65.000000000000	0.00000000000000
33.860000610352	0.15866057574749	-0.51791399717331	65.000000000000	0.00000000000000
33.869998931885	0.15756490826607	-0.51700961589813	65.000000000000	0.00000000000000
33.880001068115	0.15647085011005	-0.51610136032104	65.000000000000	0.00000000000000
33.889999389648	0.15537892282009	-0.51518917083740	65.000000000000	0.00000000000000
33.900001525879	0.15428860485554	-0.51427298784256	65.000000000000	0.00000000000000
33.909999847412	0.15320044755936	-0.51335287094116	65.000000000000	0.00000000000000
33.919998168945	0.15211395919323	-0.51242882013321	65.000000000000	0.00000000000000
33.930000305176	0.15102915465832	-0.51150101423264	65.000000000000	0.00000000000000
33.939998626709	0.14994631707668	-0.51056921482086	65.000000000000	0.00000000000000
33.950000762939	0.14886566996574	-0.50963354110718	65.000000000000	0.00000000000000
33.959999084473	0.14778678119183	-0.50869393348694	65.000000000000	0.00000000000000
33.970001220703	0.14671011269093	-0.50775039196014	65.000000000000	0.00000000000000
33.979999542236	0.14563521742821	-0.50680297613144	65.000000000000	0.00000000000000
33.990001678467	0.14456236362457	-0.50585174560547	65.000000000000	0.00000000000000
34.000000000000	0.14349155128002	-0.50489652156830	65.000000000000	0.00000000000000
34.009998321533	0.14242279529572	-0.50393742322922	65.000000000000	0.00000000000000
34.020000457764	0.14135612547398	-0.50297451019287	65.000000000000	0.00000000000000
34.029998779297	0.14029181003571	-0.50200766324997	65.000000000000	0.00000000000000
34.040000915527	0.13922908902168	-0.50103706121445	65.000000000000	0.00000000000000
34.049999237061	0.13816900551319	-0.50006246566772	65.000000000000	0.00000000000000
34.060001373291	0.13711057603359	-0.49908411502838	65.000000000000	0.00000000000000
34.069999694824	0.13605453073978	-0.49810186028481	65.000000000000	0.00000000000000
34.080001831055	0.13500069081783	-0.49711573123932	65.000000000000	0.00000000000000
34.090000152588	0.13394904136658	-0.49612581729889	65.000000000000	0.00000000000000
34.099998474121	0.13289982080460	-0.49513202905655	65.000000000000	0.00000000000000
34.110000610352	0.13185259699821	-0.49413442611694	65.000000000000	0.00000000000000
34.119998931885	0.13080759346485	-0.49313300848007	65.000000000000	0.00000000000000
34.130001068115	0.12976488471031	-0.49212777614594	65.000000000000	0.00000000000000
34.139999389648	0.12872466444969	-0.49111869931221	65.000000000000	0.00000000000000
34.150001525879	0.12768672406673	-0.49010580778122	65.000000000000	0.00000000000000
34.159999847412	0.12665110826492	-0.48908913135529	65.000000000000	0.00000000000000
34.169998168945	0.12561780214310	-0.48806861042976	65.000000000000	0.00000000000000
34.180000305176	0.12458706647158	-0.48704430460930	65.000000000000	0.00000000000000
34.189998626709	0.12355845421553	-0.48601627349854	65.000000000000	0.00000000000000
34.200000762939	0.12253243476152	-0.48498442769051	65.000000000000	0.00000000000000
34.209999084473	0.12150858342648	-0.48394888639450	65.000000000000	0.00000000000000
34.220001220703	0.12048759311438	-0.48290950059891	65.000000000000	0.00000000000000
34.229999542236	0.11946877837181	-0.48186635971069	65.000000000000	0.00000000000000
34.240001678467	0.11845263093710	-0.48081949353218	65.000000000000	0.00000000000000
34.250000000000	0.11743893474340	-0.47976887226105	65.000000000000	0.00000000000000
34.259998321533	0.11642781645060	-0.47871449589729	65.000000000000	0.00000000000000
34.270000457764	0.11541920155287	-0.47765648365021	65.000000000000	0.00000000000000
34.279998779297	0.11441317200661	-0.47659468650818	65.000000000000	0.00000000000000
34.290000915527	0.11340977251530	-0.47552919387817	65.000000000000	0.00000000000000
34.299999237061	0.11240890622139	-0.47445997595787	65.000000000000	0.00000000000000
34.310001373291	0.11141081899405	-0.47338709235191	65.000000000000	0.00000000000000
34.319999694824	0.11041527986526	-0.47231051325798	65.000000000000	0.00000000000000
34.330001831055	0.10942243039608	-0.47123020887375	65.000000000000	0.00000000000000
34.340000152588	0.10843228548765	-0.47014626860619	65.000000000000	0.00000000000000
34.349998474121	0.10744474828243	-0.46905869245529	65.000000000000	0.00000000000000
34.360000610352	0.10646016895771	-0.46796742081642	65.000000000000	0.00000000000000
34.369998931885	0.10547811537981	-0.46687248349190	65.000000000000	0.00000000000000
34.380001068115	0.10449893772602	-0.46577396988869	65.000000000000	0.00000000000000
34.389999389648	0.10352253913879	-0.46467176079750	65.000000000000	0.00000000000000
34.400001525879	0.10254882276058	-0.46356600522995	65.000000000000	0.00000000000000
34.409999847412	0.10157804191113	-0.46245661377907	65.000000000000	0.00000000000000
34.419998168945	0.10060995817184	-0.46134364604950	65.000000000000	0.00000000000000
34.430000305176	0.099645055830479	-0.46022704243660	65.000000000000	0.00000000000000
34.439998626709	0.098682798445225	-0.45910689234734	65.000000000000	0.00000000000000
34.450000762939	0.097723506391048	-0.45798316597939	65.000000000000	0.00000000000000
34.459999084473	0.096766985952854	-0.45685583353043	65.000000000000	0.00000000000000
34.470001220703	0.095813490450382	-0.45572501420975	65.000000000000	0.00000000000000
34.479999542236	0.094863019883633	-0.45459064841270	65.000000000000	0.00000000000000
34.490001678467	0.093915462493896	-0.45345273613930	65.000000000000	0.00000000000000
34.500000000000	0.092970870435238	-0.45231130719185	65.000000000000	0.00000000000000
34.509998321533	0.092029444873333	-0.45116636157036	65.000000000000	0.00000000000000
34.520000457764	0.091090880334377	-0.45001792907715	65.000000000000	0.00000000000000
34.529998779297	0.090155422687531	-0.44886600971222	65.000000000000	0.00000000000000
34.540000915527	0.089223071932793	-0.44771057367325	65.000000000000	0.00000000000000
34.549999237061	0.088293626904488	-0.44655174016953	65.000000000000	0.00000000000000
34.560001373291	0.087367437779903	-0.44538938999176	65.000000000000	0.00000000000000
34.569999694824	0.086444400250912	-0.44422364234924	65.000000000000	0.00000000000000
34.580001831055	0.085524424910545	-0.44305440783501	65.000000000000	0.00000000000000
34.590000152588	0.084607623517513	-0.44188180565834	65.000000000000	0.00000000000000
34.599998474121	0.083693921566010	-0.44070577621460	65.000000000000	0.00000000000000
34.610000610352	0.082783430814743	-0.43952634930611	65.000000000000	0.00000000000000
34.619998931885	0.081876263022423	-0.43834352493286	65.000000000000	0.00000000000000
34.630001068115	0.080972336232662	-0.43715733289719	65.000000000000	0.00000000000000
34.639999389648	0.080071553587914	-0.43596783280373	65.000000000000	0.00000000000000
34.650001525879	0.079174034297466	-0.43477490544319	65.000000000000	0.00000000000000
34.659999847412	0.078279897570610	-0.43357867002487	65.000000000000	0.00000000000000
34.669998168945	0.077388957142830	-0.43237915635109	65.000000000000	0.00000000000000
34.680000305176	0.076501317322254	-0.43117627501488	65.000000000000	0.00000000000000
34.689998626709	0.075617097318172	-0.42997008562088	65.000000000000	0.00000000000000
34.700000762939	0.074736222624779	-0.42876064777374	65.000000000000	0.00000000000000
34.709999084473	0.073858678340912	-0.42754796147346	65.000000000000	0.00000000000000
34.720001220703	0.072984501719475	-0.42633196711540	65.000000000000	0.00000000000000
34.729999542236	0.072113804519176	-0.42511275410652	65.000000000000	0.00000000000000
34.740001678467	0.071246489882469	-0.42389026284218	65.000000000000	0.00000000000000
34.750000000000	0.070382669568062	-0.42266458272934	65.000000000000	0.00000000000000
34.759998321533	0.069522157311440	-0.42143568396568	65.000000000000	0.00000000000000
34.770000457764	0.068665273487568	-0.42020359635353	65.000000000000	0.00000000000000
34.779998779297	0.067811734974384	-0.41896834969521	65.000000000000	0.00000000000000
34.790000915527	0.066961839795113	-0.41772991418839	65.000000000000	0.00000000000000
34.799999237061	0.066115409135818	-0.41648834943771	65.000000000000	0.00000000000000
34.810001373291	0.065272562205791	-0.41524365544319	65.000000000000	0.00000000000000
34.819999694824	0.064433194696903	-0.41399586200714	65.000000000000	0.00000000000000
34.830001831055	0.063597433269024	-0.41274493932724	65.000000000000	0.00000000000000
34.840000152588	0.062765277922153	-0.41149085760117	65.000000000000	0.00000000000000
34.849998474121	0.061936751008034	-0.41023376584053	65.000000000000	0.00000000000000
34.860000610352	0.061111852526665	-0.40897360444069	65.000000000000	0.00000000000000
34.869998931885	0.060290515422821	-0.40771040320396	65.000000000000	0.00000000000000
34.880001068115	0.059472925961018	-0.40644416213036	65.000000000000	0.00000000000000
34.889999389648	0.058658912777901	-0.40517488121986	65.000000000000	0.00000000000000
34.900001525879	0.057848684489727	-0.40390262007713	65.000000000000	0.00000000000000
34.909999847412	0.057042147964239	-0.40262734889984	65.000000000000	0.00000000000000
34.919998168945	0.056239217519760	-0.40134909749031	65.000000000000	0.00000000000000
34.930000305176	0.055440105497837	-0.40006795525551	65.000000000000	0.00000000000000
34.939998626709	0.054644815623760	-0.39878383278847	65.000000000000	0.00000000000000
34.950000762939	0.053853169083595	-0.39749673008919	65.000000000000	0.00000000000000
34.959999084473	0.053065370768309	-0.39620676636696	65.000000000000	0.00000000000000
34.970001220703	0.052281428128481	-0.39491394162178	65.000000000000	0.00000000000000
34.979999542236	0.051501166075468	-0.39361822605133	65.000000000000	0.00000000000000
34.990001678467	0.050724871456623	-0.39231958985329	65.000000000000	0.00000000000000
35.000000000000	0.049952287226915	-0.39101818203926	65.000000000000	0.00000000000000
