25.000000000000	-0.025691071525216	-0.13617007434368	65.000000000000	0.00000000000000
25.010000228882	-0.025669313967228	-0.13392588496208	65.000000000000	0.00000000000000
25.020000457764	-0.025637065991759	-0.13168329000473	65.000000000000	0.00000000000000
25.030000686646	-0.025594366714358	-0.12944242358208	65.000000000000	0.00000000000000
25.040000915527	-0.025541242212057	-0.12720333039761	65.000000000000	0.00000000000000
25.049999237061	-0.025477714836597	-0.12496608495712	65.000000000000	0.00000000000000
25.059999465942	-0.025403788313270	-0.12273072451353	65.000000000000	0.00000000000000
25.069999694824	-0.025319479405880	-0.12049737572670	65.000000000000	0.00000000000000
25.079999923706	-0.025224950164557	-0.11826604604721	65.000000000000	0.00000000000000
25.090000152588	-0.025120010599494	-0.11603685468435	65.000000000000	0.00000000000000
25.100000381470	-0.025004813447595	-0.11380985379219	65.000000000000	0.00000000000000
25.110000610352	-0.024879423901439	-0.11158508062363	65.000000000000	0.00000000000000
25.120000839233	-0.024743851274252	-0.10936263203621	65.000000000000	0.00000000000000
25.129999160767	-0.024597981944680	-0.10714258253574	65.000000000000	0.00000000000000
25.139999389648	-0.024442002177238	-0.10492496937513	65.000000000000	0.00000000000000
25.149999618530	-0.024275928735733	-0.10270987451077	65.000000000000	0.00000000000000
25.159999847412	-0.024099705740809	-0.10049737989902	65.000000000000	0.00000000000000
25.170000076294	-0.023913415148854	-0.098287522792816	65.000000000000	0.00000000000000
25.180000305176	-0.023717064410448	-0.096080392599106	65.000000000000	0.00000000000000
25.190000534058	-0.023510774597526	-0.093876011669636	65.000000000000	0.00000000000000
25.200000762939	-0.023294508457184	-0.091674491763115	65.000000000000	0.00000000000000
25.209999084473	-0.023068251088262	-0.089475885033607	65.000000000000	0.00000000000000
25.219999313354	-0.022832125425339	-0.087280228734016	65.000000000000	0.00000000000000
25.229999542236	-0.022586142644286	-0.085087604820728	65.000000000000	0.00000000000000
25.239999771118	-0.022330274805427	-0.082898080348969	65.000000000000	0.00000000000000
25.250000000000	-0.022064661607146	-0.080711692571640	65.000000000000	0.00000000000000
25.260000228882	-0.021789239719510	-0.078528538346291	65.000000000000	0.00000000000000
25.270000457764	-0.021504053846002	-0.076348662376404	65.000000000000	0.00000000000000
25.280000686646	-0.021209245547652	-0.074172109365463	65.000000000000	0.00000000000000
25.290000915527	-0.020904745906591	-0.071998961269855	65.000000000000	0.00000000000000
25.299999237061	-0.020590607076883	-0.069829270243645	65.000000000000	0.00000000000000
25.309999465942	-0.020266903564334	-0.067663080990314	65.000000000000	0.00000000000000
25.319999694824	-0.019933672621846	-0.065500468015671	65.000000000000	0.00000000000000
25.329999923706	-0.019590906798840	-0.063341483473778	65.000000000000	0.00000000000000
25.340000152588	-0.019238697364926	-0.061186190694571	65.000000000000	0.00000000000000
25.350000381470	-0.018877044320107	-0.059034641832113	65.000000000000	0.00000000000000
25.360000610352	-0.018505984917283	-0.056886896491051	65.000000000000	0.00000000000000
25.370000839233	-0.018125608563423	-0.054743003100157	65.000000000000	0.00000000000000
25.379999160767	-0.017735902220011	-0.052603021264076	65.000000000000	0.00000000000000
25.389999389648	-0.017336944118142	-0.050467010587454	65.000000000000	0.00000000000000
25.399999618530	-0.016928752884269	-0.048335015773773	65.000000000000	0.00000000000000
25.409999847412	-0.016511367633939	-0.046207111328840	65.000000000000	0.00000000000000
25.420000076294	-0.016084864735603	-0.044083319604397	65.000000000000	0.00000000000000
25.430000305176	-0.015649223700166	-0.041963722556829	65.000000000000	0.00000000000000
25.440000534058	-0.015204556286335	-0.039848353713751	65.000000000000	0.00000000000000
25.450000762939	-0.014750859700143	-0.037737272679806	65.000000000000	0.00000000000000
25.459999084473	-0.014288190752268	-0.035630531609058	65.000000000000	0.00000000000000
25.469999313354	-0.013816591352224	-0.033528178930283	65.000000000000	0.00000000000000
25.479999542236	-0.013336104340851	-0.031430270522833	65.000000000000	0.00000000000000
25.489999771118	-0.012846793048084	-0.029336845502257	65.000000000000	0.00000000000000
25.500000000000	-0.012348677963018	-0.027247967198491	65.000000000000	0.00000000000000
25.510000228882	-0.011841814033687	-0.025163669139147	65.000000000000	0.00000000000000
25.520000457764	-0.011326245032251	-0.023084012791514	65.000000000000	0.00000000000000
25.530000686646	-0.010802004486322	-0.021009048447013	65.000000000000	0.00000000000000
25.540000915527	-0.010269170626998	-0.018938805907965	65.000000000000	0.00000000000000
25.549999237061	-0.0097277555614710	-0.016873346641660	65.000000000000	0.00000000000000
25.559999465942	-0.0091778235509992	-0.014812713488936	65.000000000000	0.00000000000000
25.569999694824	-0.0086194202303886	-0.012756948359311	65.000000000000	0.00000000000000
25.579999923706	-0.0080525837838650	-0.010706104338169	65.000000000000	0.00000000000000
25.590000152588	-0.0074773649685085	-0.0086602251976728	65.000000000000	0.00000000000000
25.600000381470	-0.0068938150070608	-0.0066193486563861	65.000000000000	0.00000000000000
25.610000610352	-0.0063019804656506	-0.0045835222117603	65.000000000000	0.00000000000000
25.620000839233	-0.0057019069790840	-0.0025527921970934	65.000000000000	0.00000000000000
25.629999160767	-0.0050936434417963	-0.00052719708764926	65.000000000000	0.00000000000000
25.639999389648	-0.0044772373512387	0.0014932201011106	65.000000000000	0.00000000000000
25.649999618530	-0.0038527389988303	0.0035084155388176	65.000000000000	0.00000000000000
25.659999847412	-0.0032201954163611	0.0055183498188853	65.000000000000	0.00000000000000
25.670000076294	-0.0025796585250646	0.0075229820795357	65.000000000000	0.00000000000000
25.680000305176	-0.0019311736105010	0.0095222713425756	65.000000000000	0.00000000000000
25.690000534058	-0.0012747927103192	0.011516176164150	65.000000000000	0.00000000000000
25.700000762939	-0.00061056483536959	0.013504661619663	65.000000000000	0.00000000000000
25.709999084473	6.1461505538318e-05	0.015487686730921	65.000000000000	0.00000000000000
25.719999313354	0.00074123666854575	0.017465211451054	65.000000000000	0.00000000000000
25.729999542236	0.0014287118101493	0.019437203183770	65.000000000000	0.00000000000000
25.739999771118	0.0021238289773464	0.021403620019555	65.000000000000	0.00000000000000
25.750000000000	0.0028265481814742	0.023364426568151	65.000000000000	0.00000000000000
25.760000228882	0.0035368145909160	0.025319587439299	65.000000000000	0.00000000000000
25.770000457764	0.0042545730248094	0.027269069105387	65.000000000000	0.00000000000000
25.780000686646	0.0049797780811787	0.029212832450867	65.000000000000	0.00000000000000
25.790000915527	0.0057123741135001	0.031150845810771	65.000000000000	0.00000000000000
25.799999237061	0.0064523126929998	0.033083077520132	65.000000000000	0.00000000000000
25.809999465942	0.0071995640173554	0.035009484738111	65.000000000000	0.00000000000000
25.819999694824	0.0079540451988578	0.036930039525032	65.000000000000	0.00000000000000
25.829999923706	0.0087157068774104	0.038844719529152	65.000000000000	0.00000000000000
25.840000152588	0.0094845006242394	0.040753476321697	65.000000000000	0.00000000000000
25.850000381470	0.010260394774377	0.042656283825636	65.000000000000	0.00000000000000
25.860000610352	0.011043317615986	0.044553123414516	65.000000000000	0.00000000000000
25.870000839233	0.011833219788969	0.046443946659565	65.000000000000	0.00000000000000
25.879999160767	0.012630047276616	0.048328738659620	65.000000000000	0.00000000000000
25.889999389648	0.013433783315122	0.050207450985909	65.000000000000	0.00000000000000
25.899999618530	0.014244332909584	0.052080072462559	65.000000000000	0.00000000000000
25.909999847412	0.015061650425196	0.053946562111378	65.000000000000	0.00000000000000
25.920000076294	0.015885662287474	0.055806916207075	65.000000000000	0.00000000000000
25.930000305176	0.016716394573450	0.057661075145006	65.000000000000	0.00000000000000
25.940000534058	0.017553722485900	0.059509024024010	65.000000000000	0.00000000000000
25.950000762939	0.018397608771920	0.061350751668215	65.000000000000	0.00000000000000
25.959999084473	0.019248031079769	0.063186205923557	65.000000000000	0.00000000000000
25.969999313354	0.020104881376028	0.065015383064747	65.000000000000	0.00000000000000
25.979999542236	0.020968168973923	0.066838249564171	65.000000000000	0.00000000000000
25.989999771118	0.021837774664164	0.068654783070087	65.000000000000	0.00000000000000
26.000000000000	0.022713735699654	0.070464953780174	65.000000000000	0.00000000000000
26.010000228882	0.023595908656716	0.072268739342690	65.000000000000	0.00000000000000
26.020000457764	0.024484291672707	0.074066124856472	65.000000000000	0.00000000000000
26.030000686646	0.025378830730915	0.075857080519199	65.000000000000	0.00000000000000
26.040000915527	0.026279443874955	0.077641591429710	65.000000000000	0.00000000000000
26.049999237061	0.027186073362827	0.079419642686844	65.000000000000	0.00000000000000
26.059999465942	0.028098754584789	0.081191167235374	65.000000000000	0.00000000000000
26.069999694824	0.029017314314842	0.082956209778786	65.000000000000	0.00000000000000
26.079999923706	0.029941791668534	0.084714695811272	65.000000000000	0.00000000000000
26.090000152588	0.030872065573931	0.086466655135155	65.000000000000	0.00000000000000
26.100000381470	0.031808119267225	0.088212035596371	65.000000000000	0.00000000000000
26.110000610352	0.032749962061644	0.089950799942017	65.000000000000	0.00000000000000
26.120000839233	0.033697374165058	0.091682992875576	65.000000000000	0.00000000000000
26.129999160767	0.034650452435017	0.093408547341824	65.000000000000	0.00000000000000
26.139999389648	0.035609148442745	0.095127440989017	65.000000000000	0.00000000000000
26.149999618530	0.036573331803083	0.096839673817158	65.000000000000	0.00000000000000
26.159999847412	0.037542939186096	0.098545253276825	65.000000000000	0.00000000000000
26.170000076294	0.038517914712429	0.10024414956570	65.000000000000	0.00000000000000
26.180000305176	0.039498366415501	0.10193628817797	65.000000000000	0.00000000000000
26.190000534058	0.040484033524990	0.10362175107002	65.000000000000	0.00000000000000
26.200000762939	0.041474997997284	0.10530044883490	65.000000000000	0.00000000000000
26.209999084473	0.042471162974834	0.10697239637375	65.000000000000	0.00000000000000
26.219999313354	0.043472435325384	0.10863758623600	65.000000000000	0.00000000000000
26.229999542236	0.044478848576546	0.11029599606991	65.000000000000	0.00000000000000
26.239999771118	0.045490324497223	0.11194759607315	65.000000000000	0.00000000000000
26.250000000000	0.046506740152836	0.11359241604805	65.000000000000	0.00000000000000
26.260000228882	0.047528099268675	0.11523041874170	65.000000000000	0.00000000000000
26.270000457764	0.048554349690676	0.11686158925295	65.000000000000	0.00000000000000
26.280000686646	0.049585510045290	0.11848589777946	65.000000000000	0.00000000000000
26.290000915527	0.050621379166842	0.12010338902473	65.000000000000	0.00000000000000
26.299999237061	0.051662027835846	0.12171399593353	65.000000000000	0.00000000000000
26.309999465942	0.052707266062498	0.12331775575876	65.000000000000	0.00000000000000
26.319999694824	0.053757224231958	0.12491462379694	65.000000000000	0.00000000000000
26.329999923706	0.054811742156744	0.12650460004807	65.000000000000	0.00000000000000
26.340000152588	0.055870816111565	0.12808768451214	65.000000000000	0.00000000000000
26.350000381470	0.056934349238873	0.12966385483742	65.000000000000	0.00000000000000
26.360000610352	0.058002278208733	0.13123312592506	65.000000000000	0.00000000000000
26.370000839233	0.059074647724628	0.13279546797276	65.000000000000	0.00000000000000
26.379999160767	0.060151312500238	0.13435088098049	65.000000000000	0.00000000000000
26.389999389648	0.061232257634401	0.13589936494827	65.000000000000	0.00000000000000
26.399999618530	0.062317434698343	0.13744090497494	65.000000000000	0.00000000000000
26.409999847412	0.063406772911549	0.13897550106049	65.000000000000	0.00000000000000
26.420000076294	0.064500272274017	0.14050315320492	65.000000000000	0.00000000000000
26.430000305176	0.065597817301750	0.14202384650707	65.000000000000	0.00000000000000
26.440000534058	0.066699422895908	0.14353756606579	65.000000000000	0.00000000000000
26.450000762939	0.067804954946041	0.14504434168339	65.000000000000	0.00000000000000
26.459999084473	0.068914458155632	0.14654411375523	65.000000000000	0.00000000000000
26.469999313354	0.070027828216553	0.14803694188595	65.000000000000	0.00000000000000
26.479999542236	0.071145057678223	0.14952278137207	65.000000000000	0.00000000000000
26.489999771118	0.072266019880772	0.15100164711475	65.000000000000	0.00000000000000
26.500000000000	0.073390722274780	0.15247352421284	65.000000000000	0.00000000000000
26.510000228882	0.074519127607346	0.15393844246864	65.000000000000	0.00000000000000
26.520000457764	0.075651153922081	0.15539634227753	65.000000000000	0.00000000000000
26.530000686646	0.076786778867245	0.15684726834297	65.000000000000	0.00000000000000
26.540000915527	0.077925927937031	0.15829122066498	65.000000000000	0.00000000000000
26.549999237061	0.079068586230278	0.15972815454006	65.000000000000	0.00000000000000
26.559999465942	0.080214649438858	0.16115812957287	65.000000000000	0.00000000000000
26.569999694824	0.081364147365093	0.16258110105991	65.000000000000	0.00000000000000
26.579999923706	0.082516968250275	0.16399709880352	65.000000000000	0.00000000000000
26.590000152588	0.083673112094402	0.16540609300137	65.000000000000	0.00000000000000
26.600000381470	0.084832504391670	0.16680811345577	65.000000000000	0.00000000000000
26.610000610352	0.085995070636272	0.16820313036442	65.000000000000	0.00000000000000
26.620000839233	0.087160825729370	0.16959118843079	65.000000000000	0.00000000000000
26.629999160767	0.088329680263996	0.17097224295139	65.000000000000	0.00000000000000
26.639999389648	0.089501582086086	0.17234633862972	65.000000000000	0.00000000000000
26.649999618530	0.090676531195641	0.17371344566345	65.000000000000	0.00000000000000
26.659999847412	0.091854467988014	0.17507356405258	65.000000000000	0.00000000000000
26.670000076294	0.093035288155079	0.17642673850060	65.000000000000	0.00000000000000
26.680000305176	0.094219036400318	0.17777295410633	65.000000000000	0.00000000000000
26.690000534058	0.095405615866184	0.17911216616631	65.000000000000	0.00000000000000
26.700000762939	0.096594959497452	0.18044446408749	65.000000000000	0.00000000000000
26.709999084473	0.097787074744701	0.18176978826523	65.000000000000	0.00000000000000
26.719999313354	0.098981872200966	0.18308815360069	65.000000000000	0.00000000000000
26.729999542236	0.10017932206392	0.18439958989620	65.000000000000	0.00000000000000
26.739999771118	0.10137937217951	0.18570406734943	65.000000000000	0.00000000000000
26.750000000000	0.10258203744888	0.18700164556503	65.000000000000	0.00000000000000
26.760000228882	0.10378718376160	0.18829227983952	65.000000000000	0.00000000000000
26.770000457764	0.10499481856823	0.18957598507404	65.000000000000	0.00000000000000
26.780000686646	0.10620490461588	0.19085280597210	65.000000000000	0.00000000000000
26.790000915527	0.10741737484932	0.19212269783020	65.000000000000	0.00000000000000
26.799999237061	0.10863221436739	0.19338567554951	65.000000000000	0.00000000000000
26.809999465942	0.10984926670790	0.19464178383350	65.000000000000	0.00000000000000
26.819999694824	0.11106868088245	0.19589100778103	65.000000000000	0.00000000000000
26.829999923706	0.11229028552771	0.19713333249092	65.000000000000	0.00000000000000
26.840000152588	0.11351403594017	0.19836880266666	65.000000000000	0.00000000000000
26.850000381470	0.11473997682333	0.19959741830826	65.000000000000	0.00000000000000
26.860000610352	0.11596800386906	0.20081919431686	65.000000000000	0.00000000000000
26.870000839233	0.11719807982445	0.20203410089016	65.000000000000	0.00000000000000
26.879999160767	0.11843015253544	0.20324218273163	65.000000000000	0.00000000000000
26.889999389648	0.11966418474913	0.20444343984127	65.000000000000	0.00000000000000
26.899999618530	0.12090013176203	0.20563787221909	65.000000000000	0.00000000000000
26.909999847412	0.12213800102472	0.20682552456856	65.000000000000	0.00000000000000
26.920000076294	0.12337768077850	0.20800636708736	65.000000000000	0.00000000000000
26.930000305176	0.12461922317743	0.20918041467667	65.000000000000	0.00000000000000
26.940000534058	0.12586247920990	0.21034771203995	65.000000000000	0.00000000000000
26.950000762939	0.12710750102997	0.21150824427605	65.000000000000	0.00000000000000
26.959999084473	0.12835420668125	0.21266199648380	65.000000000000	0.00000000000000
26.969999313354	0.12960253655910	0.21380904316902	65.000000000000	0.00000000000000
26.979999542236	0.13085244596004	0.21494936943054	65.000000000000	0.00000000000000
26.989999771118	0.13210396468639	0.21608293056488	65.000000000000	0.00000000000000
27.000000000000	0.13335698843002	0.21720984578133	65.000000000000	0.00000000000000
27.010000228882	0.13461156189442	0.21833002567291	65.000000000000	0.00000000000000
27.020000457764	0.13586747646332	0.21944352984428	65.000000000000	0.00000000000000
27.030000686646	0.13712488114834	0.22055035829544	65.000000000000	0.00000000000000
27.040000915527	0.13838367164135	0.22165057063103	65.000000000000	0.00000000000000
27.049999237061	0.13964375853539	0.22274410724640	65.000000000000	0.00000000000000
27.059999465942	0.14090521633625	0.22383102774620	65.000000000000	0.00000000000000
27.069999694824	0.14216786623001	0.22491133213043	65.000000000000	0.00000000000000
27.079999923706	0.14343175292015	0.22598503530025	65.000000000000	0.00000000000000
27.090000152588	0.14469683170319	0.22705215215683	65.000000000000	0.00000000000000
27.100000381470	0.14596308767796	0.22811269760132	65.000000000000	0.00000000000000
27.110000610352	0.14723044633865	0.22916665673256	65.000000000000	0.00000000000000
27.120000839233	0.14849886298180	0.23021410405636	65.000000000000	0.00000000000000
27.129999160767	0.14976841211319	0.23125500977039	65.000000000000	0.00000000000000
27.139999389648	0.15103884041309	0.23228938877583	65.000000000000	0.00000000000000
27.149999618530	0.15231034159660	0.23331725597382	65.000000000000	0.00000000000000
27.159999847412	0.15358276665211	0.23433867096901	65.000000000000	0.00000000000000
27.170000076294	0.15485605597496	0.23535360395908	65.000000000000	0.00000000000000
27.180000305176	0.15613022446632	0.23636208474636	65.000000000000	0.00000000000000
27.190000534058	0.15740525722504	0.23736409842968	65.000000000000	0.00000000000000
27.200000762939	0.15868107974529	0.23835968971252	65.000000000000	0.00000000000000
27.209999084473	0.15995767712593	0.23934890329838	65.000000000000	0.00000000000000
27.219999313354	0.16123500466347	0.24033172428608	65.000000000000	0.00000000000000
27.229999542236	0.16251301765442	0.24130813777447	65.000000000000	0.00000000000000
27.239999771118	0.16379168629646	0.24227820336819	65.000000000000	0.00000000000000
27.250000000000	0.16507102549076	0.24324193596840	65.000000000000	0.00000000000000
27.260000228882	0.16635099053383	0.24419930577278	65.000000000000	0.00000000000000
27.270000457764	0.16763143241405	0.24515040218830	65.000000000000	0.00000000000000
27.280000686646	0.16891248524189	0.24609518051147	65.000000000000	0.00000000000000
27.290000915527	0.17019401490688	0.24703373014927	65.000000000000	0.00000000000000
27.299999237061	0.17147600650787	0.24796596169472	65.000000000000	0.00000000000000
27.309999465942	0.17275844514370	0.24889196455479	65.000000000000	0.00000000000000
27.319999694824	0.17404133081436	0.24981176853180	65.000000000000	0.00000000000000
27.329999923706	0.17532454431057	0.25072535872459	65.000000000000	0.00000000000000
27.340000152588	0.17660810053349	0.25163275003433	65.000000000000	0.00000000000000
27.350000381470	0.17789202928543	0.25253394246101	65.000000000000	0.00000000000000
27.360000610352	0.17917618155479	0.25342902541161	65.000000000000	0.00000000000000
27.370000839233	0.18046067655087	0.25431793928146	65.000000000000	0.00000000000000
27.379999160767	0.18174536526203	0.25520074367523	65.000000000000	0.00000000000000
27.389999389648	0.18303020298481	0.25607746839523	65.000000000000	0.00000000000000
27.399999618530	0.18431518971920	0.25694808363914	65.000000000000	0.00000000000000
27.409999847412	0.18560042977333	0.25781264901161	65.000000000000	0.00000000000000
27.420000076294	0.18688566982746	0.25867116451263	65.000000000000	0.00000000000000
27.430000305176	0.18817104399204	0.25952365994453	65.000000000000	0.00000000000000
27.440000534058	0.18945647776127	0.26037016510963	65.000000000000	0.00000000000000
27.450000762939	0.19074191153049	0.26121065020561	65.000000000000	0.00000000000000
27.459999084473	0.19202737510204	0.26204520463943	65.000000000000	0.00000000000000
27.469999313354	0.19331276416779	0.26287373900414	65.000000000000	0.00000000000000
27.479999542236	0.19459810853004	0.26369637250900	65.000000000000	0.00000000000000
27.489999771118	0.19588340818882	0.26451313495636	65.000000000000	0.00000000000000
27.500000000000	0.19716854393482	0.26532399654388	65.000000000000	0.00000000000000
27.510000228882	0.19845356047153	0.26612895727158	65.000000000000	0.00000000000000
27.520000457764	0.19973838329315	0.26692807674408	65.000000000000	0.00000000000000
27.530000686646	0.20102305710316	0.26772138476372	65.000000000000	0.00000000000000
27.540000915527	0.20230747759342	0.26850885152817	65.000000000000	0.00000000000000
27.549999237061	0.20359164476395	0.26929050683975	65.000000000000	0.00000000000000
27.559999465942	0.20487554371357	0.27006638050079	65.000000000000	0.00000000000000
27.569999694824	0.20615915954113	0.27083656191826	65.000000000000	0.00000000000000
27.579999923706	0.20744247734547	0.27160099148750	65.000000000000	0.00000000000000
27.590000152588	0.20872545242310	0.27235963940620	65.000000000000	0.00000000000000
27.600000381470	0.21000799536705	0.27311265468597	65.000000000000	0.00000000000000
27.610000610352	0.21129019558430	0.27386000752449	65.000000000000	0.00000000000000
27.620000839233	0.21257197856903	0.27460163831711	65.000000000000	0.00000000000000
27.629999160767	0.21385328471661	0.27533769607544	65.000000000000	0.00000000000000
27.639999389648	0.21513412892818	0.27606812119484	65.000000000000	0.00000000000000
27.649999618530	0.21641452610493	0.27679294347763	65.000000000000	0.00000000000000
27.659999847412	0.21769434213638	0.27751219272614	65.000000000000	0.00000000000000
27.670000076294	0.21897362172604	0.27822592854500	65.000000000000	0.00000000000000
27.680000305176	0.22025234997272	0.27893409132957	65.000000000000	0.00000000000000
27.690000534058	0.22153049707413	0.27963674068451	65.000000000000	0.00000000000000
27.700000762939	0.22280806303024	0.28033390641212	65.000000000000	0.00000000000000
27.709999084473	0.22408500313759	0.28102561831474	65.000000000000	0.00000000000000
27.719999313354	0.22536124289036	0.28171184659004	65.000000000000	0.00000000000000
27.729999542236	0.22663687169552	0.28239268064499	65.000000000000	0.00000000000000
27.739999771118	0.22791178524494	0.28306806087494	65.000000000000	0.00000000000000
27.750000000000	0.22918592393398	0.28373810648918	65.000000000000	0.00000000000000
27.760000228882	0.23045940697193	0.28440278768539	65.000000000000	0.00000000000000
27.770000457764	0.23173210024834	0.28506210446358	65.000000000000	0.00000000000000
27.780000686646	0.23300391435623	0.28571608662605	65.000000000000	0.00000000000000
27.790000915527	0.23427507281303	0.28636476397514	65.000000000000	0.00000000000000
27.799999237061	0.23554532229900	0.28700816631317	65.000000000000	0.00000000000000
27.809999465942	0.23681484162807	0.28764632344246	65.000000000000	0.00000000000000
27.819999694824	0.23808339238167	0.28827923536301	65.000000000000	0.00000000000000
27.829999923706	0.23935109376907	0.28890693187714	65.000000000000	0.00000000000000
27.840000152588	0.24061781167984	0.28952941298485	65.000000000000	0.00000000000000
27.850000381470	0.24188376963139	0.29014670848846	65.000000000000	0.00000000000000
27.860000610352	0.24314872920513	0.29075887799263	65.000000000000	0.00000000000000
27.870000839233	0.24441270530224	0.29136589169502	65.000000000000	0.00000000000000
27.879999160767	0.24567568302155	0.29196780920029	65.000000000000	0.00000000000000
27.889999389648	0.24693767726421	0.29256463050842	65.000000000000	0.00000000000000
27.899999618530	0.24819870293140	0.29315638542175	65.000000000000	0.00000000000000
27.909999847412	0.24945861101151	0.29374304413795	65.000000000000	0.00000000000000
27.920000076294	0.25071761012077	0.29432475566864	65.000000000000	0.00000000000000
27.930000305176	0.25197538733482	0.29490137100220	65.000000000000	0.00000000000000
27.940000534058	0.25323215126991	0.29547306895256	65.000000000000	0.00000000000000
27.950000762939	0.25448781251907	0.29603976011276	65.000000000000	0.00000000000000
27.959999084473	0.25574237108231	0.29660153388977	65.000000000000	0.00000000000000
27.969999313354	0.25699576735497	0.29715842008591	65.000000000000	0.00000000000000
27.979999542236	0.25824803113937	0.29771035909653	65.000000000000	0.00000000000000
27.989999771118	0.25949901342392	0.29825741052628	65.000000000000	0.00000000000000
28.000000000000	0.26074898242950	0.29879960417747	65.000000000000	0.00000000000000
28.010000228882	0.26199766993523	0.29933699965477	65.000000000000	0.00000000000000
28.020000457764	0.26324510574341	0.29986953735352	65.000000000000	0.00000000000000
28.030000686646	0.26449134945869	0.30039730668068	65.000000000000	0.00000000000000
28.040000915527	0.26573637127876	0.30092030763626	65.000000000000	0.00000000000000
28.049999237061	0.26698005199432	0.30143854022026	65.000000000000	0.00000000000000
28.059999465942	0.26822245121002	0.30195206403732	65.000000000000	0.00000000000000
28.069999694824	0.26946359872818	0.30246084928513	65.000000000000	0.00000000000000
28.079999923706	0.27070343494415	0.30296495556831	65.000000000000	0.00000000000000
28.090000152588	0.27194195985794	0.30346441268921	65.000000000000	0.00000000000000
28.100000381470	0.27317911386490	0.30395922064781	65.000000000000	0.00000000000000
28.110000610352	0.27441486716270	0.30444937944412	65.000000000000	0.00000000000000
28.120000839233	0.27564936876297	0.30493494868279	65.000000000000	0.00000000000000
28.129999160767	0.27688235044479	0.30541595816612	65.000000000000	0.00000000000000
28.139999389648	0.27811408042908	0.30589237809181	65.000000000000	0.00000000000000
28.149999618530	0.27934429049492	0.30636429786682	65.000000000000	0.00000000000000
28.159999847412	0.28057307004929	0.30683165788651	65.000000000000	0.00000000000000
28.170000076294	0.28180050849915	0.30729451775551	65.000000000000	0.00000000000000
28.180000305176	0.28302642703056	0.30775290727615	65.000000000000	0.00000000000000
28.190000534058	0.28425088524818	0.30820685625076	65.000000000000	0.00000000000000
28.200000762939	0.28547385334969	0.30865636467934	65.000000000000	0.00000000000000
28.209999084473	0.28669545054436	0.30910146236420	65.000000000000	0.00000000000000
28.219999313354	0.28791534900665	0.30954217910767	65.000000000000	0.00000000000000
28.229999542236	0.28913384675980	0.30997851490974	65.000000000000	0.00000000000000
28.239999771118	0.29035082459450	0.31041049957275	65.000000000000	0.00000000000000
28.250000000000	0.29156625270844	0.31083816289902	65.000000000000	0.00000000000000
28.260000228882	0.29278013110161	0.31126150488853	65.000000000000	0.00000000000000
28.270000457764	0.29399245977402	0.31168055534363	65.000000000000	0.00000000000000
28.280000686646	0.29520314931870	0.31209534406662	65.000000000000	0.00000000000000
28.290000915527	0.29641240835190	0.31250590085983	65.000000000000	0.00000000000000
28.299999237061	0.29761990904808	0.31291222572327	65.000000000000	0.00000000000000
28.309999465942	0.29882591962814	0.31331431865692	65.000000000000	0.00000000000000
28.319999694824	0.30003026127815	0.31371223926544	65.000000000000	0.00000000000000
28.329999923706	0.30123299360275	0.31410601735115	65.000000000000	0.00000000000000
28.340000152588	0.30243399739265	0.31449565291405	65.000000000000	0.00000000000000
28.350000381470	0.30363345146179	0.31488117575645	65.000000000000	0.00000000000000
28.360000610352	0.30483120679855	0.31526255607605	65.000000000000	0.00000000000000
28.370000839233	0.30602738261223	0.31563988327980	65.000000000000	0.00000000000000
28.379999160767	0.30722177028656	0.31601312756538	65.000000000000	0.00000000000000
28.389999389648	0.30841448903084	0.31638234853745	65.000000000000	0.00000000000000
28.399999618530	0.30960550904274	0.31674751639366	65.000000000000	0.00000000000000
28.409999847412	0.31079491972923	0.31710872054100	65.000000000000	0.00000000000000
28.420000076294	0.31198251247406	0.31746593117714	65.000000000000	0.00000000000000
28.430000305176	0.31316843628883	0.31781920790672	65.000000000000	0.00000000000000
28.440000534058	0.31435257196426	0.31816855072975	65.000000000000	0.00000000000000
28.450000762939	0.31553497910500	0.31851392984390	65.000000000000	0.00000000000000
28.459999084473	0.31671562790871	0.31885540485382	65.000000000000	0.00000000000000
28.469999313354	0.31789454817772	0.31919306516647	65.000000000000	0.00000000000000
28.479999542236	0.31907165050507	0.31952682137489	65.000000000000	0.00000000000000
28.489999771118	0.32024702429771	0.31985673308372	65.000000000000	0.00000000000000
28.500000000000	0.32142055034637	0.32018283009529	65.000000000000	0.00000000000000
28.510000228882	0.32259231805801	0.32050514221191	65.000000000000	0.00000000000000
28.520000457764	0.32376235723495	0.32082366943359	65.000000000000	0.00000000000000
28.530000686646	0.32493051886559	0.32113844156265	65.000000000000	0.00000000000000
28.540000915527	0.32609692215919	0.32144945859909	65.000000000000	0.00000000000000
28.549999237061	0.32726138830185	0.32175675034523	65.000000000000	0.00000000000000
28.559999465942	0.32842409610748	0.32206037640572	65.000000000000	0.00000000000000
28.569999694824	0.32958495616913	0.32236030697823	65.000000000000	0.00000000000000
28.579999923706	0.33074396848679	0.32265654206276	65.000000000000	0.00000000000000
28.590000152588	0.33190107345581	0.32294917106628	65.000000000000	0.00000000000000
28.600000381470	0.33305639028549	0.32323828339577	65.000000000000	0.00000000000000
28.610000610352	0.33420991897583	0.32352358102798	65.000000000000	0.00000000000000
28.620000839233	0.33536145091057	0.32380542159081	65.000000000000	0.00000000000000
28.629999160767	0.33651125431061	0.32408353686333	65.000000000000	0.00000000000000
28.639999389648	0.33765888214111	0.32435840368271	65.000000000000	0.00000000000000
28.649999618530	0.33880478143692	0.32462954521179	65.000000000000	0.00000000000000
28.659999847412	0.33994880318642	0.32489717006683	65.000000000000	0.00000000000000
28.670000076294	0.34109091758728	0.32516130805016	65.000000000000	0.00000000000000
28.680000305176	0.34223115444183	0.32542195916176	65.000000000000	0.00000000000000
28.690000534058	0.34336936473846	0.32567936182022	65.000000000000	0.00000000000000
28.700000762939	0.34450575709343	0.32593312859535	65.000000000000	0.00000000000000
28.709999084473	0.34564024209976	0.32618346810341	65.000000000000	0.00000000000000
28.719999313354	0.34677261114120	0.32643061876297	65.000000000000	0.00000000000000
28.729999542236	0.34790322184563	0.32667419314384	65.000000000000	0.00000000000000
28.739999771118	0.34903186559677	0.32691442966461	65.000000000000	0.00000000000000
28.750000000000	0.35015857219696	0.32715135812759	65.000000000000	0.00000000000000
28.760000228882	0.35128328204155	0.32738491892815	65.000000000000	0.00000000000000
28.770000457764	0.35240626335144	0.32761505246162	65.000000000000	0.00000000000000
28.780000686646	0.35352686047554	0.32784229516983	65.000000000000	0.00000000000000
28.790000915527	0.35464581847191	0.32806593179703	65.000000000000	0.00000000000000
28.799999237061	0.35576248168945	0.32828664779663	65.000000000000	0.00000000000000
28.809999465942	0.35687759518623	0.32850369811058	65.000000000000	0.00000000000000
28.819999694824	0.35799041390419	0.32871788740158	65.000000000000	0.00000000000000
28.829999923706	0.35910135507584	0.32892873883247	65.000000000000	0.00000000000000
28.840000152588	0.36021026968956	0.32913643121719	65.000000000000	0.00000000000000
28.850000381470	0.36131733655930	0.32934084534645	65.000000000000	0.00000000000000
28.860000610352	0.36242222785950	0.32954233884811	65.000000000000	0.00000000000000
28.870000839233	0.36352506279945	0.32974076271057	65.000000000000	0.00000000000000
28.879999160767	0.36462619900703	0.32993575930595	65.000000000000	0.00000000000000
28.889999389648	0.36572524905205	0.33012771606445	65.000000000000	0.00000000000000
28.899999618530	0.36682209372520	0.33031684160233	65.000000000000	0.00000000000000
28.909999847412	0.36791688203812	0.33050295710564	65.000000000000	0.00000000000000
28.920000076294	0.36900991201401	0.33068573474884	65.000000000000	0.00000000000000
28.930000305176	0.37010079622269	0.33086559176445	65.000000000000	0.00000000000000
28.940000534058	0.37118968367577	0.33104252815247	65.000000000000	0.00000000000000
28.950000762939	0.37227657437325	0.33121642470360	65.000000000000	0.00000000000000
28.959999084473	0.37336137890816	0.33138737082481	65.000000000000	0.00000000000000
28.969999313354	0.37444415688515	0.33155539631844	65.000000000000	0.00000000000000
28.979999542236	0.37552493810654	0.33172044157982	65.000000000000	0.00000000000000
28.989999771118	0.37660360336304	0.33188259601593	65.000000000000	0.00000000000000
29.000000000000	0.37768027186394	0.33204185962677	65.000000000000	0.00000000000000
29.010000228882	0.37875494360924	0.33219823241234	65.000000000000	0.00000000000000
29.020000457764	0.37982752919197	0.33235177397728	65.000000000000	0.00000000000000
29.030000686646	0.38089808821678	0.33250236511230	65.000000000000	0.00000000000000
29.040000915527	0.38196656107903	0.33265027403831	65.000000000000	0.00000000000000
29.049999237061	0.38303306698799	0.33279526233673	65.000000000000	0.00000000000000
29.059999465942	0.38409748673439	0.33293747901917	65.000000000000	0.00000000000000
29.069999694824	0.38515982031822	0.33307689428329	65.000000000000	0.00000000000000
29.079999923706	0.38622012734413	0.33321353793144	65.000000000000	0.00000000000000
29.090000152588	0.38727834820747	0.33334746956825	65.000000000000	0.00000000000000
29.100000381470	0.38833451271057	0.33347862958908	65.000000000000	0.00000000000000
29.110000610352	0.38938868045807	0.33360710740089	65.000000000000	0.00000000000000
29.120000839233	0.39044073224068	0.33373290300369	65.000000000000	0.00000000000000
29.129999160767	0.39149072766304	0.33385595679283	65.000000000000	0.00000000000000
29.139999389648	0.39253872632980	0.33397635817528	65.000000000000	0.00000000000000
29.149999618530	0.39358454942703	0.33409407734871	65.000000000000	0.00000000000000
29.159999847412	0.39462837576866	0.33420920372009	65.000000000000	0.00000000000000
29.170000076294	0.39567005634308	0.33432170748711	65.000000000000	0.00000000000000
29.180000305176	0.39670974016190	0.33443158864975	65.000000000000	0.00000000000000
29.190000534058	0.39774733781815	0.33453887701035	65.000000000000	0.00000000000000
29.200000762939	0.39878281950951	0.33464360237122	65.000000000000	0.00000000000000
29.209999084473	0.39981624484062	0.33474576473236	65.000000000000	0.00000000000000
29.219999313354	0.40084761381149	0.33484533429146	65.000000000000	0.00000000000000
29.229999542236	0.40187692642212	0.33494246006012	65.000000000000	0.00000000000000
29.239999771118	0.40290418267250	0.33503699302673	65.000000000000	0.00000000000000
29.250000000000	0.40392926335335	0.33512902259827	65.000000000000	0.00000000000000
29.260000228882	0.40495237708092	0.33521863818169	65.000000000000	0.00000000000000
29.270000457764	0.40597334504128	0.33530578017235	65.000000000000	0.00000000000000
29.280000686646	0.40699231624603	0.33539041876793	65.000000000000	0.00000000000000
29.290000915527	0.40800917148590	0.33547261357307	65.000000000000	0.00000000000000
29.299999237061	0.40902391076088	0.33555242419243	65.000000000000	0.00000000000000
29.309999465942	0.41003656387329	0.33562979102135	65.000000000000	0.00000000000000
29.319999694824	0.41104722023010	0.33570480346680	65.000000000000	0.00000000000000
29.329999923706	0.41205576062202	0.33577740192413	65.000000000000	0.00000000000000
29.340000152588	0.41306215524673	0.33584761619568	65.000000000000	0.00000000000000
29.350000381470	0.41406655311584	0.33591550588608	65.000000000000	0.00000000000000
29.360000610352	0.41506883502007	0.33598101139069	65.000000000000	0.00000000000000
29.370000839233	0.41606909036636	0.33604428172112	65.000000000000	0.00000000000000
29.379999160767	0.41706728935242	0.33610519766808	65.000000000000	0.00000000000000
29.389999389648	0.41806328296661	0.33616381883621	65.000000000000	0.00000000000000
29.399999618530	0.41905725002289	0.33622014522552	65.000000000000	0.00000000000000
29.409999847412	0.42004916071892	0.33627423644066	65.000000000000	0.00000000000000
29.420000076294	0.42103901505470	0.33632603287697	65.000000000000	0.00000000000000
29.430000305176	0.42202678322792	0.33637562394142	65.000000000000	0.00000000000000
29.440000534058	0.42301252484322	0.33642297983170	65.000000000000	0.00000000000000
29.450000762939	0.42399609088898	0.33646813035011	65.000000000000	0.00000000000000
29.459999084473	0.42497768998146	0.33651107549667	65.000000000000	0.00000000000000
29.469999313354	0.42595711350441	0.33655181527138	65.000000000000	0.00000000000000
29.479999542236	0.42693451046944	0.33659037947655	65.000000000000	0.00000000000000
29.489999771118	0.42790988087654	0.33662682771683	65.000000000000	0.00000000000000
29.500000000000	0.42888307571411	0.33666113018990	65.000000000000	0.00000000000000
29.510000228882	0.42985424399376	0.33669328689575	65.000000000000	0.00000000000000
29.520000457764	0.43082341551781	0.33672335743904	65.000000000000	0.00000000000000
29.530000686646	0.43179050087929	0.33675131201744	65.000000000000	0.00000000000000
29.540000915527	0.43275544047356	0.33677715063095	65.000000000000	0.00000000000000
29.549999237061	0.43371841311455	0.33680090308189	65.000000000000	0.00000000000000
29.559999465942	0.43467923998833	0.33682262897491	65.000000000000	0.00000000000000
29.569999694824	0.43563807010651	0.33684223890305	65.000000000000	0.00000000000000
29.579999923706	0.43659478425980	0.33685988187790	65.000000000000	0.00000000000000
29.590000152588	0.43754947185516	0.33687546849251	65.000000000000	0.00000000000000
29.600000381470	0.43850201368332	0.33688902854919	65.000000000000	0.00000000000000
29.610000610352	0.43945258855820	0.33690065145493	65.000000000000	0.00000000000000
29.620000839233	0.44040104746819	0.33691024780273	65.000000000000	0.00000000000000
29.629999160767	0.44134756922722	0.33691787719727	65.000000000000	0.00000000000000
29.639999389648	0.44229191541672	0.33692350983620	65.000000000000	0.00000000000000
29.649999618530	0.44323429465294	0.33692717552185	65.000000000000	0.00000000000000
29.659999847412	0.44417458772659	0.33692896366119	65.000000000000	0.00000000000000
29.670000076294	0.44511276483536	0.33692878484726	65.000000000000	0.00000000000000
29.680000305176	0.44604894518852	0.33692672848701	65.000000000000	0.00000000000000
29.690000534058	0.44698315858841	0.33692276477814	65.000000000000	0.00000000000000
29.700000762939	0.44791525602341	0.33691686391830	65.000000000000	0.00000000000000
29.709999084473	0.44884529709816	0.33690917491913	65.000000000000	0.00000000000000
29.719999313354	0.44977337121964	0.33689954876900	65.000000000000	0.00000000000000
29.729999542236	0.45069932937622	0.33688804507256	65.000000000000	0.00000000000000
29.739999771118	0.45162323117256	0.33687472343445	65.000000000000	0.00000000000000
29.750000000000	0.45254519581795	0.33685961365700	65.000000000000	0.00000000000000
29.760000228882	0.45346504449844	0.33684268593788	65.000000000000	0.00000000000000
29.770000457764	0.45438286662102	0.33682391047478	65.000000000000	0.00000000000000
29.780000686646	0.45529866218567	0.33680334687233	65.000000000000	0.00000000000000
29.790000915527	0.45621252059937	0.33678102493286	65.000000000000	0.00000000000000
29.799999237061	0.45712420344353	0.33675691485405	65.000000000000	0.00000000000000
29.809999465942	0.45803400874138	0.33673107624054	65.000000000000	0.00000000000000
29.819999694824	0.45894169807434	0.33670344948769	65.000000000000	0.00000000000000
29.829999923706	0.45984742045403	0.33667412400246	65.000000000000	0.00000000000000
29.840000152588	0.46075111627579	0.33664304018021	65.000000000000	0.00000000000000
29.850000381470	0.46165275573730	0.33661025762558	65.000000000000	0.00000000000000
29.860000610352	0.46255245804787	0.33657577633858	65.000000000000	0.00000000000000
29.870000839233	0.46345004439354	0.33653956651688	65.000000000000	0.00000000000000
29.879999160767	0.46434572339058	0.33650171756744	65.000000000000	0.00000000000000
29.889999389648	0.46523937582970	0.33646216988564	65.000000000000	0.00000000000000
29.899999618530	0.46613103151321	0.33642098307610	65.000000000000	0.00000000000000
29.909999847412	0.46702069044113	0.33637815713882	65.000000000000	0.00000000000000
29.920000076294	0.46790829300880	0.33633366227150	65.000000000000	0.00000000000000
29.930000305176	0.46879395842552	0.33628752827644	65.000000000000	0.00000000000000
29.940000534058	0.46967762708664	0.33623984456062	65.000000000000	0.00000000000000
29.950000762939	0.47055926918983	0.33619049191475	65.000000000000	0.00000000000000
29.959999084473	0.47143894433975	0.33613952994347	65.000000000000	0.00000000000000
29.969999313354	0.47231668233871	0.33608704805374	65.000000000000	0.00000000000000
29.979999542236	0.47319233417511	0.33603295683861	65.000000000000	0.00000000000000
29.989999771118	0.47406601905823	0.33597731590271	65.000000000000	0.00000000000000
30.000000000000	0.47493773698807	0.33592009544373	65.000000000000	0.00000000000000
30.010000228882	0.47580757737160	0.33586132526398	65.000000000000	0.00000000000000
30.020000457764	0.47667536139488	0.33580106496811	65.000000000000	0.00000000000000
30.030000686646	0.47754120826721	0.33573925495148	65.000000000000	0.00000000000000
30.040000915527	0.47840505838394	0.33567595481873	65.000000000000	0.00000000000000
30.049999237061	0.47926691174507	0.33561110496521	65.000000000000	0.00000000000000
30.059999465942	0.48012688755989	0.33554479479790	65.000000000000	0.00000000000000
30.069999694824	0.48098486661911	0.33547702431679	65.000000000000	0.00000000000000
30.079999923706	0.48184084892273	0.33540776371956	65.000000000000	0.00000000000000
30.090000152588	0.48269498348236	0.33533701300621	65.000000000000	0.00000000000000
30.100000381470	0.48354706168175	0.33526480197906	65.000000000000	0.00000000000000
30.110000610352	0.48439720273018	0.33519116044044	65.000000000000	0.00000000000000
30.120000839233	0.48524543642998	0.33511608839035	65.000000000000	0.00000000000000
30.129999160767	0.48609173297882	0.33503964543343	65.000000000000	0.00000000000000
30.139999389648	0.48693612217903	0.33496171236038	65.000000000000	0.00000000000000
30.149999618530	0.48777845501900	0.33488243818283	65.000000000000	0.00000000000000
30.159999847412	0.48861896991730	0.33480173349380	65.000000000000	0.00000000000000
30.170000076294	0.48945751786232	0.33471956849098	65.000000000000	0.00000000000000
30.180000305176	0.49029415845871	0.33463612198830	65.000000000000	0.00000000000000
30.190000534058	0.49112877249718	0.33455124497414	65.000000000000	0.00000000000000
30.200000762939	0.49196153879166	0.33446505665779	65.000000000000	0.00000000000000
30.209999084473	0.49279239773750	0.33437749743462	65.000000000000	0.00000000000000
30.219999313354	0.49362137913704	0.33428862690926	65.000000000000	0.00000000000000
30.229999542236	0.49444836378098	0.33419841527939	65.000000000000	0.00000000000000
30.239999771118	0.49527353048325	0.33410689234734	65.000000000000	0.00000000000000
30.250000000000	0.49609667062759	0.33401399850845	65.000000000000	0.00000000000000
30.260000228882	0.49691805243492	0.33391988277435	65.000000000000	0.00000000000000
30.270000457764	0.49773743748665	0.33382436633110	65.000000000000	0.00000000000000
30.280000686646	0.49855485558510	0.33372762799263	65.000000000000	0.00000000000000
30.290000915527	0.49937045574188	0.33362960815430	65.000000000000	0.00000000000000
30.299999237061	0.50018423795700	0.33353030681610	65.000000000000	0.00000000000000
30.309999465942	0.50099605321884	0.33342975378036	65.000000000000	0.00000000000000
30.319999694824	0.50180602073669	0.33332797884941	65.000000000000	0.00000000000000
30.329999923706	0.50261408090591	0.33322492241859	65.000000000000	0.00000000000000
30.340000152588	0.50342029333115	0.33312058448792	65.000000000000	0.00000000000000
30.350000381470	0.50422453880310	0.33301505446434	65.000000000000	0.00000000000000
30.360000610352	0.50502693653107	0.33290833234787	65.000000000000	0.00000000000000
30.370000839233	0.50582754611969	0.33280041813850	65.000000000000	0.00000000000000
30.379999160767	0.50662624835968	0.33269128203392	65.000000000000	0.00000000000000
30.389999389648	0.50742310285568	0.33258092403412	65.000000000000	0.00000000000000
30.399999618530	0.50821805000305	0.33246940374374	65.000000000000	0.00000000000000
30.409999847412	0.50901126861572	0.33235672116280	65.000000000000	0.00000000000000
30.420000076294	0.50980246067047	0.33224281668663	65.000000000000	0.00000000000000
30.430000305176	0.51059186458588	0.33212780952454	65.000000000000	0.00000000000000
30.440000534058	0.51137942075729	0.33201161026955	65.000000000000	0.00000000000000
30.450000762939	0.51216518878937	0.33189433813095	65.000000000000	0.00000000000000
30.459999084473	0.51294898986816	0.33177581429482	65.000000000000	0.00000000000000
30.469999313354	0.51373112201691	0.33165627717972	65.000000000000	0.00000000000000
30.479999542236	0.51451134681702	0.33153554797173	65.000000000000	0.00000000000000
30.489999771118	0.51528978347778	0.33141377568245	65.000000000000	0.00000000000000
30.500000000000	0.51606631278992	0.33129084110260	65.000000000000	0.00000000000000
30.510000228882	0.51684105396271	0.33116677403450	65.000000000000	0.00000000000000
30.520000457764	0.51761400699615	0.33104166388512	65.000000000000	0.00000000000000
30.530000686646	0.51838505268097	0.33091551065445	65.000000000000	0.00000000000000
30.540000915527	0.51915431022644	0.33078825473785	65.000000000000	0.00000000000000
30.549999237061	0.51992195844650	0.33065989613533	65.000000000000	0.00000000000000
30.559999465942	0.52068746089935	0.33053052425385	65.000000000000	0.00000000000000
30.569999694824	0.52145135402679	0.33040007948875	65.000000000000	0.00000000000000
30.579999923706	0.52221345901489	0.33026859164238	65.000000000000	0.00000000000000
30.590000152588	0.52297371625900	0.33013606071472	65.000000000000	0.00000000000000
30.600000381470	0.52373224496841	0.33000254631042	65.000000000000	0.00000000000000
30.610000610352	0.52448886632919	0.32986795902252	65.000000000000	0.00000000000000
30.620000839233	0.52524369955063	0.32973235845566	65.000000000000	0.00000000000000
30.629999160767	0.52599692344666	0.32959571480751	65.000000000000	0.00000000000000
30.639999389648	0.52674823999405	0.32945814728737	65.000000000000	0.00000000000000
30.649999618530	0.52749788761139	0.32931959629059	65.000000000000	0.00000000000000
30.659999847412	0.52824562788010	0.32918003201485	65.000000000000	0.00000000000000
30.670000076294	0.52899169921875	0.32903945446014	65.000000000000	0.00000000000000
30.680000305176	0.52973586320877	0.32889792323112	65.000000000000	0.00000000000000
30.690000534058	0.53047841787338	0.32875546813011	65.000000000000	0.00000000000000
30.700000762939	0.53121912479401	0.32861199975014	65.000000000000	0.00000000000000
30.709999084473	0.53195816278458	0.32846763730049	65.000000000000	0.00000000000000
30.719999313354	0.53269535303116	0.32832229137421	65.000000000000	0.00000000000000
30.729999542236	0.53343081474304	0.32817602157593	65.000000000000	0.00000000000000
30.739999771118	0.53416460752487	0.32802879810333	65.000000000000	0.00000000000000
30.750000000000	0.53489655256271	0.32788068056107	65.000000000000	0.00000000000000
30.760000228882	0.53562682867050	0.32773160934448	65.000000000000	0.00000000000000
30.770000457764	0.53635537624359	0.32758167386055	65.000000000000	0.00000000000000
30.780000686646	0.53708219528198	0.32743084430695	65.000000000000	0.00000000000000
30.790000915527	0.53780722618103	0.32727906107903	65.000000000000	0.00000000000000
30.799999237061	0.53853064775467	0.32712644338608	65.000000000000	0.00000000000000
30.809999465942	0.53925216197968	0.32697290182114	65.000000000000	0.00000000000000
30.819999694824	0.53997206687927	0.32681846618652	65.000000000000	0.00000000000000
30.829999923706	0.54069030284882	0.32666322588921	65.000000000000	0.00000000000000
30.840000152588	0.54140675067902	0.32650709152222	65.000000000000	0.00000000000000
30.850000381470	0.54212152957916	0.32635015249252	65.000000000000	0.00000000000000
30.860000610352	0.54283463954926	0.32619231939316	65.000000000000	0.00000000000000
30.870000839233	0.54354596138000	0.32603362202644	65.000000000000	0.00000000000000
30.879999160767	0.54425561428070	0.32587409019470	65.000000000000	0.00000000000000
30.889999389648	0.54496359825134	0.32571372389793	65.000000000000	0.00000000000000
30.899999618530	0.54566991329193	0.32555252313614	65.000000000000	0.00000000000000
30.909999847412	0.54637455940247	0.32539054751396	65.000000000000	0.00000000000000
30.920000076294	0.54707741737366	0.32522770762444	65.000000000000	0.00000000000000
30.930000305176	0.54777872562408	0.32506409287453	65.000000000000	0.00000000000000
30.940000534058	0.54847824573517	0.32489967346191	65.000000000000	0.00000000000000
30.950000762939	0.54917615652084	0.32473444938660	65.000000000000	0.00000000000000
30.959999084473	0.54987233877182	0.32456842064857	65.000000000000	0.00000000000000
30.969999313354	0.55056691169739	0.32440164685249	65.000000000000	0.00000000000000
30.979999542236	0.55125987529755	0.32423406839371	65.000000000000	0.00000000000000
30.989999771118	0.55195105075836	0.32406577467918	65.000000000000	0.00000000000000
31.000000000000	0.55264067649841	0.32389664649963	65.000000000000	0.00000000000000
31.010000228882	0.55332863330841	0.32372677326202	65.000000000000	0.00000000000000
31.020000457764	0.55401486158371	0.32355618476868	65.000000000000	0.00000000000000
31.030000686646	0.55469948053360	0.32338485121727	65.000000000000	0.00000000000000
31.040000915527	0.55538249015808	0.32321271300316	65.000000000000	0.00000000000000
31.049999237061	0.55606389045715	0.32303988933563	65.000000000000	0.00000000000000
31.059999465942	0.55674362182617	0.32286626100540	65.000000000000	0.00000000000000
31.069999694824	0.55742174386978	0.32269200682640	65.000000000000	0.00000000000000
31.079999923706	0.55809825658798	0.32251697778702	65.000000000000	0.00000000000000
31.090000152588	0.55877315998077	0.32234126329422	65.000000000000	0.00000000000000
31.100000381470	0.55944639444351	0.32216486334801	65.000000000000	0.00000000000000
31.110000610352	0.56011795997620	0.32198771834373	65.000000000000	0.00000000000000
31.120000839233	0.56078797578812	0.32180985808372	65.000000000000	0.00000000000000
31.129999160767	0.56145638227463	0.32163137197495	65.000000000000	0.00000000000000
31.139999389648	0.56212311983109	0.32145214080811	65.000000000000	0.00000000000000
31.149999618530	0.56278836727142	0.32127228379250	65.000000000000	0.00000000000000
31.159999847412	0.56345194578171	0.32109171152115	65.000000000000	0.00000000000000
31.170000076294	0.56411391496658	0.32091045379639	65.000000000000	0.00000000000000
31.180000305176	0.56477439403534	0.32072857022285	65.000000000000	0.00000000000000
31.190000534058	0.56543320417404	0.32054600119591	65.000000000000	0.00000000000000
31.200000762939	0.56609046459198	0.32036280632019	65.000000000000	0.00000000000000
31.209999084473	0.56674611568451	0.32017898559570	65.000000000000	0.00000000000000
31.219999313354	0.56740021705627	0.31999444961548	65.000000000000	0.00000000000000
31.229999542236	0.56805270910263	0.31980931758881	65.000000000000	0.00000000000000
31.239999771118	0.56870365142822	0.31962355971336	65.000000000000	0.00000000000000
31.250000000000	0.56935304403305	0.31943714618683	65.000000000000	0.00000000000000
31.260000228882	0.57000088691711	0.31925013661385	65.000000000000	0.00000000000000
31.270000457764	0.57064718008041	0.31906247138977	65.000000000000	0.00000000000000
31.280000686646	0.57129186391830	0.31887426972389	65.000000000000	0.00000000000000
31.290000915527	0.57193493843079	0.31868541240692	65.000000000000	0.00000000000000
31.299999237061	0.57257658243179	0.31849592924118	65.000000000000	0.00000000000000
31.309999465942	0.57321661710739	0.31830587983131	65.000000000000	0.00000000000000
31.319999694824	0.57385516166687	0.31811523437500	65.000000000000	0.00000000000000
31.329999923706	0.57449215650558	0.31792405247688	65.000000000000	0.00000000000000
31.340000152588	0.57512754201889	0.31773221492767	65.000000000000	0.00000000000000
31.350000381470	0.57576149702072	0.31753981113434	65.000000000000	0.00000000000000
31.360000610352	0.57639384269714	0.31734684109688	65.000000000000	0.00000000000000
31.370000839233	0.57702475786209	0.31715333461761	65.000000000000	0.00000000000000
31.379999160767	0.57765406370163	0.31695920228958	65.000000000000	0.00000000000000
31.389999389648	0.57828187942505	0.31676453351974	65.000000000000	0.00000000000000
31.399999618530	0.57890820503235	0.31656935811043	65.000000000000	0.00000000000000
31.409999847412	0.57953310012817	0.31637349724770	65.000000000000	0.00000000000000
31.420000076294	0.58015626668930	0.31617739796638	65.000000000000	0.00000000000000
31.430000305176	0.58077818155289	0.31598028540611	65.000000000000	0.00000000000000
31.440000534058	0.58139848709106	0.31578299403191	65.000000000000	0.00000000000000
31.450000762939	0.58201718330383	0.31558519601822	65.000000000000	0.00000000000000
31.459999084473	0.58263456821442	0.31538665294647	65.000000000000	0.00000000000000
31.469999313354	0.58325028419495	0.31518790125847	65.000000000000	0.00000000000000
31.479999542236	0.58386474847794	0.31498813629150	65.000000000000	0.00000000000000
31.489999771118	0.58447742462158	0.31478852033615	65.000000000000	0.00000000000000
31.500000000000	0.58508867025375	0.31458815932274	65.000000000000	0.00000000000000
31.510000228882	0.58569866418839	0.31438705325127	65.000000000000	0.00000000000000
31.520000457764	0.58630710840225	0.31418552994728	65.000000000000	0.00000000000000
31.530000686646	0.58691406250000	0.31398361921310	65.000000000000	0.00000000000000
31.540000915527	0.58751958608627	0.31378096342087	65.000000000000	0.00000000000000
31.549999237061	0.58812355995178	0.31357821822166	65.000000000000	0.00000000000000
31.559999465942	0.58872628211975	0.31337445974350	65.000000000000	0.00000000000000
31.569999694824	0.58932733535767	0.31317061185837	65.000000000000	0.00000000000000
31.579999923706	0.58992695808411	0.31296637654305	65.000000000000	0.00000000000000
31.590000152588	0.59052515029907	0.31276145577431	65.000000000000	0.00000000000000
31.600000381470	0.59112197160721	0.31255617737770	65.000000000000	0.00000000000000
31.610000610352	0.59171736240387	0.31235021352768	65.000000000000	0.00000000000000
31.620000839233	0.59231120347977	0.31214416027069	65.000000000000	0.00000000000000
31.629999160767	0.59290361404419	0.31193733215332	65.000000000000	0.00000000000000
31.639999389648	0.59349471330643	0.31173017621040	65.000000000000	0.00000000000000
31.649999618530	0.59408426284790	0.31152260303497	65.000000000000	0.00000000000000
31.659999847412	0.59467250108719	0.31131458282471	65.000000000000	0.00000000000000
31.670000076294	0.59525930881500	0.31110614538193	65.000000000000	0.00000000000000
31.680000305176	0.59584468603134	0.31089726090431	65.000000000000	0.00000000000000
31.690000534058	0.59642863273621	0.31068792939186	65.000000000000	0.00000000000000
31.700000762939	0.59701114892960	0.31047818064690	65.000000000000	0.00000000000000
31.709999084473	0.59759223461151	0.31026804447174	65.000000000000	0.00000000000000
31.719999313354	0.59817200899124	0.31005746126175	65.000000000000	0.00000000000000
31.729999542236	0.59875035285950	0.30984649062157	65.000000000000	0.00000000000000
31.739999771118	0.59932726621628	0.30963507294655	65.000000000000	0.00000000000000
31.750000000000	0.59990280866623	0.30942323803902	65.000000000000	0.00000000000000
31.760000228882	0.60047698020935	0.30921107530594	65.000000000000	0.00000000000000
31.770000457764	0.60104978084564	0.30899849534035	65.000000000000	0.00000000000000
31.780000686646	0.60162115097046	0.30878552794456	65.000000000000	0.00000000000000
31.790000915527	0.60219120979309	0.30857214331627	65.000000000000	0.00000000000000
31.799999237061	0.60275983810425	0.30835840106010	65.000000000000	0.00000000000000
31.809999465942	0.60332709550858	0.30814424157143	65.000000000000	0.00000000000000
31.819999694824	0.60389298200607	0.30792972445488	65.000000000000	0.00000000000000
31.829999923706	0.60445755720139	0.30771484971046	65.000000000000	0.00000000000000
31.840000152588	0.60502076148987	0.30749958753586	65.000000000000	0.00000000000000
31.850000381470	0.60558253526688	0.30728393793106	65.000000000000	0.00000000000000
31.860000610352	0.60614293813705	0.30706796050072	65.000000000000	0.00000000000000
31.870000839233	0.60670214891434	0.30685162544250	65.000000000000	0.00000000000000
31.879999160767	0.60725986957550	0.30663493275642	65.000000000000	0.00000000000000
31.889999389648	0.60781633853912	0.30641785264015	65.000000000000	0.00000000000000
31.899999618530	0.60837137699127	0.30620047450066	65.000000000000	0.00000000000000
31.909999847412	0.60892516374588	0.30598270893097	65.000000000000	0.00000000000000
31.920000076294	0.60947763919830	0.30576461553574	65.000000000000	0.00000000000000
31.930000305176	0.61002862453461	0.30554619431496	65.000000000000	0.00000000000000
31.940000534058	0.61057847738266	0.30532744526863	65.000000000000	0.00000000000000
31.950000762939	0.61112689971924	0.30510833859444	65.000000000000	0.00000000000000
31.959999084473	0.61167407035828	0.30488893389702	65.000000000000	0.00000000000000
31.969999313354	0.61221987009048	0.30466917157173	65.000000000000	0.00000000000000
31.979999542236	0.61276435852051	0.30444911122322	65.000000000000	0.00000000000000
31.989999771118	0.61330759525299	0.30422872304916	65.000000000000	0.00000000000000
32.000000000000	0.61384946107864	0.30400803685188	65.000000000000	0.00000000000000
32.009998321533	0.61439001560211	0.30378702282906	65.000000000000	0.00000000000000
32.020000457764	0.61492925882339	0.30356571078300	65.000000000000	0.00000000000000
32.029998779297	0.61546730995178	0.30334407091141	65.000000000000	0.00000000000000
32.040000915527	0.61600399017334	0.30312216281891	65.000000000000	0.00000000000000
32.049999237061	0.61653935909271	0.30289995670319	65.000000000000	0.00000000000000
32.060001373291	0.61707353591919	0.30267745256424	65.000000000000	0.00000000000000
32.069999694824	0.61760640144348	0.30245462059975	65.000000000000	0.00000000000000
32.080001831055	0.61813789606094	0.30223152041435	65.000000000000	0.00000000000000
32.090000152588	0.61866819858551	0.30200815200806	65.000000000000	0.00000000000000
32.099998474121	0.61919724941254	0.30178448557854	65.000000000000	0.00000000000000
32.110000610352	0.61972492933273	0.30156055092812	65.000000000000	0.00000000000000
32.119998931885	0.62025147676468	0.30133631825447	65.000000000000	0.00000000000000
32.130001068115	0.62077665328979	0.30111184716225	65.000000000000	0.00000000000000
32.139999389648	0.62130057811737	0.30088704824448	65.000000000000	0.00000000000000
32.150001525879	0.62182337045670	0.30066204071045	65.000000000000	0.00000000000000
32.159999847412	0.62234479188919	0.30043673515320	65.000000000000	0.00000000000000
32.169998168945	0.62286496162415	0.30021119117737	65.000000000000	0.00000000000000
32.180000305176	0.62338393926620	0.29998534917831	65.000000000000	0.00000000000000
32.189998626709	0.62390172481537	0.29975932836533	65.000000000000	0.00000000000000
32.200000762939	0.62441819906235	0.29953297972679	65.000000000000	0.00000000000000
32.209999084473	0.62493336200714	0.29930642247200	65.000000000000	0.00000000000000
32.220001220703	0.62544745206833	0.29907962679863	65.000000000000	0.00000000000000
32.229999542236	0.62596029043198	0.29885253310204	65.000000000000	0.00000000000000
32.240001678467	0.62647175788879	0.29862523078918	65.000000000000	0.00000000000000
32.250000000000	0.62698209285736	0.29839771986008	65.000000000000	0.00000000000000
32.259998321533	0.62749123573303	0.29816991090775	65.000000000000	0.00000000000000
32.270000457764	0.62799918651581	0.29794192314148	65.000000000000	0.00000000000000
32.279998779297	0.62850594520569	0.29771366715431	65.000000000000	0.00000000000000
32.290000915527	0.62901139259338	0.29748520255089	65.000000000000	0.00000000000000
32.299999237061	0.62951564788818	0.29725652933121	65.000000000000	0.00000000000000
32.310001373291	0.63001871109009	0.29702764749527	65.000000000000	0.00000000000000
32.319999694824	0.63052064180374	0.29679849743843	65.000000000000	0.00000000000000
32.330001831055	0.63102132081985	0.29656913876534	65.000000000000	0.00000000000000
32.340000152588	0.63152080774307	0.29633960127831	65.000000000000	0.00000000000000
32.349998474121	0.63201904296875	0.29610979557037	65.000000000000	0.00000000000000
32.360000610352	0.63251626491547	0.29587981104851	65.000000000000	0.00000000000000
32.369998931885	0.63301211595535	0.29564961791039	65.000000000000	0.00000000000000
32.380001068115	0.63350689411163	0.29541927576065	65.000000000000	0.00000000000000
32.389999389648	0.63400053977966	0.29518863558769	65.000000000000	0.00000000000000
32.400001525879	0.63449293375015	0.29495787620544	65.000000000000	0.00000000000000
32.409999847412	0.63498413562775	0.29472690820694	65.000000000000	0.00000000000000
32.419998168945	0.63547420501709	0.29449570178986	65.000000000000	0.00000000000000
32.430000305176	0.63596314191818	0.29426431655884	65.000000000000	0.00000000000000
32.439998626709	0.63645082712173	0.29403275251389	65.000000000000	0.00000000000000
32.450000762939	0.63693749904633	0.29380100965500	65.000000000000	0.00000000000000
32.459999084473	0.63742291927338	0.29356908798218	65.000000000000	0.00000000000000
32.470001220703	0.63790720701218	0.29333698749542	65.000000000000	0.00000000000000
32.479999542236	0.63839042186737	0.29310467839241	65.000000000000	0.00000000000000
32.490001678467	0.63887244462967	0.29287222027779	65.000000000000	0.00000000000000
32.500000000000	0.63935327529907	0.29263958334923	65.000000000000	0.00000000000000
32.509998321533	0.63983297348022	0.29240676760674	65.000000000000	0.00000000000000
32.520000457764	0.64031159877777	0.29217377305031	65.000000000000	0.00000000000000
32.529998779297	0.64078903198242	0.29194062948227	65.000000000000	0.00000000000000
32.540000915527	0.64126533269882	0.29170727729797	65.000000000000	0.00000000000000
32.549999237061	0.64174056053162	0.29147380590439	65.000000000000	0.00000000000000
32.560001373291	0.64221465587616	0.29124015569687	65.000000000000	0.00000000000000
32.569999694824	0.64268767833710	0.29100638628006	65.000000000000	0.00000000000000
32.580001831055	0.64315944910049	0.29077240824699	65.000000000000	0.00000000000000
32.590000152588	0.64363020658493	0.29053831100464	65.000000000000	0.00000000000000
32.599998474121	0.64409983158112	0.29030403494835	65.000000000000	0.00000000000000
32.610000610352	0.64456838369370	0.29006960988045	65.000000000000	0.00000000000000
32.619998931885	0.64503574371338	0.28983500599861	65.000000000000	0.00000000000000
32.630001068115	0.64550215005875	0.28960034251213	65.000000000000	0.00000000000000
32.639999389648	0.64596742391586	0.28936547040939	65.000000000000	0.00000000000000
32.650001525879	0.64643150568008	0.28913044929504	65.000000000000	0.00000000000000
32.659999847412	0.64689451456070	0.28889530897141	65.000000000000	0.00000000000000
32.669998168945	0.64735645055771	0.28866004943848	65.000000000000	0.00000000000000
32.680000305176	0.64781737327576	0.28842464089394	65.000000000000	0.00000000000000
32.689998626709	0.64827710390091	0.28818908333778	65.000000000000	0.00000000000000
32.700000762939	0.64873582124710	0.28795340657234	65.000000000000	0.00000000000000
32.709999084473	0.64919352531433	0.28771761059761	65.000000000000	0.00000000000000
32.720001220703	0.64965003728867	0.28748166561127	65.000000000000	0.00000000000000
32.729999542236	0.65010547637939	0.28724560141563	65.000000000000	0.00000000000000
32.740001678467	0.65055996179581	0.28700938820839	65.000000000000	0.00000000000000
32.750000000000	0.65101331472397	0.28677311539650	65.000000000000	0.00000000000000
32.759998321533	0.65146559476852	0.28653663396835	65.000000000000	0.00000000000000
32.770000457764	0.65191686153412	0.28630009293556	65.000000000000	0.00000000000000
32.779998779297	0.65236711502075	0.28606340289116	65.000000000000	0.00000000000000
32.790000915527	0.65281623601913	0.28582668304443	65.000000000000	0.00000000000000
32.799999237061	0.65326434373856	0.28558975458145	65.000000000000	0.00000000000000
32.810001373291	0.65371137857437	0.28535273671150	65.000000000000	0.00000000000000
32.819999694824	0.65415740013123	0.28511562943459	65.000000000000	0.00000000000000
32.830001831055	0.65460234880447	0.28487837314606	65.000000000000	0.00000000000000
32.840000152588	0.65504628419876	0.28464105725288	65.000000000000	0.00000000000000
32.849998474121	0.65548920631409	0.28440362215042	65.000000000000	0.00000000000000
32.860000610352	0.65593105554581	0.28416606783867	65.000000000000	0.00000000000000
32.869998931885	0.65637189149857	0.28392842411995	65.000000000000	0.00000000000000
32.880001068115	0.65681171417236	0.28369066119194	65.000000000000	0.00000000000000
32.889999389648	0.65725052356720	0.28345286846161	65.000000000000	0.00000000000000
32.900001525879	0.65768831968307	0.28321489691734	65.000000000000	0.00000000000000
32.909999847412	0.65812510251999	0.28297683596611	65.000000000000	0.00000000000000
32.919998168945	0.65856081247330	0.28273874521255	65.000000000000	0.00000000000000
32.930000305176	0.65899550914764	0.28250050544739	65.000000000000	0.00000000000000
32.939998626709	0.65942931175232	0.28226217627525	65.000000000000	0.00000000000000
32.950000762939	0.65986204147339	0.28202378749847	65.000000000000	0.00000000000000
32.959999084473	0.66029369831085	0.28178527951241	65.000000000000	0.00000000000000
32.970001220703	0.66072446107864	0.28154674172401	65.000000000000	0.00000000000000
32.979999542236	0.66115415096283	0.28130805492401	65.000000000000	0.00000000000000
32.990001678467	0.66158294677734	0.28106933832169	65.000000000000	0.00000000000000
33.000000000000	0.66201066970825	0.28083050251007	65.000000000000	0.00000000000000
33.009998321533	0.66243743896484	0.28059157729149	65.000000000000	0.00000000000000
33.020000457764	0.66286319494247	0.28035259246826	65.000000000000	0.00000000000000
33.029998779297	0.66328793764114	0.28011351823807	65.000000000000	0.00000000000000
33.040000915527	0.66371178627014	0.27987441420555	65.000000000000	0.00000000000000
33.049999237061	0.66413462162018	0.27963519096375	65.000000000000	0.00000000000000
33.060001373291	0.66455644369125	0.27939590811729	65.000000000000	0.00000000000000
33.069999694824	0.66497737169266	0.27915656566620	65.000000000000	0.00000000000000
33.080001831055	0.66539734601974	0.27891713380814	65.000000000000	0.00000000000000
33.090000152588	0.66581630706787	0.27867764234543	65.000000000000	0.00000000000000
33.099998474121	0.66623419523239	0.27843806147575	65.000000000000	0.00000000000000
33.110000610352	0.66665124893188	0.27819842100143	65.000000000000	0.00000000000000
33.119998931885	0.66706740856171	0.27795875072479	65.000000000000	0.00000000000000
33.130001068115	0.66748249530792	0.27771899104118	65.000000000000	0.00000000000000
33.139999389648	0.66789662837982	0.27747914195061	65.000000000000	0.00000000000000
33.150001525879	0.66830986738205	0.27723929286003	65.000000000000	0.00000000000000
33.159999847412	0.66872215270996	0.27699932456017	65.000000000000	0.00000000000000
33.169998168945	0.66913342475891	0.27675932645798	65.000000000000	0.00000000000000
33.180000305176	0.66954380273819	0.27651926875114	65.000000000000	0.00000000000000
33.189998626709	0.66995322704315	0.27627918124199	65.000000000000	0.00000000000000
33.200000762939	0.67036181688309	0.27603900432587	65.000000000000	0.00000000000000
33.209999084473	0.67076933383942	0.27579879760742	65.000000000000	0.00000000000000
33.220001220703	0.67117595672607	0.27555850148201	65.000000000000	0.00000000000000
33.229999542236	0.67158174514771	0.27531814575195	65.000000000000	0.00000000000000
33.240001678467	0.67198652029037	0.27507779002190	65.000000000000	0.00000000000000
33.250000000000	0.67239040136337	0.27483734488487	65.000000000000	0.00000000000000
33.259998321533	0.67279332876205	0.27459689974785	65.000000000000	0.00000000000000
33.270000457764	0.67319536209106	0.27435636520386	65.000000000000	0.00000000000000
33.279998779297	0.67359644174576	0.27411577105522	65.000000000000	0.00000000000000
33.290000915527	0.67399662733078	0.27387520670891	65.000000000000	0.00000000000000
33.299999237061	0.67439591884613	0.27363452315331	65.000000000000	0.00000000000000
33.310001373291	0.67479431629181	0.27339380979538	65.000000000000	0.00000000000000
33.319999694824	0.67519176006317	0.27315306663513	65.000000000000	0.00000000000000
33.330001831055	0.67558830976486	0.27291232347488	65.000000000000	0.00000000000000
33.340000152588	0.67598396539688	0.27267149090767	65.000000000000	0.00000000000000
33.349998474121	0.67637872695923	0.27243062853813	65.000000000000	0.00000000000000
33.360000610352	0.67677265405655	0.27218970656395	65.000000000000	0.00000000000000
33.369998931885	0.67716556787491	0.27194878458977	65.000000000000	0.00000000000000
33.380001068115	0.67755770683289	0.27170780301094	65.000000000000	0.00000000000000
33.389999389648	0.67794883251190	0.27146682143211	65.000000000000	0.00000000000000
33.400001525879	0.67833912372589	0.27122575044632	65.000000000000	0.00000000000000
33.409999847412	0.67872852087021	0.27098467946053	65.000000000000	0.00000000000000
33.419998168945	0.67911714315414	0.27074360847473	65.000000000000	0.00000000000000
33.430000305176	0.67950469255447	0.27050244808197	65.000000000000	0.00000000000000
33.439998626709	0.67989152669907	0.27026128768921	65.000000000000	0.00000000000000
33.450000762939	0.68027734756470	0.27002009749413	65.000000000000	0.00000000000000
33.459999084473	0.68066239356995	0.26977887749672	65.000000000000	0.00000000000000
33.470001220703	0.68104654550552	0.26953762769699	65.000000000000	0.00000000000000
33.479999542236	0.68142974376678	0.26929631829262	65.000000000000	0.00000000000000
33.490001678467	0.68181222677231	0.26905503869057	65.000000000000	0.00000000000000
33.500000000000	0.68219375610352	0.26881375908852	65.000000000000	0.00000000000000
33.509998321533	0.68257451057434	0.26857239007950	65.000000000000	0.00000000000000
33.520000457764	0.68295425176620	0.26833102107048	65.000000000000	0.00000000000000
33.529998779297	0.68333321809769	0.26808962225914	65.000000000000	0.00000000000000
33.540000915527	0.68371134996414	0.26784822344780	65.000000000000	0.00000000000000
33.549999237061	0.68408858776093	0.26760673522949	65.000000000000	0.00000000000000
33.560001373291	0.68446499109268	0.26736533641815	65.000000000000	0.00000000000000
33.569999694824	0.68484055995941	0.26712384819984	65.000000000000	0.00000000000000
33.580001831055	0.68521529436111	0.26688238978386	65.000000000000	0.00000000000000
33.590000152588	0.68558913469315	0.26664084196091	65.000000000000	0.00000000000000
33.599998474121	0.68596220016479	0.26639935374260	65.000000000000	0.00000000000000
33.610000610352	0.68633431196213	0.26615780591965	65.000000000000	0.00000000000000
33.619998931885	0.68670564889908	0.26591625809669	65.000000000000	0.00000000000000
33.630001068115	0.68707615137100	0.26567471027374	65.000000000000	0.00000000000000
33.639999389648	0.68744581937790	0.26543310284615	65.000000000000	0.00000000000000
33.650001525879	0.68781459331512	0.26519152522087	65.000000000000	0.00000000000000
33.659999847412	0.68818265199661	0.26494994759560	65.000000000000	0.00000000000000
33.669998168945	0.68854981660843	0.26470834016800	65.000000000000	0.00000000000000
33.680000305176	0.68891614675522	0.26446673274040	65.000000000000	0.00000000000000
33.689998626709	0.68928170204163	0.26422509551048	65.000000000000	0.00000000000000
33.700000762939	0.68964642286301	0.26398345828056	65.000000000000	0.00000000000000
33.709999084473	0.69001030921936	0.26374179124832	65.000000000000	0.00000000000000
33.720001220703	0.69037330150604	0.26350015401840	65.000000000000	0.00000000000000
33.729999542236	0.69073557853699	0.26325851678848	65.000000000000	0.00000000000000
33.740001678467	0.69109696149826	0.26301684975624	65.000000000000	0.00000000000000
33.750000000000	0.69145756959915	0.26277521252632	65.000000000000	0.00000000000000
33.759998321533	0.69181734323502	0.26253354549408	65.000000000000	0.00000000000000
33.770000457764	0.69217640161514	0.26229184865952	65.000000000000	0.00000000000000
33.779998779297	0.69253456592560	0.26205018162727	65.000000000000	0.00000000000000
33.790000915527	0.69289195537567	0.26180854439735	65.000000000000	0.00000000000000
33.799999237061	0.69324851036072	0.26156684756279	65.000000000000	0.00000000000000
33.810001373291	0.69360423088074	0.26132521033287	65.000000000000	0.00000000000000
33.819999694824	0.69395917654037	0.26108354330063	65.000000000000	0.00000000000000
33.830001831055	0.69431340694427	0.26084187626839	65.000000000000	0.00000000000000
33.840000152588	0.69466674327850	0.26060020923615	65.000000000000	0.00000000000000
33.849998474121	0.69501936435699	0.26035854220390	65.000000000000	0.00000000000000
33.860000610352	0.69537109136581	0.26011690497398	65.000000000000	0.00000000000000
33.869998931885	0.69572216272354	0.25987523794174	65.000000000000	0.00000000000000
33.880001068115	0.69607239961624	0.25963360071182	65.000000000000	0.00000000000000
33.889999389648	0.69642174243927	0.25939196348190	65.000000000000	0.00000000000000
33.900001525879	0.69677037000656	0.25915032625198	65.000000000000	0.00000000000000
33.909999847412	0.69711816310883	0.25890871882439	65.000000000000	0.00000000000000
33.919998168945	0.69746524095535	0.25866708159447	65.000000000000	0.00000000000000
33.930000305176	0.69781154394150	0.25842550396919	65.000000000000	0.00000000000000
33.939998626709	0.69815701246262	0.25818389654160	65.000000000000	0.00000000000000
33.950000762939	0.69850170612335	0.25794234871864	65.000000000000	0.00000000000000
33.959999084473	0.69884562492371	0.25770074129105	65.000000000000	0.00000000000000
33.970001220703	0.69918882846832	0.25745919346809	65.000000000000	0.00000000000000
33.979999542236	0.69953125715256	0.25721764564514	65.000000000000	0.00000000000000
33.990001678467	0.69987285137177	0.25697609782219	65.000000000000	0.00000000000000
34.000000000000	0.70021367073059	0.25673460960388	65.000000000000	0.00000000000000
34.009998321533	0.70055377483368	0.25649312138557	65.000000000000	0.00000000000000
34.020000457764	0.70089316368103	0.25625163316727	65.000000000000	0.00000000000000
34.029998779297	0.70123171806335	0.25601014494896	65.000000000000	0.00000000000000
34.040000915527	0.70156943798065	0.25576871633530	65.000000000000	0.00000000000000
34.049999237061	0.70190650224686	0.25552728772163	65.000000000000	0.00000000000000
34.060001373291	0.70224273204803	0.25528585910797	65.000000000000	0.00000000000000
34.069999694824	0.70257830619812	0.25504449009895	65.000000000000	0.00000000000000
34.080001831055	0.70291298627853	0.25480309128761	65.000000000000	0.00000000000000
34.090000152588	0.70324707031250	0.25456178188324	65.000000000000	0.00000000000000
34.099998474121	0.70358026027679	0.25432044267654	65.000000000000	0.00000000000000
34.110000610352	0.70391273498535	0.25407913327217	65.000000000000	0.00000000000000
34.119998931885	0.70424449443817	0.25383788347244	65.000000000000	0.00000000000000
34.130001068115	0.70457547903061	0.25359660387039	65.000000000000	0.00000000000000
34.139999389648	0.70490574836731	0.25335538387299	65.000000000000	0.00000000000000
34.150001525879	0.70523524284363	0.25311419367790	65.000000000000	0.00000000000000
34.159999847412	0.70556396245956	0.25287303328514	65.000000000000	0.00000000000000
34.169998168945	0.70589196681976	0.25263184309006	65.000000000000	0.00000000000000
34.180000305176	0.70621925592422	0.25239074230194	65.000000000000	0.00000000000000
34.189998626709	0.70654582977295	0.25214967131615	65.000000000000	0.00000000000000
34.200000762939	0.70687156915665	0.25190863013268	65.000000000000	0.00000000000000
34.209999084473	0.70719659328461	0.25166755914688	65.000000000000	0.00000000000000
34.220001220703	0.70752090215683	0.25142657756805	65.000000000000	0.00000000000000
34.229999542236	0.70784455537796	0.25118544697762	65.000000000000	0.00000000000000
34.240001678467	0.70816737413406	0.25094458460808	65.000000000000	0.00000000000000
34.250000000000	0.70848953723907	0.25070363283157	65.000000000000	0.00000000000000
34.259998321533	0.70881092548370	0.25046294927597	65.000000000000	0.00000000000000
34.270000457764	0.70913153886795	0.25022217631340	65.000000000000	0.00000000000000
34.279998779297	0.70945149660110	0.24998134374619	65.000000000000	0.00000000000000
34.290000915527	0.70977073907852	0.24974043667316	65.000000000000	0.00000000000000
34.299999237061	0.71008920669556	0.24949979782104	65.000000000000	0.00000000000000
34.310001373291	0.71040695905685	0.24925909936428	65.000000000000	0.00000000000000
34.319999694824	0.71072405576706	0.24901832640171	65.000000000000	0.00000000000000
34.330001831055	0.71104013919830	0.24877816438675	65.000000000000	0.00000000000000
34.340000152588	0.71135580539703	0.24853762984276	65.000000000000	0.00000000000000
34.349998474121	0.71167069673538	0.24829700589180	65.000000000000	0.00000000000000
34.360000610352	0.71198493242264	0.24805633723736	65.000000000000	0.00000000000000
34.369998931885	0.71229839324951	0.24781595170498	65.000000000000	0.00000000000000
34.380001068115	0.71261096000671	0.24757577478886	65.000000000000	0.00000000000000
34.389999389648	0.71292293071747	0.24733550846577	65.000000000000	0.00000000000000
34.400001525879	0.71323430538177	0.24709524214268	65.000000000000	0.00000000000000
34.409999847412	0.71354484558105	0.24685502052307	65.000000000000	0.00000000000000
34.419998168945	0.71385473012924	0.24661485850811	65.000000000000	0.00000000000000
34.430000305176	0.71416395902634	0.24637474119663	65.000000000000	0.00000000000000
34.439998626709	0.71447241306305	0.24613469839096	65.000000000000	0.00000000000000
34.450000762939	0.71478021144867	0.24589470028877	65.000000000000	0.00000000000000
34.459999084473	0.71508729457855	0.24565473198891	65.000000000000	0.00000000000000
34.470001220703	0.71539360284805	0.24541482329369	65.000000000000	0.00000000000000
34.479999542236	0.71569931507111	0.24517501890659	65.000000000000	0.00000000000000
34.490001678467	0.71600425243378	0.24493522942066	65.000000000000	0.00000000000000
34.500000000000	0.71630853414536	0.24469548463821	65.000000000000	0.00000000000000
34.509998321533	0.71661210060120	0.24445584416389	65.000000000000	0.00000000000000
34.520000457764	0.71691501140594	0.24421624839306	65.000000000000	0.00000000000000
34.529998779297	0.71721720695496	0.24397666752338	65.000000000000	0.00000000000000
34.540000915527	0.71751868724823	0.24373717606068	65.000000000000	0.00000000000000
34.549999237061	0.71781945228577	0.24349777400494	65.000000000000	0.00000000000000
34.560001373291	0.71811962127686	0.24325841665268	65.000000000000	0.00000000000000
34.569999694824	0.71841901540756	0.24301911890507	65.000000000000	0.00000000000000
34.580001831055	0.71871775388718	0.24277991056442	65.000000000000	0.00000000000000
34.590000152588	0.71901583671570	0.24254076182842	65.000000000000	0.00000000000000
34.599998474121	0.71931320428848	0.24230168759823	65.000000000000	0.00000000000000
34.610000610352	0.71960985660553	0.24206265807152	65.000000000000	0.00000000000000
34.619998931885	0.71990597248077	0.24182371795177	65.000000000000	0.00000000000000
34.630001068115	0.72020125389099	0.24158483743668	65.000000000000	0.00000000000000
34.639999389648	0.72049587965012	0.24134603142738	65.000000000000	0.00000000000000
34.650001525879	0.72078990936279	0.24110732972622	65.000000000000	0.00000000000000
34.659999847412	0.72108322381973	0.24086867272854	65.000000000000	0.00000000000000
34.669998168945	0.72137588262558	0.24063010513783	65.000000000000	0.00000000000000
34.680000305176	0.72166782617569	0.24039161205292	65.000000000000	0.00000000000000
34.689998626709	0.72195905447006	0.24015319347382	65.000000000000	0.00000000000000
34.700000762939	0.72224974632263	0.23991487920284	65.000000000000	0.00000000000000
34.709999084473	0.72253966331482	0.23967662453651	65.000000000000	0.00000000000000
34.720001220703	0.72282892465591	0.23943844437599	65.000000000000	0.00000000000000
34.729999542236	0.72311758995056	0.23920033872128	65.000000000000	0.00000000000000
34.740001678467	0.72340559959412	0.23896233737469	65.000000000000	0.00000000000000
34.750000000000	0.72369283437729	0.23872444033623	65.000000000000	0.00000000000000
34.759998321533	0.72397941350937	0.23848660290241	65.000000000000	0.00000000000000
34.770000457764	0.72426551580429	0.23824888467789	65.000000000000	0.00000000000000
34.779998779297	0.72455084323883	0.23801121115685	65.000000000000	0.00000000000000
34.790000915527	0.72483551502228	0.23777365684509	65.000000000000	0.00000000000000
34.799999237061	0.72511947154999	0.23753619194031	65.000000000000	0.00000000000000
34.810001373291	0.72540295124054	0.23729878664017	65.000000000000	0.00000000000000
34.819999694824	0.72568565607071	0.23706154525280	65.000000000000	0.00000000000000
34.830001831055	0.72596764564514	0.23682433366776	65.000000000000	0.00000000000000
34.840000152588	0.72624909877777	0.23658727109432	65.000000000000	0.00000000000000
34.849998474121	0.72652983665466	0.23635028302670	65.000000000000	0.00000000000000
34.860000610352	0.72681003808975	0.23611336946487	65.000000000000	0.00000000000000
34.869998931885	0.72708952426910	0.23587659001350	65.000000000000	0.00000000000000
34.880001068115	0.72736835479736	0.23563992977142	65.000000000000	0.00000000000000
34.889999389648	0.72764658927917	0.23540331423283	65.000000000000	0.00000000000000
34.900001525879	0.72792416810989	0.23516684770584	65.000000000000	0.00000000000000
34.909999847412	0.72820103168488	0.23493048548698	65.000000000000	0.00000000000000
34.919998168945	0.72847741842270	0.23469421267509	65.000000000000	0.00000000000000
34.930000305176	0.72875303030014	0.23445802927017	65.000000000000	0.00000000000000
34.939998626709	0.72902816534042	0.23422199487686	65.000000000000	0.00000000000000
34.950000762939	0.72930258512497	0.23398606479168	65.000000000000	0.00000000000000
34.959999084473	0.72957634925842	0.23375023901463	65.000000000000	0.00000000000000
34.970001220703	0.72984951734543	0.23351451754570	65.000000000000	0.00000000000000
34.979999542236	0.73012202978134	0.23327890038490	65.000000000000	0.00000000000000
34.990001678467	0.73039394617081	0.23304341733456	65.000000000000	0.00000000000000
35.000000000000	0.73066520690918	0.23280803859234	65.000000000000	0.00000000000000
