25.000000000000	-0.0038236572872847	-0.28505814075470	65.000000000000	0.00000000000000
25.010000228882	-0.0044929590076208	-0.28292590379715	65.000000000000	0.00000000000000
25.020000457764	-0.0051522720605135	-0.28079044818878	65.000000000000	0.00000000000000
25.030000686646	-0.0058015696704388	-0.27865186333656	65.000000000000	0.00000000000000
25.040000915527	-0.0064408909529448	-0.27651017904282	65.000000000000	0.00000000000000
25.049999237061	-0.0070702084340155	-0.27436554431915	65.000000000000	0.00000000000000
25.059999465942	-0.0076894937083125	-0.27221792936325	65.000000000000	0.00000000000000
25.069999694824	-0.0082985851913691	-0.27006751298904	65.000000000000	0.00000000000000
25.079999923706	-0.0088977925479412	-0.26791432499886	65.000000000000	0.00000000000000
25.090000152588	-0.0094869509339333	-0.26575836539268	65.000000000000	0.00000000000000
25.100000381470	-0.010065907612443	-0.26359978318214	65.000000000000	0.00000000000000
25.110000610352	-0.010634887032211	-0.26143863797188	65.000000000000	0.00000000000000
25.120000839233	-0.011193616315722	-0.25927501916885	65.000000000000	0.00000000000000
25.129999160767	-0.011742068454623	-0.25710895657539	65.000000000000	0.00000000000000
25.139999389648	-0.012280467897654	-0.25494053959846	65.000000000000	0.00000000000000
25.149999618530	-0.012808782979846	-0.25276982784271	65.000000000000	0.00000000000000
25.159999847412	-0.013326751068234	-0.25059694051743	65.000000000000	0.00000000000000
25.170000076294	-0.013834587298334	-0.24842193722725	65.000000000000	0.00000000000000
25.180000305176	-0.014332146383822	-0.24624484777451	65.000000000000	0.00000000000000
25.190000534058	-0.014819405972958	-0.24406576156616	65.000000000000	0.00000000000000
25.200000762939	-0.015296459197998	-0.24188478291035	65.000000000000	0.00000000000000
25.209999084473	-0.015763280913234	-0.23970192670822	65.000000000000	0.00000000000000
25.219999313354	-0.016219960525632	-0.23751732707024	65.000000000000	0.00000000000000
25.229999542236	-0.016666131094098	-0.23533102869987	65.000000000000	0.00000000000000
25.239999771118	-0.017102222889662	-0.23314310610294	65.000000000000	0.00000000000000
25.250000000000	-0.017527984455228	-0.23095360398293	65.000000000000	0.00000000000000
25.260000228882	-0.017943393439054	-0.22876267135143	65.000000000000	0.00000000000000
25.270000457764	-0.018348427489400	-0.22657029330730	65.000000000000	0.00000000000000
25.280000686646	-0.018743280321360	-0.22437658905983	65.000000000000	0.00000000000000
25.290000915527	-0.019127819687128	-0.22218163311481	65.000000000000	0.00000000000000
25.299999237061	-0.019502120092511	-0.21998547017574	65.000000000000	0.00000000000000
25.309999465942	-0.019865952432156	-0.21778823435307	65.000000000000	0.00000000000000
25.319999694824	-0.020219398662448	-0.21558992564678	65.000000000000	0.00000000000000
25.329999923706	-0.020562741905451	-0.21339064836502	65.000000000000	0.00000000000000
25.340000152588	-0.020895643159747	-0.21119044721127	65.000000000000	0.00000000000000
25.350000381470	-0.021218189969659	-0.20898945629597	65.000000000000	0.00000000000000
25.360000610352	-0.021530451253057	-0.20678770542145	65.000000000000	0.00000000000000
25.370000839233	-0.021832400932908	-0.20458526909351	65.000000000000	0.00000000000000
25.379999160767	-0.022124107927084	-0.20238217711449	65.000000000000	0.00000000000000
25.389999389648	-0.022405354306102	-0.20017860829830	65.000000000000	0.00000000000000
25.399999618530	-0.022676400840282	-0.19797454774380	65.000000000000	0.00000000000000
25.409999847412	-0.022937025874853	-0.19577009975910	65.000000000000	0.00000000000000
25.420000076294	-0.023187488317490	-0.19356532394886	65.000000000000	0.00000000000000
25.430000305176	-0.023427568376064	-0.19136029481888	65.000000000000	0.00000000000000
25.440000534058	-0.023657329380512	-0.18915507197380	65.000000000000	0.00000000000000
25.450000762939	-0.023876830935478	-0.18694974482059	65.000000000000	0.00000000000000
25.459999084473	-0.024086046963930	-0.18474437296391	65.000000000000	0.00000000000000
25.469999313354	-0.024284940212965	-0.18253906071186	65.000000000000	0.00000000000000
25.479999542236	-0.024473650380969	-0.18033380806446	65.000000000000	0.00000000000000
25.489999771118	-0.024652061983943	-0.17812874913216	65.000000000000	0.00000000000000
25.500000000000	-0.024820225313306	-0.17592392861843	65.000000000000	0.00000000000000
25.510000228882	-0.024978183209896	-0.17371940612793	65.000000000000	0.00000000000000
25.520000457764	-0.025125898420811	-0.17151528596878	65.000000000000	0.00000000000000
25.530000686646	-0.025263417512178	-0.16931158304214	65.000000000000	0.00000000000000
25.540000915527	-0.025390697643161	-0.16710841655731	65.000000000000	0.00000000000000
25.549999237061	-0.025507854297757	-0.16490583121777	65.000000000000	0.00000000000000
25.559999465942	-0.025614770129323	-0.16270391643047	65.000000000000	0.00000000000000
25.569999694824	-0.025711553171277	-0.16050271689892	65.000000000000	0.00000000000000
25.579999923706	-0.025798080489039	-0.15830233693123	65.000000000000	0.00000000000000
25.590000152588	-0.025874679908156	-0.15610276162624	65.000000000000	0.00000000000000
25.600000381470	-0.025940999388695	-0.15390415489674	65.000000000000	0.00000000000000
25.610000610352	-0.025997288525105	-0.15170653164387	65.000000000000	0.00000000000000
25.620000839233	-0.026043476536870	-0.14950996637344	65.000000000000	0.00000000000000
25.629999160767	-0.026079591363668	-0.14731454849243	65.000000000000	0.00000000000000
25.639999389648	-0.026105700060725	-0.14512029290199	65.000000000000	0.00000000000000
25.649999618530	-0.026121744886041	-0.14292733371258	65.000000000000	0.00000000000000
25.659999847412	-0.026127791032195	-0.14073570072651	65.000000000000	0.00000000000000
25.670000076294	-0.026123836636543	-0.13854543864727	65.000000000000	0.00000000000000
25.680000305176	-0.026109874248505	-0.13635666668415	65.000000000000	0.00000000000000
25.690000534058	-0.026085956022143	-0.13416941463947	65.000000000000	0.00000000000000
25.700000762939	-0.026052191853523	-0.13198374211788	65.000000000000	0.00000000000000
25.709999084473	-0.026008490473032	-0.12979972362518	65.000000000000	0.00000000000000
25.719999313354	-0.025954822078347	-0.12761741876602	65.000000000000	0.00000000000000
25.729999542236	-0.025891397148371	-0.12543688714504	65.000000000000	0.00000000000000
25.739999771118	-0.025818057358265	-0.12325824797153	65.000000000000	0.00000000000000
25.750000000000	-0.025734979659319	-0.12108147144318	65.000000000000	0.00000000000000
25.760000228882	-0.025642052292824	-0.11890668421984	65.000000000000	0.00000000000000
25.770000457764	-0.025539385154843	-0.11673393100500	65.000000000000	0.00000000000000
25.780000686646	-0.025426901876926	-0.11456328630447	65.000000000000	0.00000000000000
25.790000915527	-0.025304799899459	-0.11239479482174	65.000000000000	0.00000000000000
25.799999237061	-0.025173004716635	-0.11022850871086	65.000000000000	0.00000000000000
25.809999465942	-0.025031523779035	-0.10806450992823	65.000000000000	0.00000000000000
25.819999694824	-0.024880399927497	-0.10590285807848	65.000000000000	0.00000000000000
25.829999923706	-0.024719689041376	-0.10374360531569	65.000000000000	0.00000000000000
25.840000152588	-0.024549376219511	-0.10158681869507	65.000000000000	0.00000000000000
25.850000381470	-0.024369530379772	-0.099432557821274	65.000000000000	0.00000000000000
25.860000610352	-0.024180155247450	-0.097280882298946	65.000000000000	0.00000000000000
25.870000839233	-0.023981301113963	-0.095131844282150	65.000000000000	0.00000000000000
25.879999160767	-0.023772977292538	-0.092985481023788	65.000000000000	0.00000000000000
25.889999389648	-0.023555234074593	-0.090841904282570	65.000000000000	0.00000000000000
25.899999618530	-0.023328056558967	-0.088701136410236	65.000000000000	0.00000000000000
25.909999847412	-0.023091549053788	-0.086563229560852	65.000000000000	0.00000000000000
25.920000076294	-0.022845694795251	-0.084428273141384	65.000000000000	0.00000000000000
25.930000305176	-0.022590538486838	-0.082296289503574	65.000000000000	0.00000000000000
25.940000534058	-0.022326115518808	-0.080167338252068	65.000000000000	0.00000000000000
25.950000762939	-0.022052446380258	-0.078041501343250	65.000000000000	0.00000000000000
25.959999084473	-0.021769581362605	-0.075918816030025	65.000000000000	0.00000000000000
25.969999313354	-0.021477535367012	-0.073799334466457	65.000000000000	0.00000000000000
25.979999542236	-0.021176347509027	-0.071683123707771	65.000000000000	0.00000000000000
25.989999771118	-0.020866058766842	-0.069570221006870	65.000000000000	0.00000000000000
26.000000000000	-0.020546710118651	-0.067460693418980	65.000000000000	0.00000000000000
26.010000228882	-0.020218322053552	-0.065354593098164	65.000000000000	0.00000000000000
26.020000457764	-0.019880946725607	-0.063251964747906	65.000000000000	0.00000000000000
26.030000686646	-0.019534606486559	-0.061152860522270	65.000000000000	0.00000000000000
26.040000915527	-0.019179351627827	-0.059057347476482	65.000000000000	0.00000000000000
26.049999237061	-0.018815204501152	-0.056965466588736	65.000000000000	0.00000000000000
26.059999465942	-0.018442206084728	-0.054877270013094	65.000000000000	0.00000000000000
26.069999694824	-0.018060391768813	-0.052792802453041	65.000000000000	0.00000000000000
26.079999923706	-0.017669817432761	-0.050712123513222	65.000000000000	0.00000000000000
26.090000152588	-0.017270488664508	-0.048635281622410	65.000000000000	0.00000000000000
26.100000381470	-0.016862476244569	-0.046562321484089	65.000000000000	0.00000000000000
26.110000610352	-0.016445785760880	-0.044493298977613	65.000000000000	0.00000000000000
26.120000839233	-0.016020489856601	-0.042428258806467	65.000000000000	0.00000000000000
26.129999160767	-0.015586609952152	-0.040367241948843	65.000000000000	0.00000000000000
26.139999389648	-0.015144188888371	-0.038310311734676	65.000000000000	0.00000000000000
26.149999618530	-0.014693265780807	-0.036257501691580	65.000000000000	0.00000000000000
26.159999847412	-0.014233878813684	-0.034208867698908	65.000000000000	0.00000000000000
26.170000076294	-0.013766069896519	-0.032164447009563	65.000000000000	0.00000000000000
26.180000305176	-0.013289882801473	-0.030124293640256	65.000000000000	0.00000000000000
26.190000534058	-0.012805361300707	-0.028088448569179	65.000000000000	0.00000000000000
26.200000762939	-0.012312537059188	-0.026056960225105	65.000000000000	0.00000000000000
26.209999084473	-0.011811465956271	-0.024029865860939	65.000000000000	0.00000000000000
26.219999313354	-0.011302174068987	-0.022007221356034	65.000000000000	0.00000000000000
26.229999542236	-0.010784713551402	-0.019989060238004	65.000000000000	0.00000000000000
26.239999771118	-0.010259119793773	-0.017975430935621	65.000000000000	0.00000000000000
26.250000000000	-0.0097254477441311	-0.015966372564435	65.000000000000	0.00000000000000
26.260000228882	-0.0091837253421545	-0.013961930759251	65.000000000000	0.00000000000000
26.270000457764	-0.0086340019479394	-0.011962143704295	65.000000000000	0.00000000000000
26.280000686646	-0.0080763222649693	-0.0099670551717281	65.000000000000	0.00000000000000
26.290000915527	-0.0075107309967279	-0.0079767080023885	65.000000000000	0.00000000000000
26.299999237061	-0.0069372672587633	-0.0059911366552114	65.000000000000	0.00000000000000
26.309999465942	-0.0063559785485268	-0.0040103876963258	65.000000000000	0.00000000000000
26.319999694824	-0.0057669063098729	-0.0020344962831587	65.000000000000	0.00000000000000
26.329999923706	-0.0051700971089303	-6.3503786805086e-05	65.000000000000	0.00000000000000
26.340000152588	-0.0045655947178602	0.0019025526707992	65.000000000000	0.00000000000000
26.350000381470	-0.0039534433744848	0.0038636350072920	65.000000000000	0.00000000000000
26.360000610352	-0.0033336905762553	0.0058197039179504	65.000000000000	0.00000000000000
26.370000839233	-0.0027063777670264	0.0077707245945930	65.000000000000	0.00000000000000
26.379999160767	-0.0020715494174510	0.0097166588529944	65.000000000000	0.00000000000000
26.389999389648	-0.0014292594278231	0.011657469905913	65.000000000000	0.00000000000000
26.399999618530	-0.00077954324660823	0.013593122363091	65.000000000000	0.00000000000000
26.409999847412	-0.00012245474499650	0.015523580834270	65.000000000000	0.00000000000000
26.420000076294	0.00054196640849113	0.017448812723160	65.000000000000	0.00000000000000
26.430000305176	0.0012136792065576	0.019368778914213	65.000000000000	0.00000000000000
26.440000534058	0.0018926240736619	0.021283449605107	65.000000000000	0.00000000000000
26.450000762939	0.0025787490885705	0.023192789405584	65.000000000000	0.00000000000000
26.459999084473	0.0032720291055739	0.025096764788032	65.000000000000	0.00000000000000
26.469999313354	0.0039724078960717	0.026995344087481	65.000000000000	0.00000000000000
26.479999542236	0.0046798414550722	0.028888493776321	65.000000000000	0.00000000000000
26.489999771118	0.0053942776285112	0.030776184052229	65.000000000000	0.00000000000000
26.500000000000	0.0061156698502600	0.032658386975527	65.000000000000	0.00000000000000
26.510000228882	0.0068439724855125	0.034535065293312	65.000000000000	0.00000000000000
26.520000457764	0.0075791338458657	0.036406185477972	65.000000000000	0.00000000000000
26.530000686646	0.0083211176097393	0.038271732628345	65.000000000000	0.00000000000000
26.540000915527	0.0090698683634400	0.040131662040949	65.000000000000	0.00000000000000
26.549999237061	0.0098253535106778	0.041985951364040	65.000000000000	0.00000000000000
26.559999465942	0.010587492957711	0.043834567070007	65.000000000000	0.00000000000000
26.569999694824	0.011356269009411	0.045677494257689	65.000000000000	0.00000000000000
26.579999923706	0.012131619267166	0.047514688223600	65.000000000000	0.00000000000000
26.590000152588	0.012913501821458	0.049346137791872	65.000000000000	0.00000000000000
26.600000381470	0.013701864518225	0.051171805709600	65.000000000000	0.00000000000000
26.610000610352	0.014496674761176	0.052991662174463	65.000000000000	0.00000000000000
26.620000839233	0.015297851525247	0.054805696010590	65.000000000000	0.00000000000000
26.629999160767	0.016105381771922	0.056613869965076	65.000000000000	0.00000000000000
26.639999389648	0.016919191926718	0.058416161686182	65.000000000000	0.00000000000000
26.649999618530	0.017739243805408	0.060212552547455	65.000000000000	0.00000000000000
26.659999847412	0.018565494567156	0.062003005295992	65.000000000000	0.00000000000000
26.670000076294	0.019397901371121	0.063787505030632	65.000000000000	0.00000000000000
26.680000305176	0.020236387848854	0.065566025674343	65.000000000000	0.00000000000000
26.690000534058	0.021080935373902	0.067338556051254	65.000000000000	0.00000000000000
26.700000762939	0.021931480616331	0.069105058908463	65.000000000000	0.00000000000000
26.709999084473	0.022787993773818	0.070865519344807	65.000000000000	0.00000000000000
26.719999313354	0.023650381714106	0.072619922459126	65.000000000000	0.00000000000000
26.729999542236	0.024518640711904	0.074368230998516	65.000000000000	0.00000000000000
26.739999771118	0.025392705574632	0.076110430061817	65.000000000000	0.00000000000000
26.750000000000	0.026272514835000	0.077846504747868	65.000000000000	0.00000000000000
26.760000228882	0.027158059179783	0.079576432704926	65.000000000000	0.00000000000000
26.770000457764	0.028049260377884	0.081300191581249	65.000000000000	0.00000000000000
26.780000686646	0.028946068137884	0.083017773926258	65.000000000000	0.00000000000000
26.790000915527	0.029848445206881	0.084729149937630	65.000000000000	0.00000000000000
26.799999237061	0.030756322667003	0.086434289813042	65.000000000000	0.00000000000000
26.809999465942	0.031669661402702	0.088133208453655	65.000000000000	0.00000000000000
26.819999694824	0.032588463276625	0.089825868606567	65.000000000000	0.00000000000000
26.829999923706	0.033512603491545	0.091512247920036	65.000000000000	0.00000000000000
26.840000152588	0.034442059695721	0.093192338943481	65.000000000000	0.00000000000000
26.850000381470	0.035376813262701	0.094866134226322	65.000000000000	0.00000000000000
26.860000610352	0.036316793411970	0.096533596515656	65.000000000000	0.00000000000000
26.870000839233	0.037261918187141	0.098194733262062	65.000000000000	0.00000000000000
26.879999160767	0.038212213665247	0.099849507212639	65.000000000000	0.00000000000000
26.889999389648	0.039167579263449	0.10149791836739	65.000000000000	0.00000000000000
26.899999618530	0.040127985179424	0.10313995927572	65.000000000000	0.00000000000000
26.909999847412	0.041093360632658	0.10477560013533	65.000000000000	0.00000000000000
26.920000076294	0.042063675820827	0.10640484094620	65.000000000000	0.00000000000000
26.930000305176	0.043038893491030	0.10802765190601	65.000000000000	0.00000000000000
26.940000534058	0.044018931686878	0.10964403301477	65.000000000000	0.00000000000000
26.950000762939	0.045003764331341	0.11125397682190	65.000000000000	0.00000000000000
26.959999084473	0.045993376523256	0.11285746097565	65.000000000000	0.00000000000000
26.969999313354	0.046987667679787	0.11445448547602	65.000000000000	0.00000000000000
26.979999542236	0.047986581921577	0.11604502797127	65.000000000000	0.00000000000000
26.989999771118	0.048990156501532	0.11762908846140	65.000000000000	0.00000000000000
27.000000000000	0.049998261034489	0.11920663714409	65.000000000000	0.00000000000000
27.010000228882	0.051010847091675	0.12077770382166	65.000000000000	0.00000000000000
27.020000457764	0.052027918398380	0.12234222888947	65.000000000000	0.00000000000000
27.030000686646	0.053049392998219	0.12390024960041	65.000000000000	0.00000000000000
27.040000915527	0.054075237363577	0.12545171380043	65.000000000000	0.00000000000000
27.049999237061	0.055105436593294	0.12699665129185	65.000000000000	0.00000000000000
27.059999465942	0.056139830499887	0.12853503227234	65.000000000000	0.00000000000000
27.069999694824	0.057178519666195	0.13006685674191	65.000000000000	0.00000000000000
27.079999923706	0.058221362531185	0.13159209489822	65.000000000000	0.00000000000000
27.090000152588	0.059268344193697	0.13311079144478	65.000000000000	0.00000000000000
27.100000381470	0.060319386422634	0.13462291657925	65.000000000000	0.00000000000000
27.110000610352	0.061374481767416	0.13612844049931	65.000000000000	0.00000000000000
27.120000839233	0.062433589249849	0.13762737810612	65.000000000000	0.00000000000000
27.129999160767	0.063496612012386	0.13911972939968	65.000000000000	0.00000000000000
27.139999389648	0.064563587307930	0.14060546457767	65.000000000000	0.00000000000000
27.149999618530	0.065634347498417	0.14208459854126	65.000000000000	0.00000000000000
27.159999847412	0.066708967089653	0.14355711638927	65.000000000000	0.00000000000000
27.170000076294	0.067787326872349	0.14502303302288	65.000000000000	0.00000000000000
27.180000305176	0.068869441747665	0.14648231863976	65.000000000000	0.00000000000000
27.190000534058	0.069955185055733	0.14793500304222	65.000000000000	0.00000000000000
27.200000762939	0.071044571697712	0.14938105642796	65.000000000000	0.00000000000000
27.209999084473	0.072137556970119	0.15082047879696	65.000000000000	0.00000000000000
27.219999313354	0.073234029114246	0.15225329995155	65.000000000000	0.00000000000000
27.229999542236	0.074334003031254	0.15367947518826	65.000000000000	0.00000000000000
27.239999771118	0.075437478721142	0.15509901940823	65.000000000000	0.00000000000000
27.250000000000	0.076544292271137	0.15651190280914	65.000000000000	0.00000000000000
27.260000228882	0.077654503285885	0.15791817009449	65.000000000000	0.00000000000000
27.270000457764	0.078768014907837	0.15931782126427	65.000000000000	0.00000000000000
27.280000686646	0.079884834587574	0.16071081161499	65.000000000000	0.00000000000000
27.290000915527	0.081004805862904	0.16209717094898	65.000000000000	0.00000000000000
27.299999237061	0.082127988338470	0.16347691416740	65.000000000000	0.00000000000000
27.309999465942	0.083254329860210	0.16484999656677	65.000000000000	0.00000000000000
27.319999694824	0.084383726119995	0.16621646285057	65.000000000000	0.00000000000000
27.329999923706	0.085516199469566	0.16757628321648	65.000000000000	0.00000000000000
27.340000152588	0.086651675403118	0.16892948746681	65.000000000000	0.00000000000000
27.350000381470	0.087790116667747	0.17027606070042	65.000000000000	0.00000000000000
27.360000610352	0.088931463658810	0.17161600291729	65.000000000000	0.00000000000000
27.370000839233	0.090075701475143	0.17294931411743	65.000000000000	0.00000000000000
27.379999160767	0.091222792863846	0.17427599430084	65.000000000000	0.00000000000000
27.389999389648	0.092372633516788	0.17559607326984	65.000000000000	0.00000000000000
27.399999618530	0.093525253236294	0.17690953612328	65.000000000000	0.00000000000000
27.409999847412	0.094680577516556	0.17821636795998	65.000000000000	0.00000000000000
27.420000076294	0.095838546752930	0.17951659858227	65.000000000000	0.00000000000000
27.430000305176	0.096999116241932	0.18081021308899	65.000000000000	0.00000000000000
27.440000534058	0.098162345588207	0.18209725618362	65.000000000000	0.00000000000000
27.450000762939	0.099328033626080	0.18337766826153	65.000000000000	0.00000000000000
27.459999084473	0.10049626976252	0.18465150892735	65.000000000000	0.00000000000000
27.469999313354	0.10166699439287	0.18591874837875	65.000000000000	0.00000000000000
27.479999542236	0.10284010320902	0.18717941641808	65.000000000000	0.00000000000000
27.489999771118	0.10401555895805	0.18843349814415	65.000000000000	0.00000000000000
27.500000000000	0.10519339144230	0.18968102335930	65.000000000000	0.00000000000000
27.510000228882	0.10637351870537	0.19092196226120	65.000000000000	0.00000000000000
27.520000457764	0.10755590349436	0.19215637445450	65.000000000000	0.00000000000000
27.530000686646	0.10874047875404	0.19338420033455	65.000000000000	0.00000000000000
27.540000915527	0.10992723703384	0.19460549950600	65.000000000000	0.00000000000000
27.549999237061	0.11111613363028	0.19582025706768	65.000000000000	0.00000000000000
27.559999465942	0.11230710893869	0.19702850282192	65.000000000000	0.00000000000000
27.569999694824	0.11350020766258	0.19823020696640	65.000000000000	0.00000000000000
27.579999923706	0.11469523608685	0.19942538440228	65.000000000000	0.00000000000000
27.590000152588	0.11589234322309	0.20061406493187	65.000000000000	0.00000000000000
27.600000381470	0.11709129810333	0.20179624855518	65.000000000000	0.00000000000000
27.610000610352	0.11829220503569	0.20297193527222	65.000000000000	0.00000000000000
27.620000839233	0.11949497461319	0.20414113998413	65.000000000000	0.00000000000000
27.629999160767	0.12069955468178	0.20530389249325	65.000000000000	0.00000000000000
27.639999389648	0.12190591543913	0.20646014809608	65.000000000000	0.00000000000000
27.649999618530	0.12311404943466	0.20760996639729	65.000000000000	0.00000000000000
27.659999847412	0.12432385981083	0.20875334739685	65.000000000000	0.00000000000000
27.670000076294	0.12553536891937	0.20989027619362	65.000000000000	0.00000000000000
27.680000305176	0.12674854695797	0.21102078258991	65.000000000000	0.00000000000000
27.690000534058	0.12796330451965	0.21214486658573	65.000000000000	0.00000000000000
27.700000762939	0.12917961180210	0.21326255798340	65.000000000000	0.00000000000000
27.709999084473	0.13039746880531	0.21437384188175	65.000000000000	0.00000000000000
27.719999313354	0.13161681592464	0.21547877788544	65.000000000000	0.00000000000000
27.729999542236	0.13283763825893	0.21657729148865	65.000000000000	0.00000000000000
27.739999771118	0.13405980169773	0.21766945719719	65.000000000000	0.00000000000000
27.750000000000	0.13528339564800	0.21875527501106	65.000000000000	0.00000000000000
27.760000228882	0.13650836050510	0.21983477473259	65.000000000000	0.00000000000000
27.770000457764	0.13773462176323	0.22090794146061	65.000000000000	0.00000000000000
27.780000686646	0.13896214962006	0.22197477519512	65.000000000000	0.00000000000000
27.790000915527	0.14019094407558	0.22303532063961	65.000000000000	0.00000000000000
27.799999237061	0.14142094552517	0.22408957779408	65.000000000000	0.00000000000000
27.809999465942	0.14265215396881	0.22513751685619	65.000000000000	0.00000000000000
27.819999694824	0.14388439059258	0.22617924213409	65.000000000000	0.00000000000000
27.829999923706	0.14511781930923	0.22721469402313	65.000000000000	0.00000000000000
27.840000152588	0.14635233581066	0.22824391722679	65.000000000000	0.00000000000000
27.850000381470	0.14758786559105	0.22926688194275	65.000000000000	0.00000000000000
27.860000610352	0.14882437884808	0.23028364777565	65.000000000000	0.00000000000000
27.870000839233	0.15006193518639	0.23129419982433	65.000000000000	0.00000000000000
27.879999160767	0.15130040049553	0.23229858279228	65.000000000000	0.00000000000000
27.889999389648	0.15253975987434	0.23329679667950	65.000000000000	0.00000000000000
27.899999618530	0.15377995371819	0.23428884148598	65.000000000000	0.00000000000000
27.909999847412	0.15502104163170	0.23527473211288	65.000000000000	0.00000000000000
27.920000076294	0.15626291930676	0.23625452816486	65.000000000000	0.00000000000000
27.930000305176	0.15750557184219	0.23722818493843	65.000000000000	0.00000000000000
27.940000534058	0.15874902904034	0.23819573223591	65.000000000000	0.00000000000000
27.950000762939	0.15999311208725	0.23915721476078	65.000000000000	0.00000000000000
27.959999084473	0.16123796999454	0.24011261761189	65.000000000000	0.00000000000000
27.969999313354	0.16248342394829	0.24106192588806	65.000000000000	0.00000000000000
27.979999542236	0.16372950375080	0.24200522899628	65.000000000000	0.00000000000000
27.989999771118	0.16497620940208	0.24294249713421	65.000000000000	0.00000000000000
28.000000000000	0.16622348129749	0.24387376010418	65.000000000000	0.00000000000000
28.010000228882	0.16747124493122	0.24479901790619	65.000000000000	0.00000000000000
28.020000457764	0.16871950030327	0.24571833014488	65.000000000000	0.00000000000000
28.030000686646	0.16996824741364	0.24663162231445	65.000000000000	0.00000000000000
28.040000915527	0.17121745646000	0.24753896892071	65.000000000000	0.00000000000000
28.049999237061	0.17246703803539	0.24844039976597	65.000000000000	0.00000000000000
28.059999465942	0.17371703684330	0.24933592975140	65.000000000000	0.00000000000000
28.069999694824	0.17496740818024	0.25022554397583	65.000000000000	0.00000000000000
28.079999923706	0.17621803283691	0.25110930204391	65.000000000000	0.00000000000000
28.090000152588	0.17746903002262	0.25198712944984	65.000000000000	0.00000000000000
28.100000381470	0.17872026562691	0.25285914540291	65.000000000000	0.00000000000000
28.110000610352	0.17997169494629	0.25372532010078	65.000000000000	0.00000000000000
28.120000839233	0.18122339248657	0.25458568334579	65.000000000000	0.00000000000000
28.129999160767	0.18247532844543	0.25544026494026	65.000000000000	0.00000000000000
28.139999389648	0.18372733891010	0.25628903508186	65.000000000000	0.00000000000000
28.149999618530	0.18497951328754	0.25713202357292	65.000000000000	0.00000000000000
28.159999847412	0.18623174726963	0.25796929001808	65.000000000000	0.00000000000000
28.170000076294	0.18748411536217	0.25880083441734	65.000000000000	0.00000000000000
28.180000305176	0.18873655796051	0.25962659716606	65.000000000000	0.00000000000000
28.190000534058	0.18998897075653	0.26044675707817	65.000000000000	0.00000000000000
28.200000762939	0.19124135375023	0.26126116514206	65.000000000000	0.00000000000000
28.209999084473	0.19249378144741	0.26206994056702	65.000000000000	0.00000000000000
28.219999313354	0.19374610483646	0.26287305355072	65.000000000000	0.00000000000000
28.229999542236	0.19499844312668	0.26367056369781	65.000000000000	0.00000000000000
28.239999771118	0.19625057280064	0.26446244120598	65.000000000000	0.00000000000000
28.250000000000	0.19750262796879	0.26524877548218	65.000000000000	0.00000000000000
28.260000228882	0.19875448942184	0.26602944731712	65.000000000000	0.00000000000000
28.270000457764	0.20000623166561	0.26680466532707	65.000000000000	0.00000000000000
28.280000686646	0.20125770568848	0.26757428050041	65.000000000000	0.00000000000000
28.290000915527	0.20250901579857	0.26833841204643	65.000000000000	0.00000000000000
28.299999237061	0.20376004278660	0.26909700036049	65.000000000000	0.00000000000000
28.309999465942	0.20501077175140	0.26985016465187	65.000000000000	0.00000000000000
28.319999694824	0.20626124739647	0.27059781551361	65.000000000000	0.00000000000000
28.329999923706	0.20751136541367	0.27134001255035	65.000000000000	0.00000000000000
28.340000152588	0.20876114070415	0.27207684516907	65.000000000000	0.00000000000000
28.350000381470	0.21001055836678	0.27280825376511	65.000000000000	0.00000000000000
28.360000610352	0.21125958859921	0.27353423833847	65.000000000000	0.00000000000000
28.370000839233	0.21250818669796	0.27425488829613	65.000000000000	0.00000000000000
28.379999160767	0.21375639736652	0.27497017383575	65.000000000000	0.00000000000000
28.389999389648	0.21500411629677	0.27568012475967	65.000000000000	0.00000000000000
28.399999618530	0.21625132858753	0.27638477087021	65.000000000000	0.00000000000000
28.409999847412	0.21749807894230	0.27708411216736	65.000000000000	0.00000000000000
28.420000076294	0.21874435245991	0.27777817845345	65.000000000000	0.00000000000000
28.430000305176	0.21999002993107	0.27846699953079	65.000000000000	0.00000000000000
28.440000534058	0.22123506665230	0.27915060520172	65.000000000000	0.00000000000000
28.450000762939	0.22247965633869	0.27982893586159	65.000000000000	0.00000000000000
28.459999084473	0.22372357547283	0.28050211071968	65.000000000000	0.00000000000000
28.469999313354	0.22496686875820	0.28117012977600	65.000000000000	0.00000000000000
28.479999542236	0.22620949149132	0.28183293342590	65.000000000000	0.00000000000000
28.489999771118	0.22745142877102	0.28249061107635	65.000000000000	0.00000000000000
28.500000000000	0.22869274020195	0.28314319252968	65.000000000000	0.00000000000000
28.510000228882	0.22993333637714	0.28379064798355	65.000000000000	0.00000000000000
28.520000457764	0.23117317259312	0.28443303704262	65.000000000000	0.00000000000000
28.530000686646	0.23241224884987	0.28507035970688	65.000000000000	0.00000000000000
28.540000915527	0.23365058004856	0.28570261597633	65.000000000000	0.00000000000000
28.549999237061	0.23488810658455	0.28632989525795	65.000000000000	0.00000000000000
28.559999465942	0.23612487316132	0.28695213794708	65.000000000000	0.00000000000000
28.569999694824	0.23736077547073	0.28756940364838	65.000000000000	0.00000000000000
28.579999923706	0.23859588801861	0.28818172216415	65.000000000000	0.00000000000000
28.590000152588	0.23983009159565	0.28878909349442	65.000000000000	0.00000000000000
28.600000381470	0.24106355011463	0.28939142823219	65.000000000000	0.00000000000000
28.610000610352	0.24229589104652	0.28998908400536	65.000000000000	0.00000000000000
28.620000839233	0.24352747201920	0.29058167338371	65.000000000000	0.00000000000000
28.629999160767	0.24475799500942	0.29116949439049	65.000000000000	0.00000000000000
28.639999389648	0.24598774313927	0.29175236821175	65.000000000000	0.00000000000000
28.649999618530	0.24721637368202	0.29233050346375	65.000000000000	0.00000000000000
28.659999847412	0.24844405055046	0.29290381073952	65.000000000000	0.00000000000000
28.670000076294	0.24967072904110	0.29347234964371	65.000000000000	0.00000000000000
28.680000305176	0.25089642405510	0.29403614997864	65.000000000000	0.00000000000000
28.690000534058	0.25212103128433	0.29459515213966	65.000000000000	0.00000000000000
28.700000762939	0.25334477424622	0.29514929652214	65.000000000000	0.00000000000000
28.709999084473	0.25456729531288	0.29569888114929	65.000000000000	0.00000000000000
28.719999313354	0.25578871369362	0.29624378681183	65.000000000000	0.00000000000000
28.729999542236	0.25700908899307	0.29678404331207	65.000000000000	0.00000000000000
28.739999771118	0.25822842121124	0.29731950163841	65.000000000000	0.00000000000000
28.750000000000	0.25944638252258	0.29785060882568	65.000000000000	0.00000000000000
28.760000228882	0.26066356897354	0.29837676882744	65.000000000000	0.00000000000000
28.770000457764	0.26187932491302	0.29889857769012	65.000000000000	0.00000000000000
28.780000686646	0.26309400796890	0.29941570758820	65.000000000000	0.00000000000000
28.790000915527	0.26430746912956	0.29992833733559	65.000000000000	0.00000000000000
28.799999237061	0.26551973819733	0.30043643712997	65.000000000000	0.00000000000000
28.809999465942	0.26673087477684	0.30093991756439	65.000000000000	0.00000000000000
28.819999694824	0.26794052124023	0.30143922567368	65.000000000000	0.00000000000000
28.829999923706	0.26914915442467	0.30193379521370	65.000000000000	0.00000000000000
28.840000152588	0.27035647630692	0.30242398381233	65.000000000000	0.00000000000000
28.850000381470	0.27156260609627	0.30290964245796	65.000000000000	0.00000000000000
28.860000610352	0.27276733517647	0.30339106917381	65.000000000000	0.00000000000000
28.870000839233	0.27397084236145	0.30386796593666	65.000000000000	0.00000000000000
28.879999160767	0.27517294883728	0.30434057116508	65.000000000000	0.00000000000000
28.889999389648	0.27637389302254	0.30480870604515	65.000000000000	0.00000000000000
28.899999618530	0.27757325768471	0.30527269840240	65.000000000000	0.00000000000000
28.909999847412	0.27877140045166	0.30573233962059	65.000000000000	0.00000000000000
28.920000076294	0.27996826171875	0.30618757009506	65.000000000000	0.00000000000000
28.930000305176	0.28116369247437	0.30663856863976	65.000000000000	0.00000000000000
28.940000534058	0.28235766291618	0.30708542466164	65.000000000000	0.00000000000000
28.950000762939	0.28355032205582	0.30752789974213	65.000000000000	0.00000000000000
28.959999084473	0.28474166989326	0.30796611309052	65.000000000000	0.00000000000000
28.969999313354	0.28593128919601	0.30840036273003	65.000000000000	0.00000000000000
28.979999542236	0.28711962699890	0.30883035063744	65.000000000000	0.00000000000000
28.989999771118	0.28830659389496	0.30925613641739	65.000000000000	0.00000000000000
29.000000000000	0.28949204087257	0.30967783927917	65.000000000000	0.00000000000000
29.010000228882	0.29067602753639	0.31009536981583	65.000000000000	0.00000000000000
29.020000457764	0.29185858368874	0.31050884723663	65.000000000000	0.00000000000000
29.030000686646	0.29303956031799	0.31091824173927	65.000000000000	0.00000000000000
29.040000915527	0.29421910643578	0.31132355332375	65.000000000000	0.00000000000000
29.049999237061	0.29539716243744	0.31172484159470	65.000000000000	0.00000000000000
29.059999465942	0.29657363891602	0.31212210655212	65.000000000000	0.00000000000000
29.069999694824	0.29774865508080	0.31251537799835	65.000000000000	0.00000000000000
29.079999923706	0.29892212152481	0.31290468573570	65.000000000000	0.00000000000000
29.090000152588	0.30009397864342	0.31329002976418	65.000000000000	0.00000000000000
29.100000381470	0.30126428604126	0.31367138028145	65.000000000000	0.00000000000000
29.110000610352	0.30243307352066	0.31404885649681	65.000000000000	0.00000000000000
29.120000839233	0.30360016226768	0.31442245841026	65.000000000000	0.00000000000000
29.129999160767	0.30476579070091	0.31479212641716	65.000000000000	0.00000000000000
29.139999389648	0.30592978000641	0.31515794992447	65.000000000000	0.00000000000000
29.149999618530	0.30709218978882	0.31551992893219	65.000000000000	0.00000000000000
29.159999847412	0.30825296044350	0.31587809324265	65.000000000000	0.00000000000000
29.170000076294	0.30941206216812	0.31623241305351	65.000000000000	0.00000000000000
29.180000305176	0.31056964397430	0.31658297777176	65.000000000000	0.00000000000000
29.190000534058	0.31172546744347	0.31692972779274	65.000000000000	0.00000000000000
29.200000762939	0.31287971138954	0.31727278232574	65.000000000000	0.00000000000000
29.209999084473	0.31403228640556	0.31761208176613	65.000000000000	0.00000000000000
29.219999313354	0.31518316268921	0.31794765591621	65.000000000000	0.00000000000000
29.229999542236	0.31633237004280	0.31827956438065	65.000000000000	0.00000000000000
29.239999771118	0.31747993826866	0.31860780715942	65.000000000000	0.00000000000000
29.250000000000	0.31862577795982	0.31893235445023	65.000000000000	0.00000000000000
29.260000228882	0.31976994872093	0.31925329566002	65.000000000000	0.00000000000000
29.270000457764	0.32091239094734	0.31957060098648	65.000000000000	0.00000000000000
29.280000686646	0.32205310463905	0.31988430023193	65.000000000000	0.00000000000000
29.290000915527	0.32319211959839	0.32019439339638	65.000000000000	0.00000000000000
29.299999237061	0.32432946562767	0.32050096988678	65.000000000000	0.00000000000000
29.309999465942	0.32546502351761	0.32080394029617	65.000000000000	0.00000000000000
29.319999694824	0.32659879326820	0.32110345363617	65.000000000000	0.00000000000000
29.329999923706	0.32773092389107	0.32139939069748	65.000000000000	0.00000000000000
29.340000152588	0.32886123657227	0.32169190049171	65.000000000000	0.00000000000000
29.350000381470	0.32998973131180	0.32198089361191	65.000000000000	0.00000000000000
29.360000610352	0.33111658692360	0.32226639986038	65.000000000000	0.00000000000000
29.370000839233	0.33224159479141	0.32254853844643	65.000000000000	0.00000000000000
29.379999160767	0.33336481451988	0.32282721996307	65.000000000000	0.00000000000000
29.389999389648	0.33448633551598	0.32310250401497	65.000000000000	0.00000000000000
29.399999618530	0.33560600876808	0.32337442040443	65.000000000000	0.00000000000000
29.409999847412	0.33672383427620	0.32364296913147	65.000000000000	0.00000000000000
29.420000076294	0.33783999085426	0.32390815019608	65.000000000000	0.00000000000000
29.430000305176	0.33895415067673	0.32417002320290	65.000000000000	0.00000000000000
29.440000534058	0.34006670117378	0.32442855834961	65.000000000000	0.00000000000000
29.450000762939	0.34117728471756	0.32468384504318	65.000000000000	0.00000000000000
29.459999084473	0.34228608012199	0.32493579387665	65.000000000000	0.00000000000000
29.469999313354	0.34339311718941	0.32518449425697	65.000000000000	0.00000000000000
29.479999542236	0.34449827671051	0.32542997598648	65.000000000000	0.00000000000000
29.489999771118	0.34560152888298	0.32567223906517	65.000000000000	0.00000000000000
29.500000000000	0.34670299291611	0.32591125369072	65.000000000000	0.00000000000000
29.510000228882	0.34780263900757	0.32614707946777	65.000000000000	0.00000000000000
29.520000457764	0.34890040755272	0.32637977600098	65.000000000000	0.00000000000000
29.530000686646	0.34999638795853	0.32660931348801	65.000000000000	0.00000000000000
29.540000915527	0.35109040141106	0.32683566212654	65.000000000000	0.00000000000000
29.549999237061	0.35218256711960	0.32705894112587	65.000000000000	0.00000000000000
29.559999465942	0.35327288508415	0.32727909088135	65.000000000000	0.00000000000000
29.569999694824	0.35436135530472	0.32749617099762	65.000000000000	0.00000000000000
29.579999923706	0.35544791817665	0.32771015167236	65.000000000000	0.00000000000000
29.590000152588	0.35653260350227	0.32792106270790	65.000000000000	0.00000000000000
29.600000381470	0.35761535167694	0.32812893390656	65.000000000000	0.00000000000000
29.610000610352	0.35869628190994	0.32833388447762	65.000000000000	0.00000000000000
29.620000839233	0.35977539420128	0.32853573560715	65.000000000000	0.00000000000000
29.629999160767	0.36085242033005	0.32873466610909	65.000000000000	0.00000000000000
29.639999389648	0.36192765831947	0.32893055677414	65.000000000000	0.00000000000000
29.649999618530	0.36300098896027	0.32912349700928	65.000000000000	0.00000000000000
29.659999847412	0.36407241225243	0.32931354641914	65.000000000000	0.00000000000000
29.670000076294	0.36514192819595	0.32950061559677	65.000000000000	0.00000000000000
29.680000305176	0.36620950698853	0.32968482375145	65.000000000000	0.00000000000000
29.690000534058	0.36727526783943	0.32986611127853	65.000000000000	0.00000000000000
29.700000762939	0.36833897233009	0.33004456758499	65.000000000000	0.00000000000000
29.709999084473	0.36940079927444	0.33022010326385	65.000000000000	0.00000000000000
29.719999313354	0.37046074867249	0.33039286732674	65.000000000000	0.00000000000000
29.729999542236	0.37151873111725	0.33056277036667	65.000000000000	0.00000000000000
29.739999771118	0.37257480621338	0.33072987198830	65.000000000000	0.00000000000000
29.750000000000	0.37362900376320	0.33089417219162	65.000000000000	0.00000000000000
29.760000228882	0.37468111515045	0.33105570077896	65.000000000000	0.00000000000000
29.770000457764	0.37573140859604	0.33121445775032	65.000000000000	0.00000000000000
29.780000686646	0.37677976489067	0.33137050271034	65.000000000000	0.00000000000000
29.790000915527	0.37782609462738	0.33152377605438	65.000000000000	0.00000000000000
29.799999237061	0.37887057662010	0.33167433738708	65.000000000000	0.00000000000000
29.809999465942	0.37991306185722	0.33182221651077	65.000000000000	0.00000000000000
29.819999694824	0.38095358014107	0.33196741342545	65.000000000000	0.00000000000000
29.829999923706	0.38199219107628	0.33210992813110	65.000000000000	0.00000000000000
29.840000152588	0.38302889466286	0.33224976062775	65.000000000000	0.00000000000000
29.850000381470	0.38406357169151	0.33238700032234	65.000000000000	0.00000000000000
29.860000610352	0.38509640097618	0.33252161741257	65.000000000000	0.00000000000000
29.870000839233	0.38612717390060	0.33265358209610	65.000000000000	0.00000000000000
29.879999160767	0.38715595006943	0.33278295397758	65.000000000000	0.00000000000000
29.889999389648	0.38818290829659	0.33290976285934	65.000000000000	0.00000000000000
29.899999618530	0.38920783996582	0.33303403854370	65.000000000000	0.00000000000000
29.909999847412	0.39023080468178	0.33315572142601	65.000000000000	0.00000000000000
29.920000076294	0.39125177264214	0.33327487111092	65.000000000000	0.00000000000000
29.930000305176	0.39227083325386	0.33339154720306	65.000000000000	0.00000000000000
29.940000534058	0.39328786730766	0.33350566029549	65.000000000000	0.00000000000000
29.950000762939	0.39430302381516	0.33361735939980	65.000000000000	0.00000000000000
29.959999084473	0.39531618356705	0.33372649550438	65.000000000000	0.00000000000000
29.969999313354	0.39632740616798	0.33383324742317	65.000000000000	0.00000000000000
29.979999542236	0.39733666181564	0.33393746614456	65.000000000000	0.00000000000000
29.989999771118	0.39834395051003	0.33403930068016	65.000000000000	0.00000000000000
30.000000000000	0.39934918284416	0.33413875102997	65.000000000000	0.00000000000000
30.010000228882	0.40035241842270	0.33423572778702	65.000000000000	0.00000000000000
30.020000457764	0.40135383605957	0.33433035016060	65.000000000000	0.00000000000000
30.030000686646	0.40235322713852	0.33442261815071	65.000000000000	0.00000000000000
30.040000915527	0.40335068106651	0.33451250195503	65.000000000000	0.00000000000000
30.049999237061	0.40434607863426	0.33459997177124	65.000000000000	0.00000000000000
30.059999465942	0.40533959865570	0.33468520641327	65.000000000000	0.00000000000000
30.069999694824	0.40633109211922	0.33476808667183	65.000000000000	0.00000000000000
30.079999923706	0.40732055902481	0.33484861254692	65.000000000000	0.00000000000000
30.090000152588	0.40830814838409	0.33492687344551	65.000000000000	0.00000000000000
30.100000381470	0.40929374098778	0.33500286936760	65.000000000000	0.00000000000000
30.110000610352	0.41027733683586	0.33507663011551	65.000000000000	0.00000000000000
30.120000839233	0.41125902533531	0.33514806628227	65.000000000000	0.00000000000000
30.129999160767	0.41223871707916	0.33521729707718	65.000000000000	0.00000000000000
30.139999389648	0.41321638226509	0.33528429269791	65.000000000000	0.00000000000000
30.149999618530	0.41419219970703	0.33534908294678	65.000000000000	0.00000000000000
30.159999847412	0.41516587138176	0.33541169762611	65.000000000000	0.00000000000000
30.170000076294	0.41613772511482	0.33547207713127	65.000000000000	0.00000000000000
30.180000305176	0.41710755228996	0.33553034067154	65.000000000000	0.00000000000000
30.190000534058	0.41807538270950	0.33558639883995	65.000000000000	0.00000000000000
30.200000762939	0.41904133558273	0.33564028143883	65.000000000000	0.00000000000000
30.209999084473	0.42000520229340	0.33569207787514	65.000000000000	0.00000000000000
30.219999313354	0.42096713185310	0.33574172854424	65.000000000000	0.00000000000000
30.229999542236	0.42192715406418	0.33578926324844	65.000000000000	0.00000000000000
30.239999771118	0.42288517951965	0.33583474159241	65.000000000000	0.00000000000000
30.250000000000	0.42384123802185	0.33587810397148	65.000000000000	0.00000000000000
30.260000228882	0.42479532957077	0.33591938018799	65.000000000000	0.00000000000000
30.270000457764	0.42574742436409	0.33595862984657	65.000000000000	0.00000000000000
30.280000686646	0.42669767141342	0.33599585294724	65.000000000000	0.00000000000000
30.290000915527	0.42764580249786	0.33603096008301	65.000000000000	0.00000000000000
30.299999237061	0.42859208583832	0.33606413006783	65.000000000000	0.00000000000000
30.309999465942	0.42953640222549	0.33609524369240	65.000000000000	0.00000000000000
30.319999694824	0.43047869205475	0.33612439036369	65.000000000000	0.00000000000000
30.329999923706	0.43141904473305	0.33615154027939	65.000000000000	0.00000000000000
30.340000152588	0.43235751986504	0.33617663383484	65.000000000000	0.00000000000000
30.350000381470	0.43329399824142	0.33619984984398	65.000000000000	0.00000000000000
30.360000610352	0.43422839045525	0.33622112870216	65.000000000000	0.00000000000000
30.370000839233	0.43516090512276	0.33624041080475	65.000000000000	0.00000000000000
30.379999160767	0.43609154224396	0.33625781536102	65.000000000000	0.00000000000000
30.389999389648	0.43702015280724	0.33627331256866	65.000000000000	0.00000000000000
30.399999618530	0.43794685602188	0.33628684282303	65.000000000000	0.00000000000000
30.409999847412	0.43887159228325	0.33629855513573	65.000000000000	0.00000000000000
30.420000076294	0.43979445099831	0.33630836009979	65.000000000000	0.00000000000000
30.430000305176	0.44071525335312	0.33631628751755	65.000000000000	0.00000000000000
30.440000534058	0.44163420796394	0.33632233738899	65.000000000000	0.00000000000000
30.450000762939	0.44255113601685	0.33632662892342	65.000000000000	0.00000000000000
30.459999084473	0.44346612691879	0.33632895350456	65.000000000000	0.00000000000000
30.469999313354	0.44437918066978	0.33632957935333	65.000000000000	0.00000000000000
30.479999542236	0.44529032707214	0.33632832765579	65.000000000000	0.00000000000000
30.489999771118	0.44619956612587	0.33632528781891	65.000000000000	0.00000000000000
30.500000000000	0.44710683822632	0.33632045984268	65.000000000000	0.00000000000000
30.510000228882	0.44801214337349	0.33631384372711	65.000000000000	0.00000000000000
30.520000457764	0.44891554117203	0.33630543947220	65.000000000000	0.00000000000000
30.530000686646	0.44981697201729	0.33629533648491	65.000000000000	0.00000000000000
30.540000915527	0.45071658492088	0.33628350496292	65.000000000000	0.00000000000000
30.549999237061	0.45161414146423	0.33626985549927	65.000000000000	0.00000000000000
30.559999465942	0.45250990986824	0.33625456690788	65.000000000000	0.00000000000000
30.569999694824	0.45340359210968	0.33623746037483	65.000000000000	0.00000000000000
30.579999923706	0.45429551601410	0.33621871471405	65.000000000000	0.00000000000000
30.590000152588	0.45518538355827	0.33619835972786	65.000000000000	0.00000000000000
30.600000381470	0.45607343316078	0.33617615699768	65.000000000000	0.00000000000000
30.610000610352	0.45695945620537	0.33615240454674	65.000000000000	0.00000000000000
30.620000839233	0.45784369111061	0.33612695336342	65.000000000000	0.00000000000000
30.629999160767	0.45872595906258	0.33609983325005	65.000000000000	0.00000000000000
30.639999389648	0.45960626006126	0.33607113361359	65.000000000000	0.00000000000000
30.649999618530	0.46048477292061	0.33604076504707	65.000000000000	0.00000000000000
30.659999847412	0.46136131882668	0.33600875735283	65.000000000000	0.00000000000000
30.670000076294	0.46223595738411	0.33597517013550	65.000000000000	0.00000000000000
30.680000305176	0.46310868859291	0.33593994379044	65.000000000000	0.00000000000000
30.690000534058	0.46397951245308	0.33590319752693	65.000000000000	0.00000000000000
30.700000762939	0.46484851837158	0.33586481213570	65.000000000000	0.00000000000000
30.709999084473	0.46571549773216	0.33582490682602	65.000000000000	0.00000000000000
30.719999313354	0.46658071875572	0.33578342199326	65.000000000000	0.00000000000000
30.729999542236	0.46744403243065	0.33574035763741	65.000000000000	0.00000000000000
30.739999771118	0.46830534934998	0.33569577336311	65.000000000000	0.00000000000000
30.750000000000	0.46916493773460	0.33564966917038	65.000000000000	0.00000000000000
30.760000228882	0.47002252936363	0.33560201525688	65.000000000000	0.00000000000000
30.770000457764	0.47087824344635	0.33555293083191	65.000000000000	0.00000000000000
30.780000686646	0.47173207998276	0.33550226688385	65.000000000000	0.00000000000000
30.790000915527	0.47258415818214	0.33545014262199	65.000000000000	0.00000000000000
30.799999237061	0.47343418002129	0.33539649844170	65.000000000000	0.00000000000000
30.809999465942	0.47428247332573	0.33534142374992	65.000000000000	0.00000000000000
30.819999694824	0.47512882947922	0.33528488874435	65.000000000000	0.00000000000000
30.829999923706	0.47597333788872	0.33522689342499	65.000000000000	0.00000000000000
30.840000152588	0.47681593894958	0.33516743779182	65.000000000000	0.00000000000000
30.850000381470	0.47765669226646	0.33510652184486	65.000000000000	0.00000000000000
30.860000610352	0.47849562764168	0.33504420518875	65.000000000000	0.00000000000000
30.870000839233	0.47933271527290	0.33498048782349	65.000000000000	0.00000000000000
30.879999160767	0.48016792535782	0.33491539955139	65.000000000000	0.00000000000000
30.889999389648	0.48100128769875	0.33484882116318	65.000000000000	0.00000000000000
30.899999618530	0.48183286190033	0.33478090167046	65.000000000000	0.00000000000000
30.909999847412	0.48266240954399	0.33471155166626	65.000000000000	0.00000000000000
30.920000076294	0.48349028825760	0.33464092016220	65.000000000000	0.00000000000000
30.930000305176	0.48431625962257	0.33456888794899	65.000000000000	0.00000000000000
30.940000534058	0.48514038324356	0.33449551463127	65.000000000000	0.00000000000000
30.950000762939	0.48596262931824	0.33442074060440	65.000000000000	0.00000000000000
30.959999084473	0.48678314685822	0.33434468507767	65.000000000000	0.00000000000000
30.969999313354	0.48760178685188	0.33426722884178	65.000000000000	0.00000000000000
30.979999542236	0.48841857910156	0.33418855071068	65.000000000000	0.00000000000000
30.989999771118	0.48923355340958	0.33410853147507	65.000000000000	0.00000000000000
31.000000000000	0.49004665017128	0.33402714133263	65.000000000000	0.00000000000000
31.010000228882	0.49085804820061	0.33394449949265	65.000000000000	0.00000000000000
31.020000457764	0.49166759848595	0.33386057615280	65.000000000000	0.00000000000000
31.030000686646	0.49247536063194	0.33377537131310	65.000000000000	0.00000000000000
31.040000915527	0.49328118562698	0.33368891477585	65.000000000000	0.00000000000000
31.049999237061	0.49408531188965	0.33360123634338	65.000000000000	0.00000000000000
31.059999465942	0.49488762021065	0.33351221680641	65.000000000000	0.00000000000000
31.069999694824	0.49568805098534	0.33342194557190	65.000000000000	0.00000000000000
31.079999923706	0.49648666381836	0.33333048224449	65.000000000000	0.00000000000000
31.090000152588	0.49728357791901	0.33323779702187	65.000000000000	0.00000000000000
31.100000381470	0.49807867407799	0.33314391970634	65.000000000000	0.00000000000000
31.110000610352	0.49887195229530	0.33304876089096	65.000000000000	0.00000000000000
31.120000839233	0.49966335296631	0.33295243978500	65.000000000000	0.00000000000000
31.129999160767	0.50045311450958	0.33285489678383	65.000000000000	0.00000000000000
31.139999389648	0.50124108791351	0.33275622129440	65.000000000000	0.00000000000000
31.149999618530	0.50202721357346	0.33265629410744	65.000000000000	0.00000000000000
31.159999847412	0.50281155109406	0.33255526423454	65.000000000000	0.00000000000000
31.170000076294	0.50359421968460	0.33245304226875	65.000000000000	0.00000000000000
31.180000305176	0.50437498092651	0.33234962821007	65.000000000000	0.00000000000000
31.190000534058	0.50515407323837	0.33224505186081	65.000000000000	0.00000000000000
31.200000762939	0.50593131780624	0.33213940262794	65.000000000000	0.00000000000000
31.209999084473	0.50670683383942	0.33203256130219	65.000000000000	0.00000000000000
31.219999313354	0.50748056173325	0.33192464709282	65.000000000000	0.00000000000000
31.229999542236	0.50825250148773	0.33181557059288	65.000000000000	0.00000000000000
31.239999771118	0.50902277231216	0.33170542120934	65.000000000000	0.00000000000000
31.250000000000	0.50979131460190	0.33159413933754	65.000000000000	0.00000000000000
31.260000228882	0.51055794954300	0.33148175477982	65.000000000000	0.00000000000000
31.270000457764	0.51132297515869	0.33136832714081	65.000000000000	0.00000000000000
31.280000686646	0.51208627223969	0.33125370740891	65.000000000000	0.00000000000000
31.290000915527	0.51284778118134	0.33113810420036	65.000000000000	0.00000000000000
31.299999237061	0.51360756158829	0.33102139830589	65.000000000000	0.00000000000000
31.309999465942	0.51436549425125	0.33090361952782	65.000000000000	0.00000000000000
31.319999694824	0.51512181758881	0.33078488707542	65.000000000000	0.00000000000000
31.329999923706	0.51587641239166	0.33066496253014	65.000000000000	0.00000000000000
31.340000152588	0.51662927865982	0.33054408431053	65.000000000000	0.00000000000000
31.350000381470	0.51738035678864	0.33042222261429	65.000000000000	0.00000000000000
31.360000610352	0.51812970638275	0.33029919862747	65.000000000000	0.00000000000000
31.370000839233	0.51887738704681	0.33017525076866	65.000000000000	0.00000000000000
31.379999160767	0.51962339878082	0.33005028963089	65.000000000000	0.00000000000000
31.389999389648	0.52036774158478	0.32992425560951	65.000000000000	0.00000000000000
31.399999618530	0.52111017704010	0.32979729771614	65.000000000000	0.00000000000000
31.409999847412	0.52185106277466	0.32966941595078	65.000000000000	0.00000000000000
31.420000076294	0.52259021997452	0.32954049110413	65.000000000000	0.00000000000000
31.430000305176	0.52332764863968	0.32941049337387	65.000000000000	0.00000000000000
31.440000534058	0.52406352758408	0.32927942276001	65.000000000000	0.00000000000000
31.450000762939	0.52479755878448	0.32914757728577	65.000000000000	0.00000000000000
31.459999084473	0.52552980184555	0.32901498675346	65.000000000000	0.00000000000000
31.469999313354	0.52626055479050	0.32888102531433	65.000000000000	0.00000000000000
31.479999542236	0.52698951959610	0.32874637842178	65.000000000000	0.00000000000000
31.489999771118	0.52771681547165	0.32861068844795	65.000000000000	0.00000000000000
31.500000000000	0.52844244241714	0.32847425341606	65.000000000000	0.00000000000000
31.510000228882	0.52916646003723	0.32833656668663	65.000000000000	0.00000000000000
31.520000457764	0.52988868951797	0.32819810509682	65.000000000000	0.00000000000000
31.530000686646	0.53060919046402	0.32805898785591	65.000000000000	0.00000000000000
31.540000915527	0.53132820129395	0.32791861891747	65.000000000000	0.00000000000000
31.549999237061	0.53204566240311	0.32777735590935	65.000000000000	0.00000000000000
31.559999465942	0.53276109695435	0.32763555645943	65.000000000000	0.00000000000000
31.569999694824	0.53347510099411	0.32749265432358	65.000000000000	0.00000000000000
31.579999923706	0.53418731689453	0.32734900712967	65.000000000000	0.00000000000000
31.590000152588	0.53489804267883	0.32720419764519	65.000000000000	0.00000000000000
31.600000381470	0.53560715913773	0.32705843448639	65.000000000000	0.00000000000000
31.610000610352	0.53631436824799	0.32691231369972	65.000000000000	0.00000000000000
31.620000839233	0.53702032566071	0.32676479220390	65.000000000000	0.00000000000000
31.629999160767	0.53772425651550	0.32661688327789	65.000000000000	0.00000000000000
31.639999389648	0.53842657804489	0.32646808028221	65.000000000000	0.00000000000000
31.649999618530	0.53912752866745	0.32631814479828	65.000000000000	0.00000000000000
31.659999847412	0.53982669115067	0.32616755366325	65.000000000000	0.00000000000000
31.670000076294	0.54052424430847	0.32601609826088	65.000000000000	0.00000000000000
31.680000305176	0.54122024774551	0.32586389780045	65.000000000000	0.00000000000000
31.690000534058	0.54191446304321	0.32571086287498	65.000000000000	0.00000000000000
31.700000762939	0.54260724782944	0.32555696368217	65.000000000000	0.00000000000000
31.709999084473	0.54329836368561	0.32540231943130	65.000000000000	0.00000000000000
31.719999313354	0.54398781061172	0.32524687051773	65.000000000000	0.00000000000000
31.729999542236	0.54467570781708	0.32509064674377	65.000000000000	0.00000000000000
31.739999771118	0.54536193609238	0.32493361830711	65.000000000000	0.00000000000000
31.750000000000	0.54604667425156	0.32477581501007	65.000000000000	0.00000000000000
31.760000228882	0.54672968387604	0.32461720705032	65.000000000000	0.00000000000000
31.770000457764	0.54741120338440	0.32445794343948	65.000000000000	0.00000000000000
31.780000686646	0.54809111356735	0.32429784536362	65.000000000000	0.00000000000000
31.790000915527	0.54876935482025	0.32413694262505	65.000000000000	0.00000000000000
31.799999237061	0.54944604635239	0.32397532463074	65.000000000000	0.00000000000000
31.809999465942	0.55012118816376	0.32381296157837	65.000000000000	0.00000000000000
31.819999694824	0.55079483985901	0.32364994287491	65.000000000000	0.00000000000000
31.829999923706	0.55146676301956	0.32348608970642	65.000000000000	0.00000000000000
31.840000152588	0.55213713645935	0.32332155108452	65.000000000000	0.00000000000000
31.850000381470	0.55280601978302	0.32315632700920	65.000000000000	0.00000000000000
31.860000610352	0.55347329378128	0.32299035787582	65.000000000000	0.00000000000000
31.870000839233	0.55413895845413	0.32282370328903	65.000000000000	0.00000000000000
31.879999160767	0.55480307340622	0.32265627384186	65.000000000000	0.00000000000000
31.889999389648	0.55546569824219	0.32248818874359	65.000000000000	0.00000000000000
31.899999618530	0.55612671375275	0.32231944799423	65.000000000000	0.00000000000000
31.909999847412	0.55678617954254	0.32214996218681	65.000000000000	0.00000000000000
31.920000076294	0.55744409561157	0.32197985053062	65.000000000000	0.00000000000000
31.930000305176	0.55810046195984	0.32180899381638	65.000000000000	0.00000000000000
31.940000534058	0.55875533819199	0.32163751125336	65.000000000000	0.00000000000000
31.950000762939	0.55940866470337	0.32146531343460	65.000000000000	0.00000000000000
31.959999084473	0.56006044149399	0.32129251956940	65.000000000000	0.00000000000000
31.969999313354	0.56071072816849	0.32111904025078	65.000000000000	0.00000000000000
31.979999542236	0.56135940551758	0.32094490528107	65.000000000000	0.00000000000000
31.989999771118	0.56200665235519	0.32077014446259	65.000000000000	0.00000000000000
32.000000000000	0.56265228986740	0.32059469819069	65.000000000000	0.00000000000000
32.009998321533	0.56329643726349	0.32041871547699	65.000000000000	0.00000000000000
32.020000457764	0.56393903493881	0.32024201750755	65.000000000000	0.00000000000000
32.029998779297	0.56458020210266	0.32006472349167	65.000000000000	0.00000000000000
32.040000915527	0.56521987915039	0.31988677382469	65.000000000000	0.00000000000000
32.049999237061	0.56585788726807	0.31970822811127	65.000000000000	0.00000000000000
32.060001373291	0.56649452447891	0.31952905654907	65.000000000000	0.00000000000000
32.069999694824	0.56712961196899	0.31934934854507	65.000000000000	0.00000000000000
32.080001831055	0.56776320934296	0.31916895508766	65.000000000000	0.00000000000000
32.090000152588	0.56839531660080	0.31898802518845	65.000000000000	0.00000000000000
32.099998474121	0.56902593374252	0.31880643963814	65.000000000000	0.00000000000000
32.110000610352	0.56965512037277	0.31862434744835	65.000000000000	0.00000000000000
32.119998931885	0.57028281688690	0.31844162940979	65.000000000000	0.00000000000000
32.130001068115	0.57090896368027	0.31825834512711	65.000000000000	0.00000000000000
32.139999389648	0.57153367996216	0.31807449460030	65.000000000000	0.00000000000000
32.150001525879	0.57215678691864	0.31789004802704	65.000000000000	0.00000000000000
32.159999847412	0.57277858257294	0.31770503520966	65.000000000000	0.00000000000000
32.169998168945	0.57339882850647	0.31751951575279	65.000000000000	0.00000000000000
32.180000305176	0.57401764392853	0.31733343005180	65.000000000000	0.00000000000000
32.189998626709	0.57463508844376	0.31714677810669	65.000000000000	0.00000000000000
32.200000762939	0.57525092363358	0.31695958971977	65.000000000000	0.00000000000000
32.209999084473	0.57586544752121	0.31677186489105	65.000000000000	0.00000000000000
32.220001220703	0.57647842168808	0.31658360362053	65.000000000000	0.00000000000000
32.229999542236	0.57708990573883	0.31639483571053	65.000000000000	0.00000000000000
32.240001678467	0.57769995927811	0.31620550155640	65.000000000000	0.00000000000000
32.250000000000	0.57830864191055	0.31601566076279	65.000000000000	0.00000000000000
32.259998321533	0.57891595363617	0.31582534313202	65.000000000000	0.00000000000000
32.270000457764	0.57952171564102	0.31563445925713	65.000000000000	0.00000000000000
32.279998779297	0.58012604713440	0.31544309854507	65.000000000000	0.00000000000000
32.290000915527	0.58072900772095	0.31525123119354	65.000000000000	0.00000000000000
32.299999237061	0.58133041858673	0.31505882740021	65.000000000000	0.00000000000000
32.310001373291	0.58193051815033	0.31486600637436	65.000000000000	0.00000000000000
32.319999694824	0.58252918720245	0.31467264890671	65.000000000000	0.00000000000000
32.330001831055	0.58312642574310	0.31447881460190	65.000000000000	0.00000000000000
32.340000152588	0.58372229337692	0.31428450345993	65.000000000000	0.00000000000000
32.349998474121	0.58431673049927	0.31408968567848	65.000000000000	0.00000000000000
32.360000610352	0.58490967750549	0.31389445066452	65.000000000000	0.00000000000000
32.369998931885	0.58550131320953	0.31369870901108	65.000000000000	0.00000000000000
32.380001068115	0.58609151840210	0.31350252032280	65.000000000000	0.00000000000000
32.389999389648	0.58668035268784	0.31330588459969	65.000000000000	0.00000000000000
32.400001525879	0.58726781606674	0.31310874223709	65.000000000000	0.00000000000000
32.409999847412	0.58785378932953	0.31291118264198	65.000000000000	0.00000000000000
32.419998168945	0.58843839168549	0.31271320581436	65.000000000000	0.00000000000000
32.430000305176	0.58902168273926	0.31251475214958	65.000000000000	0.00000000000000
32.439998626709	0.58960360288620	0.31231585144997	65.000000000000	0.00000000000000
32.450000762939	0.59018409252167	0.31211653351784	65.000000000000	0.00000000000000
32.459999084473	0.59076333045959	0.31191679835320	65.000000000000	0.00000000000000
32.470001220703	0.59134101867676	0.31171661615372	65.000000000000	0.00000000000000
32.479999542236	0.59191739559174	0.31151601672173	65.000000000000	0.00000000000000
32.490001678467	0.59249246120453	0.31131500005722	65.000000000000	0.00000000000000
32.500000000000	0.59306615591049	0.31111356616020	65.000000000000	0.00000000000000
32.509998321533	0.59363847970963	0.31091171503067	65.000000000000	0.00000000000000
32.520000457764	0.59420937299728	0.31070944666862	65.000000000000	0.00000000000000
32.529998779297	0.59477907419205	0.31050682067871	65.000000000000	0.00000000000000
32.540000915527	0.59534728527069	0.31030380725861	65.000000000000	0.00000000000000
32.549999237061	0.59591424465179	0.31010034680367	65.000000000000	0.00000000000000
32.560001373291	0.59647983312607	0.30989649891853	65.000000000000	0.00000000000000
32.569999694824	0.59704411029816	0.30969229340553	65.000000000000	0.00000000000000
32.580001831055	0.59760701656342	0.30948767066002	65.000000000000	0.00000000000000
32.590000152588	0.59816855192184	0.30928269028664	65.000000000000	0.00000000000000
32.599998474121	0.59872889518738	0.30907732248306	65.000000000000	0.00000000000000
32.610000610352	0.59928780794144	0.30887159705162	65.000000000000	0.00000000000000
32.619998931885	0.59984540939331	0.30866551399231	65.000000000000	0.00000000000000
32.630001068115	0.60040169954300	0.30845904350281	65.000000000000	0.00000000000000
32.639999389648	0.60095667839050	0.30825221538544	65.000000000000	0.00000000000000
32.650001525879	0.60151046514511	0.30804505944252	65.000000000000	0.00000000000000
32.659999847412	0.60206270217896	0.30783751606941	65.000000000000	0.00000000000000
32.669998168945	0.60261386632919	0.30762964487076	65.000000000000	0.00000000000000
32.680000305176	0.60316371917725	0.30742138624191	65.000000000000	0.00000000000000
32.689998626709	0.60371202230453	0.30721279978752	65.000000000000	0.00000000000000
32.700000762939	0.60425931215286	0.30700388550758	65.000000000000	0.00000000000000
32.709999084473	0.60480517148972	0.30679461359978	65.000000000000	0.00000000000000
32.720001220703	0.60534977912903	0.30658504366875	65.000000000000	0.00000000000000
32.729999542236	0.60589313507080	0.30637517571449	65.000000000000	0.00000000000000
32.740001678467	0.60643512010574	0.30616492033005	65.000000000000	0.00000000000000
32.750000000000	0.60697591304779	0.30595436692238	65.000000000000	0.00000000000000
32.759998321533	0.60751539468765	0.30574348568916	65.000000000000	0.00000000000000
32.770000457764	0.60805362462997	0.30553233623505	65.000000000000	0.00000000000000
32.779998779297	0.60859054327011	0.30532079935074	65.000000000000	0.00000000000000
32.790000915527	0.60912626981735	0.30510899424553	65.000000000000	0.00000000000000
32.799999237061	0.60966074466705	0.30489686131477	65.000000000000	0.00000000000000
32.810001373291	0.61019384860992	0.30468443036079	65.000000000000	0.00000000000000
32.819999694824	0.61072582006454	0.30447173118591	65.000000000000	0.00000000000000
32.830001831055	0.61125648021698	0.30425870418549	65.000000000000	0.00000000000000
32.840000152588	0.61178588867188	0.30404537916183	65.000000000000	0.00000000000000
32.849998474121	0.61231410503387	0.30383178591728	65.000000000000	0.00000000000000
32.860000610352	0.61284101009369	0.30361792445183	65.000000000000	0.00000000000000
32.869998931885	0.61336672306061	0.30340376496315	65.000000000000	0.00000000000000
32.880001068115	0.61389124393463	0.30318930745125	65.000000000000	0.00000000000000
32.889999389648	0.61441451311111	0.30297461152077	65.000000000000	0.00000000000000
32.900001525879	0.61493653059006	0.30275961756706	65.000000000000	0.00000000000000
32.909999847412	0.61545729637146	0.30254432559013	65.000000000000	0.00000000000000
32.919998168945	0.61597687005997	0.30232876539230	65.000000000000	0.00000000000000
32.930000305176	0.61649531126022	0.30211299657822	65.000000000000	0.00000000000000
32.939998626709	0.61701244115829	0.30189695954323	65.000000000000	0.00000000000000
32.950000762939	0.61752837896347	0.30168059468269	65.000000000000	0.00000000000000
32.959999084473	0.61804312467575	0.30146405100822	65.000000000000	0.00000000000000
32.970001220703	0.61855667829514	0.30124720931053	65.000000000000	0.00000000000000
32.979999542236	0.61906898021698	0.30103012919426	65.000000000000	0.00000000000000
32.990001678467	0.61958014965057	0.30081281065941	65.000000000000	0.00000000000000
33.000000000000	0.62009012699127	0.30059522390366	65.000000000000	0.00000000000000
33.009998321533	0.62059885263443	0.30037742853165	65.000000000000	0.00000000000000
33.020000457764	0.62110644578934	0.30015939474106	65.000000000000	0.00000000000000
33.029998779297	0.62161284685135	0.29994109272957	65.000000000000	0.00000000000000
33.040000915527	0.62211799621582	0.29972258210182	65.000000000000	0.00000000000000
33.049999237061	0.62262201309204	0.29950383305550	65.000000000000	0.00000000000000
33.060001373291	0.62312489748001	0.29928484559059	65.000000000000	0.00000000000000
33.069999694824	0.62362670898438	0.29906564950943	65.000000000000	0.00000000000000
33.080001831055	0.62412720918655	0.29884624481201	65.000000000000	0.00000000000000
33.090000152588	0.62462657690048	0.29862657189369	65.000000000000	0.00000000000000
33.099998474121	0.62512475252151	0.29840672016144	65.000000000000	0.00000000000000
33.110000610352	0.62562179565430	0.29818663001060	65.000000000000	0.00000000000000
33.119998931885	0.62611770629883	0.29796633124352	65.000000000000	0.00000000000000
33.130001068115	0.62661248445511	0.29774582386017	65.000000000000	0.00000000000000
33.139999389648	0.62710607051849	0.29752513766289	65.000000000000	0.00000000000000
33.150001525879	0.62759858369827	0.29730424284935	65.000000000000	0.00000000000000
33.159999847412	0.62808990478516	0.29708307981491	65.000000000000	0.00000000000000
33.169998168945	0.62858003377914	0.29686179757118	65.000000000000	0.00000000000000
33.180000305176	0.62906920909882	0.29664027690887	65.000000000000	0.00000000000000
33.189998626709	0.62955707311630	0.29641854763031	65.000000000000	0.00000000000000
33.200000762939	0.63004392385483	0.29619666934013	65.000000000000	0.00000000000000
33.209999084473	0.63052958250046	0.29597461223602	65.000000000000	0.00000000000000
33.220001220703	0.63101416826248	0.29575228691101	65.000000000000	0.00000000000000
33.229999542236	0.63149762153625	0.29552984237671	65.000000000000	0.00000000000000
33.240001678467	0.63197994232178	0.29530721902847	65.000000000000	0.00000000000000
33.250000000000	0.63246119022369	0.29508438706398	65.000000000000	0.00000000000000
33.259998321533	0.63294130563736	0.29486137628555	65.000000000000	0.00000000000000
33.270000457764	0.63342034816742	0.29463815689087	65.000000000000	0.00000000000000
33.279998779297	0.63389819860458	0.29441484808922	65.000000000000	0.00000000000000
33.290000915527	0.63437509536743	0.29419130086899	65.000000000000	0.00000000000000
33.299999237061	0.63485080003738	0.29396757483482	65.000000000000	0.00000000000000
33.310001373291	0.63532543182373	0.29374372959137	65.000000000000	0.00000000000000
33.319999694824	0.63579893112183	0.29351970553398	65.000000000000	0.00000000000000
33.330001831055	0.63627153635025	0.29329550266266	65.000000000000	0.00000000000000
33.340000152588	0.63674288988113	0.29307112097740	65.000000000000	0.00000000000000
33.349998474121	0.63721323013306	0.29284662008286	65.000000000000	0.00000000000000
33.360000610352	0.63768243789673	0.29262191057205	65.000000000000	0.00000000000000
33.369998931885	0.63815063238144	0.29239708185196	65.000000000000	0.00000000000000
33.380001068115	0.63861775398254	0.29217210412025	65.000000000000	0.00000000000000
33.389999389648	0.63908380270004	0.29194697737694	65.000000000000	0.00000000000000
33.400001525879	0.63954877853394	0.29172167181969	65.000000000000	0.00000000000000
33.409999847412	0.64001274108887	0.29149621725082	65.000000000000	0.00000000000000
33.419998168945	0.64047557115555	0.29127064347267	65.000000000000	0.00000000000000
33.430000305176	0.64093738794327	0.29104489088058	65.000000000000	0.00000000000000
33.439998626709	0.64139819145203	0.29081901907921	65.000000000000	0.00000000000000
33.450000762939	0.64185792207718	0.29059299826622	65.000000000000	0.00000000000000
33.459999084473	0.64231663942337	0.29036682844162	65.000000000000	0.00000000000000
33.470001220703	0.64277428388596	0.29014053940773	65.000000000000	0.00000000000000
33.479999542236	0.64323091506958	0.28991410136223	65.000000000000	0.00000000000000
33.490001678467	0.64368653297424	0.28968757390976	65.000000000000	0.00000000000000
33.500000000000	0.64414107799530	0.28946086764336	65.000000000000	0.00000000000000
33.509998321533	0.64459460973740	0.28923398256302	65.000000000000	0.00000000000000
33.520000457764	0.64504712820053	0.28900703787804	65.000000000000	0.00000000000000
33.529998779297	0.64549869298935	0.28877997398376	65.000000000000	0.00000000000000
33.540000915527	0.64594906568527	0.28855273127556	65.000000000000	0.00000000000000
33.549999237061	0.64639854431152	0.28832539916039	65.000000000000	0.00000000000000
33.560001373291	0.64684700965881	0.28809794783592	65.000000000000	0.00000000000000
33.569999694824	0.64729446172714	0.28787034749985	65.000000000000	0.00000000000000
33.580001831055	0.64774084091187	0.28764265775681	65.000000000000	0.00000000000000
33.590000152588	0.64818626642227	0.28741481900215	65.000000000000	0.00000000000000
33.599998474121	0.64863079786301	0.28718686103821	65.000000000000	0.00000000000000
33.610000610352	0.64907419681549	0.28695881366730	65.000000000000	0.00000000000000
33.619998931885	0.64951664209366	0.28673061728477	65.000000000000	0.00000000000000
33.630001068115	0.64995813369751	0.28650236129761	65.000000000000	0.00000000000000
33.639999389648	0.65039861202240	0.28627395629883	65.000000000000	0.00000000000000
33.650001525879	0.65083813667297	0.28604543209076	65.000000000000	0.00000000000000
33.659999847412	0.65127658843994	0.28581681847572	65.000000000000	0.00000000000000
33.669998168945	0.65171408653259	0.28558808565140	65.000000000000	0.00000000000000
33.680000305176	0.65215063095093	0.28535923361778	65.000000000000	0.00000000000000
33.689998626709	0.65258634090424	0.28513032197952	65.000000000000	0.00000000000000
33.700000762939	0.65302085876465	0.28490126132965	65.000000000000	0.00000000000000
33.709999084473	0.65345454216003	0.28467211127281	65.000000000000	0.00000000000000
33.720001220703	0.65388727188110	0.28444287180901	65.000000000000	0.00000000000000
33.729999542236	0.65431898832321	0.28421348333359	65.000000000000	0.00000000000000
33.740001678467	0.65474981069565	0.28398406505585	65.000000000000	0.00000000000000
33.750000000000	0.65517956018448	0.28375452756882	65.000000000000	0.00000000000000
33.759998321533	0.65560847520828	0.28352484107018	65.000000000000	0.00000000000000
33.770000457764	0.65603631734848	0.28329509496689	65.000000000000	0.00000000000000
33.779998779297	0.65646326541901	0.28306525945663	65.000000000000	0.00000000000000
33.790000915527	0.65688937902451	0.28283533453941	65.000000000000	0.00000000000000
33.799999237061	0.65731447935104	0.28260529041290	65.000000000000	0.00000000000000
33.810001373291	0.65773856639862	0.28237518668175	65.000000000000	0.00000000000000
33.819999694824	0.65816175937653	0.28214493393898	65.000000000000	0.00000000000000
33.830001831055	0.65858411788940	0.28191462159157	65.000000000000	0.00000000000000
33.840000152588	0.65900540351868	0.28168421983719	65.000000000000	0.00000000000000
33.849998474121	0.65942579507828	0.28145375847816	65.000000000000	0.00000000000000
33.860000610352	0.65984535217285	0.28122320771217	65.000000000000	0.00000000000000
33.869998931885	0.66026389598846	0.28099256753922	65.000000000000	0.00000000000000
33.880001068115	0.66068154573441	0.28076177835464	65.000000000000	0.00000000000000
33.889999389648	0.66109824180603	0.28053098917007	65.000000000000	0.00000000000000
33.900001525879	0.66151410341263	0.28030005097389	65.000000000000	0.00000000000000
33.909999847412	0.66192901134491	0.28006908297539	65.000000000000	0.00000000000000
33.919998168945	0.66234296560287	0.27983799576759	65.000000000000	0.00000000000000
33.930000305176	0.66275608539581	0.27960684895515	65.000000000000	0.00000000000000
33.939998626709	0.66316825151443	0.27937558293343	65.000000000000	0.00000000000000
33.950000762939	0.66357958316803	0.27914428710938	65.000000000000	0.00000000000000
33.959999084473	0.66398990154266	0.27891284227371	65.000000000000	0.00000000000000
33.970001220703	0.66439938545227	0.27868142724037	65.000000000000	0.00000000000000
33.979999542236	0.66480797529221	0.27844983339310	65.000000000000	0.00000000000000
33.990001678467	0.66521567106247	0.27821820974350	65.000000000000	0.00000000000000
34.000000000000	0.66562247276306	0.27798649668694	65.000000000000	0.00000000000000
34.009998321533	0.66602838039398	0.27775472402573	65.000000000000	0.00000000000000
34.020000457764	0.66643345355988	0.27752286195755	65.000000000000	0.00000000000000
34.029998779297	0.66683757305145	0.27729094028473	65.000000000000	0.00000000000000
34.040000915527	0.66724085807800	0.27705892920494	65.000000000000	0.00000000000000
34.049999237061	0.66764324903488	0.27682682871819	65.000000000000	0.00000000000000
34.060001373291	0.66804468631744	0.27659466862679	65.000000000000	0.00000000000000
34.069999694824	0.66844534873962	0.27636244893074	65.000000000000	0.00000000000000
34.080001831055	0.66884511709213	0.27613016963005	65.000000000000	0.00000000000000
34.090000152588	0.66924399137497	0.27589780092239	65.000000000000	0.00000000000000
34.099998474121	0.66964203119278	0.27566537261009	65.000000000000	0.00000000000000
34.110000610352	0.67003911733627	0.27543285489082	65.000000000000	0.00000000000000
34.119998931885	0.67043548822403	0.27520027756691	65.000000000000	0.00000000000000
34.130001068115	0.67083084583282	0.27496764063835	65.000000000000	0.00000000000000
34.139999389648	0.67122542858124	0.27473494410515	65.000000000000	0.00000000000000
34.150001525879	0.67161917686462	0.27450218796730	65.000000000000	0.00000000000000
34.159999847412	0.67201197147369	0.27426931262016	65.000000000000	0.00000000000000
34.169998168945	0.67240399122238	0.27403637766838	65.000000000000	0.00000000000000
34.180000305176	0.67279505729675	0.27380341291428	65.000000000000	0.00000000000000
34.189998626709	0.67318540811539	0.27357038855553	65.000000000000	0.00000000000000
34.200000762939	0.67357486486435	0.27333727478981	65.000000000000	0.00000000000000
34.209999084473	0.67396348714828	0.27310413122177	65.000000000000	0.00000000000000
34.220001220703	0.67435127496719	0.27287086844444	65.000000000000	0.00000000000000
34.229999542236	0.67473822832108	0.27263739705086	65.000000000000	0.00000000000000
34.240001678467	0.67512434720993	0.27240401506424	65.000000000000	0.00000000000000
34.250000000000	0.67550939321518	0.27217105031013	65.000000000000	0.00000000000000
34.259998321533	0.67589378356934	0.27193754911423	65.000000000000	0.00000000000000
34.270000457764	0.67627739906311	0.27170380949974	65.000000000000	0.00000000000000
34.279998779297	0.67666012048721	0.27147015929222	65.000000000000	0.00000000000000
34.290000915527	0.67704194784164	0.27123662829399	65.000000000000	0.00000000000000
34.299999237061	0.67742300033569	0.27100288867950	65.000000000000	0.00000000000000
34.310001373291	0.67780333757401	0.27076891064644	65.000000000000	0.00000000000000
34.319999694824	0.67818278074265	0.27053508162498	65.000000000000	0.00000000000000
34.330001831055	0.67856115102768	0.27030134201050	65.000000000000	0.00000000000000
34.340000152588	0.67893898487091	0.27006739377975	65.000000000000	0.00000000000000
34.349998474121	0.67931598424911	0.26983323693275	65.000000000000	0.00000000000000
34.360000610352	0.67969202995300	0.26959919929504	65.000000000000	0.00000000000000
34.369998931885	0.68006736040115	0.26936495304108	65.000000000000	0.00000000000000
34.380001068115	0.68044167757034	0.26913118362427	65.000000000000	0.00000000000000
34.389999389648	0.68081533908844	0.26889669895172	65.000000000000	0.00000000000000
34.400001525879	0.68118816614151	0.26866242289543	65.000000000000	0.00000000000000
34.409999847412	0.68156021833420	0.26842805743217	65.000000000000	0.00000000000000
34.419998168945	0.68193137645721	0.26819366216660	65.000000000000	0.00000000000000
34.430000305176	0.68230181932449	0.26795920729637	65.000000000000	0.00000000000000
34.439998626709	0.68267142772675	0.26772472262383	65.000000000000	0.00000000000000
34.450000762939	0.68304014205933	0.26749014854431	65.000000000000	0.00000000000000
34.459999084473	0.68340820074081	0.26725554466248	65.000000000000	0.00000000000000
34.470001220703	0.68377530574799	0.26702088117599	65.000000000000	0.00000000000000
34.479999542236	0.68414157629013	0.26678618788719	65.000000000000	0.00000000000000
34.490001678467	0.68450725078583	0.26655140519142	65.000000000000	0.00000000000000
34.500000000000	0.68487191200256	0.26631662249565	65.000000000000	0.00000000000000
34.509998321533	0.68523585796356	0.26608175039291	65.000000000000	0.00000000000000
34.520000457764	0.68559896945953	0.26584684848785	65.000000000000	0.00000000000000
34.529998779297	0.68596136569977	0.26561185717583	65.000000000000	0.00000000000000
34.540000915527	0.68632292747498	0.26537689566612	65.000000000000	0.00000000000000
34.549999237061	0.68668365478516	0.26514181494713	65.000000000000	0.00000000000000
34.560001373291	0.68704360723495	0.26490673422813	65.000000000000	0.00000000000000
34.569999694824	0.68740272521973	0.26467156410217	65.000000000000	0.00000000000000
34.580001831055	0.68776112794876	0.26443639397621	65.000000000000	0.00000000000000
34.590000152588	0.68811863660812	0.26420116424561	65.000000000000	0.00000000000000
34.599998474121	0.68847548961639	0.26396590471268	65.000000000000	0.00000000000000
34.610000610352	0.68883138895035	0.26373058557510	65.000000000000	0.00000000000000
34.619998931885	0.68918657302856	0.26349523663521	65.000000000000	0.00000000000000
34.630001068115	0.68954104185104	0.26325982809067	65.000000000000	0.00000000000000
34.639999389648	0.68989467620850	0.26302438974380	65.000000000000	0.00000000000000
34.650001525879	0.69024747610092	0.26278889179230	65.000000000000	0.00000000000000
34.659999847412	0.69059950113297	0.26255339384079	65.000000000000	0.00000000000000
34.669998168945	0.69095075130463	0.26231780648232	65.000000000000	0.00000000000000
34.680000305176	0.69130122661591	0.26208221912384	65.000000000000	0.00000000000000
34.689998626709	0.69165098667145	0.26184657216072	65.000000000000	0.00000000000000
34.700000762939	0.69199979305267	0.26161089539528	65.000000000000	0.00000000000000
34.709999084473	0.69234788417816	0.26137518882751	65.000000000000	0.00000000000000
34.720001220703	0.69269531965256	0.26113948225975	65.000000000000	0.00000000000000
34.729999542236	0.69304180145264	0.26090368628502	65.000000000000	0.00000000000000
34.740001678467	0.69338762760162	0.26066786050797	65.000000000000	0.00000000000000
34.750000000000	0.69373261928558	0.26043203473091	65.000000000000	0.00000000000000
34.759998321533	0.69407683610916	0.26019614934921	65.000000000000	0.00000000000000
34.770000457764	0.69442027807236	0.25996023416519	65.000000000000	0.00000000000000
34.779998779297	0.69476300477982	0.25972431898117	65.000000000000	0.00000000000000
34.790000915527	0.69510477781296	0.25948834419250	65.000000000000	0.00000000000000
34.799999237061	0.69544589519501	0.25925236940384	65.000000000000	0.00000000000000
34.810001373291	0.69578623771667	0.25901636481285	65.000000000000	0.00000000000000
34.819999694824	0.69612574577332	0.25878030061722	65.000000000000	0.00000000000000
34.830001831055	0.69646459817886	0.25854423642159	65.000000000000	0.00000000000000
34.840000152588	0.69680255651474	0.25830814242363	65.000000000000	0.00000000000000
34.849998474121	0.69713985919952	0.25807204842567	65.000000000000	0.00000000000000
34.860000610352	0.69747638702393	0.25783592462540	65.000000000000	0.00000000000000
34.869998931885	0.69781202077866	0.25759980082512	65.000000000000	0.00000000000000
34.880001068115	0.69814687967300	0.25736361742020	65.000000000000	0.00000000000000
34.889999389648	0.69848108291626	0.25712740421295	65.000000000000	0.00000000000000
34.900001525879	0.69881445169449	0.25689122080803	65.000000000000	0.00000000000000
34.909999847412	0.69914698600769	0.25665500760078	65.000000000000	0.00000000000000
34.919998168945	0.69947886466980	0.25641879439354	65.000000000000	0.00000000000000
34.930000305176	0.69980990886688	0.25618255138397	65.000000000000	0.00000000000000
34.939998626709	0.70014023780823	0.25594624876976	65.000000000000	0.00000000000000
34.950000762939	0.70046973228455	0.25571000576019	65.000000000000	0.00000000000000
34.959999084473	0.70079851150513	0.25547373294830	65.000000000000	0.00000000000000
34.970001220703	0.70112645626068	0.25523746013641	65.000000000000	0.00000000000000
34.979999542236	0.70145374536514	0.25500118732452	65.000000000000	0.00000000000000
34.990001678467	0.70178020000458	0.25476491451263	65.000000000000	0.00000000000000
35.000000000000	0.70210587978363	0.25452861189842	65.000000000000	0.00000000000000
