25.000000000000	0.34892210364342	-0.61539465188980	65.000000000000	0.00000000000000
25.010000228882	0.34742560982704	-0.61501711606979	65.000000000000	0.00000000000000
25.020000457764	0.34592783451080	-0.61463445425034	65.000000000000	0.00000000000000
25.030000686646	0.34442922472954	-0.61424690485001	65.000000000000	0.00000000000000
25.040000915527	0.34292954206467	-0.61385416984558	65.000000000000	0.00000000000000
25.049999237061	0.34142899513245	-0.61345636844635	65.000000000000	0.00000000000000
25.059999465942	0.33992719650269	-0.61305361986160	65.000000000000	0.00000000000000
25.069999694824	0.33842468261719	-0.61264568567276	65.000000000000	0.00000000000000
25.079999923706	0.33692106604576	-0.61223268508911	65.000000000000	0.00000000000000
25.090000152588	0.33541646599770	-0.61181443929672	65.000000000000	0.00000000000000
25.100000381470	0.33391112089157	-0.61139118671417	65.000000000000	0.00000000000000
25.110000610352	0.33240476250648	-0.61096268892288	65.000000000000	0.00000000000000
25.120000839233	0.33089748024940	-0.61052900552750	65.000000000000	0.00000000000000
25.129999160767	0.32938921451569	-0.61009019613266	65.000000000000	0.00000000000000
25.139999389648	0.32788038253784	-0.60964608192444	65.000000000000	0.00000000000000
25.149999618530	0.32637032866478	-0.60919684171677	65.000000000000	0.00000000000000
25.159999847412	0.32485958933830	-0.60874229669571	65.000000000000	0.00000000000000
25.170000076294	0.32334807515144	-0.60828250646591	65.000000000000	0.00000000000000
25.180000305176	0.32183563709259	-0.60781741142273	65.000000000000	0.00000000000000
25.190000534058	0.32032248377800	-0.60734701156616	65.000000000000	0.00000000000000
25.200000762939	0.31880843639374	-0.60687130689621	65.000000000000	0.00000000000000
25.209999084473	0.31729388237000	-0.60639023780823	65.000000000000	0.00000000000000
25.219999313354	0.31577816605568	-0.60590380430222	65.000000000000	0.00000000000000
25.229999542236	0.31426194310188	-0.60541200637817	65.000000000000	0.00000000000000
25.239999771118	0.31274497509003	-0.60491484403610	65.000000000000	0.00000000000000
25.250000000000	0.31122735142708	-0.60441219806671	65.000000000000	0.00000000000000
25.260000228882	0.30970904231071	-0.60390424728394	65.000000000000	0.00000000000000
25.270000457764	0.30818995833397	-0.60339075326920	65.000000000000	0.00000000000000
25.280000686646	0.30667018890381	-0.60287177562714	65.000000000000	0.00000000000000
25.290000915527	0.30514991283417	-0.60234737396240	65.000000000000	0.00000000000000
25.299999237061	0.30362898111343	-0.60181742906570	65.000000000000	0.00000000000000
25.309999465942	0.30210745334625	-0.60128194093704	65.000000000000	0.00000000000000
25.319999694824	0.30058553814888	-0.60074079036713	65.000000000000	0.00000000000000
25.329999923706	0.29906278848648	-0.60019427537918	65.000000000000	0.00000000000000
25.340000152588	0.29753917455673	-0.59964221715927	65.000000000000	0.00000000000000
25.350000381470	0.29601562023163	-0.59908431768417	65.000000000000	0.00000000000000
25.360000610352	0.29449126124382	-0.59852099418640	65.000000000000	0.00000000000000
25.370000839233	0.29296639561653	-0.59795194864273	65.000000000000	0.00000000000000
25.379999160767	0.29144108295441	-0.59737730026245	65.000000000000	0.00000000000000
25.389999389648	0.28991559147835	-0.59679681062698	65.000000000000	0.00000000000000
25.399999618530	0.28838941454887	-0.59621077775955	65.000000000000	0.00000000000000
25.409999847412	0.28686285018921	-0.59561896324158	65.000000000000	0.00000000000000
25.420000076294	0.28533619642258	-0.59502130746841	65.000000000000	0.00000000000000
25.430000305176	0.28380861878395	-0.59441816806793	65.000000000000	0.00000000000000
25.440000534058	0.28228098154068	-0.59380900859833	65.000000000000	0.00000000000000
25.450000762939	0.28075337409973	-0.59319406747818	65.000000000000	0.00000000000000
25.459999084473	0.27922517061234	-0.59257328510284	65.000000000000	0.00000000000000
25.469999313354	0.27769675850868	-0.59194678068161	65.000000000000	0.00000000000000
25.479999542236	0.27616780996323	-0.59131443500519	65.000000000000	0.00000000000000
25.489999771118	0.27463898062706	-0.59067612886429	65.000000000000	0.00000000000000
25.500000000000	0.27310970425606	-0.59003204107285	65.000000000000	0.00000000000000
25.510000228882	0.27158054709435	-0.58938193321228	65.000000000000	0.00000000000000
25.520000457764	0.27005130052567	-0.58872586488724	65.000000000000	0.00000000000000
25.530000686646	0.26852163672447	-0.58806389570236	65.000000000000	0.00000000000000
25.540000915527	0.26699194312096	-0.58739602565765	65.000000000000	0.00000000000000
25.549999237061	0.26546221971512	-0.58672207593918	65.000000000000	0.00000000000000
25.559999465942	0.26393276453018	-0.58604204654694	65.000000000000	0.00000000000000
25.569999694824	0.26240274310112	-0.58535611629486	65.000000000000	0.00000000000000
25.579999923706	0.26087337732315	-0.58466398715973	65.000000000000	0.00000000000000
25.590000152588	0.25934347510338	-0.58396595716476	65.000000000000	0.00000000000000
25.600000381470	0.25781396031380	-0.58326172828674	65.000000000000	0.00000000000000
25.610000610352	0.25628432631493	-0.58255153894424	65.000000000000	0.00000000000000
25.620000839233	0.25475484132767	-0.58183521032333	65.000000000000	0.00000000000000
25.629999160767	0.25322583317757	-0.58111256361008	65.000000000000	0.00000000000000
25.639999389648	0.25169676542282	-0.58038389682770	65.000000000000	0.00000000000000
25.649999618530	0.25016793608665	-0.57964903116226	65.000000000000	0.00000000000000
25.659999847412	0.24863934516907	-0.57890796661377	65.000000000000	0.00000000000000
25.670000076294	0.24711081385612	-0.57816076278687	65.000000000000	0.00000000000000
25.680000305176	0.24558289349079	-0.57740724086761	65.000000000000	0.00000000000000
25.690000534058	0.24405506253242	-0.57664757966995	65.000000000000	0.00000000000000
25.700000762939	0.24252761900425	-0.57588165998459	65.000000000000	0.00000000000000
25.709999084473	0.24100087583065	-0.57510930299759	65.000000000000	0.00000000000000
25.719999313354	0.23947459459305	-0.57433068752289	65.000000000000	0.00000000000000
25.729999542236	0.23794850707054	-0.57354581356049	65.000000000000	0.00000000000000
25.739999771118	0.23642295598984	-0.57275462150574	65.000000000000	0.00000000000000
25.750000000000	0.23489797115326	-0.57195717096329	65.000000000000	0.00000000000000
25.760000228882	0.23337352275848	-0.57115322351456	65.000000000000	0.00000000000000
25.770000457764	0.23184970021248	-0.57034289836884	65.000000000000	0.00000000000000
25.780000686646	0.23032626509666	-0.56952637434006	65.000000000000	0.00000000000000
25.790000915527	0.22880373895168	-0.56870323419571	65.000000000000	0.00000000000000
25.799999237061	0.22728192806244	-0.56787371635437	65.000000000000	0.00000000000000
25.809999465942	0.22576086223125	-0.56703776121140	65.000000000000	0.00000000000000
25.819999694824	0.22424045205116	-0.56619548797607	65.000000000000	0.00000000000000
25.829999923706	0.22272080183029	-0.56534659862518	65.000000000000	0.00000000000000
25.840000152588	0.22120217978954	-0.56449133157730	65.000000000000	0.00000000000000
25.850000381470	0.21968425810337	-0.56362956762314	65.000000000000	0.00000000000000
25.860000610352	0.21816726028919	-0.56276118755341	65.000000000000	0.00000000000000
25.870000839233	0.21665133535862	-0.56188642978668	65.000000000000	0.00000000000000
25.879999160767	0.21513633430004	-0.56100499629974	65.000000000000	0.00000000000000
25.889999389648	0.21362239122391	-0.56011712551117	65.000000000000	0.00000000000000
25.899999618530	0.21210947632790	-0.55922269821167	65.000000000000	0.00000000000000
25.909999847412	0.21059760451317	-0.55832165479660	65.000000000000	0.00000000000000
25.920000076294	0.20908686518669	-0.55741405487061	65.000000000000	0.00000000000000
25.930000305176	0.20757727324963	-0.55649995803833	65.000000000000	0.00000000000000
25.940000534058	0.20606882870197	-0.55557906627655	65.000000000000	0.00000000000000
25.950000762939	0.20456188917160	-0.55465167760849	65.000000000000	0.00000000000000
25.959999084473	0.20305593311787	-0.55371767282486	65.000000000000	0.00000000000000
25.969999313354	0.20155149698257	-0.55277705192566	65.000000000000	0.00000000000000
25.979999542236	0.20004840195179	-0.55182969570160	65.000000000000	0.00000000000000
25.989999771118	0.19854666292667	-0.55087578296661	65.000000000000	0.00000000000000
26.000000000000	0.19704629480839	-0.54991513490677	65.000000000000	0.00000000000000
26.010000228882	0.19554749131203	-0.54894781112671	65.000000000000	0.00000000000000
26.020000457764	0.19405013322830	-0.54797381162643	65.000000000000	0.00000000000000
26.030000686646	0.19255445897579	-0.54699319601059	65.000000000000	0.00000000000000
26.040000915527	0.19106025993824	-0.54600578546524	65.000000000000	0.00000000000000
26.049999237061	0.18956790864468	-0.54501169919968	65.000000000000	0.00000000000000
26.059999465942	0.18807718157768	-0.54401093721390	65.000000000000	0.00000000000000
26.069999694824	0.18658809363842	-0.54300343990326	65.000000000000	0.00000000000000
26.079999923706	0.18510067462921	-0.54198920726776	65.000000000000	0.00000000000000
26.090000152588	0.18361525237560	-0.54096817970276	65.000000000000	0.00000000000000
26.100000381470	0.18213155865669	-0.53994047641754	65.000000000000	0.00000000000000
26.110000610352	0.18064993619919	-0.53890603780746	65.000000000000	0.00000000000000
26.120000839233	0.17917001247406	-0.53786480426788	65.000000000000	0.00000000000000
26.129999160767	0.17769223451614	-0.53681683540344	65.000000000000	0.00000000000000
26.139999389648	0.17621646821499	-0.53576207160950	65.000000000000	0.00000000000000
26.149999618530	0.17474266886711	-0.53470063209534	65.000000000000	0.00000000000000
26.159999847412	0.17327107489109	-0.53363233804703	65.000000000000	0.00000000000000
26.170000076294	0.17180152237415	-0.53255730867386	65.000000000000	0.00000000000000
26.180000305176	0.17033430933952	-0.53147548437119	65.000000000000	0.00000000000000
26.190000534058	0.16886928677559	-0.53038686513901	65.000000000000	0.00000000000000
26.200000762939	0.16740640997887	-0.52929151058197	65.000000000000	0.00000000000000
26.209999084473	0.16594609618187	-0.52818930149078	65.000000000000	0.00000000000000
26.219999313354	0.16448800265789	-0.52708035707474	65.000000000000	0.00000000000000
26.229999542236	0.16303241252899	-0.52596461772919	65.000000000000	0.00000000000000
26.239999771118	0.16157911717892	-0.52484214305878	65.000000000000	0.00000000000000
26.250000000000	0.16012841463089	-0.52371281385422	65.000000000000	0.00000000000000
26.260000228882	0.15868033468723	-0.52257674932480	65.000000000000	0.00000000000000
26.270000457764	0.15723477303982	-0.52143383026123	65.000000000000	0.00000000000000
26.280000686646	0.15579192340374	-0.52028417587280	65.000000000000	0.00000000000000
26.290000915527	0.15435168147087	-0.51912766695023	65.000000000000	0.00000000000000
26.299999237061	0.15291422605515	-0.51796448230743	65.000000000000	0.00000000000000
26.309999465942	0.15147948265076	-0.51679450273514	65.000000000000	0.00000000000000
26.319999694824	0.15004758536816	-0.51561766862869	65.000000000000	0.00000000000000
26.329999923706	0.14861845970154	-0.51443409919739	65.000000000000	0.00000000000000
26.340000152588	0.14719238877296	-0.51324373483658	65.000000000000	0.00000000000000
26.350000381470	0.14576919376850	-0.51204663515091	65.000000000000	0.00000000000000
26.360000610352	0.14434911310673	-0.51084280014038	65.000000000000	0.00000000000000
26.370000839233	0.14293184876442	-0.50963217020035	65.000000000000	0.00000000000000
26.379999160767	0.14151792228222	-0.50841468572617	65.000000000000	0.00000000000000
26.389999389648	0.14010702073574	-0.50719052553177	65.000000000000	0.00000000000000
26.399999618530	0.13869929313660	-0.50595968961716	65.000000000000	0.00000000000000
26.409999847412	0.13729476928711	-0.50472199916840	65.000000000000	0.00000000000000
26.420000076294	0.13589349389076	-0.50347763299942	65.000000000000	0.00000000000000
26.430000305176	0.13449566066265	-0.50222653150558	65.000000000000	0.00000000000000
26.440000534058	0.13310115039349	-0.50096869468689	65.000000000000	0.00000000000000
26.450000762939	0.13170988857746	-0.49970418214798	65.000000000000	0.00000000000000
26.459999084473	0.13032227754593	-0.49843296408653	65.000000000000	0.00000000000000
26.469999313354	0.12893813848495	-0.49715504050255	65.000000000000	0.00000000000000
26.479999542236	0.12755762040615	-0.49587053060532	65.000000000000	0.00000000000000
26.489999771118	0.12618061900139	-0.49457919597626	65.000000000000	0.00000000000000
26.500000000000	0.12480732053518	-0.49328124523163	65.000000000000	0.00000000000000
26.510000228882	0.12343762814999	-0.49197661876678	65.000000000000	0.00000000000000
26.520000457764	0.12207161635160	-0.49066540598869	65.000000000000	0.00000000000000
26.530000686646	0.12070950120687	-0.48934754729271	65.000000000000	0.00000000000000
26.540000915527	0.11935126036406	-0.48802301287651	65.000000000000	0.00000000000000
26.549999237061	0.11799678951502	-0.48669195175171	65.000000000000	0.00000000000000
26.559999465942	0.11664626002312	-0.48535424470901	65.000000000000	0.00000000000000
26.569999694824	0.11529981344938	-0.48400995135307	65.000000000000	0.00000000000000
26.579999923706	0.11395726352930	-0.48265916109085	65.000000000000	0.00000000000000
26.590000152588	0.11261865496635	-0.48130172491074	65.000000000000	0.00000000000000
26.600000381470	0.11128436028957	-0.47993779182434	65.000000000000	0.00000000000000
26.610000610352	0.10995408892632	-0.47856730222702	65.000000000000	0.00000000000000
26.620000839233	0.10862810164690	-0.47719037532806	65.000000000000	0.00000000000000
26.629999160767	0.10730633884668	-0.47580689191818	65.000000000000	0.00000000000000
26.639999389648	0.10598881542683	-0.47441688179970	65.000000000000	0.00000000000000
26.649999618530	0.10467569530010	-0.47302052378654	65.000000000000	0.00000000000000
26.659999847412	0.10336702316999	-0.47161760926247	65.000000000000	0.00000000000000
26.670000076294	0.10206259787083	-0.47020831704140	65.000000000000	0.00000000000000
26.680000305176	0.10076270997524	-0.46879261732101	65.000000000000	0.00000000000000
26.690000534058	0.099467374384403	-0.46737051010132	65.000000000000	0.00000000000000
26.700000762939	0.098176635801792	-0.46594205498695	65.000000000000	0.00000000000000
26.709999084473	0.096890427172184	-0.46450719237328	65.000000000000	0.00000000000000
26.719999313354	0.095608793199062	-0.46306607127190	65.000000000000	0.00000000000000
26.729999542236	0.094331979751587	-0.46161857247353	65.000000000000	0.00000000000000
26.739999771118	0.093059808015823	-0.46016481518745	65.000000000000	0.00000000000000
26.750000000000	0.091792546212673	-0.45870476961136	65.000000000000	0.00000000000000
26.760000228882	0.090530112385750	-0.45723849534988	65.000000000000	0.00000000000000
26.770000457764	0.089272446930408	-0.45576590299606	65.000000000000	0.00000000000000
26.780000686646	0.088019698858261	-0.45428717136383	65.000000000000	0.00000000000000
26.790000915527	0.086771994829178	-0.45280224084854	65.000000000000	0.00000000000000
26.799999237061	0.085529275238514	-0.45131114125252	65.000000000000	0.00000000000000
26.809999465942	0.084291592240334	-0.44981390237808	65.000000000000	0.00000000000000
26.819999694824	0.083059072494507	-0.44831052422523	65.000000000000	0.00000000000000
26.829999923706	0.081831648945808	-0.44680106639862	65.000000000000	0.00000000000000
26.840000152588	0.080609373748302	-0.44528552889824	65.000000000000	0.00000000000000
26.850000381470	0.079392269253731	-0.44376397132874	65.000000000000	0.00000000000000
26.860000610352	0.078180700540543	-0.44223636388779	65.000000000000	0.00000000000000
26.870000839233	0.076974160969257	-0.44070276618004	65.000000000000	0.00000000000000
26.879999160767	0.075773134827614	-0.43916320800781	65.000000000000	0.00000000000000
26.889999389648	0.074577428400517	-0.43761768937111	65.000000000000	0.00000000000000
26.899999618530	0.073387078940868	-0.43606626987457	65.000000000000	0.00000000000000
26.909999847412	0.072202339768410	-0.43450891971588	65.000000000000	0.00000000000000
26.920000076294	0.071023046970367	-0.43294581770897	65.000000000000	0.00000000000000
26.930000305176	0.069849431514740	-0.43137675523758	65.000000000000	0.00000000000000
26.940000534058	0.068681322038174	-0.42980194091797	65.000000000000	0.00000000000000
26.950000762939	0.067518964409828	-0.42822137475014	65.000000000000	0.00000000000000
26.959999084473	0.066362202167511	-0.42663505673409	65.000000000000	0.00000000000000
26.969999313354	0.065211251378059	-0.42504301667213	65.000000000000	0.00000000000000
26.979999542236	0.064065955579281	-0.42344525456429	65.000000000000	0.00000000000000
26.989999771118	0.062926560640335	-0.42184183001518	65.000000000000	0.00000000000000
27.000000000000	0.061793088912964	-0.42023283243179	65.000000000000	0.00000000000000
27.010000228882	0.060665380209684	-0.41861817240715	65.000000000000	0.00000000000000
27.020000457764	0.059543672949076	-0.41699799895287	65.000000000000	0.00000000000000
27.030000686646	0.058427799493074	-0.41537228226662	65.000000000000	0.00000000000000
27.040000915527	0.057317994534969	-0.41374105215073	65.000000000000	0.00000000000000
27.049999237061	0.056214384734631	-0.41210439801216	65.000000000000	0.00000000000000
27.059999465942	0.055116713047028	-0.41046226024628	65.000000000000	0.00000000000000
27.069999694824	0.054025206714869	-0.40881469845772	65.000000000000	0.00000000000000
27.079999923706	0.052939914166927	-0.40716180205345	65.000000000000	0.00000000000000
27.090000152588	0.051860757172108	-0.40550357103348	65.000000000000	0.00000000000000
27.100000381470	0.050787866115570	-0.40384000539780	65.000000000000	0.00000000000000
27.110000610352	0.049721274524927	-0.40217119455338	65.000000000000	0.00000000000000
27.120000839233	0.048661023378372	-0.40049713850021	65.000000000000	0.00000000000000
27.129999160767	0.047607135027647	-0.39881792664528	65.000000000000	0.00000000000000
27.139999389648	0.046559650450945	-0.39713352918625	65.000000000000	0.00000000000000
27.149999618530	0.045518498867750	-0.39544397592545	65.000000000000	0.00000000000000
27.159999847412	0.044483814388514	-0.39374938607216	65.000000000000	0.00000000000000
27.170000076294	0.043455719947815	-0.39204970002174	65.000000000000	0.00000000000000
27.180000305176	0.042434062808752	-0.39034497737885	65.000000000000	0.00000000000000
27.190000534058	0.041419055312872	-0.38863533735275	65.000000000000	0.00000000000000
27.200000762939	0.040410641580820	-0.38692072033882	65.000000000000	0.00000000000000
27.209999084473	0.039408847689629	-0.38520118594170	65.000000000000	0.00000000000000
27.219999313354	0.038413703441620	-0.38347679376602	65.000000000000	0.00000000000000
27.229999542236	0.037425249814987	-0.38174760341644	65.000000000000	0.00000000000000
27.239999771118	0.036443594843149	-0.38001355528831	65.000000000000	0.00000000000000
27.250000000000	0.035468686372042	-0.37827482819557	65.000000000000	0.00000000000000
27.260000228882	0.034500639885664	-0.37653136253357	65.000000000000	0.00000000000000
27.270000457764	0.033539399504662	-0.37478318810463	65.000000000000	0.00000000000000
27.280000686646	0.032585080713034	-0.37303042411804	65.000000000000	0.00000000000000
27.290000915527	0.031637534499168	-0.37127304077148	65.000000000000	0.00000000000000
27.299999237061	0.030697057023644	-0.36951112747192	65.000000000000	0.00000000000000
27.309999465942	0.029763501137495	-0.36774474382401	65.000000000000	0.00000000000000
27.319999694824	0.028836892917752	-0.36597377061844	65.000000000000	0.00000000000000
27.329999923706	0.027917439118028	-0.36419844627380	65.000000000000	0.00000000000000
27.340000152588	0.027004988864064	-0.36241874098778	65.000000000000	0.00000000000000
27.350000381470	0.026099571958184	-0.36063468456268	65.000000000000	0.00000000000000
27.360000610352	0.025201389566064	-0.35884627699852	65.000000000000	0.00000000000000
27.370000839233	0.024310296401381	-0.35705366730690	65.000000000000	0.00000000000000
27.379999160767	0.023426316678524	-0.35525682568550	65.000000000000	0.00000000000000
27.389999389648	0.022549649700522	-0.35345578193665	65.000000000000	0.00000000000000
27.399999618530	0.021680155768991	-0.35165059566498	65.000000000000	0.00000000000000
27.409999847412	0.020818023011088	-0.34984135627747	65.000000000000	0.00000000000000
27.420000076294	0.019963029772043	-0.34802803397179	65.000000000000	0.00000000000000
27.430000305176	0.019115449860692	-0.34621071815491	65.000000000000	0.00000000000000
27.440000534058	0.018275225535035	-0.34438940882683	65.000000000000	0.00000000000000
27.450000762939	0.017442386597395	-0.34256425499916	65.000000000000	0.00000000000000
27.459999084473	0.016616871580482	-0.34073516726494	65.000000000000	0.00000000000000
27.469999313354	0.015798786655068	-0.33890226483345	65.000000000000	0.00000000000000
27.479999542236	0.014988319948316	-0.33706557750702	65.000000000000	0.00000000000000
27.489999771118	0.014185170643032	-0.33522516489029	65.000000000000	0.00000000000000
27.500000000000	0.013389527797699	-0.33338108658791	65.000000000000	0.00000000000000
27.510000228882	0.012601491063833	-0.33153331279755	65.000000000000	0.00000000000000
27.520000457764	0.011821002699435	-0.32968193292618	65.000000000000	0.00000000000000
27.530000686646	0.011048010550439	-0.32782700657845	65.000000000000	0.00000000000000
27.540000915527	0.010282693430781	-0.32596859335899	65.000000000000	0.00000000000000
27.549999237061	0.0095249935984612	-0.32410669326782	65.000000000000	0.00000000000000
27.559999465942	0.0087748598307371	-0.32224139571190	65.000000000000	0.00000000000000
27.569999694824	0.0080324662849307	-0.32037270069122	65.000000000000	0.00000000000000
27.579999923706	0.0072977575473487	-0.31850069761276	65.000000000000	0.00000000000000
27.590000152588	0.0065706805326045	-0.31662541627884	65.000000000000	0.00000000000000
27.600000381470	0.0058514066040516	-0.31474685668945	65.000000000000	0.00000000000000
27.610000610352	0.0051398831419647	-0.31286513805389	65.000000000000	0.00000000000000
27.620000839233	0.0044361301697791	-0.31098029017448	65.000000000000	0.00000000000000
27.629999160767	0.0037401672452688	-0.30909237265587	65.000000000000	0.00000000000000
27.639999389648	0.0030520162545145	-0.30720138549805	65.000000000000	0.00000000000000
27.649999618530	0.0023716231808066	-0.30530741810799	65.000000000000	0.00000000000000
27.659999847412	0.0016991549637169	-0.30341050028801	65.000000000000	0.00000000000000
27.670000076294	0.0010345573537052	-0.30151069164276	65.000000000000	0.00000000000000
27.680000305176	0.00037777848774567	-0.29960802197456	65.000000000000	0.00000000000000
27.690000534058	-0.00027109039365314	-0.29770255088806	65.000000000000	0.00000000000000
27.700000762939	-0.00091195985442027	-0.29579430818558	65.000000000000	0.00000000000000
27.709999084473	-0.0015449528582394	-0.29388338327408	65.000000000000	0.00000000000000
27.719999313354	-0.0021699799690396	-0.29196977615356	65.000000000000	0.00000000000000
27.729999542236	-0.0027870929334313	-0.29005354642868	65.000000000000	0.00000000000000
27.739999771118	-0.0033960659056902	-0.28813481330872	65.000000000000	0.00000000000000
27.750000000000	-0.0039972257800400	-0.28621354699135	65.000000000000	0.00000000000000
27.760000228882	-0.0045902798883617	-0.28428980708122	65.000000000000	0.00000000000000
27.770000457764	-0.0051753474399447	-0.28236365318298	65.000000000000	0.00000000000000
27.780000686646	-0.0057522766292095	-0.28043511509895	65.000000000000	0.00000000000000
27.790000915527	-0.0063211843371391	-0.27850428223610	65.000000000000	0.00000000000000
27.799999237061	-0.0068820551969111	-0.27657118439674	65.000000000000	0.00000000000000
27.809999465942	-0.0074348710477352	-0.27463588118553	65.000000000000	0.00000000000000
27.819999694824	-0.0079796137288213	-0.27269840240479	65.000000000000	0.00000000000000
27.829999923706	-0.0085161374881864	-0.27075883746147	65.000000000000	0.00000000000000
27.840000152588	-0.0090446239337325	-0.26881715655327	65.000000000000	0.00000000000000
27.850000381470	-0.0095649892464280	-0.26687350869179	65.000000000000	0.00000000000000
27.860000610352	-0.010077155195177	-0.26492783427238	65.000000000000	0.00000000000000
27.870000839233	-0.010581232607365	-0.26298028230667	65.000000000000	0.00000000000000
27.879999160767	-0.011077136732638	-0.26103085279465	65.000000000000	0.00000000000000
27.889999389648	-0.011564804241061	-0.25907960534096	65.000000000000	0.00000000000000
27.899999618530	-0.012044396251440	-0.25712659955025	65.000000000000	0.00000000000000
27.909999847412	-0.012515777722001	-0.25517186522484	65.000000000000	0.00000000000000
27.920000076294	-0.012978811748326	-0.25321546196938	65.000000000000	0.00000000000000
27.930000305176	-0.013433966785669	-0.25125744938850	65.000000000000	0.00000000000000
27.940000534058	-0.013880626298487	-0.24929785728455	65.000000000000	0.00000000000000
27.950000762939	-0.014319134876132	-0.24733673036098	65.000000000000	0.00000000000000
27.959999084473	-0.014749597758055	-0.24537417292595	65.000000000000	0.00000000000000
27.969999313354	-0.015171528793871	-0.24341018497944	65.000000000000	0.00000000000000
27.979999542236	-0.015585385262966	-0.24144484102726	65.000000000000	0.00000000000000
27.989999771118	-0.015991143882275	-0.23947817087173	65.000000000000	0.00000000000000
28.000000000000	-0.016388451680541	-0.23751021921635	65.000000000000	0.00000000000000
28.010000228882	-0.016777522861958	-0.23554109036922	65.000000000000	0.00000000000000
28.020000457764	-0.017158342525363	-0.23357076942921	65.000000000000	0.00000000000000
28.030000686646	-0.017530899494886	-0.23159937560558	65.000000000000	0.00000000000000
28.040000915527	-0.017895286902785	-0.22962684929371	65.000000000000	0.00000000000000
28.049999237061	-0.018251381814480	-0.22765333950520	65.000000000000	0.00000000000000
28.059999465942	-0.018599171191454	-0.22567886114120	65.000000000000	0.00000000000000
28.069999694824	-0.018938748165965	-0.22370348870754	65.000000000000	0.00000000000000
28.079999923706	-0.019269993528724	-0.22172722220421	65.000000000000	0.00000000000000
28.090000152588	-0.019592996686697	-0.21975013613701	65.000000000000	0.00000000000000
28.100000381470	-0.019907642155886	-0.21777233481407	65.000000000000	0.00000000000000
28.110000610352	-0.020214123651385	-0.21579378843307	65.000000000000	0.00000000000000
28.120000839233	-0.020512219518423	-0.21381457149982	65.000000000000	0.00000000000000
28.129999160767	-0.020802119746804	-0.21183474361897	65.000000000000	0.00000000000000
28.139999389648	-0.021083811298013	-0.20985434949398	65.000000000000	0.00000000000000
28.149999618530	-0.021357076242566	-0.20787346363068	65.000000000000	0.00000000000000
28.159999847412	-0.021622106432915	-0.20589210093021	65.000000000000	0.00000000000000
28.170000076294	-0.021878879517317	-0.20391033589840	65.000000000000	0.00000000000000
28.180000305176	-0.022127483040094	-0.20192818343639	65.000000000000	0.00000000000000
28.190000534058	-0.022367607802153	-0.19994574785233	65.000000000000	0.00000000000000
28.200000762939	-0.022599624469876	-0.19796299934387	65.000000000000	0.00000000000000
28.209999084473	-0.022823326289654	-0.19598005712032	65.000000000000	0.00000000000000
28.219999313354	-0.023038793355227	-0.19399696588516	65.000000000000	0.00000000000000
28.229999542236	-0.023245917633176	-0.19201375544071	65.000000000000	0.00000000000000
28.239999771118	-0.023444864898920	-0.19003047049046	65.000000000000	0.00000000000000
28.250000000000	-0.023635616526008	-0.18804715573788	65.000000000000	0.00000000000000
28.260000228882	-0.023818066343665	-0.18606388568878	65.000000000000	0.00000000000000
28.270000457764	-0.023992288857698	-0.18408070504665	65.000000000000	0.00000000000000
28.280000686646	-0.024158347398043	-0.18209762871265	65.000000000000	0.00000000000000
28.290000915527	-0.024316055700183	-0.18011474609375	65.000000000000	0.00000000000000
28.299999237061	-0.024465652182698	-0.17813207209110	65.000000000000	0.00000000000000
28.309999465942	-0.024606944993138	-0.17614969611168	65.000000000000	0.00000000000000
28.319999694824	-0.024740088731050	-0.17416764795780	65.000000000000	0.00000000000000
28.329999923706	-0.024865135550499	-0.17218595743179	65.000000000000	0.00000000000000
28.340000152588	-0.024981824681163	-0.17020468413830	65.000000000000	0.00000000000000
28.350000381470	-0.025090375915170	-0.16822388768196	65.000000000000	0.00000000000000
28.360000610352	-0.025190770626068	-0.16624364256859	65.000000000000	0.00000000000000
28.370000839233	-0.025283060967922	-0.16426390409470	65.000000000000	0.00000000000000
28.379999160767	-0.025367140769958	-0.16228480637074	65.000000000000	0.00000000000000
28.389999389648	-0.025443142279983	-0.16030636429787	65.000000000000	0.00000000000000
28.399999618530	-0.025510890409350	-0.15832863748074	65.000000000000	0.00000000000000
28.409999847412	-0.025570657104254	-0.15635165572166	65.000000000000	0.00000000000000
28.420000076294	-0.025622190907598	-0.15437550842762	65.000000000000	0.00000000000000
28.430000305176	-0.025665679946542	-0.15240018069744	65.000000000000	0.00000000000000
28.440000534058	-0.025701100006700	-0.15042576193810	65.000000000000	0.00000000000000
28.450000762939	-0.025728410109878	-0.14845228195190	65.000000000000	0.00000000000000
28.459999084473	-0.025747727602720	-0.14647980034351	65.000000000000	0.00000000000000
28.469999313354	-0.025758940726519	-0.14450836181641	65.000000000000	0.00000000000000
28.479999542236	-0.025762084871531	-0.14253799617290	65.000000000000	0.00000000000000
28.489999771118	-0.025757323950529	-0.14056874811649	65.000000000000	0.00000000000000
28.500000000000	-0.025744419544935	-0.13860070705414	65.000000000000	0.00000000000000
28.510000228882	-0.025723591446877	-0.13663387298584	65.000000000000	0.00000000000000
28.520000457764	-0.025694668292999	-0.13466833531857	65.000000000000	0.00000000000000
28.530000686646	-0.025657925754786	-0.13270406424999	65.000000000000	0.00000000000000
28.540000915527	-0.025613183155656	-0.13074117898941	65.000000000000	0.00000000000000
28.549999237061	-0.025560399517417	-0.12877973914146	65.000000000000	0.00000000000000
28.559999465942	-0.025499820709229	-0.12681968510151	65.000000000000	0.00000000000000
28.569999694824	-0.025431271642447	-0.12486117333174	65.000000000000	0.00000000000000
28.579999923706	-0.025354811921716	-0.12290417402983	65.000000000000	0.00000000000000
28.590000152588	-0.025270558893681	-0.12094877660275	65.000000000000	0.00000000000000
28.600000381470	-0.025178389623761	-0.11899500340223	65.000000000000	0.00000000000000
28.610000610352	-0.025078395381570	-0.11704289913177	65.000000000000	0.00000000000000
28.620000839233	-0.024970570579171	-0.11509252339602	65.000000000000	0.00000000000000
28.629999160767	-0.024854967370629	-0.11314389854670	65.000000000000	0.00000000000000
28.639999389648	-0.024731535464525	-0.11119709908962	65.000000000000	0.00000000000000
28.649999618530	-0.024600373581052	-0.10925213247538	65.000000000000	0.00000000000000
28.659999847412	-0.024461444467306	-0.10730906575918	65.000000000000	0.00000000000000
28.670000076294	-0.024314777925611	-0.10536792874336	65.000000000000	0.00000000000000
28.680000305176	-0.024160396307707	-0.10342877358198	65.000000000000	0.00000000000000
28.690000534058	-0.023998342454433	-0.10149163752794	65.000000000000	0.00000000000000
28.700000762939	-0.023828620091081	-0.099556565284729	65.000000000000	0.00000000000000
28.709999084473	-0.023651225492358	-0.097623609006405	65.000000000000	0.00000000000000
28.719999313354	-0.023466195911169	-0.095692791044712	65.000000000000	0.00000000000000
28.729999542236	-0.023273549973965	-0.093764171004295	65.000000000000	0.00000000000000
28.739999771118	-0.023073319345713	-0.091837778687477	65.000000000000	0.00000000000000
28.750000000000	-0.022865524515510	-0.089913651347160	65.000000000000	0.00000000000000
28.760000228882	-0.022650210186839	-0.087991848587990	65.000000000000	0.00000000000000
28.770000457764	-0.022427303716540	-0.086072400212288	65.000000000000	0.00000000000000
28.780000686646	-0.022196942940354	-0.084155350923538	65.000000000000	0.00000000000000
28.790000915527	-0.021959083154798	-0.082240730524063	65.000000000000	0.00000000000000
28.799999237061	-0.021713783964515	-0.080328591167927	65.000000000000	0.00000000000000
28.809999465942	-0.021461039781570	-0.078418977558613	65.000000000000	0.00000000000000
28.819999694824	-0.021200869232416	-0.076511912047863	65.000000000000	0.00000000000000
28.829999923706	-0.020933322608471	-0.074607439339161	65.000000000000	0.00000000000000
28.840000152588	-0.020658405497670	-0.072705604135990	65.000000000000	0.00000000000000
28.850000381470	-0.020376132801175	-0.070806451141834	65.000000000000	0.00000000000000
28.860000610352	-0.020086567848921	-0.068910002708435	65.000000000000	0.00000000000000
28.870000839233	-0.019789705052972	-0.067016318440437	65.000000000000	0.00000000000000
28.879999160767	-0.019485559314489	-0.065125420689583	65.000000000000	0.00000000000000
28.889999389648	-0.019174177199602	-0.063237339258194	65.000000000000	0.00000000000000
28.899999618530	-0.018855582922697	-0.061352141201496	65.000000000000	0.00000000000000
28.909999847412	-0.018529776483774	-0.059469845145941	65.000000000000	0.00000000000000
28.920000076294	-0.018196832388639	-0.057590484619141	65.000000000000	0.00000000000000
28.930000305176	-0.017856724560261	-0.055714111775160	65.000000000000	0.00000000000000
28.940000534058	-0.017509503290057	-0.053840752691031	65.000000000000	0.00000000000000
28.950000762939	-0.017155194655061	-0.051970444619656	65.000000000000	0.00000000000000
28.959999084473	-0.016793821007013	-0.050103228539228	65.000000000000	0.00000000000000
28.969999313354	-0.016425423324108	-0.048239134252071	65.000000000000	0.00000000000000
28.979999542236	-0.016049999743700	-0.046378206461668	65.000000000000	0.00000000000000
28.989999771118	-0.015667608007789	-0.044520471245050	65.000000000000	0.00000000000000
29.000000000000	-0.015278262086213	-0.042665969580412	65.000000000000	0.00000000000000
29.010000228882	-0.014881970360875	-0.040814738720655	65.000000000000	0.00000000000000
29.020000457764	-0.014478802680969	-0.038966804742813	65.000000000000	0.00000000000000
29.030000686646	-0.014068759977818	-0.037122216075659	65.000000000000	0.00000000000000
29.040000915527	-0.013651857152581	-0.035280995070934	65.000000000000	0.00000000000000
29.049999237061	-0.013228160329163	-0.033443178981543	65.000000000000	0.00000000000000
29.059999465942	-0.012797671370208	-0.031608801335096	65.000000000000	0.00000000000000
29.069999694824	-0.012360418215394	-0.029777895659208	65.000000000000	0.00000000000000
29.079999923706	-0.011916443705559	-0.027950499206781	65.000000000000	0.00000000000000
29.090000152588	-0.011465775780380	-0.026126641780138	65.000000000000	0.00000000000000
29.100000381470	-0.011008433066308	-0.024306353181601	65.000000000000	0.00000000000000
29.110000610352	-0.010544446296990	-0.022489676252007	65.000000000000	0.00000000000000
29.120000839233	-0.010073858313262	-0.020676627755165	65.000000000000	0.00000000000000
29.129999160767	-0.0095966923981905	-0.018867250531912	65.000000000000	0.00000000000000
29.139999389648	-0.0091129755601287	-0.017061572521925	65.000000000000	0.00000000000000
29.149999618530	-0.0086227320134640	-0.015259627252817	65.000000000000	0.00000000000000
29.159999847412	-0.0081260045990348	-0.013461442664266	65.000000000000	0.00000000000000
29.170000076294	-0.0076228193938732	-0.011667053215206	65.000000000000	0.00000000000000
29.180000305176	-0.0071132052689791	-0.0098764868453145	65.000000000000	0.00000000000000
29.190000534058	-0.0065971976146102	-0.0080897733569145	65.000000000000	0.00000000000000
29.200000762939	-0.0060748243704438	-0.0063069462776184	65.000000000000	0.00000000000000
29.209999084473	-0.0055461153388023	-0.0045280302874744	65.000000000000	0.00000000000000
29.219999313354	-0.0050111068412662	-0.0027530582156032	65.000000000000	0.00000000000000
29.229999542236	-0.0044698254205287	-0.00098205753602087	65.000000000000	0.00000000000000
29.239999771118	-0.0039223050698638	0.00078494183253497	65.000000000000	0.00000000000000
29.250000000000	-0.0033685783855617	0.0025479116011411	65.000000000000	0.00000000000000
29.260000228882	-0.0028086763340980	0.0043068230152130	65.000000000000	0.00000000000000
29.270000457764	-0.0022426305804402	0.0060616508126259	65.000000000000	0.00000000000000
29.280000686646	-0.0016704736044630	0.0078123644925654	65.000000000000	0.00000000000000
29.290000915527	-0.0010922444052994	0.0095589365810156	65.000000000000	0.00000000000000
29.299999237061	-0.00050796329742298	0.011301342397928	65.000000000000	0.00000000000000
29.309999465942	8.2325990661047e-05	0.013039553537965	65.000000000000	0.00000000000000
29.319999694824	0.00067859666887671	0.014773542061448	65.000000000000	0.00000000000000
29.329999923706	0.0012808117317036	0.016503283753991	65.000000000000	0.00000000000000
29.340000152588	0.0018889445345849	0.018228756263852	65.000000000000	0.00000000000000
29.350000381470	0.0025029580574483	0.019949924200773	65.000000000000	0.00000000000000
29.360000610352	0.0031228167936206	0.021666770800948	65.000000000000	0.00000000000000
29.370000839233	0.0037484937347472	0.023379268124700	65.000000000000	0.00000000000000
29.379999160767	0.0043799476698041	0.025087391957641	65.000000000000	0.00000000000000
29.389999389648	0.0050171385519207	0.026791116222739	65.000000000000	0.00000000000000
29.399999618530	0.0056600556708872	0.028490416705608	65.000000000000	0.00000000000000
29.409999847412	0.0063086492009461	0.030185272917151	65.000000000000	0.00000000000000
29.420000076294	0.0069628856144845	0.031875658780336	65.000000000000	0.00000000000000
29.430000305176	0.0076227257959545	0.033561546355486	65.000000000000	0.00000000000000
29.440000534058	0.0082881608977914	0.035242922604084	65.000000000000	0.00000000000000
29.450000762939	0.0089591201394796	0.036919753998518	65.000000000000	0.00000000000000
29.459999084473	0.0096355890855193	0.038592029362917	65.000000000000	0.00000000000000
29.469999313354	0.010317542590201	0.040259718894958	65.000000000000	0.00000000000000
29.479999542236	0.011004926636815	0.041922800242901	65.000000000000	0.00000000000000
29.489999771118	0.011697715148330	0.043581258505583	65.000000000000	0.00000000000000
29.500000000000	0.012395885773003	0.045235067605972	65.000000000000	0.00000000000000
29.510000228882	0.013099375180900	0.046884201467037	65.000000000000	0.00000000000000
29.520000457764	0.013808169402182	0.048528648912907	65.000000000000	0.00000000000000
29.530000686646	0.014522230252624	0.050168383866549	65.000000000000	0.00000000000000
29.540000915527	0.015241523273289	0.051803387701511	65.000000000000	0.00000000000000
29.549999237061	0.015966018661857	0.053433645516634	65.000000000000	0.00000000000000
29.559999465942	0.016695668920875	0.055059127509594	65.000000000000	0.00000000000000
29.569999694824	0.017430424690247	0.056679826229811	65.000000000000	0.00000000000000
29.579999923706	0.018170299008489	0.058295708149672	65.000000000000	0.00000000000000
29.590000152588	0.018915217369795	0.059906762093306	65.000000000000	0.00000000000000
29.600000381470	0.019665148109198	0.061512984335423	65.000000000000	0.00000000000000
29.610000610352	0.020420068874955	0.063114330172539	65.000000000000	0.00000000000000
29.620000839233	0.021179934963584	0.064710803329945	65.000000000000	0.00000000000000
29.629999160767	0.021944701671600	0.066302366554737	65.000000000000	0.00000000000000
29.639999389648	0.022714359685779	0.067889027297497	65.000000000000	0.00000000000000
29.649999618530	0.023488875478506	0.069470740854740	65.000000000000	0.00000000000000
29.659999847412	0.024268187582493	0.071047522127628	65.000000000000	0.00000000000000
29.670000076294	0.025052251294255	0.072619318962097	65.000000000000	0.00000000000000
29.680000305176	0.025841070339084	0.074186146259308	65.000000000000	0.00000000000000
29.690000534058	0.026634581387043	0.075747974216938	65.000000000000	0.00000000000000
29.700000762939	0.027432749047875	0.077304787933826	65.000000000000	0.00000000000000
29.709999084473	0.028235556557775	0.078856557607651	65.000000000000	0.00000000000000
29.719999313354	0.029042962938547	0.080403313040733	65.000000000000	0.00000000000000
29.729999542236	0.029854888096452	0.081944987177849	65.000000000000	0.00000000000000
29.739999771118	0.030671380460262	0.083481594920158	65.000000000000	0.00000000000000
29.750000000000	0.031492318958044	0.085013121366501	65.000000000000	0.00000000000000
29.760000228882	0.032317724078894	0.086539551615715	65.000000000000	0.00000000000000
29.770000457764	0.033147562295198	0.088060855865479	65.000000000000	0.00000000000000
29.780000686646	0.033981747925282	0.089577041566372	65.000000000000	0.00000000000000
29.790000915527	0.034820299595594	0.091088086366653	65.000000000000	0.00000000000000
29.799999237061	0.035663127899170	0.092593982815742	65.000000000000	0.00000000000000
29.809999465942	0.036510225385427	0.094094708561897	65.000000000000	0.00000000000000
29.819999694824	0.037361599504948	0.095590256154537	65.000000000000	0.00000000000000
29.829999923706	0.038217134773731	0.097080618143082	65.000000000000	0.00000000000000
29.840000152588	0.039076860994101	0.098565779626369	65.000000000000	0.00000000000000
29.850000381470	0.039940677583218	0.10004572570324	65.000000000000	0.00000000000000
29.860000610352	0.040808599442244	0.10152046382427	65.000000000000	0.00000000000000
29.870000839233	0.041680570691824	0.10298994928598	65.000000000000	0.00000000000000
29.879999160767	0.042556583881378	0.10445421189070	65.000000000000	0.00000000000000
29.889999389648	0.043436553329229	0.10591319948435	65.000000000000	0.00000000000000
29.899999618530	0.044320486485958	0.10736693441868	65.000000000000	0.00000000000000
29.909999847412	0.045208323746920	0.10881539434195	65.000000000000	0.00000000000000
29.920000076294	0.046100027859211	0.11025857925415	65.000000000000	0.00000000000000
29.930000305176	0.046995613723993	0.11169645935297	65.000000000000	0.00000000000000
29.940000534058	0.047894943505526	0.11312905699015	65.000000000000	0.00000000000000
29.950000762939	0.048798080533743	0.11455632746220	65.000000000000	0.00000000000000
29.959999084473	0.049704957753420	0.11597829312086	65.000000000000	0.00000000000000
29.969999313354	0.050615515559912	0.11739493161440	65.000000000000	0.00000000000000
29.979999542236	0.051529712975025	0.11880624294281	65.000000000000	0.00000000000000
29.989999771118	0.052447572350502	0.12021219730377	65.000000000000	0.00000000000000
30.000000000000	0.053369011729956	0.12161281704903	65.000000000000	0.00000000000000
30.010000228882	0.054294008761644	0.12300807237625	65.000000000000	0.00000000000000
30.020000457764	0.055222537368536	0.12439799308777	65.000000000000	0.00000000000000
30.030000686646	0.056154575198889	0.12578250467777	65.000000000000	0.00000000000000
30.040000915527	0.057089988142252	0.12716168165207	65.000000000000	0.00000000000000
30.049999237061	0.058028873056173	0.12853544950485	65.000000000000	0.00000000000000
30.059999465942	0.058971114456654	0.12990385293961	65.000000000000	0.00000000000000
30.069999694824	0.059916708618402	0.13126686215401	65.000000000000	0.00000000000000
30.079999923706	0.060865629464388	0.13262447714806	65.000000000000	0.00000000000000
30.090000152588	0.061817768961191	0.13397668302059	65.000000000000	0.00000000000000
30.100000381470	0.062773227691650	0.13532347977161	65.000000000000	0.00000000000000
30.110000610352	0.063731856644154	0.13666488230228	65.000000000000	0.00000000000000
30.120000839233	0.064693607389927	0.13800087571144	65.000000000000	0.00000000000000
30.129999160767	0.065658576786518	0.13933144509792	65.000000000000	0.00000000000000
30.139999389648	0.066626586019993	0.14065657556057	65.000000000000	0.00000000000000
30.149999618530	0.067597694694996	0.14197631180286	65.000000000000	0.00000000000000
30.159999847412	0.068571820855141	0.14329059422016	65.000000000000	0.00000000000000
30.170000076294	0.069548957049847	0.14459946751595	65.000000000000	0.00000000000000
30.180000305176	0.070529028773308	0.14590288698673	65.000000000000	0.00000000000000
30.190000534058	0.071512058377266	0.14720088243484	65.000000000000	0.00000000000000
30.200000762939	0.072497941553593	0.14849345386028	65.000000000000	0.00000000000000
30.209999084473	0.073486737906933	0.14978055655956	65.000000000000	0.00000000000000
30.219999313354	0.074478320777416	0.15106223523617	65.000000000000	0.00000000000000
30.229999542236	0.075472727417946	0.15233847498894	65.000000000000	0.00000000000000
30.239999771118	0.076469890773296	0.15360927581787	65.000000000000	0.00000000000000
30.250000000000	0.077469781041145	0.15487460792065	65.000000000000	0.00000000000000
30.260000228882	0.078472301363945	0.15613451600075	65.000000000000	0.00000000000000
30.270000457764	0.079477556049824	0.15738895535469	65.000000000000	0.00000000000000
30.280000686646	0.080485388636589	0.15863797068596	65.000000000000	0.00000000000000
30.290000915527	0.081495858728886	0.15988154709339	65.000000000000	0.00000000000000
30.299999237061	0.082508862018585	0.16111965477467	65.000000000000	0.00000000000000
30.309999465942	0.083524361252785	0.16235232353210	65.000000000000	0.00000000000000
30.319999694824	0.084542348980904	0.16357953846455	65.000000000000	0.00000000000000
30.329999923706	0.085562855005264	0.16480131447315	65.000000000000	0.00000000000000
30.340000152588	0.086585745215416	0.16601766645908	65.000000000000	0.00000000000000
30.350000381470	0.087611012160778	0.16722854971886	65.000000000000	0.00000000000000
30.360000610352	0.088638663291931	0.16843400895596	65.000000000000	0.00000000000000
30.370000839233	0.089668668806553	0.16963401436806	65.000000000000	0.00000000000000
30.379999160767	0.090700969099998	0.17082858085632	65.000000000000	0.00000000000000
30.389999389648	0.091735452413559	0.17201772332191	65.000000000000	0.00000000000000
30.399999618530	0.092772223055363	0.17320144176483	65.000000000000	0.00000000000000
30.409999847412	0.093811213970184	0.17437970638275	65.000000000000	0.00000000000000
30.420000076294	0.094852313399315	0.17555257678032	65.000000000000	0.00000000000000
30.430000305176	0.095895588397980	0.17671999335289	65.000000000000	0.00000000000000
30.440000534058	0.096940979361534	0.17788201570511	65.000000000000	0.00000000000000
30.450000762939	0.097988374531269	0.17903858423233	65.000000000000	0.00000000000000
30.459999084473	0.099037878215313	0.18018975853920	65.000000000000	0.00000000000000
30.469999313354	0.10008934885263	0.18133552372456	65.000000000000	0.00000000000000
30.479999542236	0.10114283114672	0.18247586488724	65.000000000000	0.00000000000000
30.489999771118	0.10219821333885	0.18361082673073	65.000000000000	0.00000000000000
30.500000000000	0.10325554013252	0.18474037945271	65.000000000000	0.00000000000000
30.510000228882	0.10431475192308	0.18586453795433	65.000000000000	0.00000000000000
30.520000457764	0.10537582635880	0.18698330223560	65.000000000000	0.00000000000000
30.530000686646	0.10643872618675	0.18809668719769	65.000000000000	0.00000000000000
30.540000915527	0.10750339925289	0.18920470774174	65.000000000000	0.00000000000000
30.549999237061	0.10856980830431	0.19030734896660	65.000000000000	0.00000000000000
30.559999465942	0.10963802039623	0.19140458106995	65.000000000000	0.00000000000000
30.569999694824	0.11070784926414	0.19249649345875	65.000000000000	0.00000000000000
30.579999923706	0.11177939176559	0.19358304142952	65.000000000000	0.00000000000000
30.590000152588	0.11285256594419	0.19466423988342	65.000000000000	0.00000000000000
30.600000381470	0.11392734199762	0.19574007391930	65.000000000000	0.00000000000000
30.610000610352	0.11500373482704	0.19681057333946	65.000000000000	0.00000000000000
30.620000839233	0.11608164757490	0.19787573814392	65.000000000000	0.00000000000000
30.629999160767	0.11716109514236	0.19893561303616	65.000000000000	0.00000000000000
30.639999389648	0.11824204027653	0.19999016821384	65.000000000000	0.00000000000000
30.649999618530	0.11932443827391	0.20103935897350	65.000000000000	0.00000000000000
30.659999847412	0.12040828168392	0.20208328962326	65.000000000000	0.00000000000000
30.670000076294	0.12149351090193	0.20312190055847	65.000000000000	0.00000000000000
30.680000305176	0.12258014082909	0.20415523648262	65.000000000000	0.00000000000000
30.690000534058	0.12366811186075	0.20518328249454	65.000000000000	0.00000000000000
30.700000762939	0.12475741654634	0.20620606839657	65.000000000000	0.00000000000000
30.709999084473	0.12584802508354	0.20722356438637	65.000000000000	0.00000000000000
30.719999313354	0.12693986296654	0.20823581516743	65.000000000000	0.00000000000000
30.729999542236	0.12803296744823	0.20924280583858	65.000000000000	0.00000000000000
30.739999771118	0.12912724912167	0.21024458110332	65.000000000000	0.00000000000000
30.750000000000	0.13022275269032	0.21124111115932	65.000000000000	0.00000000000000
30.760000228882	0.13131938874722	0.21223242580891	65.000000000000	0.00000000000000
30.770000457764	0.13241714239120	0.21321852505207	65.000000000000	0.00000000000000
30.780000686646	0.13351605832577	0.21419940888882	65.000000000000	0.00000000000000
30.790000915527	0.13461598753929	0.21517507731915	65.000000000000	0.00000000000000
30.799999237061	0.13571694493294	0.21614557504654	65.000000000000	0.00000000000000
30.809999465942	0.13681897521019	0.21711090207100	65.000000000000	0.00000000000000
30.819999694824	0.13792198896408	0.21807105839252	65.000000000000	0.00000000000000
30.829999923706	0.13902597129345	0.21902605891228	65.000000000000	0.00000000000000
30.840000152588	0.14013090729713	0.21997591853142	65.000000000000	0.00000000000000
30.850000381470	0.14123669266701	0.22092063724995	65.000000000000	0.00000000000000
30.860000610352	0.14234340190887	0.22186020016670	65.000000000000	0.00000000000000
30.870000839233	0.14345096051693	0.22279465198517	65.000000000000	0.00000000000000
30.879999160767	0.14455941319466	0.22372403740883	65.000000000000	0.00000000000000
30.889999389648	0.14566862583160	0.22464828193188	65.000000000000	0.00000000000000
30.899999618530	0.14677862823009	0.22556746006012	65.000000000000	0.00000000000000
30.909999847412	0.14788940548897	0.22648155689240	65.000000000000	0.00000000000000
30.920000076294	0.14900095760822	0.22739060223103	65.000000000000	0.00000000000000
30.930000305176	0.15011316537857	0.22829458117485	65.000000000000	0.00000000000000
30.940000534058	0.15122607350349	0.22919349372387	65.000000000000	0.00000000000000
30.950000762939	0.15233965218067	0.23008741438389	65.000000000000	0.00000000000000
30.959999084473	0.15345387160778	0.23097628355026	65.000000000000	0.00000000000000
30.969999313354	0.15456874668598	0.23186017572880	65.000000000000	0.00000000000000
30.979999542236	0.15568409860134	0.23273904621601	65.000000000000	0.00000000000000
30.989999771118	0.15680010616779	0.23361293971539	65.000000000000	0.00000000000000
31.000000000000	0.15791665017605	0.23448185622692	65.000000000000	0.00000000000000
31.010000228882	0.15903371572495	0.23534582555294	65.000000000000	0.00000000000000
31.020000457764	0.16015130281448	0.23620483279228	65.000000000000	0.00000000000000
31.030000686646	0.16126927733421	0.23705889284611	65.000000000000	0.00000000000000
31.040000915527	0.16238774359226	0.23790803551674	65.000000000000	0.00000000000000
31.049999237061	0.16350670158863	0.23875227570534	65.000000000000	0.00000000000000
31.059999465942	0.16462594270706	0.23959162831306	65.000000000000	0.00000000000000
31.069999694824	0.16574566066265	0.24042606353760	65.000000000000	0.00000000000000
31.079999923706	0.16686572134495	0.24125562608242	65.000000000000	0.00000000000000
31.090000152588	0.16798610985279	0.24208034574986	65.000000000000	0.00000000000000
31.100000381470	0.16910681128502	0.24290020763874	65.000000000000	0.00000000000000
31.110000610352	0.17022779583931	0.24371521174908	65.000000000000	0.00000000000000
31.120000839233	0.17134909331799	0.24452541768551	65.000000000000	0.00000000000000
31.129999160767	0.17247056961060	0.24533081054688	65.000000000000	0.00000000000000
31.139999389648	0.17359235882759	0.24613140523434	65.000000000000	0.00000000000000
31.149999618530	0.17471429705620	0.24692718684673	65.000000000000	0.00000000000000
31.159999847412	0.17583645880222	0.24771821498871	65.000000000000	0.00000000000000
31.170000076294	0.17695873975754	0.24850447475910	65.000000000000	0.00000000000000
31.180000305176	0.17808125913143	0.24928599596024	65.000000000000	0.00000000000000
31.190000534058	0.17920379340649	0.25006279349327	65.000000000000	0.00000000000000
31.200000762939	0.18032649159431	0.25083488225937	65.000000000000	0.00000000000000
31.209999084473	0.18144926428795	0.25160223245621	65.000000000000	0.00000000000000
31.219999313354	0.18257212638855	0.25236493349075	65.000000000000	0.00000000000000
31.229999542236	0.18369497358799	0.25312292575836	65.000000000000	0.00000000000000
31.239999771118	0.18481789529324	0.25387626886368	65.000000000000	0.00000000000000
31.250000000000	0.18594080209732	0.25462496280670	65.000000000000	0.00000000000000
31.260000228882	0.18706372380257	0.25536900758743	65.000000000000	0.00000000000000
31.270000457764	0.18818660080433	0.25610843300819	65.000000000000	0.00000000000000
31.280000686646	0.18930940330029	0.25684326887131	65.000000000000	0.00000000000000
31.290000915527	0.19043214619160	0.25757348537445	65.000000000000	0.00000000000000
31.299999237061	0.19155476987362	0.25829914212227	65.000000000000	0.00000000000000
31.309999465942	0.19267730414867	0.25902023911476	65.000000000000	0.00000000000000
31.319999694824	0.19379980862141	0.25973677635193	65.000000000000	0.00000000000000
31.329999923706	0.19492205977440	0.26044878363609	65.000000000000	0.00000000000000
31.340000152588	0.19604416191578	0.26115626096725	65.000000000000	0.00000000000000
31.350000381470	0.19716610014439	0.26185923814774	65.000000000000	0.00000000000000
31.360000610352	0.19828785955906	0.26255771517754	65.000000000000	0.00000000000000
31.370000839233	0.19940932095051	0.26325169205666	65.000000000000	0.00000000000000
31.379999160767	0.20053060352802	0.26394125819206	65.000000000000	0.00000000000000
31.389999389648	0.20165166258812	0.26462632417679	65.000000000000	0.00000000000000
31.399999618530	0.20277240872383	0.26530697941780	65.000000000000	0.00000000000000
31.409999847412	0.20389294624329	0.26598319411278	65.000000000000	0.00000000000000
31.420000076294	0.20501317083836	0.26665499806404	65.000000000000	0.00000000000000
31.430000305176	0.20613299310207	0.26732245087624	65.000000000000	0.00000000000000
31.440000534058	0.20725242793560	0.26798558235168	65.000000000000	0.00000000000000
31.450000762939	0.20837169885635	0.26864421367645	65.000000000000	0.00000000000000
31.459999084473	0.20949053764343	0.26929852366447	65.000000000000	0.00000000000000
31.469999313354	0.21060889959335	0.26994857192039	65.000000000000	0.00000000000000
31.479999542236	0.21172690391541	0.27059429883957	65.000000000000	0.00000000000000
31.489999771118	0.21284455060959	0.27123567461967	65.000000000000	0.00000000000000
31.500000000000	0.21396169066429	0.27187278866768	65.000000000000	0.00000000000000
31.510000228882	0.21507839858532	0.27250564098358	65.000000000000	0.00000000000000
31.520000457764	0.21619471907616	0.27313417196274	65.000000000000	0.00000000000000
31.530000686646	0.21731045842171	0.27375859022141	65.000000000000	0.00000000000000
31.540000915527	0.21842573583126	0.27437868714333	65.000000000000	0.00000000000000
31.549999237061	0.21954056620598	0.27499461174011	65.000000000000	0.00000000000000
31.559999465942	0.22065475583076	0.27560636401176	65.000000000000	0.00000000000000
31.569999694824	0.22176855802536	0.27621382474899	65.000000000000	0.00000000000000
31.579999923706	0.22288174927235	0.27681720256805	65.000000000000	0.00000000000000
31.590000152588	0.22399435937405	0.27741640806198	65.000000000000	0.00000000000000
31.600000381470	0.22510629892349	0.27801156044006	65.000000000000	0.00000000000000
31.610000610352	0.22621779143810	0.27860245108604	65.000000000000	0.00000000000000
31.620000839233	0.22732871770859	0.27918925881386	65.000000000000	0.00000000000000
31.629999160767	0.22843877971172	0.27977213263512	65.000000000000	0.00000000000000
31.639999389648	0.22954846918583	0.28035074472427	65.000000000000	0.00000000000000
31.649999618530	0.23065739870071	0.28092536330223	65.000000000000	0.00000000000000
31.659999847412	0.23176568746567	0.28149592876434	65.000000000000	0.00000000000000
31.670000076294	0.23287330567837	0.28206247091293	65.000000000000	0.00000000000000
31.680000305176	0.23398025333881	0.28262498974800	65.000000000000	0.00000000000000
31.690000534058	0.23508650064468	0.28318348526955	65.000000000000	0.00000000000000
31.700000762939	0.23619189858437	0.28373810648918	65.000000000000	0.00000000000000
31.709999084473	0.23729671537876	0.28428867459297	65.000000000000	0.00000000000000
31.719999313354	0.23840078711510	0.28483527898788	65.000000000000	0.00000000000000
31.729999542236	0.23950424790382	0.28537783026695	65.000000000000	0.00000000000000
31.739999771118	0.24060681462288	0.28591659665108	65.000000000000	0.00000000000000
31.750000000000	0.24170845746994	0.28645154833794	65.000000000000	0.00000000000000
31.760000228882	0.24280959367752	0.28698241710663	65.000000000000	0.00000000000000
31.770000457764	0.24390976130962	0.28750950098038	65.000000000000	0.00000000000000
31.780000686646	0.24500910937786	0.28803271055222	65.000000000000	0.00000000000000
31.790000915527	0.24610777199268	0.28855201601982	65.000000000000	0.00000000000000
31.799999237061	0.24720543622971	0.28906756639481	65.000000000000	0.00000000000000
31.809999465942	0.24830232560635	0.28957930207253	65.000000000000	0.00000000000000
31.819999694824	0.24939838051796	0.29008719325066	65.000000000000	0.00000000000000
31.829999923706	0.25049364566803	0.29059126973152	65.000000000000	0.00000000000000
31.840000152588	0.25158789753914	0.29109159111977	65.000000000000	0.00000000000000
31.850000381470	0.25268140435219	0.29158818721771	65.000000000000	0.00000000000000
31.860000610352	0.25377392768860	0.29208102822304	65.000000000000	0.00000000000000
31.870000839233	0.25486552715302	0.29257011413574	65.000000000000	0.00000000000000
31.879999160767	0.25595629215240	0.29305553436279	65.000000000000	0.00000000000000
31.889999389648	0.25704607367516	0.29353719949722	65.000000000000	0.00000000000000
31.899999618530	0.25813496112823	0.29401519894600	65.000000000000	0.00000000000000
31.909999847412	0.25922292470932	0.29448953270912	65.000000000000	0.00000000000000
31.920000076294	0.26030987501144	0.29496020078659	65.000000000000	0.00000000000000
31.930000305176	0.26139587163925	0.29542723298073	65.000000000000	0.00000000000000
31.940000534058	0.26248094439507	0.29589062929153	65.000000000000	0.00000000000000
31.950000762939	0.26356497406960	0.29635047912598	65.000000000000	0.00000000000000
31.959999084473	0.26464807987213	0.29680666327477	65.000000000000	0.00000000000000
31.969999313354	0.26573011279106	0.29725927114487	65.000000000000	0.00000000000000
31.979999542236	0.26681116223335	0.29770833253860	65.000000000000	0.00000000000000
31.989999771118	0.26789122819901	0.29815384745598	65.000000000000	0.00000000000000
32.000000000000	0.26897022128105	0.29859581589699	65.000000000000	0.00000000000000
32.009998321533	0.27004814147949	0.29903426766396	65.000000000000	0.00000000000000
32.020000457764	0.27112510800362	0.29946920275688	65.000000000000	0.00000000000000
32.029998779297	0.27220097184181	0.29990062117577	65.000000000000	0.00000000000000
32.040000915527	0.27327579259872	0.30032861232758	65.000000000000	0.00000000000000
32.049999237061	0.27434951066971	0.30075308680534	65.000000000000	0.00000000000000
32.060001373291	0.27542218565941	0.30117413401604	65.000000000000	0.00000000000000
32.069999694824	0.27649381756783	0.30159175395966	65.000000000000	0.00000000000000
32.080001831055	0.27756425738335	0.30200594663620	65.000000000000	0.00000000000000
32.090000152588	0.27863365411758	0.30241671204567	65.000000000000	0.00000000000000
32.099998474121	0.27970194816589	0.30282410979271	65.000000000000	0.00000000000000
32.110000610352	0.28076907992363	0.30322811007500	65.000000000000	0.00000000000000
32.119998931885	0.28183513879776	0.30362877249718	65.000000000000	0.00000000000000
32.130001068115	0.28290006518364	0.30402603745461	65.000000000000	0.00000000000000
32.139999389648	0.28396379947662	0.30441999435425	65.000000000000	0.00000000000000
32.150001525879	0.28502643108368	0.30481061339378	65.000000000000	0.00000000000000
32.159999847412	0.28608796000481	0.30519795417786	65.000000000000	0.00000000000000
32.169998168945	0.28714820742607	0.30558198690414	65.000000000000	0.00000000000000
32.180000305176	0.28820732235909	0.30596274137497	65.000000000000	0.00000000000000
32.189998626709	0.28926533460617	0.30634021759033	65.000000000000	0.00000000000000
32.200000762939	0.29032209515572	0.30671444535255	65.000000000000	0.00000000000000
32.209999084473	0.29137769341469	0.30708545446396	65.000000000000	0.00000000000000
32.220001220703	0.29243212938309	0.30745318531990	65.000000000000	0.00000000000000
32.229999542236	0.29348531365395	0.30781772732735	65.000000000000	0.00000000000000
32.240001678467	0.29453733563423	0.30817911028862	65.000000000000	0.00000000000000
32.250000000000	0.29558813571930	0.30853724479675	65.000000000000	0.00000000000000
32.259998321533	0.29663768410683	0.30889222025871	65.000000000000	0.00000000000000
32.270000457764	0.29768604040146	0.30924406647682	65.000000000000	0.00000000000000
32.279998779297	0.29873311519623	0.30959278345108	65.000000000000	0.00000000000000
32.290000915527	0.29977905750275	0.30993831157684	65.000000000000	0.00000000000000
32.299999237061	0.30082362890244	0.31028079986572	65.000000000000	0.00000000000000
32.310001373291	0.30186703801155	0.31062009930611	65.000000000000	0.00000000000000
32.319999694824	0.30290916562080	0.31095635890961	65.000000000000	0.00000000000000
32.330001831055	0.30395001173019	0.31128951907158	65.000000000000	0.00000000000000
32.340000152588	0.30498963594437	0.31161960959435	65.000000000000	0.00000000000000
32.349998474121	0.30602797865868	0.31194666028023	65.000000000000	0.00000000000000
32.360000610352	0.30706503987312	0.31227067112923	65.000000000000	0.00000000000000
32.369998931885	0.30810081958771	0.31259167194366	65.000000000000	0.00000000000000
32.380001068115	0.30913534760475	0.31290963292122	65.000000000000	0.00000000000000
32.389999389648	0.31016850471497	0.31322461366653	65.000000000000	0.00000000000000
32.400001525879	0.31120038032532	0.31353661417961	65.000000000000	0.00000000000000
32.409999847412	0.31223100423813	0.31384560465813	65.000000000000	0.00000000000000
32.419998168945	0.31326031684875	0.31415167450905	65.000000000000	0.00000000000000
32.430000305176	0.31428825855255	0.31445476412773	65.000000000000	0.00000000000000
32.439998626709	0.31531494855881	0.31475493311882	65.000000000000	0.00000000000000
32.450000762939	0.31634032726288	0.31505218148232	65.000000000000	0.00000000000000
32.459999084473	0.31736430525780	0.31534653902054	65.000000000000	0.00000000000000
32.470001220703	0.31838703155518	0.31563794612885	65.000000000000	0.00000000000000
32.479999542236	0.31940835714340	0.31592652201653	65.000000000000	0.00000000000000
32.490001678467	0.32042834162712	0.31621220707893	65.000000000000	0.00000000000000
32.500000000000	0.32144707441330	0.31649497151375	65.000000000000	0.00000000000000
32.509998321533	0.32246434688568	0.31677496433258	65.000000000000	0.00000000000000
32.520000457764	0.32348030805588	0.31705209612846	65.000000000000	0.00000000000000
32.529998779297	0.32449492812157	0.31732642650604	65.000000000000	0.00000000000000
32.540000915527	0.32550820708275	0.31759792566299	65.000000000000	0.00000000000000
32.549999237061	0.32652008533478	0.31786659359932	65.000000000000	0.00000000000000
32.560001373291	0.32753053307533	0.31813251972198	65.000000000000	0.00000000000000
32.569999694824	0.32853972911835	0.31839564442635	65.000000000000	0.00000000000000
32.580001831055	0.32954746484756	0.31865602731705	65.000000000000	0.00000000000000
32.590000152588	0.33055385947227	0.31891363859177	65.000000000000	0.00000000000000
32.599998474121	0.33155885338783	0.31916850805283	65.000000000000	0.00000000000000
32.610000610352	0.33256253600121	0.31942066550255	65.000000000000	0.00000000000000
32.619998931885	0.33356469869614	0.31967011094093	65.000000000000	0.00000000000000
32.630001068115	0.33456555008888	0.31991681456566	65.000000000000	0.00000000000000
32.639999389648	0.33556497097015	0.32016086578369	65.000000000000	0.00000000000000
32.650001525879	0.33656296133995	0.32040220499039	65.000000000000	0.00000000000000
32.659999847412	0.33755955100060	0.32064095139503	65.000000000000	0.00000000000000
32.669998168945	0.33855471014977	0.32087695598602	65.000000000000	0.00000000000000
32.680000305176	0.33954855799675	0.32111033797264	65.000000000000	0.00000000000000
32.689998626709	0.34054091572762	0.32134109735489	65.000000000000	0.00000000000000
32.700000762939	0.34153184294701	0.32156920433044	65.000000000000	0.00000000000000
32.709999084473	0.34252139925957	0.32179471850395	65.000000000000	0.00000000000000
32.720001220703	0.34350943565369	0.32201763987541	65.000000000000	0.00000000000000
32.729999542236	0.34449613094330	0.32223793864250	65.000000000000	0.00000000000000
32.740001678467	0.34548136591911	0.32245573401451	65.000000000000	0.00000000000000
32.750000000000	0.34646514058113	0.32267087697983	65.000000000000	0.00000000000000
32.759998321533	0.34744751453400	0.32288351655006	65.000000000000	0.00000000000000
32.770000457764	0.34842836856842	0.32309359312057	65.000000000000	0.00000000000000
32.779998779297	0.34940785169601	0.32330116629601	65.000000000000	0.00000000000000
32.790000915527	0.35038584470749	0.32350614666939	65.000000000000	0.00000000000000
32.799999237061	0.35136237740517	0.32370865345001	65.000000000000	0.00000000000000
32.810001373291	0.35233756899834	0.32390865683556	65.000000000000	0.00000000000000
32.819999694824	0.35331118106842	0.32410621643066	65.000000000000	0.00000000000000
32.830001831055	0.35428339242935	0.32430121302605	65.000000000000	0.00000000000000
32.840000152588	0.35525405406952	0.32449379563332	65.000000000000	0.00000000000000
32.849998474121	0.35622331500053	0.32468390464783	65.000000000000	0.00000000000000
32.860000610352	0.35719111561775	0.32487159967422	65.000000000000	0.00000000000000
32.869998931885	0.35815739631653	0.32505682110786	65.000000000000	0.00000000000000
32.880001068115	0.35912224650383	0.32523962855339	65.000000000000	0.00000000000000
32.889999389648	0.36008554697037	0.32542002201080	65.000000000000	0.00000000000000
32.900001525879	0.36104744672775	0.32559797167778	65.000000000000	0.00000000000000
32.909999847412	0.36200779676437	0.32577359676361	65.000000000000	0.00000000000000
32.919998168945	0.36296671628952	0.32594680786133	65.000000000000	0.00000000000000
32.930000305176	0.36392417550087	0.32611760497093	65.000000000000	0.00000000000000
32.939998626709	0.36488002538681	0.32628610730171	65.000000000000	0.00000000000000
32.950000762939	0.36583447456360	0.32645225524902	65.000000000000	0.00000000000000
32.959999084473	0.36678743362427	0.32661601901054	65.000000000000	0.00000000000000
32.970001220703	0.36773881316185	0.32677748799324	65.000000000000	0.00000000000000
32.979999542236	0.36868879199028	0.32693660259247	65.000000000000	0.00000000000000
32.990001678467	0.36963719129562	0.32709342241287	65.000000000000	0.00000000000000
33.000000000000	0.37058413028717	0.32724797725677	65.000000000000	0.00000000000000
33.009998321533	0.37152954936028	0.32740014791489	65.000000000000	0.00000000000000
33.020000457764	0.37247335910797	0.32755011320114	65.000000000000	0.00000000000000
33.029998779297	0.37341576814651	0.32769778370857	65.000000000000	0.00000000000000
33.040000915527	0.37435668706894	0.32784318923950	65.000000000000	0.00000000000000
33.049999237061	0.37529599666595	0.32798635959625	65.000000000000	0.00000000000000
33.060001373291	0.37623384594917	0.32812729477882	65.000000000000	0.00000000000000
33.069999694824	0.37717008590698	0.32826596498489	65.000000000000	0.00000000000000
33.080001831055	0.37810495495796	0.32840245962143	65.000000000000	0.00000000000000
33.090000152588	0.37903812527657	0.32853671908379	65.000000000000	0.00000000000000
33.099998474121	0.37996989488602	0.32866880297661	65.000000000000	0.00000000000000
33.110000610352	0.38090002536774	0.32879868149757	65.000000000000	0.00000000000000
33.119998931885	0.38182866573334	0.32892635464668	65.000000000000	0.00000000000000
33.130001068115	0.38275584578514	0.32905191183090	65.000000000000	0.00000000000000
33.139999389648	0.38368141651154	0.32917526364326	65.000000000000	0.00000000000000
33.150001525879	0.38460549712181	0.32929643988609	65.000000000000	0.00000000000000
33.159999847412	0.38552796840668	0.32941552996635	65.000000000000	0.00000000000000
33.169998168945	0.38644897937775	0.32953247427940	65.000000000000	0.00000000000000
33.180000305176	0.38736829161644	0.32964727282524	65.000000000000	0.00000000000000
33.189998626709	0.38828614354134	0.32976001501083	65.000000000000	0.00000000000000
33.200000762939	0.38920250535011	0.32987055182457	65.000000000000	0.00000000000000
33.209999084473	0.39011722803116	0.32997909188271	65.000000000000	0.00000000000000
33.220001220703	0.39103043079376	0.33008554577827	65.000000000000	0.00000000000000
33.229999542236	0.39194205403328	0.33018988370895	65.000000000000	0.00000000000000
33.240001678467	0.39285209774971	0.33029216527939	65.000000000000	0.00000000000000
33.250000000000	0.39376065135002	0.33039242029190	65.000000000000	0.00000000000000
33.259998321533	0.39466759562492	0.33049061894417	65.000000000000	0.00000000000000
33.270000457764	0.39557301998138	0.33058673143387	65.000000000000	0.00000000000000
33.279998779297	0.39647686481476	0.33068087697029	65.000000000000	0.00000000000000
33.290000915527	0.39737907052040	0.33077296614647	65.000000000000	0.00000000000000
33.299999237061	0.39827972650528	0.33086311817169	65.000000000000	0.00000000000000
33.310001373291	0.39917883276939	0.33095121383667	65.000000000000	0.00000000000000
33.319999694824	0.40007638931274	0.33103731274605	65.000000000000	0.00000000000000
33.330001831055	0.40097233653069	0.33112147450447	65.000000000000	0.00000000000000
33.340000152588	0.40186676383018	0.33120363950729	65.000000000000	0.00000000000000
33.349998474121	0.40275949239731	0.33128383755684	65.000000000000	0.00000000000000
33.360000610352	0.40365073084831	0.33136209845543	65.000000000000	0.00000000000000
33.369998931885	0.40454041957855	0.33143845200539	65.000000000000	0.00000000000000
33.380001068115	0.40542840957642	0.33151283860207	65.000000000000	0.00000000000000
33.389999389648	0.40631493926048	0.33158531785011	65.000000000000	0.00000000000000
33.400001525879	0.40719980001450	0.33165588974953	65.000000000000	0.00000000000000
33.409999847412	0.40808302164078	0.33172455430031	65.000000000000	0.00000000000000
33.419998168945	0.40896472334862	0.33179131150246	65.000000000000	0.00000000000000
33.430000305176	0.40984490513802	0.33185622096062	65.000000000000	0.00000000000000
33.439998626709	0.41072338819504	0.33191919326782	65.000000000000	0.00000000000000
33.450000762939	0.41160026192665	0.33198034763336	65.000000000000	0.00000000000000
33.459999084473	0.41247561573982	0.33203959465027	65.000000000000	0.00000000000000
33.470001220703	0.41334930062294	0.33209708333015	65.000000000000	0.00000000000000
33.479999542236	0.41422140598297	0.33215266466141	65.000000000000	0.00000000000000
33.490001678467	0.41509187221527	0.33220642805099	65.000000000000	0.00000000000000
33.500000000000	0.41596078872681	0.33225837349892	65.000000000000	0.00000000000000
33.509998321533	0.41682812571526	0.33230853080750	65.000000000000	0.00000000000000
33.520000457764	0.41769367456436	0.33235689997673	65.000000000000	0.00000000000000
33.529998779297	0.41855779290199	0.33240348100662	65.000000000000	0.00000000000000
33.540000915527	0.41942036151886	0.33244821429253	65.000000000000	0.00000000000000
33.549999237061	0.42028111219406	0.33249121904373	65.000000000000	0.00000000000000
33.560001373291	0.42114037275314	0.33253246545792	65.000000000000	0.00000000000000
33.569999694824	0.42199799418449	0.33257198333740	65.000000000000	0.00000000000000
33.580001831055	0.42285403609276	0.33260968327522	65.000000000000	0.00000000000000
33.590000152588	0.42370837926865	0.33264571428299	65.000000000000	0.00000000000000
33.599998474121	0.42456114292145	0.33267998695374	65.000000000000	0.00000000000000
33.610000610352	0.42541226744652	0.33271256089211	65.000000000000	0.00000000000000
33.619998931885	0.42626181244850	0.33274346590042	65.000000000000	0.00000000000000
33.630001068115	0.42710977792740	0.33277258276939	65.000000000000	0.00000000000000
33.639999389648	0.42795601487160	0.33280009031296	65.000000000000	0.00000000000000
33.650001525879	0.42880067229271	0.33282589912415	65.000000000000	0.00000000000000
33.659999847412	0.42964372038841	0.33285003900528	65.000000000000	0.00000000000000
33.669998168945	0.43048512935638	0.33287253975868	65.000000000000	0.00000000000000
33.680000305176	0.43132492899895	0.33289334177971	65.000000000000	0.00000000000000
33.689998626709	0.43216300010681	0.33291250467300	65.000000000000	0.00000000000000
33.700000762939	0.43299958109856	0.33293008804321	65.000000000000	0.00000000000000
33.709999084473	0.43383431434631	0.33294600248337	65.000000000000	0.00000000000000
33.720001220703	0.43466758728027	0.33296030759811	65.000000000000	0.00000000000000
33.729999542236	0.43549922108650	0.33297303318977	65.000000000000	0.00000000000000
33.740001678467	0.43632921576500	0.33298414945602	65.000000000000	0.00000000000000
33.750000000000	0.43715760111809	0.33299371600151	65.000000000000	0.00000000000000
33.759998321533	0.43798434734344	0.33300167322159	65.000000000000	0.00000000000000
33.770000457764	0.43880936503410	0.33300808072090	65.000000000000	0.00000000000000
33.779998779297	0.43963274359703	0.33301287889481	65.000000000000	0.00000000000000
33.790000915527	0.44045457243919	0.33301624655724	65.000000000000	0.00000000000000
33.799999237061	0.44127467274666	0.33301794528961	65.000000000000	0.00000000000000
33.810001373291	0.44209331274033	0.33301821351051	65.000000000000	0.00000000000000
33.819999694824	0.44291013479233	0.33301693201065	65.000000000000	0.00000000000000
33.830001831055	0.44372534751892	0.33301410079002	65.000000000000	0.00000000000000
33.840000152588	0.44453895092010	0.33300983905792	65.000000000000	0.00000000000000
33.849998474121	0.44535088539124	0.33300405740738	65.000000000000	0.00000000000000
33.860000610352	0.44616118073463	0.33299678564072	65.000000000000	0.00000000000000
33.869998931885	0.44696983695030	0.33298805356026	65.000000000000	0.00000000000000
33.880001068115	0.44777688384056	0.33297789096832	65.000000000000	0.00000000000000
33.889999389648	0.44858226180077	0.33296623826027	65.000000000000	0.00000000000000
33.900001525879	0.44938600063324	0.33295318484306	65.000000000000	0.00000000000000
33.909999847412	0.45018807053566	0.33293867111206	65.000000000000	0.00000000000000
33.919998168945	0.45098853111267	0.33292272686958	65.000000000000	0.00000000000000
33.930000305176	0.45178729295731	0.33290538191795	65.000000000000	0.00000000000000
33.939998626709	0.45258447527885	0.33288663625717	65.000000000000	0.00000000000000
33.950000762939	0.45338007807732	0.33286648988724	65.000000000000	0.00000000000000
33.959999084473	0.45417383313179	0.33284491300583	65.000000000000	0.00000000000000
33.970001220703	0.45496606826782	0.33282205462456	65.000000000000	0.00000000000000
33.979999542236	0.45575669407845	0.33279779553413	65.000000000000	0.00000000000000
33.990001678467	0.45654562115669	0.33277216553688	65.000000000000	0.00000000000000
34.000000000000	0.45733284950256	0.33274519443512	65.000000000000	0.00000000000000
34.009998321533	0.45811855792999	0.33271691203117	65.000000000000	0.00000000000000
34.020000457764	0.45890256762505	0.33268725872040	65.000000000000	0.00000000000000
34.029998779297	0.45968484878540	0.33265629410744	65.000000000000	0.00000000000000
34.040000915527	0.46046563982964	0.33262407779694	65.000000000000	0.00000000000000
34.049999237061	0.46124464273453	0.33259049057961	65.000000000000	0.00000000000000
34.060001373291	0.46202215552330	0.33255565166473	65.000000000000	0.00000000000000
34.069999694824	0.46279790997505	0.33251956105232	65.000000000000	0.00000000000000
34.080001831055	0.46357214450836	0.33248215913773	65.000000000000	0.00000000000000
34.090000152588	0.46434459090233	0.33244353532791	65.000000000000	0.00000000000000
34.099998474121	0.46511542797089	0.33240365982056	65.000000000000	0.00000000000000
34.110000610352	0.46588468551636	0.33236250281334	65.000000000000	0.00000000000000
34.119998931885	0.46665221452713	0.33232015371323	65.000000000000	0.00000000000000
34.130001068115	0.46741825342178	0.33227655291557	65.000000000000	0.00000000000000
34.139999389648	0.46818253397942	0.33223176002502	65.000000000000	0.00000000000000
34.150001525879	0.46894520521164	0.33218577504158	65.000000000000	0.00000000000000
34.159999847412	0.46970623731613	0.33213859796524	65.000000000000	0.00000000000000
34.169998168945	0.47046568989754	0.33209022879601	65.000000000000	0.00000000000000
34.180000305176	0.47122347354889	0.33204069733620	65.000000000000	0.00000000000000
34.189998626709	0.47197973728180	0.33198997378349	65.000000000000	0.00000000000000
34.200000762939	0.47273421287537	0.33193811774254	65.000000000000	0.00000000000000
34.209999084473	0.47348713874817	0.33188512921333	65.000000000000	0.00000000000000
34.220001220703	0.47423839569092	0.33183100819588	65.000000000000	0.00000000000000
34.229999542236	0.47498807311058	0.33177584409714	65.000000000000	0.00000000000000
34.240001678467	0.47573611140251	0.33171942830086	65.000000000000	0.00000000000000
34.250000000000	0.47648245096207	0.33166211843491	65.000000000000	0.00000000000000
34.259998321533	0.47722727060318	0.33160352706909	65.000000000000	0.00000000000000
34.270000457764	0.47797054052353	0.33154377341270	65.000000000000	0.00000000000000
34.279998779297	0.47871211171150	0.33148303627968	65.000000000000	0.00000000000000
34.290000915527	0.47945216298103	0.33142113685608	65.000000000000	0.00000000000000
34.299999237061	0.48019048571587	0.33135828375816	65.000000000000	0.00000000000000
34.310001373291	0.48092716932297	0.33129450678825	65.000000000000	0.00000000000000
34.319999694824	0.48166230320930	0.33122956752777	65.000000000000	0.00000000000000
34.330001831055	0.48239594697952	0.33116349577904	65.000000000000	0.00000000000000
34.340000152588	0.48312771320343	0.33109676837921	65.000000000000	0.00000000000000
34.349998474121	0.48385810852051	0.33102864027023	65.000000000000	0.00000000000000
34.360000610352	0.48458704352379	0.33095943927765	65.000000000000	0.00000000000000
34.369998931885	0.48531427979469	0.33088934421539	65.000000000000	0.00000000000000
34.380001068115	0.48603963851929	0.33081862330437	65.000000000000	0.00000000000000
34.389999389648	0.48676350712776	0.33074682950974	65.000000000000	0.00000000000000
34.400001525879	0.48748594522476	0.33067396283150	65.000000000000	0.00000000000000
34.409999847412	0.48820695281029	0.33059978485107	65.000000000000	0.00000000000000
34.419998168945	0.48892617225647	0.33052501082420	65.000000000000	0.00000000000000
34.430000305176	0.48964378237724	0.33044946193695	65.000000000000	0.00000000000000
34.439998626709	0.49035984277725	0.33037286996841	65.000000000000	0.00000000000000
34.450000762939	0.49107441306114	0.33029520511627	65.000000000000	0.00000000000000
34.459999084473	0.49178728461266	0.33021676540375	65.000000000000	0.00000000000000
34.470001220703	0.49249875545502	0.33013737201691	65.000000000000	0.00000000000000
34.479999542236	0.49320852756500	0.33005717396736	65.000000000000	0.00000000000000
34.490001678467	0.49391686916351	0.32997587323189	65.000000000000	0.00000000000000
34.500000000000	0.49462372064590	0.32989382743835	65.000000000000	0.00000000000000
34.509998321533	0.49532878398895	0.32981091737747	65.000000000000	0.00000000000000
34.520000457764	0.49603247642517	0.32972720265388	65.000000000000	0.00000000000000
34.529998779297	0.49673458933830	0.32964259386063	65.000000000000	0.00000000000000
34.540000915527	0.49743521213531	0.32955721020699	65.000000000000	0.00000000000000
34.549999237061	0.49813422560692	0.32947093248367	65.000000000000	0.00000000000000
34.560001373291	0.49883180856705	0.32938387989998	65.000000000000	0.00000000000000
34.569999694824	0.49952775239944	0.32929596304893	65.000000000000	0.00000000000000
34.580001831055	0.50022232532501	0.32920733094215	65.000000000000	0.00000000000000
34.590000152588	0.50091528892517	0.32911786437035	65.000000000000	0.00000000000000
34.599998474121	0.50160670280457	0.32902762293816	65.000000000000	0.00000000000000
34.610000610352	0.50229680538177	0.32893654704094	65.000000000000	0.00000000000000
34.619998931885	0.50298523902893	0.32884475588799	65.000000000000	0.00000000000000
34.630001068115	0.50367218255997	0.32875224947929	65.000000000000	0.00000000000000
34.639999389648	0.50435769557953	0.32865884900093	65.000000000000	0.00000000000000
34.650001525879	0.50504171848297	0.32856482267380	65.000000000000	0.00000000000000
34.659999847412	0.50572431087494	0.32847005128860	65.000000000000	0.00000000000000
34.669998168945	0.50640529394150	0.32837453484535	65.000000000000	0.00000000000000
34.680000305176	0.50708502531052	0.32827824354172	65.000000000000	0.00000000000000
34.689998626709	0.50776314735413	0.32818132638931	65.000000000000	0.00000000000000
34.700000762939	0.50843977928162	0.32808369398117	65.000000000000	0.00000000000000
34.709999084473	0.50911504030228	0.32798534631729	65.000000000000	0.00000000000000
34.720001220703	0.50978887081146	0.32788628339767	65.000000000000	0.00000000000000
34.729999542236	0.51046121120453	0.32778659462929	65.000000000000	0.00000000000000
34.740001678467	0.51113212108612	0.32768619060516	65.000000000000	0.00000000000000
34.750000000000	0.51180171966553	0.32758513092995	65.000000000000	0.00000000000000
34.759998321533	0.51246970891953	0.32748341560364	65.000000000000	0.00000000000000
34.770000457764	0.51313638687134	0.32738107442856	65.000000000000	0.00000000000000
34.779998779297	0.51380169391632	0.32727801799774	65.000000000000	0.00000000000000
34.790000915527	0.51446551084518	0.32717439532280	65.000000000000	0.00000000000000
34.799999237061	0.51512801647186	0.32707008719444	65.000000000000	0.00000000000000
34.810001373291	0.51578903198242	0.32696518301964	65.000000000000	0.00000000000000
34.819999694824	0.51644873619080	0.32685962319374	65.000000000000	0.00000000000000
34.830001831055	0.51710706949234	0.32675349712372	65.000000000000	0.00000000000000
34.840000152588	0.51776397228241	0.32664677500725	65.000000000000	0.00000000000000
34.849998474121	0.51841956377029	0.32653942704201	65.000000000000	0.00000000000000
34.860000610352	0.51907384395599	0.32643148303032	65.000000000000	0.00000000000000
34.869998931885	0.51972675323486	0.32632300257683	65.000000000000	0.00000000000000
34.880001068115	0.52037817239761	0.32621386647224	65.000000000000	0.00000000000000
34.889999389648	0.52102839946747	0.32610419392586	65.000000000000	0.00000000000000
34.900001525879	0.52167737483978	0.32599395513535	65.000000000000	0.00000000000000
34.909999847412	0.52232480049133	0.32588317990303	65.000000000000	0.00000000000000
34.919998168945	0.52297103404999	0.32577183842659	65.000000000000	0.00000000000000
34.930000305176	0.52361595630646	0.32565993070602	65.000000000000	0.00000000000000
34.939998626709	0.52425962686539	0.32554748654366	65.000000000000	0.00000000000000
34.950000762939	0.52490192651749	0.32543447613716	65.000000000000	0.00000000000000
34.959999084473	0.52554297447205	0.32532095909119	65.000000000000	0.00000000000000
34.970001220703	0.52618277072906	0.32520687580109	65.000000000000	0.00000000000000
34.979999542236	0.52682125568390	0.32509228587151	65.000000000000	0.00000000000000
34.990001678467	0.52745842933655	0.32497718930244	65.000000000000	0.00000000000000
35.000000000000	0.52809441089630	0.32486158609390	65.000000000000	0.00000000000000
