25.000000000000	0.61865353584290	-0.60558027029037	65.000000000000	0.00000000000000
25.010000228882	0.61773574352264	-0.60588508844376	65.000000000000	0.00000000000000
25.020000457764	0.61681544780731	-0.60618853569031	65.000000000000	0.00000000000000
25.030000686646	0.61589270830154	-0.60649067163467	65.000000000000	0.00000000000000
25.040000915527	0.61496758460999	-0.60679149627686	65.000000000000	0.00000000000000
25.049999237061	0.61403995752335	-0.60709089040756	65.000000000000	0.00000000000000
25.059999465942	0.61310994625092	-0.60738897323608	65.000000000000	0.00000000000000
25.069999694824	0.61217761039734	-0.60768562555313	65.000000000000	0.00000000000000
25.079999923706	0.61124271154404	-0.60798090696335	65.000000000000	0.00000000000000
25.090000152588	0.61030554771423	-0.60827475786209	65.000000000000	0.00000000000000
25.100000381470	0.60936576128006	-0.60856711864471	65.000000000000	0.00000000000000
25.110000610352	0.60842370986938	-0.60885810852051	65.000000000000	0.00000000000000
25.120000839233	0.60747915506363	-0.60914760828018	65.000000000000	0.00000000000000
25.129999160767	0.60653227567673	-0.60943561792374	65.000000000000	0.00000000000000
25.139999389648	0.60558307170868	-0.60972219705582	65.000000000000	0.00000000000000
25.149999618530	0.60463124513626	-0.61000722646713	65.000000000000	0.00000000000000
25.159999847412	0.60367709398270	-0.61029070615768	65.000000000000	0.00000000000000
25.170000076294	0.60272061824799	-0.61057275533676	65.000000000000	0.00000000000000
25.180000305176	0.60176157951355	-0.61085307598114	65.000000000000	0.00000000000000
25.190000534058	0.60080021619797	-0.61113196611404	65.000000000000	0.00000000000000
25.200000762939	0.59983652830124	-0.61140924692154	65.000000000000	0.00000000000000
25.209999084473	0.59887045621872	-0.61168491840363	65.000000000000	0.00000000000000
25.219999313354	0.59790205955505	-0.61195904016495	65.000000000000	0.00000000000000
25.229999542236	0.59693104028702	-0.61223149299622	65.000000000000	0.00000000000000
25.239999771118	0.59595787525177	-0.61250239610672	65.000000000000	0.00000000000000
25.250000000000	0.59498214721680	-0.61277163028717	65.000000000000	0.00000000000000
25.260000228882	0.59400421380997	-0.61303907632828	65.000000000000	0.00000000000000
25.270000457764	0.59302371740341	-0.61330509185791	65.000000000000	0.00000000000000
25.280000686646	0.59204095602036	-0.61356925964355	65.000000000000	0.00000000000000
25.290000915527	0.59105575084686	-0.61383175849915	65.000000000000	0.00000000000000
25.299999237061	0.59006828069687	-0.61409258842468	65.000000000000	0.00000000000000
25.309999465942	0.58907836675644	-0.61435163021088	65.000000000000	0.00000000000000
25.319999694824	0.58808624744415	-0.61460894346237	65.000000000000	0.00000000000000
25.329999923706	0.58709168434143	-0.61486458778381	65.000000000000	0.00000000000000
25.340000152588	0.58609479665756	-0.61511844396591	65.000000000000	0.00000000000000
25.350000381470	0.58509564399719	-0.61537045240402	65.000000000000	0.00000000000000
25.360000610352	0.58409404754639	-0.61562079191208	65.000000000000	0.00000000000000
25.370000839233	0.58309018611908	-0.61586928367615	65.000000000000	0.00000000000000
25.379999160767	0.58208382129669	-0.61611592769623	65.000000000000	0.00000000000000
25.389999389648	0.58107531070709	-0.61636078357697	65.000000000000	0.00000000000000
25.399999618530	0.58006447553635	-0.61660385131836	65.000000000000	0.00000000000000
25.409999847412	0.57905125617981	-0.61684501171112	65.000000000000	0.00000000000000
25.420000076294	0.57803565263748	-0.61708444356918	65.000000000000	0.00000000000000
25.430000305176	0.57701790332794	-0.61732178926468	65.000000000000	0.00000000000000
25.440000534058	0.57599782943726	-0.61755728721619	65.000000000000	0.00000000000000
25.450000762939	0.57497537136078	-0.61779093742371	65.000000000000	0.00000000000000
25.459999084473	0.57395023107529	-0.61802297830582	65.000000000000	0.00000000000000
25.469999313354	0.57292336225510	-0.61825269460678	65.000000000000	0.00000000000000
25.479999542236	0.57189381122589	-0.61848080158234	65.000000000000	0.00000000000000
25.489999771118	0.57086223363876	-0.61870676279068	65.000000000000	0.00000000000000
25.500000000000	0.56982827186584	-0.61893075704575	65.000000000000	0.00000000000000
25.510000228882	0.56879228353500	-0.61915266513824	65.000000000000	0.00000000000000
25.520000457764	0.56775361299515	-0.61937290430069	65.000000000000	0.00000000000000
25.530000686646	0.56671261787415	-0.61959123611450	65.000000000000	0.00000000000000
25.540000915527	0.56566989421844	-0.61980706453323	65.000000000000	0.00000000000000
25.549999237061	0.56462454795837	-0.62002122402191	65.000000000000	0.00000000000000
25.559999465942	0.56357681751251	-0.62023341655731	65.000000000000	0.00000000000000
25.569999694824	0.56252682209015	-0.62044358253479	65.000000000000	0.00000000000000
25.579999923706	0.56147480010986	-0.62065160274506	65.000000000000	0.00000000000000
25.590000152588	0.56042039394379	-0.62085759639740	65.000000000000	0.00000000000000
25.600000381470	0.55936372280121	-0.62106150388718	65.000000000000	0.00000000000000
25.610000610352	0.55830496549606	-0.62126314640045	65.000000000000	0.00000000000000
25.620000839233	0.55724370479584	-0.62146306037903	65.000000000000	0.00000000000000
25.629999160767	0.55618041753769	-0.62166076898575	65.000000000000	0.00000000000000
25.639999389648	0.55511480569839	-0.62185627222061	65.000000000000	0.00000000000000
25.649999618530	0.55404686927795	-0.62204974889755	65.000000000000	0.00000000000000
25.659999847412	0.55297702550888	-0.62224090099335	65.000000000000	0.00000000000000
25.670000076294	0.55190485715866	-0.62242996692657	65.000000000000	0.00000000000000
25.680000305176	0.55083042383194	-0.62261688709259	65.000000000000	0.00000000000000
25.690000534058	0.54975372552872	-0.62280178070068	65.000000000000	0.00000000000000
25.700000762939	0.54867476224899	-0.62298452854156	65.000000000000	0.00000000000000
25.709999084473	0.54759347438812	-0.62316513061523	65.000000000000	0.00000000000000
25.719999313354	0.54651027917862	-0.62334328889847	65.000000000000	0.00000000000000
25.729999542236	0.54542452096939	-0.62351959943771	65.000000000000	0.00000000000000
25.739999771118	0.54433709383011	-0.62369322776794	65.000000000000	0.00000000000000
25.750000000000	0.54324710369110	-0.62386488914490	65.000000000000	0.00000000000000
25.760000228882	0.54215496778488	-0.62403434514999	65.000000000000	0.00000000000000
25.770000457764	0.54106044769287	-0.62420165538788	65.000000000000	0.00000000000000
25.780000686646	0.53996407985687	-0.62436646223068	65.000000000000	0.00000000000000
25.790000915527	0.53886538743973	-0.62452906370163	65.000000000000	0.00000000000000
25.799999237061	0.53776454925537	-0.62468934059143	65.000000000000	0.00000000000000
25.809999465942	0.53666168451309	-0.62484741210938	65.000000000000	0.00000000000000
25.819999694824	0.53555643558502	-0.62500315904617	65.000000000000	0.00000000000000
25.829999923706	0.53444910049438	-0.62515652179718	65.000000000000	0.00000000000000
25.840000152588	0.53333961963654	-0.62530773878098	65.000000000000	0.00000000000000
25.850000381470	0.53222793340683	-0.62545651197433	65.000000000000	0.00000000000000
25.860000610352	0.53111398220062	-0.62560284137726	65.000000000000	0.00000000000000
25.870000839233	0.52999806404114	-0.62574696540833	65.000000000000	0.00000000000000
25.879999160767	0.52887994050980	-0.62588870525360	65.000000000000	0.00000000000000
25.889999389648	0.52775967121124	-0.62602800130844	65.000000000000	0.00000000000000
25.899999618530	0.52663731575012	-0.62616497278214	65.000000000000	0.00000000000000
25.909999847412	0.52551269531250	-0.62629950046539	65.000000000000	0.00000000000000
25.920000076294	0.52438616752625	-0.62643170356750	65.000000000000	0.00000000000000
25.930000305176	0.52325719594955	-0.62656140327454	65.000000000000	0.00000000000000
25.940000534058	0.52212637662888	-0.62668859958649	65.000000000000	0.00000000000000
25.950000762939	0.52099335193634	-0.62681347131729	65.000000000000	0.00000000000000
25.959999084473	0.51985806226730	-0.62693583965302	65.000000000000	0.00000000000000
25.969999313354	0.51872092485428	-0.62705576419830	65.000000000000	0.00000000000000
25.979999542236	0.51758146286011	-0.62717318534851	65.000000000000	0.00000000000000
25.989999771118	0.51643985509872	-0.62728816270828	65.000000000000	0.00000000000000
26.000000000000	0.51529622077942	-0.62740051746368	65.000000000000	0.00000000000000
26.010000228882	0.51415055990219	-0.62751054763794	65.000000000000	0.00000000000000
26.020000457764	0.51300281286240	-0.62761795520782	65.000000000000	0.00000000000000
26.030000686646	0.51185280084610	-0.62772285938263	65.000000000000	0.00000000000000
26.040000915527	0.51070082187653	-0.62782520055771	65.000000000000	0.00000000000000
26.049999237061	0.50954663753510	-0.62792497873306	65.000000000000	0.00000000000000
26.059999465942	0.50839042663574	-0.62802219390869	65.000000000000	0.00000000000000
26.069999694824	0.50723224878311	-0.62811678647995	65.000000000000	0.00000000000000
26.079999923706	0.50607186555862	-0.62820887565613	65.000000000000	0.00000000000000
26.090000152588	0.50490945577621	-0.62829834222794	65.000000000000	0.00000000000000
26.100000381470	0.50374490022659	-0.62838518619537	65.000000000000	0.00000000000000
26.110000610352	0.50257831811905	-0.62846940755844	65.000000000000	0.00000000000000
26.120000839233	0.50140959024429	-0.62855100631714	65.000000000000	0.00000000000000
26.129999160767	0.50023889541626	-0.62862998247147	65.000000000000	0.00000000000000
26.139999389648	0.49906623363495	-0.62870627641678	65.000000000000	0.00000000000000
26.149999618530	0.49789148569107	-0.62877982854843	65.000000000000	0.00000000000000
26.159999847412	0.49671450257301	-0.62885081768036	65.000000000000	0.00000000000000
26.170000076294	0.49553573131561	-0.62891900539398	65.000000000000	0.00000000000000
26.180000305176	0.49435475468636	-0.62898451089859	65.000000000000	0.00000000000000
26.190000534058	0.49317166209221	-0.62904739379883	65.000000000000	0.00000000000000
26.200000762939	0.49198672175407	-0.62910747528076	65.000000000000	0.00000000000000
26.209999084473	0.49079957604408	-0.62916481494904	65.000000000000	0.00000000000000
26.219999313354	0.48961049318314	-0.62921941280365	65.000000000000	0.00000000000000
26.229999542236	0.48841941356659	-0.62927120923996	65.000000000000	0.00000000000000
26.239999771118	0.48722621798515	-0.62932032346725	65.000000000000	0.00000000000000
26.250000000000	0.48603093624115	-0.62936657667160	65.000000000000	0.00000000000000
26.260000228882	0.48483380675316	-0.62941008806229	65.000000000000	0.00000000000000
26.270000457764	0.48363459110260	-0.62945067882538	65.000000000000	0.00000000000000
26.280000686646	0.48243343830109	-0.62948852777481	65.000000000000	0.00000000000000
26.290000915527	0.48123016953468	-0.62952351570129	65.000000000000	0.00000000000000
26.299999237061	0.48002499341965	-0.62955570220947	65.000000000000	0.00000000000000
26.309999465942	0.47881767153740	-0.62958490848541	65.000000000000	0.00000000000000
26.319999694824	0.47760853171349	-0.62961131334305	65.000000000000	0.00000000000000
26.329999923706	0.47639742493629	-0.62963479757309	65.000000000000	0.00000000000000
26.340000152588	0.47518414258957	-0.62965542078018	65.000000000000	0.00000000000000
26.350000381470	0.47396910190582	-0.62967312335968	65.000000000000	0.00000000000000
26.360000610352	0.47275194525719	-0.62968784570694	65.000000000000	0.00000000000000
26.370000839233	0.47153279185295	-0.62969970703125	65.000000000000	0.00000000000000
26.379999160767	0.47031164169312	-0.62970852851868	65.000000000000	0.00000000000000
26.389999389648	0.46908858418465	-0.62971442937851	65.000000000000	0.00000000000000
26.399999618530	0.46786355972290	-0.62971740961075	65.000000000000	0.00000000000000
26.409999847412	0.46663662791252	-0.62971729040146	65.000000000000	0.00000000000000
26.420000076294	0.46540787816048	-0.62971419095993	65.000000000000	0.00000000000000
26.430000305176	0.46417698264122	-0.62970811128616	65.000000000000	0.00000000000000
26.440000534058	0.46294420957565	-0.62969893217087	65.000000000000	0.00000000000000
26.450000762939	0.46170935034752	-0.62968677282333	65.000000000000	0.00000000000000
26.459999084473	0.46047279238701	-0.62967151403427	65.000000000000	0.00000000000000
26.469999313354	0.45923414826393	-0.62965321540833	65.000000000000	0.00000000000000
26.479999542236	0.45799350738525	-0.62963181734085	65.000000000000	0.00000000000000
26.489999771118	0.45675104856491	-0.62960726022720	65.000000000000	0.00000000000000
26.500000000000	0.45550689101219	-0.62957966327667	65.000000000000	0.00000000000000
26.510000228882	0.45426055788994	-0.62954890727997	65.000000000000	0.00000000000000
26.520000457764	0.45301234722137	-0.62951499223709	65.000000000000	0.00000000000000
26.530000686646	0.45176237821579	-0.62947797775269	65.000000000000	0.00000000000000
26.540000915527	0.45051032304764	-0.62943774461746	65.000000000000	0.00000000000000
26.549999237061	0.44925650954247	-0.62939429283142	65.000000000000	0.00000000000000
26.559999465942	0.44800078868866	-0.62934774160385	65.000000000000	0.00000000000000
26.569999694824	0.44674319028854	-0.62929785251617	65.000000000000	0.00000000000000
26.579999923706	0.44548374414444	-0.62924480438232	65.000000000000	0.00000000000000
26.590000152588	0.44422236084938	-0.62918847799301	65.000000000000	0.00000000000000
26.600000381470	0.44295915961266	-0.62912893295288	65.000000000000	0.00000000000000
26.610000610352	0.44169393181801	-0.62906610965729	65.000000000000	0.00000000000000
26.620000839233	0.44042703509331	-0.62900006771088	65.000000000000	0.00000000000000
26.629999160767	0.43915829062462	-0.62893062829971	65.000000000000	0.00000000000000
26.639999389648	0.43788775801659	-0.62885791063309	65.000000000000	0.00000000000000
26.649999618530	0.43661534786224	-0.62878185510635	65.000000000000	0.00000000000000
26.659999847412	0.43534097075462	-0.62870240211487	65.000000000000	0.00000000000000
26.670000076294	0.43406498432159	-0.62861961126328	65.000000000000	0.00000000000000
26.680000305176	0.43278703093529	-0.62853348255157	65.000000000000	0.00000000000000
26.690000534058	0.43150743842125	-0.62844395637512	65.000000000000	0.00000000000000
26.700000762939	0.43022570014000	-0.62835097312927	65.000000000000	0.00000000000000
26.709999084473	0.42894244194031	-0.62825465202332	65.000000000000	0.00000000000000
26.719999313354	0.42765736579895	-0.62815481424332	65.000000000000	0.00000000000000
26.729999542236	0.42637062072754	-0.62805157899857	65.000000000000	0.00000000000000
26.739999771118	0.42508193850517	-0.62794488668442	65.000000000000	0.00000000000000
26.750000000000	0.42379149794579	-0.62783467769623	65.000000000000	0.00000000000000
26.760000228882	0.42249932885170	-0.62772095203400	65.000000000000	0.00000000000000
26.770000457764	0.42120534181595	-0.62760382890701	65.000000000000	0.00000000000000
26.780000686646	0.41990977525711	-0.62748301029205	65.000000000000	0.00000000000000
26.790000915527	0.41861236095428	-0.62735873460770	65.000000000000	0.00000000000000
26.799999237061	0.41731315851212	-0.62723094224930	65.000000000000	0.00000000000000
26.809999465942	0.41601237654686	-0.62709945440292	65.000000000000	0.00000000000000
26.819999694824	0.41470980644226	-0.62696444988251	65.000000000000	0.00000000000000
26.829999923706	0.41340541839600	-0.62682586908340	65.000000000000	0.00000000000000
26.840000152588	0.41209957003593	-0.62668365240097	65.000000000000	0.00000000000000
26.850000381470	0.41079187393188	-0.62653774023056	65.000000000000	0.00000000000000
26.860000610352	0.40948250889778	-0.62638825178146	65.000000000000	0.00000000000000
26.870000839233	0.40817147493362	-0.62623506784439	65.000000000000	0.00000000000000
26.879999160767	0.40685883164406	-0.62607812881470	65.000000000000	0.00000000000000
26.889999389648	0.40554440021515	-0.62591755390167	65.000000000000	0.00000000000000
26.899999618530	0.40422847867012	-0.62575328350067	65.000000000000	0.00000000000000
26.909999847412	0.40291076898575	-0.62558513879776	65.000000000000	0.00000000000000
26.920000076294	0.40159150958061	-0.62541341781616	65.000000000000	0.00000000000000
26.930000305176	0.40027073025703	-0.62523782253265	65.000000000000	0.00000000000000
26.940000534058	0.39894807338715	-0.62505853176117	65.000000000000	0.00000000000000
26.950000762939	0.39762410521507	-0.62487530708313	65.000000000000	0.00000000000000
26.959999084473	0.39629843831062	-0.62468838691711	65.000000000000	0.00000000000000
26.969999313354	0.39497107267380	-0.62449759244919	65.000000000000	0.00000000000000
26.979999542236	0.39364227652550	-0.62430292367935	65.000000000000	0.00000000000000
26.989999771118	0.39231181144714	-0.62410444021225	65.000000000000	0.00000000000000
27.000000000000	0.39097988605499	-0.62390202283859	65.000000000000	0.00000000000000
27.010000228882	0.38964638113976	-0.62369567155838	65.000000000000	0.00000000000000
27.020000457764	0.38831126689911	-0.62348556518555	65.000000000000	0.00000000000000
27.030000686646	0.38697484135628	-0.62327140569687	65.000000000000	0.00000000000000
27.040000915527	0.38563671708107	-0.62305331230164	65.000000000000	0.00000000000000
27.049999237061	0.38429716229439	-0.62283122539520	65.000000000000	0.00000000000000
27.059999465942	0.38295608758926	-0.62260520458221	65.000000000000	0.00000000000000
27.069999694824	0.38161364197731	-0.62237524986267	65.000000000000	0.00000000000000
27.079999923706	0.38026949763298	-0.62214112281799	65.000000000000	0.00000000000000
27.090000152588	0.37892416119576	-0.62190312147141	65.000000000000	0.00000000000000
27.100000381470	0.37757730484009	-0.62166094779968	65.000000000000	0.00000000000000
27.110000610352	0.37622895836830	-0.62141478061676	65.000000000000	0.00000000000000
27.120000839233	0.37487918138504	-0.62116450071335	65.000000000000	0.00000000000000
27.129999160767	0.37352791428566	-0.62091016769409	65.000000000000	0.00000000000000
27.139999389648	0.37217548489571	-0.62065166234970	65.000000000000	0.00000000000000
27.149999618530	0.37082153558731	-0.62038904428482	65.000000000000	0.00000000000000
27.159999847412	0.36946615576744	-0.62012231349945	65.000000000000	0.00000000000000
27.170000076294	0.36810946464539	-0.61985146999359	65.000000000000	0.00000000000000
27.180000305176	0.36675158143044	-0.61957633495331	65.000000000000	0.00000000000000
27.190000534058	0.36539229750633	-0.61929702758789	65.000000000000	0.00000000000000
27.200000762939	0.36403152346611	-0.61901348829269	65.000000000000	0.00000000000000
27.209999084473	0.36266967654228	-0.61872577667236	65.000000000000	0.00000000000000
27.219999313354	0.36130636930466	-0.61843377351761	65.000000000000	0.00000000000000
27.229999542236	0.35994178056717	-0.61813753843307	65.000000000000	0.00000000000000
27.239999771118	0.35857608914375	-0.61783695220947	65.000000000000	0.00000000000000
27.250000000000	0.35720902681351	-0.61753219366074	65.000000000000	0.00000000000000
27.260000228882	0.35584083199501	-0.61722302436829	65.000000000000	0.00000000000000
27.270000457764	0.35447117686272	-0.61690950393677	65.000000000000	0.00000000000000
27.280000686646	0.35310065746307	-0.61659175157547	65.000000000000	0.00000000000000
27.290000915527	0.35172867774963	-0.61626952886581	65.000000000000	0.00000000000000
27.299999237061	0.35035553574562	-0.61594295501709	65.000000000000	0.00000000000000
27.309999465942	0.34898132085800	-0.61561203002930	65.000000000000	0.00000000000000
27.319999694824	0.34760591387749	-0.61527663469315	65.000000000000	0.00000000000000
27.329999923706	0.34622949361801	-0.61493682861328	65.000000000000	0.00000000000000
27.340000152588	0.34485188126564	-0.61459255218506	65.000000000000	0.00000000000000
27.350000381470	0.34347301721573	-0.61424386501312	65.000000000000	0.00000000000000
27.360000610352	0.34209334850311	-0.61389064788818	65.000000000000	0.00000000000000
27.370000839233	0.34071224927902	-0.61353302001953	65.000000000000	0.00000000000000
27.379999160767	0.33933037519455	-0.61317080259323	65.000000000000	0.00000000000000
27.389999389648	0.33794739842415	-0.61280405521393	65.000000000000	0.00000000000000
27.399999618530	0.33656337857246	-0.61243277788162	65.000000000000	0.00000000000000
27.409999847412	0.33517846465111	-0.61205697059631	65.000000000000	0.00000000000000
27.420000076294	0.33379250764847	-0.61167657375336	65.000000000000	0.00000000000000
27.430000305176	0.33240541815758	-0.61129152774811	65.000000000000	0.00000000000000
27.440000534058	0.33101764321327	-0.61090195178986	65.000000000000	0.00000000000000
27.450000762939	0.32962870597839	-0.61050772666931	65.000000000000	0.00000000000000
27.459999084473	0.32823884487152	-0.61010891199112	65.000000000000	0.00000000000000
27.469999313354	0.32684832811356	-0.60970526933670	65.000000000000	0.00000000000000
27.479999542236	0.32545673847198	-0.60929709672928	65.000000000000	0.00000000000000
27.489999771118	0.32406440377235	-0.60888415575027	65.000000000000	0.00000000000000
27.500000000000	0.32267105579376	-0.60846662521362	65.000000000000	0.00000000000000
27.510000228882	0.32127708196640	-0.60804426670074	65.000000000000	0.00000000000000
27.520000457764	0.31988200545311	-0.60761725902557	65.000000000000	0.00000000000000
27.530000686646	0.31848636269569	-0.60718542337418	65.000000000000	0.00000000000000
27.540000915527	0.31708991527557	-0.60674881935120	65.000000000000	0.00000000000000
27.549999237061	0.31569269299507	-0.60630750656128	65.000000000000	0.00000000000000
27.559999465942	0.31429481506348	-0.60586136579514	65.000000000000	0.00000000000000
27.569999694824	0.31289616227150	-0.60541045665741	65.000000000000	0.00000000000000
27.579999923706	0.31149682402611	-0.60495465993881	65.000000000000	0.00000000000000
27.590000152588	0.31009668111801	-0.60449397563934	65.000000000000	0.00000000000000
27.600000381470	0.30869606137276	-0.60402846336365	65.000000000000	0.00000000000000
27.610000610352	0.30729475617409	-0.60355818271637	65.000000000000	0.00000000000000
27.620000839233	0.30589288473129	-0.60308289527893	65.000000000000	0.00000000000000
27.629999160767	0.30449038743973	-0.60260277986526	65.000000000000	0.00000000000000
27.639999389648	0.30308726429939	-0.60211765766144	65.000000000000	0.00000000000000
27.649999618530	0.30168354511261	-0.60162770748138	65.000000000000	0.00000000000000
27.659999847412	0.30027937889099	-0.60113269090652	65.000000000000	0.00000000000000
27.670000076294	0.29887479543686	-0.60063278675079	65.000000000000	0.00000000000000
27.680000305176	0.29746967554092	-0.60012799501419	65.000000000000	0.00000000000000
27.690000534058	0.29606384038925	-0.59961813688278	65.000000000000	0.00000000000000
27.700000762939	0.29465785622597	-0.59910315275192	65.000000000000	0.00000000000000
27.709999084473	0.29325133562088	-0.59858334064484	65.000000000000	0.00000000000000
27.719999313354	0.29184436798096	-0.59805840253830	65.000000000000	0.00000000000000
27.729999542236	0.29043725132942	-0.59752845764160	65.000000000000	0.00000000000000
27.739999771118	0.28902956843376	-0.59699338674545	65.000000000000	0.00000000000000
27.750000000000	0.28762146830559	-0.59645324945450	65.000000000000	0.00000000000000
27.760000228882	0.28621315956116	-0.59590810537338	65.000000000000	0.00000000000000
27.770000457764	0.28480464220047	-0.59535783529282	65.000000000000	0.00000000000000
27.780000686646	0.28339576721191	-0.59480243921280	65.000000000000	0.00000000000000
27.790000915527	0.28198668360710	-0.59424185752869	65.000000000000	0.00000000000000
27.799999237061	0.28057736158371	-0.59367626905441	65.000000000000	0.00000000000000
27.809999465942	0.27916789054871	-0.59310543537140	65.000000000000	0.00000000000000
27.819999694824	0.27775815129280	-0.59252941608429	65.000000000000	0.00000000000000
27.829999923706	0.27634835243225	-0.59194833040237	65.000000000000	0.00000000000000
27.840000152588	0.27493831515312	-0.59136193990707	65.000000000000	0.00000000000000
27.850000381470	0.27352842688560	-0.59077036380768	65.000000000000	0.00000000000000
27.860000610352	0.27211833000183	-0.59017360210419	65.000000000000	0.00000000000000
27.870000839233	0.27070799469948	-0.58957165479660	65.000000000000	0.00000000000000
27.879999160767	0.26929777860641	-0.58896440267563	65.000000000000	0.00000000000000
27.889999389648	0.26788765192032	-0.58835196495056	65.000000000000	0.00000000000000
27.899999618530	0.26647743582726	-0.58773416280746	65.000000000000	0.00000000000000
27.909999847412	0.26506716012955	-0.58711111545563	65.000000000000	0.00000000000000
27.920000076294	0.26365715265274	-0.58648282289505	65.000000000000	0.00000000000000
27.930000305176	0.26224714517593	-0.58584922552109	65.000000000000	0.00000000000000
27.940000534058	0.26083731651306	-0.58521032333374	65.000000000000	0.00000000000000
27.950000762939	0.25942763686180	-0.58456605672836	65.000000000000	0.00000000000000
27.959999084473	0.25801819562912	-0.58391648530960	65.000000000000	0.00000000000000
27.969999313354	0.25660869479179	-0.58326160907745	65.000000000000	0.00000000000000
27.979999542236	0.25519958138466	-0.58260130882263	65.000000000000	0.00000000000000
27.989999771118	0.25379076600075	-0.58193570375443	65.000000000000	0.00000000000000
28.000000000000	0.25238224864006	-0.58126467466354	65.000000000000	0.00000000000000
28.010000228882	0.25097391009331	-0.58058834075928	65.000000000000	0.00000000000000
28.020000457764	0.24956592917442	-0.57990652322769	65.000000000000	0.00000000000000
28.030000686646	0.24815833568573	-0.57921940088272	65.000000000000	0.00000000000000
28.040000915527	0.24675129354000	-0.57852679491043	65.000000000000	0.00000000000000
28.049999237061	0.24534448981285	-0.57782882452011	65.000000000000	0.00000000000000
28.059999465942	0.24393804371357	-0.57712537050247	65.000000000000	0.00000000000000
28.069999694824	0.24253220856190	-0.57641655206680	65.000000000000	0.00000000000000
28.079999923706	0.24112699925900	-0.57570213079453	65.000000000000	0.00000000000000
28.090000152588	0.23972217738628	-0.57498234510422	65.000000000000	0.00000000000000
28.100000381470	0.23831777274609	-0.57425713539124	65.000000000000	0.00000000000000
28.110000610352	0.23691377043724	-0.57352650165558	65.000000000000	0.00000000000000
28.120000839233	0.23551079630852	-0.57279014587402	65.000000000000	0.00000000000000
28.129999160767	0.23410834372044	-0.57204848527908	65.000000000000	0.00000000000000
28.139999389648	0.23270663619041	-0.57130122184753	65.000000000000	0.00000000000000
28.149999618530	0.23130521178246	-0.57054859399796	65.000000000000	0.00000000000000
28.159999847412	0.22990490496159	-0.56979036331177	65.000000000000	0.00000000000000
28.170000076294	0.22850544750690	-0.56902641057968	65.000000000000	0.00000000000000
28.180000305176	0.22710661590099	-0.56825715303421	65.000000000000	0.00000000000000
28.190000534058	0.22570842504501	-0.56748235225677	65.000000000000	0.00000000000000
28.200000762939	0.22431117296219	-0.56670194864273	65.000000000000	0.00000000000000
28.209999084473	0.22291460633278	-0.56591612100601	65.000000000000	0.00000000000000
28.219999313354	0.22151933610439	-0.56512451171875	65.000000000000	0.00000000000000
28.229999542236	0.22012449800968	-0.56432753801346	65.000000000000	0.00000000000000
28.239999771118	0.21873100101948	-0.56352484226227	65.000000000000	0.00000000000000
28.250000000000	0.21733833849430	-0.56271672248840	65.000000000000	0.00000000000000
28.260000228882	0.21594673395157	-0.56190294027328	65.000000000000	0.00000000000000
28.270000457764	0.21455624699593	-0.56108343601227	65.000000000000	0.00000000000000
28.280000686646	0.21316666901112	-0.56025856733322	65.000000000000	0.00000000000000
28.290000915527	0.21177825331688	-0.55942797660828	65.000000000000	0.00000000000000
28.299999237061	0.21039104461670	-0.55859178304672	65.000000000000	0.00000000000000
28.309999465942	0.20900507271290	-0.55774998664856	65.000000000000	0.00000000000000
28.319999694824	0.20761983096600	-0.55690264701843	65.000000000000	0.00000000000000
28.329999923706	0.20623612403870	-0.55604964494705	65.000000000000	0.00000000000000
28.340000152588	0.20485374331474	-0.55519098043442	65.000000000000	0.00000000000000
28.350000381470	0.20347242057323	-0.55432677268982	65.000000000000	0.00000000000000
28.360000610352	0.20209275186062	-0.55345684289932	65.000000000000	0.00000000000000
28.370000839233	0.20071421563625	-0.55258136987686	65.000000000000	0.00000000000000
28.379999160767	0.19933708012104	-0.55170017480850	65.000000000000	0.00000000000000
28.389999389648	0.19796139001846	-0.55081337690353	65.000000000000	0.00000000000000
28.399999618530	0.19658719003201	-0.54992085695267	65.000000000000	0.00000000000000
28.409999847412	0.19521448016167	-0.54902267456055	65.000000000000	0.00000000000000
28.420000076294	0.19384306669235	-0.54811906814575	65.000000000000	0.00000000000000
28.430000305176	0.19247318804264	-0.54720973968506	65.000000000000	0.00000000000000
28.440000534058	0.19110515713692	-0.54629456996918	65.000000000000	0.00000000000000
28.450000762939	0.18973849713802	-0.54537391662598	65.000000000000	0.00000000000000
28.459999084473	0.18837323784828	-0.54444766044617	65.000000000000	0.00000000000000
28.469999313354	0.18700987100601	-0.54351562261581	65.000000000000	0.00000000000000
28.479999542236	0.18564847111702	-0.54257786273956	65.000000000000	0.00000000000000
28.489999771118	0.18428854644299	-0.54163455963135	65.000000000000	0.00000000000000
28.500000000000	0.18293036520481	-0.54068559408188	65.000000000000	0.00000000000000
28.510000228882	0.18157374858856	-0.53973102569580	65.000000000000	0.00000000000000
28.520000457764	0.18021915853024	-0.53877067565918	65.000000000000	0.00000000000000
28.530000686646	0.17886669933796	-0.53780466318130	65.000000000000	0.00000000000000
28.540000915527	0.17751584947109	-0.53683304786682	65.000000000000	0.00000000000000
28.549999237061	0.17616659402847	-0.53585582971573	65.000000000000	0.00000000000000
28.559999465942	0.17481982707977	-0.53487282991409	65.000000000000	0.00000000000000
28.569999694824	0.17347501218319	-0.53388422727585	65.000000000000	0.00000000000000
28.579999923706	0.17213188111782	-0.53288990259171	65.000000000000	0.00000000000000
28.590000152588	0.17079080641270	-0.53189003467560	65.000000000000	0.00000000000000
28.600000381470	0.16945187747478	-0.53088444471359	65.000000000000	0.00000000000000
28.610000610352	0.16811500489712	-0.52987319231033	65.000000000000	0.00000000000000
28.620000839233	0.16678039729595	-0.52885633707047	65.000000000000	0.00000000000000
28.629999160767	0.16544790565968	-0.52783381938934	65.000000000000	0.00000000000000
28.639999389648	0.16411779820919	-0.52680557966232	65.000000000000	0.00000000000000
28.649999618530	0.16278965771198	-0.52577179670334	65.000000000000	0.00000000000000
28.659999847412	0.16146396100521	-0.52473235130310	65.000000000000	0.00000000000000
28.670000076294	0.16014052927494	-0.52368724346161	65.000000000000	0.00000000000000
28.680000305176	0.15881946682930	-0.52263653278351	65.000000000000	0.00000000000000
28.690000534058	0.15750072896481	-0.52158021926880	65.000000000000	0.00000000000000
28.700000762939	0.15618443489075	-0.52051812410355	65.000000000000	0.00000000000000
28.709999084473	0.15487048029900	-0.51945054531097	65.000000000000	0.00000000000000
28.719999313354	0.15355917811394	-0.51837730407715	65.000000000000	0.00000000000000
28.729999542236	0.15225018560886	-0.51729846000671	65.000000000000	0.00000000000000
28.739999771118	0.15094387531281	-0.51621401309967	65.000000000000	0.00000000000000
28.750000000000	0.14963990449905	-0.51512390375137	65.000000000000	0.00000000000000
28.760000228882	0.14833869040012	-0.51402825117111	65.000000000000	0.00000000000000
28.770000457764	0.14704002439976	-0.51292705535889	65.000000000000	0.00000000000000
28.780000686646	0.14574414491653	-0.51182013750076	65.000000000000	0.00000000000000
28.790000915527	0.14445087313652	-0.51070773601532	65.000000000000	0.00000000000000
28.799999237061	0.14316047728062	-0.50958979129791	65.000000000000	0.00000000000000
28.809999465942	0.14187271893024	-0.50846618413925	65.000000000000	0.00000000000000
28.819999694824	0.14058788120747	-0.50733703374863	65.000000000000	0.00000000000000
28.829999923706	0.13930574059486	-0.50620234012604	65.000000000000	0.00000000000000
28.840000152588	0.13802649080753	-0.50506210327148	65.000000000000	0.00000000000000
28.850000381470	0.13675011694431	-0.50391632318497	65.000000000000	0.00000000000000
28.860000610352	0.13547664880753	-0.50276499986649	65.000000000000	0.00000000000000
28.870000839233	0.13420628011227	-0.50160825252533	65.000000000000	0.00000000000000
28.879999160767	0.13293872773647	-0.50044584274292	65.000000000000	0.00000000000000
28.889999389648	0.13167443871498	-0.49927803874016	65.000000000000	0.00000000000000
28.899999618530	0.13041308522224	-0.49810469150543	65.000000000000	0.00000000000000
28.909999847412	0.12915489077568	-0.49692580103874	65.000000000000	0.00000000000000
28.920000076294	0.12789966166019	-0.49574148654938	65.000000000000	0.00000000000000
28.930000305176	0.12664768099785	-0.49455168843269	65.000000000000	0.00000000000000
28.940000534058	0.12539884448051	-0.49335646629333	65.000000000000	0.00000000000000
28.950000762939	0.12415331602097	-0.49215573072433	65.000000000000	0.00000000000000
28.959999084473	0.12291098386049	-0.49094960093498	65.000000000000	0.00000000000000
28.969999313354	0.12167200446129	-0.48973795771599	65.000000000000	0.00000000000000
28.979999542236	0.12043642252684	-0.48852103948593	65.000000000000	0.00000000000000
28.989999771118	0.11920401453972	-0.48729854822159	65.000000000000	0.00000000000000
29.000000000000	0.11797504872084	-0.48607081174850	65.000000000000	0.00000000000000
29.010000228882	0.11674953997135	-0.48483759164810	65.000000000000	0.00000000000000
29.020000457764	0.11552753299475	-0.48359900712967	65.000000000000	0.00000000000000
29.030000686646	0.11430905759335	-0.48235511779785	65.000000000000	0.00000000000000
29.040000915527	0.11309389770031	-0.48110583424568	65.000000000000	0.00000000000000
29.049999237061	0.11188255250454	-0.47985118627548	65.000000000000	0.00000000000000
29.059999465942	0.11067458242178	-0.47859126329422	65.000000000000	0.00000000000000
29.069999694824	0.10947026312351	-0.47732597589493	65.000000000000	0.00000000000000
29.079999923706	0.10826960206032	-0.47605544328690	65.000000000000	0.00000000000000
29.090000152588	0.10707274824381	-0.47477960586548	65.000000000000	0.00000000000000
29.100000381470	0.10587951540947	-0.47349849343300	65.000000000000	0.00000000000000
29.110000610352	0.10469003021717	-0.47221210598946	65.000000000000	0.00000000000000
29.120000839233	0.10350432246923	-0.47092050313950	65.000000000000	0.00000000000000
29.129999160767	0.10232253372669	-0.46962362527847	65.000000000000	0.00000000000000
29.139999389648	0.10114447027445	-0.46832156181335	65.000000000000	0.00000000000000
29.149999618530	0.099970273673534	-0.46701431274414	65.000000000000	0.00000000000000
29.159999847412	0.098799958825111	-0.46570184826851	65.000000000000	0.00000000000000
29.170000076294	0.097633793950081	-0.46438422799110	65.000000000000	0.00000000000000
29.180000305176	0.096471354365349	-0.46306145191193	65.000000000000	0.00000000000000
29.190000534058	0.095312997698784	-0.46173354983330	65.000000000000	0.00000000000000
29.200000762939	0.094158649444580	-0.46040049195290	65.000000000000	0.00000000000000
29.209999084473	0.093008443713188	-0.45906236767769	65.000000000000	0.00000000000000
29.219999313354	0.091862291097641	-0.45771911740303	65.000000000000	0.00000000000000
29.229999542236	0.090720333158970	-0.45637086033821	65.000000000000	0.00000000000000
29.239999771118	0.089582495391369	-0.45501744747162	65.000000000000	0.00000000000000
29.250000000000	0.088448897004128	-0.45365902781487	65.000000000000	0.00000000000000
29.260000228882	0.087319478392601	-0.45229563117027	65.000000000000	0.00000000000000
29.270000457764	0.086194239556789	-0.45092722773552	65.000000000000	0.00000000000000
29.280000686646	0.085073441267014	-0.44955378770828	65.000000000000	0.00000000000000
29.290000915527	0.083956904709339	-0.44817543029785	65.000000000000	0.00000000000000
29.299999237061	0.082844629883766	-0.44679206609726	65.000000000000	0.00000000000000
29.309999465942	0.081736765801907	-0.44540384411812	65.000000000000	0.00000000000000
29.319999694824	0.080633245408535	-0.44401070475578	65.000000000000	0.00000000000000
29.329999923706	0.079534389078617	-0.44261261820793	65.000000000000	0.00000000000000
29.340000152588	0.078439921140671	-0.44120967388153	65.000000000000	0.00000000000000
29.350000381470	0.077349856495857	-0.43980190157890	65.000000000000	0.00000000000000
29.360000610352	0.076264336705208	-0.43838930130005	65.000000000000	0.00000000000000
29.370000839233	0.075183384120464	-0.43697184324265	65.000000000000	0.00000000000000
29.379999160767	0.074107028543949	-0.43554961681366	65.000000000000	0.00000000000000
29.389999389648	0.073035284876823	-0.43412265181541	65.000000000000	0.00000000000000
29.399999618530	0.071968302130699	-0.43269091844559	65.000000000000	0.00000000000000
29.409999847412	0.070905879139900	-0.43125447630882	65.000000000000	0.00000000000000
29.420000076294	0.069848254323006	-0.42981329560280	65.000000000000	0.00000000000000
29.430000305176	0.068795248866081	-0.42836743593216	65.000000000000	0.00000000000000
29.440000534058	0.067747093737125	-0.42691686749458	65.000000000000	0.00000000000000
29.450000762939	0.066703610122204	-0.42546167969704	65.000000000000	0.00000000000000
29.459999084473	0.065665028989315	-0.42400190234184	65.000000000000	0.00000000000000
29.469999313354	0.064631372690201	-0.42253753542900	65.000000000000	0.00000000000000
29.479999542236	0.063602559268475	-0.42106854915619	65.000000000000	0.00000000000000
29.489999771118	0.062578722834587	-0.41959503293037	65.000000000000	0.00000000000000
29.500000000000	0.061559777706861	-0.41811698675156	65.000000000000	0.00000000000000
29.510000228882	0.060545660555363	-0.41663447022438	65.000000000000	0.00000000000000
29.520000457764	0.059536583721638	-0.41514739394188	65.000000000000	0.00000000000000
29.530000686646	0.058532685041428	-0.41365590691566	65.000000000000	0.00000000000000
29.540000915527	0.057533673942089	-0.41215994954109	65.000000000000	0.00000000000000
29.549999237061	0.056539885699749	-0.41065958142281	65.000000000000	0.00000000000000
29.559999465942	0.055551141500473	-0.40915489196777	65.000000000000	0.00000000000000
29.569999694824	0.054567553102970	-0.40764579176903	65.000000000000	0.00000000000000
29.579999923706	0.053589068353176	-0.40613234043121	65.000000000000	0.00000000000000
29.590000152588	0.052615780383348	-0.40461459755898	65.000000000000	0.00000000000000
29.600000381470	0.051647741347551	-0.40309256315231	65.000000000000	0.00000000000000
29.610000610352	0.050684951245785	-0.40156623721123	65.000000000000	0.00000000000000
29.620000839233	0.049727447330952	-0.40003573894501	65.000000000000	0.00000000000000
29.629999160767	0.048775151371956	-0.39850094914436	65.000000000000	0.00000000000000
29.639999389648	0.047828178852797	-0.39696201682091	65.000000000000	0.00000000000000
29.649999618530	0.046886652708054	-0.39541897177696	65.000000000000	0.00000000000000
29.659999847412	0.045950405299664	-0.39387172460556	65.000000000000	0.00000000000000
29.670000076294	0.045019641518593	-0.39232042431831	65.000000000000	0.00000000000000
29.680000305176	0.044094201177359	-0.39076498150826	65.000000000000	0.00000000000000
29.690000534058	0.043174289166927	-0.38920557498932	65.000000000000	0.00000000000000
29.700000762939	0.042259838432074	-0.38764205574989	65.000000000000	0.00000000000000
29.709999084473	0.041350867599249	-0.38607457280159	65.000000000000	0.00000000000000
29.719999313354	0.040447495877743	-0.38450315594673	65.000000000000	0.00000000000000
29.729999542236	0.039549551904202	-0.38292777538300	65.000000000000	0.00000000000000
29.739999771118	0.038657244294882	-0.38134846091270	65.000000000000	0.00000000000000
29.750000000000	0.037770595401525	-0.37976527214050	65.000000000000	0.00000000000000
29.760000228882	0.036889534443617	-0.37817823886871	65.000000000000	0.00000000000000
29.770000457764	0.036014080047607	-0.37658739089966	65.000000000000	0.00000000000000
29.780000686646	0.035144254565239	-0.37499269843102	65.000000000000	0.00000000000000
29.790000915527	0.034280255436897	-0.37339425086975	65.000000000000	0.00000000000000
29.799999237061	0.033421840518713	-0.37179207801819	65.000000000000	0.00000000000000
29.809999465942	0.032569289207458	-0.37018617987633	65.000000000000	0.00000000000000
29.819999694824	0.031722359359264	-0.36857661604881	65.000000000000	0.00000000000000
29.829999923706	0.030881335958838	-0.36696341633797	65.000000000000	0.00000000000000
29.840000152588	0.030046062543988	-0.36534652113914	65.000000000000	0.00000000000000
29.850000381470	0.029216555878520	-0.36372610926628	65.000000000000	0.00000000000000
29.860000610352	0.028393011540174	-0.36210206151009	65.000000000000	0.00000000000000
29.870000839233	0.027575360611081	-0.36047455668449	65.000000000000	0.00000000000000
29.879999160767	0.026763534173369	-0.35884350538254	65.000000000000	0.00000000000000
29.889999389648	0.025957640260458	-0.35720899701118	65.000000000000	0.00000000000000
29.899999618530	0.025157693773508	-0.35557103157043	65.000000000000	0.00000000000000
29.909999847412	0.024363717064261	-0.35392969846725	65.000000000000	0.00000000000000
29.920000076294	0.023575723171234	-0.35228490829468	65.000000000000	0.00000000000000
29.930000305176	0.022793732583523	-0.35063683986664	65.000000000000	0.00000000000000
29.940000534058	0.022017763927579	-0.34898546338081	65.000000000000	0.00000000000000
29.950000762939	0.021247914060950	-0.34733074903488	65.000000000000	0.00000000000000
29.959999084473	0.020483953878284	-0.34567281603813	65.000000000000	0.00000000000000
29.969999313354	0.019726311787963	-0.34401163458824	65.000000000000	0.00000000000000
29.979999542236	0.018974594771862	-0.34234729409218	65.000000000000	0.00000000000000
29.989999771118	0.018229065462947	-0.34067979454994	65.000000000000	0.00000000000000
30.000000000000	0.017489658668637	-0.33900916576385	65.000000000000	0.00000000000000
30.010000228882	0.016756389290094	-0.33733543753624	65.000000000000	0.00000000000000
30.020000457764	0.016029277816415	-0.33565869927406	65.000000000000	0.00000000000000
30.030000686646	0.015308494679630	-0.33397889137268	65.000000000000	0.00000000000000
30.040000915527	0.014593739993870	-0.33229610323906	65.000000000000	0.00000000000000
30.049999237061	0.013885425403714	-0.33061033487320	65.000000000000	0.00000000000000
30.059999465942	0.013183248229325	-0.32892164587975	65.000000000000	0.00000000000000
30.069999694824	0.012487384490669	-0.32723009586334	65.000000000000	0.00000000000000
30.079999923706	0.011797767132521	-0.32553571462631	65.000000000000	0.00000000000000
30.090000152588	0.011114492081106	-0.32383844256401	65.000000000000	0.00000000000000
30.100000381470	0.010437492281199	-0.32213839888573	65.000000000000	0.00000000000000
30.110000610352	0.0097668636590242	-0.32043561339378	65.000000000000	0.00000000000000
30.120000839233	0.0091026173904538	-0.31873011589050	65.000000000000	0.00000000000000
30.129999160767	0.0084446910768747	-0.31702187657356	65.000000000000	0.00000000000000
30.139999389648	0.0077931755222380	-0.31531101465225	65.000000000000	0.00000000000000
30.149999618530	0.0071480837650597	-0.31359753012657	65.000000000000	0.00000000000000
30.159999847412	0.0065094288438559	-0.31188148260117	65.000000000000	0.00000000000000
30.170000076294	0.0058771478943527	-0.31016284227371	65.000000000000	0.00000000000000
30.180000305176	0.0052513312548399	-0.30844172835350	65.000000000000	0.00000000000000
30.190000534058	0.0046319887042046	-0.30671808123589	65.000000000000	0.00000000000000
30.200000762939	0.0040191337466240	-0.30499204993248	65.000000000000	0.00000000000000
30.209999084473	0.0034127782564610	-0.30326354503632	65.000000000000	0.00000000000000
30.219999313354	0.0028129348065704	-0.30153274536133	65.000000000000	0.00000000000000
30.229999542236	0.0022196138743311	-0.29979953169823	65.000000000000	0.00000000000000
30.239999771118	0.0016328279161826	-0.29806405305862	65.000000000000	0.00000000000000
30.250000000000	0.0010525882244110	-0.29632627964020	65.000000000000	0.00000000000000
30.260000228882	0.00047883586375974	-0.29458630084991	65.000000000000	0.00000000000000
30.270000457764	-8.8207612861879e-05	-0.29284411668777	65.000000000000	0.00000000000000
30.280000686646	-0.00064881134312600	-0.29109978675842	65.000000000000	0.00000000000000
30.290000915527	-0.0012026861077175	-0.28935328125954	65.000000000000	0.00000000000000
30.299999237061	-0.0017500296235085	-0.28760474920273	65.000000000000	0.00000000000000
30.309999465942	-0.0022907622624189	-0.28585410118103	65.000000000000	0.00000000000000
30.319999694824	-0.0028247381560504	-0.28410145640373	65.000000000000	0.00000000000000
30.329999923706	-0.0033522192388773	-0.28234684467316	65.000000000000	0.00000000000000
30.340000152588	-0.0038729251828045	-0.28059029579163	65.000000000000	0.00000000000000
30.350000381470	-0.0043870494700968	-0.27883186936378	65.000000000000	0.00000000000000
30.360000610352	-0.0048945136368275	-0.27707150578499	65.000000000000	0.00000000000000
30.370000839233	-0.0053951782174408	-0.27530932426453	65.000000000000	0.00000000000000
30.379999160767	-0.0058891670778394	-0.27354532480240	65.000000000000	0.00000000000000
30.389999389648	-0.0063765356317163	-0.27177959680557	65.000000000000	0.00000000000000
30.399999618530	-0.0068570808507502	-0.27001214027405	65.000000000000	0.00000000000000
30.409999847412	-0.0073309252038598	-0.26824298501015	65.000000000000	0.00000000000000
30.420000076294	-0.0077981236390769	-0.26647219061852	65.000000000000	0.00000000000000
30.430000305176	-0.0082584768533707	-0.26469981670380	65.000000000000	0.00000000000000
30.440000534058	-0.0087121045216918	-0.26292580366135	65.000000000000	0.00000000000000
30.450000762939	-0.0091589996591210	-0.26115030050278	65.000000000000	0.00000000000000
30.459999084473	-0.0095990924164653	-0.25937324762344	65.000000000000	0.00000000000000
30.469999313354	-0.010032438673079	-0.25759473443031	65.000000000000	0.00000000000000
30.479999542236	-0.010458908975124	-0.25581482052803	65.000000000000	0.00000000000000
30.489999771118	-0.010878680273890	-0.25403353571892	65.000000000000	0.00000000000000
30.500000000000	-0.011291683651507	-0.25225082039833	65.000000000000	0.00000000000000
30.510000228882	-0.011697734706104	-0.25046685338020	65.000000000000	0.00000000000000
30.520000457764	-0.012097125872970	-0.24868158996105	65.000000000000	0.00000000000000
30.530000686646	-0.012489613145590	-0.24689511954784	65.000000000000	0.00000000000000
30.540000915527	-0.012875310145319	-0.24510741233826	65.000000000000	0.00000000000000
30.549999237061	-0.013254152610898	-0.24331854283810	65.000000000000	0.00000000000000
30.559999465942	-0.013626193627715	-0.24152855575085	65.000000000000	0.00000000000000
30.569999694824	-0.013991371728480	-0.23973746597767	65.000000000000	0.00000000000000
30.579999923706	-0.014349738135934	-0.23794533312321	65.000000000000	0.00000000000000
30.590000152588	-0.014701174572110	-0.23615218698978	65.000000000000	0.00000000000000
30.600000381470	-0.015045792795718	-0.23435805737972	65.000000000000	0.00000000000000
30.610000610352	-0.015383585356176	-0.23256298899651	65.000000000000	0.00000000000000
30.620000839233	-0.015714548528194	-0.23076704144478	65.000000000000	0.00000000000000
30.629999160767	-0.016038568690419	-0.22897021472454	65.000000000000	0.00000000000000
30.639999389648	-0.016355754807591	-0.22717256844044	65.000000000000	0.00000000000000
30.649999618530	-0.016666099429131	-0.22537411749363	65.000000000000	0.00000000000000
30.659999847412	-0.016969544813037	-0.22357492148876	65.000000000000	0.00000000000000
30.670000076294	-0.017266036942601	-0.22177504003048	65.000000000000	0.00000000000000
30.680000305176	-0.017555838450789	-0.21997444331646	65.000000000000	0.00000000000000
30.690000534058	-0.017838580533862	-0.21817325055599	65.000000000000	0.00000000000000
30.700000762939	-0.018114468082786	-0.21637143194675	65.000000000000	0.00000000000000
30.709999084473	-0.018383599817753	-0.21456907689571	65.000000000000	0.00000000000000
30.719999313354	-0.018645768985152	-0.21276618540287	65.000000000000	0.00000000000000
30.729999542236	-0.018901078030467	-0.21096280217171	65.000000000000	0.00000000000000
30.739999771118	-0.019149420782924	-0.20915900170803	65.000000000000	0.00000000000000
30.750000000000	-0.019390899688005	-0.20735478401184	65.000000000000	0.00000000000000
30.760000228882	-0.019625607877970	-0.20555017888546	65.000000000000	0.00000000000000
30.770000457764	-0.019853351637721	-0.20374526083469	65.000000000000	0.00000000000000
30.780000686646	-0.020074320957065	-0.20194001495838	65.000000000000	0.00000000000000
30.790000915527	-0.020288223400712	-0.20013454556465	65.000000000000	0.00000000000000
30.799999237061	-0.020495351403952	-0.19832882285118	65.000000000000	0.00000000000000
30.809999465942	-0.020695606246591	-0.19652298092842	65.000000000000	0.00000000000000
30.819999694824	-0.020888986065984	-0.19471693038940	65.000000000000	0.00000000000000
30.829999923706	-0.021075490862131	-0.19291080534458	65.000000000000	0.00000000000000
30.840000152588	-0.021255031228065	-0.19110463559628	65.000000000000	0.00000000000000
30.850000381470	-0.021427785977721	-0.18929839134216	65.000000000000	0.00000000000000
30.860000610352	-0.021593667566776	-0.18749217689037	65.000000000000	0.00000000000000
30.870000839233	-0.021752670407295	-0.18568602204323	65.000000000000	0.00000000000000
30.879999160767	-0.021904800087214	-0.18387992680073	65.000000000000	0.00000000000000
30.889999389648	-0.022050142288208	-0.18207393586636	65.000000000000	0.00000000000000
30.899999618530	-0.022188523784280	-0.18026812374592	65.000000000000	0.00000000000000
30.909999847412	-0.022320115938783	-0.17846252024174	65.000000000000	0.00000000000000
30.920000076294	-0.022444833070040	-0.17665715515614	65.000000000000	0.00000000000000
30.930000305176	-0.022562764585018	-0.17485202848911	65.000000000000	0.00000000000000
30.940000534058	-0.022673908621073	-0.17304719984531	65.000000000000	0.00000000000000
30.950000762939	-0.022778093814850	-0.17124275863171	65.000000000000	0.00000000000000
30.959999084473	-0.022875495254993	-0.16943867504597	65.000000000000	0.00000000000000
30.969999313354	-0.022966107353568	-0.16763500869274	65.000000000000	0.00000000000000
30.979999542236	-0.023049850016832	-0.16583180427551	65.000000000000	0.00000000000000
30.989999771118	-0.023126808926463	-0.16402910649776	65.000000000000	0.00000000000000
31.000000000000	-0.023196978494525	-0.16222694516182	65.000000000000	0.00000000000000
31.010000228882	-0.023260362446308	-0.16042530536652	65.000000000000	0.00000000000000
31.020000457764	-0.023316960781813	-0.15862430632114	65.000000000000	0.00000000000000
31.030000686646	-0.023366773501039	-0.15682393312454	65.000000000000	0.00000000000000
31.040000915527	-0.023409802466631	-0.15502426028252	65.000000000000	0.00000000000000
31.049999237061	-0.023446120321751	-0.15322528779507	65.000000000000	0.00000000000000
31.059999465942	-0.023475654423237	-0.15142704546452	65.000000000000	0.00000000000000
31.069999694824	-0.023498477414250	-0.14962959289551	65.000000000000	0.00000000000000
31.079999923706	-0.023514447733760	-0.14783298969269	65.000000000000	0.00000000000000
31.090000152588	-0.023523779585958	-0.14603723585606	65.000000000000	0.00000000000000
31.100000381470	-0.023526325821877	-0.14424237608910	65.000000000000	0.00000000000000
31.110000610352	-0.023522235453129	-0.14244844019413	65.000000000000	0.00000000000000
31.120000839233	-0.023511366918683	-0.14065550267696	65.000000000000	0.00000000000000
31.129999160767	-0.023493917658925	-0.13886353373528	65.000000000000	0.00000000000000
31.139999389648	-0.023469688370824	-0.13707262277603	65.000000000000	0.00000000000000
31.149999618530	-0.023438813164830	-0.13528276979923	65.000000000000	0.00000000000000
31.159999847412	-0.023401288315654	-0.13349403440952	65.000000000000	0.00000000000000
31.170000076294	-0.023357175290585	-0.13170643150806	65.000000000000	0.00000000000000
31.180000305176	-0.023306287825108	-0.12992005050182	65.000000000000	0.00000000000000
31.190000534058	-0.023248868063092	-0.12813486158848	65.000000000000	0.00000000000000
31.200000762939	-0.023184794932604	-0.12635092437267	65.000000000000	0.00000000000000
31.209999084473	-0.023114120587707	-0.12456827610731	65.000000000000	0.00000000000000
31.219999313354	-0.023036846891046	-0.12278696894646	65.000000000000	0.00000000000000
31.229999542236	-0.022952968254685	-0.12100699543953	65.000000000000	0.00000000000000
31.239999771118	-0.022862596437335	-0.11922842264175	65.000000000000	0.00000000000000
31.250000000000	-0.022765668109059	-0.11745127290487	65.000000000000	0.00000000000000
31.260000228882	-0.022662121802568	-0.11567559093237	65.000000000000	0.00000000000000
31.270000457764	-0.022552065551281	-0.11390140652657	65.000000000000	0.00000000000000
31.280000686646	-0.022435544058681	-0.11212875694036	65.000000000000	0.00000000000000
31.290000915527	-0.022312548011541	-0.11035764217377	65.000000000000	0.00000000000000
31.299999237061	-0.022182967513800	-0.10858815908432	65.000000000000	0.00000000000000
31.309999465942	-0.022046996280551	-0.10682028532028	65.000000000000	0.00000000000000
31.319999694824	-0.021904524415731	-0.10505408793688	65.000000000000	0.00000000000000
31.329999923706	-0.021755592897534	-0.10328959673643	65.000000000000	0.00000000000000
31.340000152588	-0.021600240841508	-0.10152682662010	65.000000000000	0.00000000000000
31.350000381470	-0.021438544616103	-0.099765822291374	65.000000000000	0.00000000000000
31.360000610352	-0.021270351484418	-0.098006628453732	65.000000000000	0.00000000000000
31.370000839233	-0.021095830947161	-0.096249267458916	65.000000000000	0.00000000000000
31.379999160767	-0.020914966240525	-0.094493761658669	65.000000000000	0.00000000000000
31.389999389648	-0.020727692171931	-0.092740163207054	65.000000000000	0.00000000000000
31.399999618530	-0.020534079521894	-0.090988509356976	65.000000000000	0.00000000000000
31.409999847412	-0.020334212109447	-0.089238792657852	65.000000000000	0.00000000000000
31.420000076294	-0.020127996802330	-0.087491080164909	65.000000000000	0.00000000000000
31.430000305176	-0.019915517419577	-0.085745401680470	65.000000000000	0.00000000000000
31.440000534058	-0.019696759060025	-0.084001787006855	65.000000000000	0.00000000000000
31.450000762939	-0.019471772015095	-0.082260258495808	65.000000000000	0.00000000000000
31.459999084473	-0.019240522757173	-0.080520853400230	65.000000000000	0.00000000000000
31.469999313354	-0.019003069028258	-0.078783601522446	65.000000000000	0.00000000000000
31.479999542236	-0.018759423866868	-0.077048540115356	65.000000000000	0.00000000000000
31.489999771118	-0.018509600311518	-0.075315691530704	65.000000000000	0.00000000000000
31.500000000000	-0.018253598362207	-0.073585100471973	65.000000000000	0.00000000000000
31.510000228882	-0.017991473898292	-0.071856789290905	65.000000000000	0.00000000000000
31.520000457764	-0.017723217606544	-0.070130780339241	65.000000000000	0.00000000000000
31.530000686646	-0.017448868602514	-0.068407125771046	65.000000000000	0.00000000000000
31.540000915527	-0.017168419435620	-0.066685833036900	65.000000000000	0.00000000000000
31.549999237061	-0.016881920397282	-0.064966939389706	65.000000000000	0.00000000000000
31.559999465942	-0.016589369624853	-0.063250489532948	65.000000000000	0.00000000000000
31.569999694824	-0.016290793195367	-0.061536498367786	65.000000000000	0.00000000000000
31.579999923706	-0.015986209735274	-0.059824999421835	65.000000000000	0.00000000000000
31.590000152588	-0.015675624832511	-0.058116018772125	65.000000000000	0.00000000000000
31.600000381470	-0.015359096229076	-0.056409593671560	65.000000000000	0.00000000000000
31.610000610352	-0.015036615543067	-0.054705746471882	65.000000000000	0.00000000000000
31.620000839233	-0.014708200469613	-0.053004506975412	65.000000000000	0.00000000000000
31.629999160767	-0.014373908750713	-0.051305897533894	65.000000000000	0.00000000000000
31.639999389648	-0.014033705927432	-0.049609970301390	65.000000000000	0.00000000000000
31.649999618530	-0.013687651604414	-0.047916729003191	65.000000000000	0.00000000000000
31.659999847412	-0.013335767202079	-0.046226210892200	65.000000000000	0.00000000000000
31.670000076294	-0.012978059239686	-0.044538445770741	65.000000000000	0.00000000000000
31.680000305176	-0.012614556588233	-0.042853459715843	65.000000000000	0.00000000000000
31.690000534058	-0.012245276011527	-0.041171275079250	65.000000000000	0.00000000000000
31.700000762939	-0.011870252899826	-0.039491932839155	65.000000000000	0.00000000000000
31.709999084473	-0.011489484459162	-0.037815444171429	65.000000000000	0.00000000000000
31.719999313354	-0.011103009805083	-0.036141853779554	65.000000000000	0.00000000000000
31.729999542236	-0.010710856877267	-0.034471169114113	65.000000000000	0.00000000000000
31.739999771118	-0.010313053615391	-0.032803431153297	65.000000000000	0.00000000000000
31.750000000000	-0.0099095981568098	-0.031138660386205	65.000000000000	0.00000000000000
31.760000228882	-0.0095005249604583	-0.029476882889867	65.000000000000	0.00000000000000
31.770000457764	-0.0090858722105622	-0.027818128466606	65.000000000000	0.00000000000000
31.780000686646	-0.0086656296625733	-0.026162419468164	65.000000000000	0.00000000000000
31.790000915527	-0.0082398625090718	-0.024509783834219	65.000000000000	0.00000000000000
31.799999237061	-0.0078085656277835	-0.022860243916512	65.000000000000	0.00000000000000
31.809999465942	-0.0073717688210309	-0.021213827654719	65.000000000000	0.00000000000000
31.819999694824	-0.0069295028224587	-0.019570561125875	65.000000000000	0.00000000000000
31.829999923706	-0.0064817829988897	-0.017930466681719	65.000000000000	0.00000000000000
31.840000152588	-0.0060286433435977	-0.016293568536639	65.000000000000	0.00000000000000
31.850000381470	-0.0055700973607600	-0.014659893698990	65.000000000000	0.00000000000000
31.860000610352	-0.0051061795093119	-0.013029463589191	65.000000000000	0.00000000000000
31.870000839233	-0.0046369121409953	-0.011402303352952	65.000000000000	0.00000000000000
31.879999160767	-0.0041623152792454	-0.0097784353420138	65.000000000000	0.00000000000000
31.889999389648	-0.0036824159324169	-0.0081578865647316	65.000000000000	0.00000000000000
31.899999618530	-0.0031972441356629	-0.0065406779758632	65.000000000000	0.00000000000000
31.909999847412	-0.0027068178169429	-0.0049268319271505	65.000000000000	0.00000000000000
31.920000076294	-0.0022111684083939	-0.0033163728658110	65.000000000000	0.00000000000000
31.930000305176	-0.0017103193094954	-0.0017093227943406	65.000000000000	0.00000000000000
31.940000534058	-0.0012042952002957	-0.00010570373706287	65.000000000000	0.00000000000000
31.950000762939	-0.00069312209961936	0.0014944619033486	65.000000000000	0.00000000000000
31.959999084473	-0.00017682733596303	0.0030911513604224	65.000000000000	0.00000000000000
31.969999313354	0.00034456508001313	0.0046843439340591	65.000000000000	0.00000000000000
31.979999542236	0.00087102764518932	0.0062740170396864	65.000000000000	0.00000000000000
31.989999771118	0.0014025311684236	0.0078601511195302	65.000000000000	0.00000000000000
32.000000000000	0.0019390577217564	0.0094427233561873	65.000000000000	0.00000000000000
32.009998321533	0.0024805720895529	0.011021713726223	65.000000000000	0.00000000000000
32.020000457764	0.0030270509887487	0.012597102671862	65.000000000000	0.00000000000000
32.029998779297	0.0035784672945738	0.014168865978718	65.000000000000	0.00000000000000
32.040000915527	0.0041348007507622	0.015736987814307	65.000000000000	0.00000000000000
32.049999237061	0.0046960110776126	0.017301447689533	65.000000000000	0.00000000000000
32.060001373291	0.0052620833739638	0.018862223252654	65.000000000000	0.00000000000000
32.069999694824	0.0058329859748483	0.020419297739863	65.000000000000	0.00000000000000
32.080001831055	0.0064086890779436	0.021972652524710	65.000000000000	0.00000000000000
32.090000152588	0.0069891731254756	0.023522261530161	65.000000000000	0.00000000000000
32.099998474121	0.0075744078494608	0.025068113580346	65.000000000000	0.00000000000000
32.110000610352	0.0081643546000123	0.026610191911459	65.000000000000	0.00000000000000
32.119998931885	0.0087589994072914	0.028148470446467	65.000000000000	0.00000000000000
32.130001068115	0.0093583194538951	0.029682936146855	65.000000000000	0.00000000000000
32.139999389648	0.0099622625857592	0.031213570386171	65.000000000000	0.00000000000000
32.150001525879	0.010570825077593	0.032740350812674	65.000000000000	0.00000000000000
32.159999847412	0.011183971539140	0.034263271838427	65.000000000000	0.00000000000000
32.169998168945	0.011801675893366	0.035782307386398	65.000000000000	0.00000000000000
32.180000305176	0.012423895299435	0.037297438830137	65.000000000000	0.00000000000000
32.189998626709	0.013050631619990	0.038808654993773	65.000000000000	0.00000000000000
32.200000762939	0.013681833632290	0.040315940976143	65.000000000000	0.00000000000000
32.209999084473	0.014317470602691	0.041819270700216	65.000000000000	0.00000000000000
32.220001220703	0.014957528561354	0.043318636715412	65.000000000000	0.00000000000000
32.229999542236	0.015601963736117	0.044814024120569	65.000000000000	0.00000000000000
32.240001678467	0.016250777989626	0.046305414289236	65.000000000000	0.00000000000000
32.250000000000	0.016903907060623	0.047792788594961	65.000000000000	0.00000000000000
32.259998321533	0.017561338841915	0.049276139587164	65.000000000000	0.00000000000000
32.270000457764	0.018223056569695	0.050755444914103	65.000000000000	0.00000000000000
32.279998779297	0.018889008089900	0.052230697125196	65.000000000000	0.00000000000000
32.290000915527	0.019559172913432	0.053701877593994	65.000000000000	0.00000000000000
32.299999237061	0.020233523100615	0.055168971419334	65.000000000000	0.00000000000000
32.310001373291	0.020912047475576	0.056631967425346	65.000000000000	0.00000000000000
32.319999694824	0.021594692021608	0.058090850710869	65.000000000000	0.00000000000000
32.330001831055	0.022281451150775	0.059545617550611	65.000000000000	0.00000000000000
32.340000152588	0.022972261533141	0.060996234416962	65.000000000000	0.00000000000000
32.349998474121	0.023667132481933	0.062442708760500	65.000000000000	0.00000000000000
32.360000610352	0.024366006255150	0.063885018229485	65.000000000000	0.00000000000000
32.369998931885	0.025068882852793	0.065323151648045	65.000000000000	0.00000000000000
32.380001068115	0.025775721296668	0.066757097840309	65.000000000000	0.00000000000000
32.389999389648	0.026486484333873	0.068186834454536	65.000000000000	0.00000000000000
32.400001525879	0.027201138436794	0.069612368941307	65.000000000000	0.00000000000000
32.409999847412	0.027919648215175	0.071033671498299	65.000000000000	0.00000000000000
32.419998168945	0.028642037883401	0.072450749576092	65.000000000000	0.00000000000000
32.430000305176	0.029368225485086	0.073863580822945	65.000000000000	0.00000000000000
32.439998626709	0.030098188668489	0.075272150337696	65.000000000000	0.00000000000000
32.450000762939	0.030831936746836	0.076676465570927	65.000000000000	0.00000000000000
32.459999084473	0.031569369137287	0.078076504170895	65.000000000000	0.00000000000000
32.470001220703	0.032310530543327	0.079472236335278	65.000000000000	0.00000000000000
32.479999542236	0.033055350184441	0.080863684415817	65.000000000000	0.00000000000000
32.490001678467	0.033803831785917	0.082250826060772	65.000000000000	0.00000000000000
32.500000000000	0.034555912017822	0.083633653819561	65.000000000000	0.00000000000000
32.509998321533	0.035311568528414	0.085012160241604	65.000000000000	0.00000000000000
32.520000457764	0.036070775240660	0.086386330425739	65.000000000000	0.00000000000000
32.529998779297	0.036833517253399	0.087756164371967	65.000000000000	0.00000000000000
32.540000915527	0.037599749863148	0.089121639728546	65.000000000000	0.00000000000000
32.549999237061	0.038369446992874	0.090482763946056	65.000000000000	0.00000000000000
32.560001373291	0.039142590016127	0.091839514672756	65.000000000000	0.00000000000000
32.569999694824	0.039919145405293	0.093191899359226	65.000000000000	0.00000000000000
32.580001831055	0.040699068456888	0.094539895653725	65.000000000000	0.00000000000000
32.590000152588	0.041482359170914	0.095883518457413	65.000000000000	0.00000000000000
32.599998474121	0.042268984019756	0.097222730517387	65.000000000000	0.00000000000000
32.610000610352	0.043058883398771	0.098557546734810	65.000000000000	0.00000000000000
32.619998931885	0.043852061033249	0.099887959659100	65.000000000000	0.00000000000000
32.630001068115	0.044648468494415	0.10121394693851	65.000000000000	0.00000000000000
32.639999389648	0.045448075979948	0.10253551602364	65.000000000000	0.00000000000000
32.650001525879	0.046250876039267	0.10385266691446	65.000000000000	0.00000000000000
32.659999847412	0.047056835144758	0.10516537725925	65.000000000000	0.00000000000000
32.669998168945	0.047865916043520	0.10647365450859	65.000000000000	0.00000000000000
32.680000305176	0.048678100109100	0.10777747631073	65.000000000000	0.00000000000000
32.689998626709	0.049493342638016	0.10907685756683	65.000000000000	0.00000000000000
32.700000762939	0.050311606377363	0.11037179082632	65.000000000000	0.00000000000000
32.709999084473	0.051132895052433	0.11166225373745	65.000000000000	0.00000000000000
32.720001220703	0.051957171410322	0.11294826865196	65.000000000000	0.00000000000000
32.729999542236	0.052784398198128	0.11422981321812	65.000000000000	0.00000000000000
32.740001678467	0.053614530712366	0.11550688743591	65.000000000000	0.00000000000000
32.750000000000	0.054447595030069	0.11677949875593	65.000000000000	0.00000000000000
32.759998321533	0.055283538997173	0.11804762482643	65.000000000000	0.00000000000000
32.770000457764	0.056122265756130	0.11931126564741	65.000000000000	0.00000000000000
32.779998779297	0.056963868439198	0.12057042121887	65.000000000000	0.00000000000000
32.790000915527	0.057808246463537	0.12182509899139	65.000000000000	0.00000000000000
32.799999237061	0.058655355125666	0.12307528406382	65.000000000000	0.00000000000000
32.810001373291	0.059505220502615	0.12432097643614	65.000000000000	0.00000000000000
32.819999694824	0.060357753187418	0.12556217610836	65.000000000000	0.00000000000000
32.830001831055	0.061213023960590	0.12679888308048	65.000000000000	0.00000000000000
32.840000152588	0.062070894986391	0.12803107500076	65.000000000000	0.00000000000000
32.849998474121	0.062931418418884	0.12925879657269	65.000000000000	0.00000000000000
32.860000610352	0.063794508576393	0.13048200309277	65.000000000000	0.00000000000000
32.869998931885	0.064660184085369	0.13170070946217	65.000000000000	0.00000000000000
32.880001068115	0.065528407692909	0.13291490077972	65.000000000000	0.00000000000000
32.889999389648	0.066399134695530	0.13412460684776	65.000000000000	0.00000000000000
32.900001525879	0.067272350192070	0.13532978296280	65.000000000000	0.00000000000000
32.909999847412	0.068148002028465	0.13653047382832	65.000000000000	0.00000000000000
32.919998168945	0.069026142358780	0.13772666454315	65.000000000000	0.00000000000000
32.930000305176	0.069906651973724	0.13891832530499	65.000000000000	0.00000000000000
32.939998626709	0.070789545774460	0.14010550081730	65.000000000000	0.00000000000000
32.950000762939	0.071674823760986	0.14128816127777	65.000000000000	0.00000000000000
32.959999084473	0.072562381625175	0.14246632158756	65.000000000000	0.00000000000000
32.970001220703	0.073452234268188	0.14363999664783	65.000000000000	0.00000000000000
32.979999542236	0.074344404041767	0.14480912685394	65.000000000000	0.00000000000000
32.990001678467	0.075238801538944	0.14597378671169	65.000000000000	0.00000000000000
33.000000000000	0.076135456562042	0.14713394641876	65.000000000000	0.00000000000000
33.009998321533	0.077034279704094	0.14828957617283	65.000000000000	0.00000000000000
33.020000457764	0.077935270965099	0.14944072067738	65.000000000000	0.00000000000000
33.029998779297	0.078838430345058	0.15058736503124	65.000000000000	0.00000000000000
33.040000915527	0.079743675887585	0.15172953903675	65.000000000000	0.00000000000000
33.049999237061	0.080651022493839	0.15286718308926	65.000000000000	0.00000000000000
33.060001373291	0.081560455262661	0.15400037169456	65.000000000000	0.00000000000000
33.069999694824	0.082471951842308	0.15512904524803	65.000000000000	0.00000000000000
33.080001831055	0.083385437726974	0.15625323355198	65.000000000000	0.00000000000000
33.090000152588	0.084300927817822	0.15737295150757	65.000000000000	0.00000000000000
33.099998474121	0.085218384861946	0.15848818421364	65.000000000000	0.00000000000000
33.110000610352	0.086137793958187	0.15959894657135	65.000000000000	0.00000000000000
33.119998931885	0.087059110403061	0.16070522367954	65.000000000000	0.00000000000000
33.130001068115	0.087982349097729	0.16180701553822	65.000000000000	0.00000000000000
33.139999389648	0.088907457888126	0.16290436685085	65.000000000000	0.00000000000000
33.150001525879	0.089834362268448	0.16399724781513	65.000000000000	0.00000000000000
33.159999847412	0.090763151645660	0.16508565843105	65.000000000000	0.00000000000000
33.169998168945	0.091693714261055	0.16616959869862	65.000000000000	0.00000000000000
33.180000305176	0.092626065015793	0.16724909842014	65.000000000000	0.00000000000000
33.189998626709	0.093560151755810	0.16832415759563	65.000000000000	0.00000000000000
33.200000762939	0.094496011734009	0.16939476132393	65.000000000000	0.00000000000000
33.209999084473	0.095433540642262	0.17046093940735	65.000000000000	0.00000000000000
33.220001220703	0.096372760832310	0.17152264714241	65.000000000000	0.00000000000000
33.229999542236	0.097313649952412	0.17257997393608	65.000000000000	0.00000000000000
33.240001678467	0.098256111145020	0.17363284528255	65.000000000000	0.00000000000000
33.250000000000	0.099200285971165	0.17468130588531	65.000000000000	0.00000000000000
33.259998321533	0.10014599561691	0.17572531104088	65.000000000000	0.00000000000000
33.270000457764	0.10109330713749	0.17676495015621	65.000000000000	0.00000000000000
33.279998779297	0.10204211622477	0.17780014872551	65.000000000000	0.00000000000000
33.290000915527	0.10299246758223	0.17883096635342	65.000000000000	0.00000000000000
33.299999237061	0.10394435375929	0.17985738813877	65.000000000000	0.00000000000000
33.310001373291	0.10489765554667	0.18087941408157	65.000000000000	0.00000000000000
33.319999694824	0.10585243999958	0.18189707398415	65.000000000000	0.00000000000000
33.330001831055	0.10680866986513	0.18291033804417	65.000000000000	0.00000000000000
33.340000152588	0.10776633024216	0.18391923606396	65.000000000000	0.00000000000000
33.349998474121	0.10872536152601	0.18492376804352	65.000000000000	0.00000000000000
33.360000610352	0.10968577861786	0.18592393398285	65.000000000000	0.00000000000000
33.369998931885	0.11064750701189	0.18691973388195	65.000000000000	0.00000000000000
33.380001068115	0.11161060631275	0.18791121244431	65.000000000000	0.00000000000000
33.389999389648	0.11257500201464	0.18889835476875	65.000000000000	0.00000000000000
33.400001525879	0.11354070901871	0.18988113105297	65.000000000000	0.00000000000000
33.409999847412	0.11450764536858	0.19085958600044	65.000000000000	0.00000000000000
33.419998168945	0.11547584086657	0.19183374941349	65.000000000000	0.00000000000000
33.430000305176	0.11644523590803	0.19280357658863	65.000000000000	0.00000000000000
33.439998626709	0.11741585284472	0.19376909732819	65.000000000000	0.00000000000000
33.450000762939	0.11838768422604	0.19473031163216	65.000000000000	0.00000000000000
33.459999084473	0.11936067044735	0.19568723440170	65.000000000000	0.00000000000000
33.470001220703	0.12033475190401	0.19663989543915	65.000000000000	0.00000000000000
33.479999542236	0.12131004035473	0.19758826494217	65.000000000000	0.00000000000000
33.490001678467	0.12228636443615	0.19853235781193	65.000000000000	0.00000000000000
33.500000000000	0.12326379865408	0.19947217404842	65.000000000000	0.00000000000000
33.509998321533	0.12424233555794	0.20040774345398	65.000000000000	0.00000000000000
33.520000457764	0.12522186338902	0.20133906602859	65.000000000000	0.00000000000000
33.529998779297	0.12620247900486	0.20226615667343	65.000000000000	0.00000000000000
33.540000915527	0.12718407809734	0.20318900048733	65.000000000000	0.00000000000000
33.549999237061	0.12816664576530	0.20410762727261	65.000000000000	0.00000000000000
33.560001373291	0.12915019690990	0.20502202212811	65.000000000000	0.00000000000000
33.569999694824	0.13013473153114	0.20593221485615	65.000000000000	0.00000000000000
33.580001831055	0.13112020492554	0.20683819055557	65.000000000000	0.00000000000000
33.590000152588	0.13210655748844	0.20773999392986	65.000000000000	0.00000000000000
33.599998474121	0.13309383392334	0.20863761007786	65.000000000000	0.00000000000000
33.610000610352	0.13408198952675	0.20953102409840	65.000000000000	0.00000000000000
33.619998931885	0.13507102429867	0.21042029559612	65.000000000000	0.00000000000000
33.630001068115	0.13606089353561	0.21130537986755	65.000000000000	0.00000000000000
33.639999389648	0.13705156743526	0.21218633651733	65.000000000000	0.00000000000000
33.650001525879	0.13804313540459	0.21306312084198	65.000000000000	0.00000000000000
33.659999847412	0.13903546333313	0.21393579244614	65.000000000000	0.00000000000000
33.669998168945	0.14002849161625	0.21480429172516	65.000000000000	0.00000000000000
33.680000305176	0.14102239906788	0.21566870808601	65.000000000000	0.00000000000000
33.689998626709	0.14201697707176	0.21652899682522	65.000000000000	0.00000000000000
33.700000762939	0.14301232993603	0.21738518774509	65.000000000000	0.00000000000000
33.709999084473	0.14400838315487	0.21823729574680	65.000000000000	0.00000000000000
33.720001220703	0.14500510692596	0.21908529102802	65.000000000000	0.00000000000000
33.729999542236	0.14600256085396	0.21992921829224	65.000000000000	0.00000000000000
33.740001678467	0.14700064063072	0.22076907753944	65.000000000000	0.00000000000000
33.750000000000	0.14799942076206	0.22160486876965	65.000000000000	0.00000000000000
33.759998321533	0.14899878203869	0.22243662178516	65.000000000000	0.00000000000000
33.770000457764	0.14999875426292	0.22326430678368	65.000000000000	0.00000000000000
33.779998779297	0.15099939703941	0.22408796846867	65.000000000000	0.00000000000000
33.790000915527	0.15200051665306	0.22490757703781	65.000000000000	0.00000000000000
33.799999237061	0.15300230681896	0.22572319209576	65.000000000000	0.00000000000000
33.810001373291	0.15400467813015	0.22653481364250	65.000000000000	0.00000000000000
33.819999694824	0.15500745177269	0.22734239697456	65.000000000000	0.00000000000000
33.830001831055	0.15601085126400	0.22814600169659	65.000000000000	0.00000000000000
33.840000152588	0.15701477229595	0.22894561290741	65.000000000000	0.00000000000000
33.849998474121	0.15801912546158	0.22974127531052	65.000000000000	0.00000000000000
33.860000610352	0.15902404487133	0.23053294420242	65.000000000000	0.00000000000000
33.869998931885	0.16002938151360	0.23132067918777	65.000000000000	0.00000000000000
33.880001068115	0.16103520989418	0.23210443556309	65.000000000000	0.00000000000000
33.889999389648	0.16204141080379	0.23288425803185	65.000000000000	0.00000000000000
33.900001525879	0.16304811835289	0.23366014659405	65.000000000000	0.00000000000000
33.909999847412	0.16405522823334	0.23443214595318	65.000000000000	0.00000000000000
33.919998168945	0.16506269574165	0.23520016670227	65.000000000000	0.00000000000000
33.930000305176	0.16607055068016	0.23596431314945	65.000000000000	0.00000000000000
33.939998626709	0.16707882285118	0.23672455549240	65.000000000000	0.00000000000000
33.950000762939	0.16808745265007	0.23748092353344	65.000000000000	0.00000000000000
33.959999084473	0.16909638047218	0.23823338747025	65.000000000000	0.00000000000000
33.970001220703	0.17010563611984	0.23898199200630	65.000000000000	0.00000000000000
33.979999542236	0.17111527919769	0.23972672224045	65.000000000000	0.00000000000000
33.990001678467	0.17212516069412	0.24046759307384	65.000000000000	0.00000000000000
34.000000000000	0.17313535511494	0.24120461940765	65.000000000000	0.00000000000000
34.009998321533	0.17414584755898	0.24193781614304	65.000000000000	0.00000000000000
34.020000457764	0.17515659332275	0.24266716837883	65.000000000000	0.00000000000000
34.029998779297	0.17616759240627	0.24339270591736	65.000000000000	0.00000000000000
34.040000915527	0.17717887461185	0.24411442875862	65.000000000000	0.00000000000000
34.049999237061	0.17819038033485	0.24483235180378	65.000000000000	0.00000000000000
34.060001373291	0.17920207977295	0.24554647505283	65.000000000000	0.00000000000000
34.069999694824	0.18021397292614	0.24625679850578	65.000000000000	0.00000000000000
34.080001831055	0.18122607469559	0.24696333706379	65.000000000000	0.00000000000000
34.090000152588	0.18223835527897	0.24766612052917	65.000000000000	0.00000000000000
34.099998474121	0.18325081467628	0.24836513400078	65.000000000000	0.00000000000000
34.110000610352	0.18426343798637	0.24906040728092	65.000000000000	0.00000000000000
34.119998931885	0.18527619540691	0.24975189566612	65.000000000000	0.00000000000000
34.130001068115	0.18628908693790	0.25043967366219	65.000000000000	0.00000000000000
34.139999389648	0.18730208277702	0.25112369656563	65.000000000000	0.00000000000000
34.150001525879	0.18831524252892	0.25180396437645	65.000000000000	0.00000000000000
34.159999847412	0.18932849168777	0.25248059630394	65.000000000000	0.00000000000000
34.169998168945	0.19034181535244	0.25315344333649	65.000000000000	0.00000000000000
34.180000305176	0.19135519862175	0.25382265448570	65.000000000000	0.00000000000000
34.189998626709	0.19236867129803	0.25448814034462	65.000000000000	0.00000000000000
34.200000762939	0.19338220357895	0.25514996051788	65.000000000000	0.00000000000000
34.209999084473	0.19439573585987	0.25580808520317	65.000000000000	0.00000000000000
34.220001220703	0.19540938735008	0.25646251440048	65.000000000000	0.00000000000000
34.229999542236	0.19642309844494	0.25711327791214	65.000000000000	0.00000000000000
34.240001678467	0.19743670523167	0.25776040554047	65.000000000000	0.00000000000000
34.250000000000	0.19845035672188	0.25840389728546	65.000000000000	0.00000000000000
34.259998321533	0.19946390390396	0.25904381275177	65.000000000000	0.00000000000000
34.270000457764	0.20047754049301	0.25968000292778	65.000000000000	0.00000000000000
34.279998779297	0.20149105787277	0.26031264662743	65.000000000000	0.00000000000000
34.290000915527	0.20250453054905	0.26094168424606	65.000000000000	0.00000000000000
34.299999237061	0.20351809263229	0.26156696677208	65.000000000000	0.00000000000000
34.310001373291	0.20453149080276	0.26218876242638	65.000000000000	0.00000000000000
34.319999694824	0.20554491877556	0.26280686259270	65.000000000000	0.00000000000000
34.330001831055	0.20655803382397	0.26342156529427	65.000000000000	0.00000000000000
34.340000152588	0.20757128298283	0.26403248310089	65.000000000000	0.00000000000000
34.349998474121	0.20858420431614	0.26464000344276	65.000000000000	0.00000000000000
34.360000610352	0.20959724485874	0.26524379849434	65.000000000000	0.00000000000000
34.369998931885	0.21061001718044	0.26584413647652	65.000000000000	0.00000000000000
34.380001068115	0.21162264049053	0.26644089818001	65.000000000000	0.00000000000000
34.389999389648	0.21263523399830	0.26703405380249	65.000000000000	0.00000000000000
34.400001525879	0.21364754438400	0.26762378215790	65.000000000000	0.00000000000000
34.409999847412	0.21465989947319	0.26820978522301	65.000000000000	0.00000000000000
34.419998168945	0.21567183732986	0.26879248023033	65.000000000000	0.00000000000000
34.430000305176	0.21668352186680	0.26937168836594	65.000000000000	0.00000000000000
34.439998626709	0.21769525110722	0.26994717121124	65.000000000000	0.00000000000000
34.450000762939	0.21870677173138	0.27051916718483	65.000000000000	0.00000000000000
34.459999084473	0.21971777081490	0.27108791470528	65.000000000000	0.00000000000000
34.470001220703	0.22072890400887	0.27165290713310	65.000000000000	0.00000000000000
34.479999542236	0.22173948585987	0.27221465110779	65.000000000000	0.00000000000000
34.490001678467	0.22275003790855	0.27277266979218	65.000000000000	0.00000000000000
34.500000000000	0.22376029193401	0.27332729101181	65.000000000000	0.00000000000000
34.509998321533	0.22477024793625	0.27387845516205	65.000000000000	0.00000000000000
34.520000457764	0.22577990591526	0.27442625164986	65.000000000000	0.00000000000000
34.529998779297	0.22678934037685	0.27497050166130	65.000000000000	0.00000000000000
34.540000915527	0.22779840230942	0.27551129460335	65.000000000000	0.00000000000000
34.549999237061	0.22880712151527	0.27604874968529	65.000000000000	0.00000000000000
34.560001373291	0.22981548309326	0.27658280730247	65.000000000000	0.00000000000000
34.569999694824	0.23082371056080	0.27711322903633	65.000000000000	0.00000000000000
34.580001831055	0.23183140158653	0.27764040231705	65.000000000000	0.00000000000000
34.590000152588	0.23283880949020	0.27816411852837	65.000000000000	0.00000000000000
34.599998474121	0.23384593427181	0.27868431806564	65.000000000000	0.00000000000000
34.610000610352	0.23485250771046	0.27920132875443	65.000000000000	0.00000000000000
34.619998931885	0.23585888743401	0.27971473336220	65.000000000000	0.00000000000000
34.630001068115	0.23686474561691	0.28022482991219	65.000000000000	0.00000000000000
34.639999389648	0.23787026107311	0.28073155879974	65.000000000000	0.00000000000000
34.650001525879	0.23887534439564	0.28123489022255	65.000000000000	0.00000000000000
34.659999847412	0.23987995088100	0.28173485398293	65.000000000000	0.00000000000000
34.669998168945	0.24088419973850	0.28223145008087	65.000000000000	0.00000000000000
34.680000305176	0.24188801646233	0.28272470831871	65.000000000000	0.00000000000000
34.689998626709	0.24289134144783	0.28321459889412	65.000000000000	0.00000000000000
34.700000762939	0.24389418959618	0.28370115160942	65.000000000000	0.00000000000000
34.709999084473	0.24489659070969	0.28418433666229	65.000000000000	0.00000000000000
34.720001220703	0.24589844048023	0.28466421365738	65.000000000000	0.00000000000000
34.729999542236	0.24689984321594	0.28514078259468	65.000000000000	0.00000000000000
34.740001678467	0.24790070950985	0.28561395406723	65.000000000000	0.00000000000000
34.750000000000	0.24890105426311	0.28608387708664	65.000000000000	0.00000000000000
34.759998321533	0.24990092217922	0.28655046224594	65.000000000000	0.00000000000000
34.770000457764	0.25090020895004	0.28701373934746	65.000000000000	0.00000000000000
34.779998779297	0.25189894437790	0.28747370839119	65.000000000000	0.00000000000000
34.790000915527	0.25289702415466	0.28793042898178	65.000000000000	0.00000000000000
34.799999237061	0.25389465689659	0.28838378190994	65.000000000000	0.00000000000000
34.810001373291	0.25489166378975	0.28883394598961	65.000000000000	0.00000000000000
34.819999694824	0.25588810443878	0.28928077220917	65.000000000000	0.00000000000000
34.830001831055	0.25688391923904	0.28972434997559	65.000000000000	0.00000000000000
34.840000152588	0.25787904858589	0.29016467928886	65.000000000000	0.00000000000000
34.849998474121	0.25887355208397	0.29060173034668	65.000000000000	0.00000000000000
34.860000610352	0.25986745953560	0.29103553295135	65.000000000000	0.00000000000000
34.869998931885	0.26086074113846	0.29146608710289	65.000000000000	0.00000000000000
34.880001068115	0.26185333728790	0.29189342260361	65.000000000000	0.00000000000000
34.889999389648	0.26284524798393	0.29231750965118	65.000000000000	0.00000000000000
34.900001525879	0.26383650302887	0.29273837804794	65.000000000000	0.00000000000000
34.909999847412	0.26482698321342	0.29315605759621	65.000000000000	0.00000000000000
34.919998168945	0.26581677794456	0.29357045888901	65.000000000000	0.00000000000000
34.930000305176	0.26680585741997	0.29398170113564	65.000000000000	0.00000000000000
34.939998626709	0.26779425144196	0.29438975453377	65.000000000000	0.00000000000000
34.950000762939	0.26878178119659	0.29479455947876	65.000000000000	0.00000000000000
34.959999084473	0.26976868510246	0.29519620537758	65.000000000000	0.00000000000000
34.970001220703	0.27075475454330	0.29559469223022	65.000000000000	0.00000000000000
34.979999542236	0.27174004912376	0.29598999023438	65.000000000000	0.00000000000000
34.990001678467	0.27272450923920	0.29638212919235	65.000000000000	0.00000000000000
35.000000000000	0.27370819449425	0.29677110910416	65.000000000000	0.00000000000000
