25.000000000000	0.66443598270416	-0.58835512399673	65.000000000000	0.00000000000000
25.010000228882	0.66365027427673	-0.58870238065720	65.000000000000	0.00000000000000
25.020000457764	0.66286224126816	-0.58904898166656	65.000000000000	0.00000000000000
25.030000686646	0.66207230091095	-0.58939486742020	65.000000000000	0.00000000000000
25.040000915527	0.66128021478653	-0.58973997831345	65.000000000000	0.00000000000000
25.049999237061	0.66048586368561	-0.59008449316025	65.000000000000	0.00000000000000
25.059999465942	0.65968948602676	-0.59042817354202	65.000000000000	0.00000000000000
25.069999694824	0.65889102220535	-0.59077113866806	65.000000000000	0.00000000000000
25.079999923706	0.65809023380280	-0.59111338853836	65.000000000000	0.00000000000000
25.090000152588	0.65728747844696	-0.59145474433899	65.000000000000	0.00000000000000
25.100000381470	0.65648245811462	-0.59179538488388	65.000000000000	0.00000000000000
25.110000610352	0.65567541122437	-0.59213519096375	65.000000000000	0.00000000000000
25.120000839233	0.65486615896225	-0.59247428178787	65.000000000000	0.00000000000000
25.129999160767	0.65405476093292	-0.59281247854233	65.000000000000	0.00000000000000
25.139999389648	0.65324109792709	-0.59314984083176	65.000000000000	0.00000000000000
25.149999618530	0.65242540836334	-0.59348636865616	65.000000000000	0.00000000000000
25.159999847412	0.65160757303238	-0.59382206201553	65.000000000000	0.00000000000000
25.170000076294	0.65078747272491	-0.59415680170059	65.000000000000	0.00000000000000
25.180000305176	0.64996522665024	-0.59449076652527	65.000000000000	0.00000000000000
25.190000534058	0.64914095401764	-0.59482377767563	65.000000000000	0.00000000000000
25.200000762939	0.64831435680389	-0.59515589475632	65.000000000000	0.00000000000000
25.209999084473	0.64748555421829	-0.59548705816269	65.000000000000	0.00000000000000
25.219999313354	0.64665478467941	-0.59581726789474	65.000000000000	0.00000000000000
25.229999542236	0.64582180976868	-0.59614664316177	65.000000000000	0.00000000000000
25.239999771118	0.64498656988144	-0.59647500514984	65.000000000000	0.00000000000000
25.250000000000	0.64414918422699	-0.59680235385895	65.000000000000	0.00000000000000
25.260000228882	0.64330977201462	-0.59712880849838	65.000000000000	0.00000000000000
25.270000457764	0.64246797561646	-0.59745424985886	65.000000000000	0.00000000000000
25.280000686646	0.64162415266037	-0.59777867794037	65.000000000000	0.00000000000000
25.290000915527	0.64077806472778	-0.59810203313828	65.000000000000	0.00000000000000
25.299999237061	0.63992983102798	-0.59842437505722	65.000000000000	0.00000000000000
25.309999465942	0.63907945156097	-0.59874582290649	65.000000000000	0.00000000000000
25.319999694824	0.63822692632675	-0.59906601905823	65.000000000000	0.00000000000000
25.329999923706	0.63737213611603	-0.59938532114029	65.000000000000	0.00000000000000
25.340000152588	0.63651525974274	-0.59970343112946	65.000000000000	0.00000000000000
25.350000381470	0.63565617799759	-0.60002052783966	65.000000000000	0.00000000000000
25.360000610352	0.63479483127594	-0.60033655166626	65.000000000000	0.00000000000000
25.370000839233	0.63393139839172	-0.60065138339996	65.000000000000	0.00000000000000
25.379999160767	0.63306581974030	-0.60096514225006	65.000000000000	0.00000000000000
25.389999389648	0.63219803571701	-0.60127776861191	65.000000000000	0.00000000000000
25.399999618530	0.63132816553116	-0.60158926248550	65.000000000000	0.00000000000000
25.409999847412	0.63045603036880	-0.60189968347549	65.000000000000	0.00000000000000
25.420000076294	0.62958163022995	-0.60220885276794	65.000000000000	0.00000000000000
25.430000305176	0.62870520353317	-0.60251688957214	65.000000000000	0.00000000000000
25.440000534058	0.62782663106918	-0.60282355546951	65.000000000000	0.00000000000000
25.450000762939	0.62694561481476	-0.60312956571579	65.000000000000	0.00000000000000
25.459999084473	0.62606275081635	-0.60343378782272	65.000000000000	0.00000000000000
25.469999313354	0.62517762184143	-0.60373693704605	65.000000000000	0.00000000000000
25.479999542236	0.62429040670395	-0.60403883457184	65.000000000000	0.00000000000000
25.489999771118	0.62340086698532	-0.60433954000473	65.000000000000	0.00000000000000
25.500000000000	0.62250906229019	-0.60463917255402	65.000000000000	0.00000000000000
25.510000228882	0.62161523103714	-0.60493743419647	65.000000000000	0.00000000000000
25.520000457764	0.62071901559830	-0.60523450374603	65.000000000000	0.00000000000000
25.530000686646	0.61982083320618	-0.60553026199341	65.000000000000	0.00000000000000
25.540000915527	0.61892062425613	-0.60582453012466	65.000000000000	0.00000000000000
25.549999237061	0.61801815032959	-0.60611766576767	65.000000000000	0.00000000000000
25.559999465942	0.61711323261261	-0.60640960931778	65.000000000000	0.00000000000000
25.569999694824	0.61620634794235	-0.60670006275177	65.000000000000	0.00000000000000
25.579999923706	0.61529773473740	-0.60698878765106	65.000000000000	0.00000000000000
25.590000152588	0.61438649892807	-0.60727667808533	65.000000000000	0.00000000000000
25.600000381470	0.61347264051437	-0.60756355524063	65.000000000000	0.00000000000000
25.610000610352	0.61255741119385	-0.60784846544266	65.000000000000	0.00000000000000
25.620000839233	0.61163985729218	-0.60813212394714	65.000000000000	0.00000000000000
25.629999160767	0.61071991920471	-0.60841447114944	65.000000000000	0.00000000000000
25.639999389648	0.60979801416397	-0.60869526863098	65.000000000000	0.00000000000000
25.649999618530	0.60887378454208	-0.60897493362427	65.000000000000	0.00000000000000
25.659999847412	0.60794752836227	-0.60925298929214	65.000000000000	0.00000000000000
25.670000076294	0.60701906681061	-0.60952973365784	65.000000000000	0.00000000000000
25.680000305176	0.60608845949173	-0.60980492830276	65.000000000000	0.00000000000000
25.690000534058	0.60515564680099	-0.61007887125015	65.000000000000	0.00000000000000
25.700000762939	0.60422074794769	-0.61035120487213	65.000000000000	0.00000000000000
25.709999084473	0.60328358411789	-0.61062216758728	65.000000000000	0.00000000000000
25.719999313354	0.60234469175339	-0.61089128255844	65.000000000000	0.00000000000000
25.729999542236	0.60140317678452	-0.61115932464600	65.000000000000	0.00000000000000
25.739999771118	0.60045939683914	-0.61142605543137	65.000000000000	0.00000000000000
25.750000000000	0.59951394796371	-0.61169081926346	65.000000000000	0.00000000000000
25.760000228882	0.59856617450714	-0.61195427179337	65.000000000000	0.00000000000000
25.770000457764	0.59761607646942	-0.61221629381180	65.000000000000	0.00000000000000
25.780000686646	0.59666401147842	-0.61247670650482	65.000000000000	0.00000000000000
25.790000915527	0.59570997953415	-0.61273533105850	65.000000000000	0.00000000000000
25.799999237061	0.59475356340408	-0.61299258470535	65.000000000000	0.00000000000000
25.809999465942	0.59379494190216	-0.61324828863144	65.000000000000	0.00000000000000
25.819999694824	0.59283435344696	-0.61350244283676	65.000000000000	0.00000000000000
25.829999923706	0.59187155961990	-0.61375498771667	65.000000000000	0.00000000000000
25.840000152588	0.59090667963028	-0.61400598287582	65.000000000000	0.00000000000000
25.850000381470	0.58993965387344	-0.61425530910492	65.000000000000	0.00000000000000
25.860000610352	0.58897048234940	-0.61450302600861	65.000000000000	0.00000000000000
25.870000839233	0.58799928426743	-0.61474919319153	65.000000000000	0.00000000000000
25.879999160767	0.58702582120895	-0.61499369144440	65.000000000000	0.00000000000000
25.889999389648	0.58605033159256	-0.61523652076721	65.000000000000	0.00000000000000
25.899999618530	0.58507269620895	-0.61547780036926	65.000000000000	0.00000000000000
25.909999847412	0.58409279584885	-0.61571741104126	65.000000000000	0.00000000000000
25.920000076294	0.58311092853546	-0.61595523357391	65.000000000000	0.00000000000000
25.930000305176	0.58212679624557	-0.61619150638580	65.000000000000	0.00000000000000
25.940000534058	0.58114069700241	-0.61642599105835	65.000000000000	0.00000000000000
25.950000762939	0.58015251159668	-0.61665880680084	65.000000000000	0.00000000000000
25.959999084473	0.57916206121445	-0.61688989400864	65.000000000000	0.00000000000000
25.969999313354	0.57816952466965	-0.61711931228638	65.000000000000	0.00000000000000
25.979999542236	0.57717502117157	-0.61734694242477	65.000000000000	0.00000000000000
25.989999771118	0.57617825269699	-0.61757296323776	65.000000000000	0.00000000000000
26.000000000000	0.57517927885056	-0.61779719591141	65.000000000000	0.00000000000000
26.010000228882	0.57417833805084	-0.61801958084106	65.000000000000	0.00000000000000
26.020000457764	0.57317525148392	-0.61824023723602	65.000000000000	0.00000000000000
26.030000686646	0.57217019796371	-0.61845916509628	65.000000000000	0.00000000000000
26.040000915527	0.57116281986237	-0.61867624521255	65.000000000000	0.00000000000000
26.049999237061	0.57015341520309	-0.61889159679413	65.000000000000	0.00000000000000
26.059999465942	0.56914186477661	-0.61910510063171	65.000000000000	0.00000000000000
26.069999694824	0.56812846660614	-0.61931675672531	65.000000000000	0.00000000000000
26.079999923706	0.56711262464523	-0.61952668428421	65.000000000000	0.00000000000000
26.090000152588	0.56609493494034	-0.61973476409912	65.000000000000	0.00000000000000
26.100000381470	0.56507498025894	-0.61994099617004	65.000000000000	0.00000000000000
26.110000610352	0.56405293941498	-0.62014532089233	65.000000000000	0.00000000000000
26.120000839233	0.56302887201309	-0.62034785747528	65.000000000000	0.00000000000000
26.129999160767	0.56200277805328	-0.62054848670959	65.000000000000	0.00000000000000
26.139999389648	0.56097447872162	-0.62074726819992	65.000000000000	0.00000000000000
26.149999618530	0.55994403362274	-0.62094414234161	65.000000000000	0.00000000000000
26.159999847412	0.55891162157059	-0.62113904953003	65.000000000000	0.00000000000000
26.170000076294	0.55787700414658	-0.62133216857910	65.000000000000	0.00000000000000
26.180000305176	0.55684030056000	-0.62152320146561	65.000000000000	0.00000000000000
26.190000534058	0.55580157041550	-0.62171244621277	65.000000000000	0.00000000000000
26.200000762939	0.55476087331772	-0.62189966440201	65.000000000000	0.00000000000000
26.209999084473	0.55371785163879	-0.62208503484726	65.000000000000	0.00000000000000
26.219999313354	0.55267292261124	-0.62226843833923	65.000000000000	0.00000000000000
26.229999542236	0.55162578821182	-0.62244975566864	65.000000000000	0.00000000000000
26.239999771118	0.55057674646378	-0.62262928485870	65.000000000000	0.00000000000000
26.250000000000	0.54952543973923	-0.62280666828156	65.000000000000	0.00000000000000
26.260000228882	0.54847222566605	-0.62298208475113	65.000000000000	0.00000000000000
26.270000457764	0.54741668701172	-0.62315553426743	65.000000000000	0.00000000000000
26.280000686646	0.54635930061340	-0.62332689762115	65.000000000000	0.00000000000000
26.290000915527	0.54529976844788	-0.62349629402161	65.000000000000	0.00000000000000
26.299999237061	0.54423809051514	-0.62366366386414	65.000000000000	0.00000000000000
26.309999465942	0.54317456483841	-0.62382894754410	65.000000000000	0.00000000000000
26.319999694824	0.54210871458054	-0.62399214506149	65.000000000000	0.00000000000000
26.329999923706	0.54104083776474	-0.62415331602097	65.000000000000	0.00000000000000
26.340000152588	0.53997105360031	-0.62431246042252	65.000000000000	0.00000000000000
26.350000381470	0.53889912366867	-0.62446939945221	65.000000000000	0.00000000000000
26.360000610352	0.53782498836517	-0.62462431192398	65.000000000000	0.00000000000000
26.370000839233	0.53674888610840	-0.62477707862854	65.000000000000	0.00000000000000
26.379999160767	0.53567087650299	-0.62492775917053	65.000000000000	0.00000000000000
26.389999389648	0.53459072113037	-0.62507629394531	65.000000000000	0.00000000000000
26.399999618530	0.53350836038589	-0.62522262334824	65.000000000000	0.00000000000000
26.409999847412	0.53242403268814	-0.62536686658859	65.000000000000	0.00000000000000
26.420000076294	0.53133761882782	-0.62550896406174	65.000000000000	0.00000000000000
26.430000305176	0.53024917840958	-0.62564891576767	65.000000000000	0.00000000000000
26.440000534058	0.52915871143341	-0.62578660249710	65.000000000000	0.00000000000000
26.450000762939	0.52806615829468	-0.62592208385468	65.000000000000	0.00000000000000
26.459999084473	0.52697169780731	-0.62605541944504	65.000000000000	0.00000000000000
26.469999313354	0.52587497234344	-0.62618649005890	65.000000000000	0.00000000000000
26.479999542236	0.52477627992630	-0.62631541490555	65.000000000000	0.00000000000000
26.489999771118	0.52367556095123	-0.62644201517105	65.000000000000	0.00000000000000
26.500000000000	0.52257275581360	-0.62656641006470	65.000000000000	0.00000000000000
26.510000228882	0.52146798372269	-0.62668853998184	65.000000000000	0.00000000000000
26.520000457764	0.52036100625992	-0.62680840492249	65.000000000000	0.00000000000000
26.530000686646	0.51925230026245	-0.62692594528198	65.000000000000	0.00000000000000
26.540000915527	0.51814132928848	-0.62704116106033	65.000000000000	0.00000000000000
26.549999237061	0.51702827215195	-0.62715417146683	65.000000000000	0.00000000000000
26.559999465942	0.51591324806213	-0.62726485729218	65.000000000000	0.00000000000000
26.569999694824	0.51479625701904	-0.62737315893173	65.000000000000	0.00000000000000
26.579999923706	0.51367717981339	-0.62747913599014	65.000000000000	0.00000000000000
26.590000152588	0.51255601644516	-0.62758278846741	65.000000000000	0.00000000000000
26.600000381470	0.51143282651901	-0.62768405675888	65.000000000000	0.00000000000000
26.610000610352	0.51030772924423	-0.62778300046921	65.000000000000	0.00000000000000
26.620000839233	0.50918054580688	-0.62787950038910	65.000000000000	0.00000000000000
26.629999160767	0.50805133581161	-0.62797361612320	65.000000000000	0.00000000000000
26.639999389648	0.50692009925842	-0.62806528806686	65.000000000000	0.00000000000000
26.649999618530	0.50578689575195	-0.62815457582474	65.000000000000	0.00000000000000
26.659999847412	0.50465160608292	-0.62824147939682	65.000000000000	0.00000000000000
26.670000076294	0.50351434946060	-0.62832587957382	65.000000000000	0.00000000000000
26.680000305176	0.50237506628036	-0.62840777635574	65.000000000000	0.00000000000000
26.690000534058	0.50123381614685	-0.62848734855652	65.000000000000	0.00000000000000
26.700000762939	0.50009053945541	-0.62856435775757	65.000000000000	0.00000000000000
26.709999084473	0.49894529581070	-0.62863892316818	65.000000000000	0.00000000000000
26.719999313354	0.49779805541039	-0.62871092557907	65.000000000000	0.00000000000000
26.729999542236	0.49664872884750	-0.62878042459488	65.000000000000	0.00000000000000
26.739999771118	0.49549731612206	-0.62884736061096	65.000000000000	0.00000000000000
26.750000000000	0.49434405565262	-0.62891185283661	65.000000000000	0.00000000000000
26.760000228882	0.49318870902061	-0.62897372245789	65.000000000000	0.00000000000000
26.770000457764	0.49203145503998	-0.62903296947479	65.000000000000	0.00000000000000
26.780000686646	0.49087229371071	-0.62908977270126	65.000000000000	0.00000000000000
26.790000915527	0.48971095681190	-0.62914389371872	65.000000000000	0.00000000000000
26.799999237061	0.48854771256447	-0.62919545173645	65.000000000000	0.00000000000000
26.809999465942	0.48738256096840	-0.62924438714981	65.000000000000	0.00000000000000
26.819999694824	0.48621541261673	-0.62929064035416	65.000000000000	0.00000000000000
26.829999923706	0.48504617810249	-0.62933433055878	65.000000000000	0.00000000000000
26.840000152588	0.48387503623962	-0.62937533855438	65.000000000000	0.00000000000000
26.850000381470	0.48270201683044	-0.62941366434097	65.000000000000	0.00000000000000
26.860000610352	0.48152691125870	-0.62944930791855	65.000000000000	0.00000000000000
26.870000839233	0.48034986853600	-0.62948226928711	65.000000000000	0.00000000000000
26.879999160767	0.47917094826698	-0.62951260805130	65.000000000000	0.00000000000000
26.889999389648	0.47798997163773	-0.62954008579254	65.000000000000	0.00000000000000
26.899999618530	0.47680708765984	-0.62956488132477	65.000000000000	0.00000000000000
26.909999847412	0.47562217712402	-0.62958693504333	65.000000000000	0.00000000000000
26.920000076294	0.47443538904190	-0.62960624694824	65.000000000000	0.00000000000000
26.930000305176	0.47324672341347	-0.62962275743484	65.000000000000	0.00000000000000
26.940000534058	0.47205606102943	-0.62963652610779	65.000000000000	0.00000000000000
26.950000762939	0.47086334228516	-0.62964743375778	65.000000000000	0.00000000000000
26.959999084473	0.46966895461082	-0.62965553998947	65.000000000000	0.00000000000000
26.969999313354	0.46847236156464	-0.62966084480286	65.000000000000	0.00000000000000
26.979999542236	0.46727412939072	-0.62966328859329	65.000000000000	0.00000000000000
26.989999771118	0.46607375144958	-0.62966293096542	65.000000000000	0.00000000000000
27.000000000000	0.46487152576447	-0.62965971231461	65.000000000000	0.00000000000000
27.010000228882	0.46366733312607	-0.62965357303619	65.000000000000	0.00000000000000
27.020000457764	0.46246132254601	-0.62964445352554	65.000000000000	0.00000000000000
27.030000686646	0.46125331521034	-0.62963253259659	65.000000000000	0.00000000000000
27.040000915527	0.46004351973534	-0.62961769104004	65.000000000000	0.00000000000000
27.049999237061	0.45883175730705	-0.62959986925125	65.000000000000	0.00000000000000
27.059999465942	0.45761823654175	-0.62957906723022	65.000000000000	0.00000000000000
27.069999694824	0.45640257000923	-0.62955534458160	65.000000000000	0.00000000000000
27.079999923706	0.45518523454666	-0.62952864170074	65.000000000000	0.00000000000000
27.090000152588	0.45396596193314	-0.62949895858765	65.000000000000	0.00000000000000
27.100000381470	0.45274478197098	-0.62946629524231	65.000000000000	0.00000000000000
27.110000610352	0.45152190327644	-0.62943047285080	65.000000000000	0.00000000000000
27.120000839233	0.45029699802399	-0.62939178943634	65.000000000000	0.00000000000000
27.129999160767	0.44907015562057	-0.62934994697571	65.000000000000	0.00000000000000
27.139999389648	0.44784158468246	-0.62930506467819	65.000000000000	0.00000000000000
27.149999618530	0.44661113619804	-0.62925708293915	65.000000000000	0.00000000000000
27.159999847412	0.44537901878357	-0.62920594215393	65.000000000000	0.00000000000000
27.170000076294	0.44414481520653	-0.62915182113647	65.000000000000	0.00000000000000
27.180000305176	0.44290891289711	-0.62909454107285	65.000000000000	0.00000000000000
27.190000534058	0.44167116284370	-0.62903404235840	65.000000000000	0.00000000000000
27.200000762939	0.44043156504631	-0.62897044420242	65.000000000000	0.00000000000000
27.209999084473	0.43919017910957	-0.62890368700027	65.000000000000	0.00000000000000
27.219999313354	0.43794688582420	-0.62883377075195	65.000000000000	0.00000000000000
27.229999542236	0.43670195341110	-0.62876057624817	65.000000000000	0.00000000000000
27.239999771118	0.43545523285866	-0.62868422269821	65.000000000000	0.00000000000000
27.250000000000	0.43420648574829	-0.62860465049744	65.000000000000	0.00000000000000
27.260000228882	0.43295633792877	-0.62852180004120	65.000000000000	0.00000000000000
27.270000457764	0.43170419335365	-0.62843573093414	65.000000000000	0.00000000000000
27.280000686646	0.43045026063919	-0.62834632396698	65.000000000000	0.00000000000000
27.290000915527	0.42919459939003	-0.62825369834900	65.000000000000	0.00000000000000
27.299999237061	0.42793712019920	-0.62815773487091	65.000000000000	0.00000000000000
27.309999465942	0.42667791247368	-0.62805843353271	65.000000000000	0.00000000000000
27.319999694824	0.42541709542274	-0.62795579433441	65.000000000000	0.00000000000000
27.329999923706	0.42415440082550	-0.62784981727600	65.000000000000	0.00000000000000
27.340000152588	0.42289006710052	-0.62774050235748	65.000000000000	0.00000000000000
27.350000381470	0.42162394523621	-0.62762778997421	65.000000000000	0.00000000000000
27.360000610352	0.42035624384880	-0.62751168012619	65.000000000000	0.00000000000000
27.370000839233	0.41908666491508	-0.62739211320877	65.000000000000	0.00000000000000
27.379999160767	0.41781556606293	-0.62726920843124	65.000000000000	0.00000000000000
27.389999389648	0.41654261946678	-0.62714278697968	65.000000000000	0.00000000000000
27.399999618530	0.41526815295219	-0.62701296806335	65.000000000000	0.00000000000000
27.409999847412	0.41399186849594	-0.62687963247299	65.000000000000	0.00000000000000
27.420000076294	0.41271388530731	-0.62674272060394	65.000000000000	0.00000000000000
27.430000305176	0.41143429279327	-0.62660247087479	65.000000000000	0.00000000000000
27.440000534058	0.41015321016312	-0.62645858526230	65.000000000000	0.00000000000000
27.450000762939	0.40887036919594	-0.62631124258041	65.000000000000	0.00000000000000
27.459999084473	0.40758588910103	-0.62616026401520	65.000000000000	0.00000000000000
27.469999313354	0.40629976987839	-0.62600582838058	65.000000000000	0.00000000000000
27.479999542236	0.40501207113266	-0.62584769725800	65.000000000000	0.00000000000000
27.489999771118	0.40372264385223	-0.62568604946136	65.000000000000	0.00000000000000
27.500000000000	0.40243181586266	-0.62552070617676	65.000000000000	0.00000000000000
27.510000228882	0.40113922953606	-0.62535184621811	65.000000000000	0.00000000000000
27.520000457764	0.39984524250031	-0.62517929077148	65.000000000000	0.00000000000000
27.530000686646	0.39854955673218	-0.62500298023224	65.000000000000	0.00000000000000
27.540000915527	0.39725247025490	-0.62482303380966	65.000000000000	0.00000000000000
27.549999237061	0.39595377445221	-0.62463945150375	65.000000000000	0.00000000000000
27.559999465942	0.39465349912643	-0.62445211410522	65.000000000000	0.00000000000000
27.569999694824	0.39335161447525	-0.62426108121872	65.000000000000	0.00000000000000
27.579999923706	0.39204835891724	-0.62406629323959	65.000000000000	0.00000000000000
27.590000152588	0.39074349403381	-0.62386775016785	65.000000000000	0.00000000000000
27.600000381470	0.38943728804588	-0.62366545200348	65.000000000000	0.00000000000000
27.610000610352	0.38812944293022	-0.62345933914185	65.000000000000	0.00000000000000
27.620000839233	0.38682022690773	-0.62324941158295	65.000000000000	0.00000000000000
27.629999160767	0.38550952076912	-0.62303560972214	65.000000000000	0.00000000000000
27.639999389648	0.38419738411903	-0.62281811237335	65.000000000000	0.00000000000000
27.649999618530	0.38288369774818	-0.62259668111801	65.000000000000	0.00000000000000
27.659999847412	0.38156867027283	-0.62237143516541	65.000000000000	0.00000000000000
27.670000076294	0.38025221228600	-0.62214219570160	65.000000000000	0.00000000000000
27.680000305176	0.37893435359001	-0.62190914154053	65.000000000000	0.00000000000000
27.690000534058	0.37761497497559	-0.62167215347290	65.000000000000	0.00000000000000
27.700000762939	0.37629443407059	-0.62143129110336	65.000000000000	0.00000000000000
27.709999084473	0.37497240304947	-0.62118637561798	65.000000000000	0.00000000000000
27.719999313354	0.37364920973778	-0.62093752622604	65.000000000000	0.00000000000000
27.729999542236	0.37232446670532	-0.62068474292755	65.000000000000	0.00000000000000
27.739999771118	0.37099835276604	-0.62042790651321	65.000000000000	0.00000000000000
27.750000000000	0.36967107653618	-0.62016707658768	65.000000000000	0.00000000000000
27.760000228882	0.36834236979485	-0.61990231275558	65.000000000000	0.00000000000000
27.770000457764	0.36701229214668	-0.61963343620300	65.000000000000	0.00000000000000
27.780000686646	0.36568102240562	-0.61936044692993	65.000000000000	0.00000000000000
27.790000915527	0.36434862017632	-0.61908346414566	65.000000000000	0.00000000000000
27.799999237061	0.36301478743553	-0.61880230903625	65.000000000000	0.00000000000000
27.809999465942	0.36167976260185	-0.61851716041565	65.000000000000	0.00000000000000
27.819999694824	0.36034369468689	-0.61822783946991	65.000000000000	0.00000000000000
27.829999923706	0.35900619626045	-0.61793440580368	65.000000000000	0.00000000000000
27.840000152588	0.35766759514809	-0.61763679981232	65.000000000000	0.00000000000000
27.850000381470	0.35632771253586	-0.61733496189117	65.000000000000	0.00000000000000
27.860000610352	0.35498669743538	-0.61702901124954	65.000000000000	0.00000000000000
27.870000839233	0.35364457964897	-0.61671888828278	65.000000000000	0.00000000000000
27.879999160767	0.35230129957199	-0.61640447378159	65.000000000000	0.00000000000000
27.889999389648	0.35095682740211	-0.61608588695526	65.000000000000	0.00000000000000
27.899999618530	0.34961125254631	-0.61576300859451	65.000000000000	0.00000000000000
27.909999847412	0.34826460480690	-0.61543595790863	65.000000000000	0.00000000000000
27.920000076294	0.34691694378853	-0.61510455608368	65.000000000000	0.00000000000000
27.930000305176	0.34556818008423	-0.61476886272430	65.000000000000	0.00000000000000
27.940000534058	0.34421828389168	-0.61442887783051	65.000000000000	0.00000000000000
27.950000762939	0.34286752343178	-0.61408460140228	65.000000000000	0.00000000000000
27.959999084473	0.34151560068130	-0.61373591423035	65.000000000000	0.00000000000000
27.969999313354	0.34016260504723	-0.61338299512863	65.000000000000	0.00000000000000
27.979999542236	0.33880874514580	-0.61302566528320	65.000000000000	0.00000000000000
27.989999771118	0.33745384216309	-0.61266398429871	65.000000000000	0.00000000000000
28.000000000000	0.33609810471535	-0.61229783296585	65.000000000000	0.00000000000000
28.010000228882	0.33474132418633	-0.61192727088928	65.000000000000	0.00000000000000
28.020000457764	0.33338350057602	-0.61155235767365	65.000000000000	0.00000000000000
28.030000686646	0.33202493190765	-0.61117297410965	65.000000000000	0.00000000000000
28.040000915527	0.33066549897194	-0.61078912019730	65.000000000000	0.00000000000000
28.049999237061	0.32930508255959	-0.61040079593658	65.000000000000	0.00000000000000
28.059999465942	0.32794398069382	-0.61000800132751	65.000000000000	0.00000000000000
28.069999694824	0.32658192515373	-0.60961067676544	65.000000000000	0.00000000000000
28.079999923706	0.32521903514862	-0.60920888185501	65.000000000000	0.00000000000000
28.090000152588	0.32385540008545	-0.60880249738693	65.000000000000	0.00000000000000
28.100000381470	0.32249096035957	-0.60839164257050	65.000000000000	0.00000000000000
28.110000610352	0.32112580537796	-0.60797625780106	65.000000000000	0.00000000000000
28.120000839233	0.31975993514061	-0.60755622386932	65.000000000000	0.00000000000000
28.129999160767	0.31839317083359	-0.60713165998459	65.000000000000	0.00000000000000
28.139999389648	0.31702584028244	-0.60670238733292	65.000000000000	0.00000000000000
28.149999618530	0.31565770506859	-0.60626864433289	65.000000000000	0.00000000000000
28.159999847412	0.31428876519203	-0.60583031177521	65.000000000000	0.00000000000000
28.170000076294	0.31291931867599	-0.60538727045059	65.000000000000	0.00000000000000
28.180000305176	0.31154936552048	-0.60493946075439	65.000000000000	0.00000000000000
28.190000534058	0.31017872691154	-0.60448706150055	65.000000000000	0.00000000000000
28.200000762939	0.30880728363991	-0.60403007268906	65.000000000000	0.00000000000000
28.209999084473	0.30743542313576	-0.60356831550598	65.000000000000	0.00000000000000
28.219999313354	0.30606317520142	-0.60310178995132	65.000000000000	0.00000000000000
28.229999542236	0.30469024181366	-0.60263061523438	65.000000000000	0.00000000000000
28.239999771118	0.30331665277481	-0.60215473175049	65.000000000000	0.00000000000000
28.250000000000	0.30194237828255	-0.60167419910431	65.000000000000	0.00000000000000
28.260000228882	0.30056810379028	-0.60118865966797	65.000000000000	0.00000000000000
28.270000457764	0.29919317364693	-0.60069841146469	65.000000000000	0.00000000000000
28.280000686646	0.29781770706177	-0.60020351409912	65.000000000000	0.00000000000000
28.290000915527	0.29644194245338	-0.59970372915268	65.000000000000	0.00000000000000
28.299999237061	0.29506590962410	-0.59919905662537	65.000000000000	0.00000000000000
28.309999465942	0.29368907213211	-0.59868973493576	65.000000000000	0.00000000000000
28.319999694824	0.29231229424477	-0.59817546606064	65.000000000000	0.00000000000000
28.329999923706	0.29093530774117	-0.59765619039536	65.000000000000	0.00000000000000
28.340000152588	0.28955727815628	-0.59713244438171	65.000000000000	0.00000000000000
28.350000381470	0.28817969560623	-0.59660351276398	65.000000000000	0.00000000000000
28.360000610352	0.28680163621902	-0.59606975317001	65.000000000000	0.00000000000000
28.370000839233	0.28542315959930	-0.59553116559982	65.000000000000	0.00000000000000
28.379999160767	0.28404432535172	-0.59498780965805	65.000000000000	0.00000000000000
28.389999389648	0.28266569972038	-0.59443920850754	65.000000000000	0.00000000000000
28.399999618530	0.28128671646118	-0.59388583898544	65.000000000000	0.00000000000000
28.409999847412	0.27990767359734	-0.59332746267319	65.000000000000	0.00000000000000
28.420000076294	0.27852830290794	-0.59276413917542	65.000000000000	0.00000000000000
28.430000305176	0.27714899182320	-0.59219592809677	65.000000000000	0.00000000000000
28.440000534058	0.27576938271523	-0.59162271022797	65.000000000000	0.00000000000000
28.450000762939	0.27438980340958	-0.59104448556900	65.000000000000	0.00000000000000
28.459999084473	0.27300998568535	-0.59046131372452	65.000000000000	0.00000000000000
28.469999313354	0.27163058519363	-0.58987301588058	65.000000000000	0.00000000000000
28.479999542236	0.27025067806244	-0.58927983045578	65.000000000000	0.00000000000000
28.489999771118	0.26887089014053	-0.58868163824081	65.000000000000	0.00000000000000
28.500000000000	0.26749154925346	-0.58807820081711	65.000000000000	0.00000000000000
28.510000228882	0.26611208915710	-0.58746981620789	65.000000000000	0.00000000000000
28.520000457764	0.26473253965378	-0.58685642480850	65.000000000000	0.00000000000000
28.530000686646	0.26335346698761	-0.58623784780502	65.000000000000	0.00000000000000
28.540000915527	0.26197406649590	-0.58561432361603	65.000000000000	0.00000000000000
28.549999237061	0.26059520244598	-0.58498555421829	65.000000000000	0.00000000000000
28.559999465942	0.25921604037285	-0.58435195684433	65.000000000000	0.00000000000000
28.569999694824	0.25783774256706	-0.58371287584305	65.000000000000	0.00000000000000
28.579999923706	0.25645920634270	-0.58306890726089	65.000000000000	0.00000000000000
28.590000152588	0.25508099794388	-0.58241981267929	65.000000000000	0.00000000000000
28.600000381470	0.25370314717293	-0.58176547288895	65.000000000000	0.00000000000000
28.610000610352	0.25232553482056	-0.58110606670380	65.000000000000	0.00000000000000
28.620000839233	0.25094836950302	-0.58044141530991	65.000000000000	0.00000000000000
28.629999160767	0.24957145750523	-0.57977163791656	65.000000000000	0.00000000000000
28.639999389648	0.24819502234459	-0.57909673452377	65.000000000000	0.00000000000000
28.649999618530	0.24681904911995	-0.57841664552689	65.000000000000	0.00000000000000
28.659999847412	0.24544356763363	-0.57773125171661	65.000000000000	0.00000000000000
28.670000076294	0.24406835436821	-0.57704079151154	65.000000000000	0.00000000000000
28.680000305176	0.24269367754459	-0.57634508609772	65.000000000000	0.00000000000000
28.690000534058	0.24131955206394	-0.57564413547516	65.000000000000	0.00000000000000
28.700000762939	0.23994590342045	-0.57493799924850	65.000000000000	0.00000000000000
28.709999084473	0.23857282102108	-0.57422655820847	65.000000000000	0.00000000000000
28.719999313354	0.23720057308674	-0.57350999116898	65.000000000000	0.00000000000000
28.729999542236	0.23582866787910	-0.57278811931610	65.000000000000	0.00000000000000
28.739999771118	0.23445747792721	-0.57206106185913	65.000000000000	0.00000000000000
28.750000000000	0.23308697342873	-0.57132863998413	65.000000000000	0.00000000000000
28.760000228882	0.23171707987785	-0.57059097290039	65.000000000000	0.00000000000000
28.770000457764	0.23034793138504	-0.56984806060791	65.000000000000	0.00000000000000
28.780000686646	0.22897969186306	-0.56909990310669	65.000000000000	0.00000000000000
28.790000915527	0.22761212289333	-0.56834638118744	65.000000000000	0.00000000000000
28.799999237061	0.22624525427818	-0.56758761405945	65.000000000000	0.00000000000000
28.809999465942	0.22487936913967	-0.56682354211807	65.000000000000	0.00000000000000
28.819999694824	0.22351419925690	-0.56605416536331	65.000000000000	0.00000000000000
28.829999923706	0.22214996814728	-0.56527948379517	65.000000000000	0.00000000000000
28.840000152588	0.22078679502010	-0.56449955701828	65.000000000000	0.00000000000000
28.850000381470	0.21942453086376	-0.56371414661407	65.000000000000	0.00000000000000
28.860000610352	0.21806302666664	-0.56292361021042	65.000000000000	0.00000000000000
28.870000839233	0.21670272946358	-0.56212759017944	65.000000000000	0.00000000000000
28.879999160767	0.21534338593483	-0.56132632493973	65.000000000000	0.00000000000000
28.889999389648	0.21398502588272	-0.56051963567734	65.000000000000	0.00000000000000
28.899999618530	0.21262778341770	-0.55970776081085	65.000000000000	0.00000000000000
28.909999847412	0.21127161383629	-0.55889034271240	65.000000000000	0.00000000000000
28.920000076294	0.20991657674313	-0.55806773900986	65.000000000000	0.00000000000000
28.930000305176	0.20856268703938	-0.55723965167999	65.000000000000	0.00000000000000
28.940000534058	0.20720998942852	-0.55640631914139	65.000000000000	0.00000000000000
28.950000762939	0.20585858821869	-0.55556756258011	65.000000000000	0.00000000000000
28.959999084473	0.20450843870640	-0.55472344160080	65.000000000000	0.00000000000000
28.969999313354	0.20315952599049	-0.55387395620346	65.000000000000	0.00000000000000
28.979999542236	0.20181189477444	-0.55301916599274	65.000000000000	0.00000000000000
28.989999771118	0.20046567916870	-0.55215889215469	65.000000000000	0.00000000000000
29.000000000000	0.19912080466747	-0.55129325389862	65.000000000000	0.00000000000000
29.010000228882	0.19777727127075	-0.55042231082916	65.000000000000	0.00000000000000
29.020000457764	0.19643512368202	-0.54954600334167	65.000000000000	0.00000000000000
29.030000686646	0.19509437680244	-0.54866421222687	65.000000000000	0.00000000000000
29.040000915527	0.19375517964363	-0.54777705669403	65.000000000000	0.00000000000000
29.049999237061	0.19241745769978	-0.54688459634781	65.000000000000	0.00000000000000
29.059999465942	0.19108133018017	-0.54598671197891	65.000000000000	0.00000000000000
29.069999694824	0.18974670767784	-0.54508340358734	65.000000000000	0.00000000000000
29.079999923706	0.18841360509396	-0.54417473077774	65.000000000000	0.00000000000000
29.090000152588	0.18708235025406	-0.54326063394547	65.000000000000	0.00000000000000
29.100000381470	0.18575254082680	-0.54234123229980	65.000000000000	0.00000000000000
29.110000610352	0.18442447483540	-0.54141640663147	65.000000000000	0.00000000000000
29.120000839233	0.18309815227985	-0.54048615694046	65.000000000000	0.00000000000000
29.129999160767	0.18177351355553	-0.53955048322678	65.000000000000	0.00000000000000
29.139999389648	0.18045067787170	-0.53860944509506	65.000000000000	0.00000000000000
29.149999618530	0.17912970483303	-0.53766298294067	65.000000000000	0.00000000000000
29.159999847412	0.17781034111977	-0.53671121597290	65.000000000000	0.00000000000000
29.170000076294	0.17649298906326	-0.53575402498245	65.000000000000	0.00000000000000
29.180000305176	0.17517744004726	-0.53479140996933	65.000000000000	0.00000000000000
29.190000534058	0.17386396229267	-0.53382343053818	65.000000000000	0.00000000000000
29.200000762939	0.17255236208439	-0.53285008668900	65.000000000000	0.00000000000000
29.209999084473	0.17124260962009	-0.53187125921249	65.000000000000	0.00000000000000
29.219999313354	0.16993503272533	-0.53088724613190	65.000000000000	0.00000000000000
29.229999542236	0.16862934827805	-0.52989763021469	65.000000000000	0.00000000000000
29.239999771118	0.16732589900494	-0.52890276908875	65.000000000000	0.00000000000000
29.250000000000	0.16602443158627	-0.52790248394012	65.000000000000	0.00000000000000
29.260000228882	0.16472510993481	-0.52689683437347	65.000000000000	0.00000000000000
29.270000457764	0.16342793405056	-0.52588582038879	65.000000000000	0.00000000000000
29.280000686646	0.16213293373585	-0.52486944198608	65.000000000000	0.00000000000000
29.290000915527	0.16084015369415	-0.52384769916534	65.000000000000	0.00000000000000
29.299999237061	0.15954975783825	-0.52282053232193	65.000000000000	0.00000000000000
29.309999465942	0.15826149284840	-0.52178806066513	65.000000000000	0.00000000000000
29.319999694824	0.15697541832924	-0.52075022459030	65.000000000000	0.00000000000000
29.329999923706	0.15569187700748	-0.51970702409744	65.000000000000	0.00000000000000
29.340000152588	0.15441060066223	-0.51865845918655	65.000000000000	0.00000000000000
29.350000381470	0.15313179790974	-0.51760458946228	65.000000000000	0.00000000000000
29.360000610352	0.15185539424419	-0.51654547452927	65.000000000000	0.00000000000000
29.370000839233	0.15058143436909	-0.51548087596893	65.000000000000	0.00000000000000
29.379999160767	0.14930993318558	-0.51441097259521	65.000000000000	0.00000000000000
29.389999389648	0.14804100990295	-0.51333576440811	65.000000000000	0.00000000000000
29.399999618530	0.14677461981773	-0.51225519180298	65.000000000000	0.00000000000000
29.409999847412	0.14551089704037	-0.51116943359375	65.000000000000	0.00000000000000
29.420000076294	0.14424960315228	-0.51007831096649	65.000000000000	0.00000000000000
29.430000305176	0.14299100637436	-0.50898182392120	65.000000000000	0.00000000000000
29.440000534058	0.14173515141010	-0.50788009166718	65.000000000000	0.00000000000000
29.450000762939	0.14048196375370	-0.50677305459976	65.000000000000	0.00000000000000
29.459999084473	0.13923142850399	-0.50566083192825	65.000000000000	0.00000000000000
29.469999313354	0.13798384368420	-0.50454318523407	65.000000000000	0.00000000000000
29.479999542236	0.13673883676529	-0.50342035293579	65.000000000000	0.00000000000000
29.489999771118	0.13549673557281	-0.50229227542877	65.000000000000	0.00000000000000
29.500000000000	0.13425751030445	-0.50115889310837	65.000000000000	0.00000000000000
29.510000228882	0.13302122056484	-0.50002032518387	65.000000000000	0.00000000000000
29.520000457764	0.13178777694702	-0.49887648224831	65.000000000000	0.00000000000000
29.530000686646	0.13055726885796	-0.49772742390633	65.000000000000	0.00000000000000
29.540000915527	0.12932968139648	-0.49657309055328	65.000000000000	0.00000000000000
29.549999237061	0.12810510396957	-0.49541360139847	65.000000000000	0.00000000000000
29.559999465942	0.12688361108303	-0.49424895644188	65.000000000000	0.00000000000000
29.569999694824	0.12566518783569	-0.49307903647423	65.000000000000	0.00000000000000
29.579999923706	0.12444987893105	-0.49190399050713	65.000000000000	0.00000000000000
29.590000152588	0.12323769927025	-0.49072369933128	65.000000000000	0.00000000000000
29.600000381470	0.12202870100737	-0.48953834176064	65.000000000000	0.00000000000000
29.610000610352	0.12082287669182	-0.48834776878357	65.000000000000	0.00000000000000
29.620000839233	0.11962027847767	-0.48715206980705	65.000000000000	0.00000000000000
29.629999160767	0.11842091381550	-0.48595124483109	65.000000000000	0.00000000000000
29.639999389648	0.11722471565008	-0.48474529385567	65.000000000000	0.00000000000000
29.649999618530	0.11603179574013	-0.48353421688080	65.000000000000	0.00000000000000
29.659999847412	0.11484233289957	-0.48231807351112	65.000000000000	0.00000000000000
29.670000076294	0.11365632712841	-0.48109680414200	65.000000000000	0.00000000000000
29.680000305176	0.11247369647026	-0.47987043857574	65.000000000000	0.00000000000000
29.690000534058	0.11129435151815	-0.47863903641701	65.000000000000	0.00000000000000
29.700000762939	0.11011844128370	-0.47740256786346	65.000000000000	0.00000000000000
29.709999084473	0.10894620418549	-0.47616109251976	65.000000000000	0.00000000000000
29.719999313354	0.10777733474970	-0.47491455078125	65.000000000000	0.00000000000000
29.729999542236	0.10661197453737	-0.47366300225258	65.000000000000	0.00000000000000
29.739999771118	0.10545037686825	-0.47240647673607	65.000000000000	0.00000000000000
29.750000000000	0.10429233312607	-0.47114494442940	65.000000000000	0.00000000000000
29.760000228882	0.10313776135445	-0.46987837553024	65.000000000000	0.00000000000000
29.770000457764	0.10198702663183	-0.46860688924789	65.000000000000	0.00000000000000
29.780000686646	0.10083992779255	-0.46733048558235	65.000000000000	0.00000000000000
29.790000915527	0.099696494638920	-0.46604907512665	65.000000000000	0.00000000000000
29.799999237061	0.098556965589523	-0.46476280689240	65.000000000000	0.00000000000000
29.809999465942	0.097421146929264	-0.46347159147263	65.000000000000	0.00000000000000
29.819999694824	0.096289075911045	-0.46217545866966	65.000000000000	0.00000000000000
29.829999923706	0.095160879194736	-0.46087449789047	65.000000000000	0.00000000000000
29.840000152588	0.094036690890789	-0.45956861972809	65.000000000000	0.00000000000000
29.850000381470	0.092916212975979	-0.45825794339180	65.000000000000	0.00000000000000
29.860000610352	0.091799683868885	-0.45694240927696	65.000000000000	0.00000000000000
29.870000839233	0.090687237679958	-0.45562207698822	65.000000000000	0.00000000000000
29.879999160767	0.089578695595264	-0.45429685711861	65.000000000000	0.00000000000000
29.889999389648	0.088474057614803	-0.45296695828438	65.000000000000	0.00000000000000
29.899999618530	0.087373696267605	-0.45163229107857	65.000000000000	0.00000000000000
29.909999847412	0.086277298629284	-0.45029282569885	65.000000000000	0.00000000000000
29.920000076294	0.085184894502163	-0.44894862174988	65.000000000000	0.00000000000000
29.930000305176	0.084096729755402	-0.44759970903397	65.000000000000	0.00000000000000
29.940000534058	0.083012819290161	-0.44624608755112	65.000000000000	0.00000000000000
29.950000762939	0.081932976841927	-0.44488775730133	65.000000000000	0.00000000000000
29.959999084473	0.080857336521149	-0.44352477788925	65.000000000000	0.00000000000000
29.969999313354	0.079786017537117	-0.44215714931488	65.000000000000	0.00000000000000
29.979999542236	0.078718960285187	-0.44078487157822	65.000000000000	0.00000000000000
29.989999771118	0.077656060457230	-0.43940803408623	65.000000000000	0.00000000000000
30.000000000000	0.076597668230534	-0.43802654743195	65.000000000000	0.00000000000000
30.010000228882	0.075543500483036	-0.43664050102234	65.000000000000	0.00000000000000
30.020000457764	0.074493870139122	-0.43524986505508	65.000000000000	0.00000000000000
30.030000686646	0.073448523879051	-0.43385475873947	65.000000000000	0.00000000000000
30.040000915527	0.072407662868500	-0.43245509266853	65.000000000000	0.00000000000000
30.049999237061	0.071371220052242	-0.43105089664459	65.000000000000	0.00000000000000
30.059999465942	0.070339322090149	-0.42964226007462	65.000000000000	0.00000000000000
30.069999694824	0.069311887025833	-0.42822915315628	65.000000000000	0.00000000000000
30.079999923706	0.068289034068584	-0.42681157588959	65.000000000000	0.00000000000000
30.090000152588	0.067270807921886	-0.42538961768150	65.000000000000	0.00000000000000
30.100000381470	0.066257104277611	-0.42396318912506	65.000000000000	0.00000000000000
30.110000610352	0.065248072147369	-0.42253246903419	65.000000000000	0.00000000000000
30.120000839233	0.064243614673615	-0.42109730839729	65.000000000000	0.00000000000000
30.129999160767	0.063243955373764	-0.41965785622597	65.000000000000	0.00000000000000
30.139999389648	0.062248930335045	-0.41821411252022	65.000000000000	0.00000000000000
30.149999618530	0.061258748173714	-0.41676598787308	65.000000000000	0.00000000000000
30.159999847412	0.060273140668869	-0.41531366109848	65.000000000000	0.00000000000000
30.170000076294	0.059292424470186	-0.41385704278946	65.000000000000	0.00000000000000
30.180000305176	0.058316525071859	-0.41239622235298	65.000000000000	0.00000000000000
30.190000534058	0.057345472276211	-0.41093116998672	65.000000000000	0.00000000000000
30.200000762939	0.056379169225693	-0.40946197509766	65.000000000000	0.00000000000000
30.209999084473	0.055417951196432	-0.40798854827881	65.000000000000	0.00000000000000
30.219999313354	0.054461438208818	-0.40651103854179	65.000000000000	0.00000000000000
30.229999542236	0.053510040044785	-0.40502938628197	65.000000000000	0.00000000000000
30.239999771118	0.052563592791557	-0.40354362130165	65.000000000000	0.00000000000000
30.250000000000	0.051622021943331	-0.40205380320549	65.000000000000	0.00000000000000
30.260000228882	0.050685528665781	-0.40055996179581	65.000000000000	0.00000000000000
30.270000457764	0.049754049628973	-0.39906206727028	65.000000000000	0.00000000000000
30.280000686646	0.048827692866325	-0.39756014943123	65.000000000000	0.00000000000000
30.290000915527	0.047906391322613	-0.39605429768562	65.000000000000	0.00000000000000
30.299999237061	0.046990159898996	-0.39454445242882	65.000000000000	0.00000000000000
30.309999465942	0.046079210937023	-0.39303076267242	65.000000000000	0.00000000000000
30.319999694824	0.045173190534115	-0.39151304960251	65.000000000000	0.00000000000000
30.329999923706	0.044272489845753	-0.38999155163765	65.000000000000	0.00000000000000
30.340000152588	0.043376941233873	-0.38846614956856	65.000000000000	0.00000000000000
30.350000381470	0.042486753314734	-0.38693693280220	65.000000000000	0.00000000000000
30.360000610352	0.041601758450270	-0.38540396094322	65.000000000000	0.00000000000000
30.370000839233	0.040721986442804	-0.38386717438698	65.000000000000	0.00000000000000
30.379999160767	0.039847530424595	-0.38232666254044	65.000000000000	0.00000000000000
30.389999389648	0.038978420197964	-0.38078236579895	65.000000000000	0.00000000000000
30.399999618530	0.038114678114653	-0.37923440337181	65.000000000000	0.00000000000000
30.409999847412	0.037256311625242	-0.37768277525902	65.000000000000	0.00000000000000
30.420000076294	0.036403261125088	-0.37612748146057	65.000000000000	0.00000000000000
30.430000305176	0.035555720329285	-0.37456858158112	65.000000000000	0.00000000000000
30.440000534058	0.034713529050350	-0.37300607562065	65.000000000000	0.00000000000000
30.450000762939	0.033876881003380	-0.37144002318382	65.000000000000	0.00000000000000
30.459999084473	0.033045619726181	-0.36987042427063	65.000000000000	0.00000000000000
30.469999313354	0.032219942659140	-0.36829736828804	65.000000000000	0.00000000000000
30.479999542236	0.031399685889482	-0.36672073602676	65.000000000000	0.00000000000000
30.489999771118	0.030585046857595	-0.36514067649841	65.000000000000	0.00000000000000
30.500000000000	0.029776040464640	-0.36355721950531	65.000000000000	0.00000000000000
30.510000228882	0.028972513973713	-0.36197030544281	65.000000000000	0.00000000000000
30.520000457764	0.028174649924040	-0.36038008332253	65.000000000000	0.00000000000000
30.530000686646	0.027382297441363	-0.35878646373749	65.000000000000	0.00000000000000
30.540000915527	0.026595734059811	-0.35718956589699	65.000000000000	0.00000000000000
30.549999237061	0.025814719498158	-0.35558935999870	65.000000000000	0.00000000000000
30.559999465942	0.025039520114660	-0.35398587584496	65.000000000000	0.00000000000000
30.569999694824	0.024269988760352	-0.35237923264503	65.000000000000	0.00000000000000
30.579999923706	0.023506134748459	-0.35076934099197	65.000000000000	0.00000000000000
30.590000152588	0.022748146206141	-0.34915626049042	65.000000000000	0.00000000000000
30.600000381470	0.021995870396495	-0.34754005074501	65.000000000000	0.00000000000000
30.610000610352	0.021249242126942	-0.34592074155807	65.000000000000	0.00000000000000
30.620000839233	0.020508605986834	-0.34429833292961	65.000000000000	0.00000000000000
30.629999160767	0.019773649051785	-0.34267291426659	65.000000000000	0.00000000000000
30.639999389648	0.019044546410441	-0.34104442596436	65.000000000000	0.00000000000000
30.649999618530	0.018321400508285	-0.33941292762756	65.000000000000	0.00000000000000
30.659999847412	0.017604060471058	-0.33777853846550	65.000000000000	0.00000000000000
30.670000076294	0.016892699524760	-0.33614116907120	65.000000000000	0.00000000000000
30.680000305176	0.016187174245715	-0.33450090885162	65.000000000000	0.00000000000000
30.690000534058	0.015487580560148	-0.33285778760910	65.000000000000	0.00000000000000
30.700000762939	0.014793929643929	-0.33121177554131	65.000000000000	0.00000000000000
30.709999084473	0.014106233604252	-0.32956296205521	65.000000000000	0.00000000000000
30.719999313354	0.013424591161311	-0.32791143655777	65.000000000000	0.00000000000000
30.729999542236	0.012748936191201	-0.32625710964203	65.000000000000	0.00000000000000
30.739999771118	0.012079195119441	-0.32460007071495	65.000000000000	0.00000000000000
30.750000000000	0.011415618471801	-0.32294034957886	65.000000000000	0.00000000000000
30.760000228882	0.010758064687252	-0.32127803564072	65.000000000000	0.00000000000000
30.770000457764	0.010106546804309	-0.31961303949356	65.000000000000	0.00000000000000
30.780000686646	0.0094610759988427	-0.31794545054436	65.000000000000	0.00000000000000
30.790000915527	0.0088216662406921	-0.31627526879311	65.000000000000	0.00000000000000
30.799999237061	0.0081883296370506	-0.31460264325142	65.000000000000	0.00000000000000
30.809999465942	0.0075612282380462	-0.31292748451233	65.000000000000	0.00000000000000
30.819999694824	0.0069403704255819	-0.31124988198280	65.000000000000	0.00000000000000
30.829999923706	0.0063254730775952	-0.30956983566284	65.000000000000	0.00000000000000
30.840000152588	0.0057166945189238	-0.30788737535477	65.000000000000	0.00000000000000
30.850000381470	0.0051143397577107	-0.30620256066322	65.000000000000	0.00000000000000
30.860000610352	0.0045179803855717	-0.30451545119286	65.000000000000	0.00000000000000
30.870000839233	0.0039279176853597	-0.30282598733902	65.000000000000	0.00000000000000
30.879999160767	0.0033440175466239	-0.30113428831100	65.000000000000	0.00000000000000
30.889999389648	0.0027664341032505	-0.29944038391113	65.000000000000	0.00000000000000
30.899999618530	0.0021950334776193	-0.29774421453476	65.000000000000	0.00000000000000
30.909999847412	0.0016298261471093	-0.29604592919350	65.000000000000	0.00000000000000
30.920000076294	0.0010711041977629	-0.29434549808502	65.000000000000	0.00000000000000
30.930000305176	0.00051845412235707	-0.29264298081398	65.000000000000	0.00000000000000
30.940000534058	-2.7695172320819e-05	-0.29093834757805	65.000000000000	0.00000000000000
30.950000762939	-0.00056761421728879	-0.28923174738884	65.000000000000	0.00000000000000
30.959999084473	-0.0011014301562682	-0.28752309083939	65.000000000000	0.00000000000000
30.969999313354	-0.0016285856254399	-0.28581249713898	65.000000000000	0.00000000000000
30.979999542236	-0.0021496200934052	-0.28409999608994	65.000000000000	0.00000000000000
30.989999771118	-0.0026642528828233	-0.28238558769226	65.000000000000	0.00000000000000
31.000000000000	-0.0031724763102829	-0.28066927194595	65.000000000000	0.00000000000000
31.010000228882	-0.0036744172684848	-0.27895116806030	65.000000000000	0.00000000000000
31.020000457764	-0.0041698017157614	-0.27723124623299	65.000000000000	0.00000000000000
31.030000686646	-0.0046588894911110	-0.27550959587097	65.000000000000	0.00000000000000
31.040000915527	-0.0051415413618088	-0.27378621697426	65.000000000000	0.00000000000000
31.049999237061	-0.0056178802624345	-0.27206110954285	65.000000000000	0.00000000000000
31.059999465942	-0.0060876403003931	-0.27033436298370	65.000000000000	0.00000000000000
31.069999694824	-0.0065510743297637	-0.26860600709915	65.000000000000	0.00000000000000
31.079999923706	-0.0070080473087728	-0.26687604188919	65.000000000000	0.00000000000000
31.090000152588	-0.0074585541151464	-0.26514455676079	65.000000000000	0.00000000000000
31.100000381470	-0.0079025896266103	-0.26341152191162	65.000000000000	0.00000000000000
31.110000610352	-0.0083402721211314	-0.26167699694633	65.000000000000	0.00000000000000
31.120000839233	-0.0087712248787284	-0.25994107127190	65.000000000000	0.00000000000000
31.129999160767	-0.0091959405690432	-0.25820371508598	65.000000000000	0.00000000000000
31.139999389648	-0.0096141621470451	-0.25646492838860	65.000000000000	0.00000000000000
31.149999618530	-0.010025644674897	-0.25472488999367	65.000000000000	0.00000000000000
31.159999847412	-0.010430871509016	-0.25298345088959	65.000000000000	0.00000000000000
31.170000076294	-0.010829352773726	-0.25124081969261	65.000000000000	0.00000000000000
31.180000305176	-0.011221569031477	-0.24949690699577	65.000000000000	0.00000000000000
31.190000534058	-0.011607153341174	-0.24775178730488	65.000000000000	0.00000000000000
31.200000762939	-0.011986224912107	-0.24600550532341	65.000000000000	0.00000000000000
31.209999084473	-0.012358778156340	-0.24425809085369	65.000000000000	0.00000000000000
31.219999313354	-0.012724812142551	-0.24250960350037	65.000000000000	0.00000000000000
31.229999542236	-0.013084207661450	-0.24076004326344	65.000000000000	0.00000000000000
31.239999771118	-0.013437193818390	-0.23900943994522	65.000000000000	0.00000000000000
31.250000000000	-0.013783424161375	-0.23725785315037	65.000000000000	0.00000000000000
31.260000228882	-0.014123351313174	-0.23550529778004	65.000000000000	0.00000000000000
31.270000457764	-0.014456522651017	-0.23375186324120	65.000000000000	0.00000000000000
31.280000686646	-0.014783164486289	-0.23199751973152	65.000000000000	0.00000000000000
31.290000915527	-0.015103269368410	-0.23024234175682	65.000000000000	0.00000000000000
31.299999237061	-0.015416839160025	-0.22848632931709	65.000000000000	0.00000000000000
31.309999465942	-0.015723763033748	-0.22672955691814	65.000000000000	0.00000000000000
31.319999694824	-0.016024151816964	-0.22497205436230	65.000000000000	0.00000000000000
31.329999923706	-0.016318002715707	-0.22321383655071	65.000000000000	0.00000000000000
31.340000152588	-0.016605207696557	-0.22145493328571	65.000000000000	0.00000000000000
31.350000381470	-0.016885770484805	-0.21969541907310	65.000000000000	0.00000000000000
31.360000610352	-0.017159797251225	-0.21793530881405	65.000000000000	0.00000000000000
31.370000839233	-0.017427284270525	-0.21617460250854	65.000000000000	0.00000000000000
31.379999160767	-0.017688130959868	-0.21441341936588	65.000000000000	0.00000000000000
31.389999389648	-0.017942341044545	-0.21265171468258	65.000000000000	0.00000000000000
31.399999618530	-0.018190016970038	-0.21088957786560	65.000000000000	0.00000000000000
31.409999847412	-0.018431160598993	-0.20912699401379	65.000000000000	0.00000000000000
31.420000076294	-0.018665669485927	-0.20736403763294	65.000000000000	0.00000000000000
31.430000305176	-0.018893547356129	-0.20560073852539	65.000000000000	0.00000000000000
31.440000534058	-0.019114892929792	-0.20383712649345	65.000000000000	0.00000000000000
31.450000762939	-0.019329616799951	-0.20207323133945	65.000000000000	0.00000000000000
31.459999084473	-0.019537718966603	-0.20030909776688	65.000000000000	0.00000000000000
31.469999313354	-0.019739249721169	-0.19854477047920	65.000000000000	0.00000000000000
31.479999542236	-0.019934166222811	-0.19678026437759	65.000000000000	0.00000000000000
31.489999771118	-0.020122611895204	-0.19501565396786	65.000000000000	0.00000000000000
31.500000000000	-0.020304355770350	-0.19325089454651	65.000000000000	0.00000000000000
31.510000228882	-0.020479543134570	-0.19148612022400	65.000000000000	0.00000000000000
31.520000457764	-0.020648133009672	-0.18972130119801	65.000000000000	0.00000000000000
31.530000686646	-0.020810171961784	-0.18795646727085	65.000000000000	0.00000000000000
31.540000915527	-0.020965622738004	-0.18619172275066	65.000000000000	0.00000000000000
31.549999237061	-0.021114489063621	-0.18442703783512	65.000000000000	0.00000000000000
31.559999465942	-0.021256862208247	-0.18266247212887	65.000000000000	0.00000000000000
31.569999694824	-0.021392572671175	-0.18089805543423	65.000000000000	0.00000000000000
31.579999923706	-0.021521758288145	-0.17913383245468	65.000000000000	0.00000000000000
31.590000152588	-0.021644381806254	-0.17736984789371	65.000000000000	0.00000000000000
31.600000381470	-0.021760487928987	-0.17560608685017	65.000000000000	0.00000000000000
31.610000610352	-0.021870002150536	-0.17384263873100	65.000000000000	0.00000000000000
31.620000839233	-0.021972971037030	-0.17207950353622	65.000000000000	0.00000000000000
31.629999160767	-0.022069443017244	-0.17031675577164	65.000000000000	0.00000000000000
31.639999389648	-0.022159302607179	-0.16855441033840	65.000000000000	0.00000000000000
31.649999618530	-0.022242715582252	-0.16679246723652	65.000000000000	0.00000000000000
31.659999847412	-0.022319534793496	-0.16503100097179	65.000000000000	0.00000000000000
31.670000076294	-0.022389922291040	-0.16327005624771	65.000000000000	0.00000000000000
31.680000305176	-0.022453725337982	-0.16150964796543	65.000000000000	0.00000000000000
31.690000534058	-0.022511035203934	-0.15974982082844	65.000000000000	0.00000000000000
31.700000762939	-0.022561859339476	-0.15799058973789	65.000000000000	0.00000000000000
31.709999084473	-0.022606201469898	-0.15623199939728	65.000000000000	0.00000000000000
31.719999313354	-0.022644074633718	-0.15447409451008	65.000000000000	0.00000000000000
31.729999542236	-0.022675409913063	-0.15271690487862	65.000000000000	0.00000000000000
31.739999771118	-0.022700365632772	-0.15096046030521	65.000000000000	0.00000000000000
31.750000000000	-0.022718803957105	-0.14920479059219	65.000000000000	0.00000000000000
31.760000228882	-0.022730806842446	-0.14744997024536	65.000000000000	0.00000000000000
31.770000457764	-0.022736310958862	-0.14569596946239	65.000000000000	0.00000000000000
31.780000686646	-0.022735469043255	-0.14394286274910	65.000000000000	0.00000000000000
31.790000915527	-0.022728150710464	-0.14219067990780	65.000000000000	0.00000000000000
31.799999237061	-0.022714432328939	-0.14043943583965	65.000000000000	0.00000000000000
31.809999465942	-0.022694259881973	-0.13868919014931	65.000000000000	0.00000000000000
31.819999694824	-0.022667778655887	-0.13693997263908	65.000000000000	0.00000000000000
31.829999923706	-0.022634860128164	-0.13519179821014	65.000000000000	0.00000000000000
31.840000152588	-0.022595584392548	-0.13344471156597	65.000000000000	0.00000000000000
31.850000381470	-0.022549899294972	-0.13169875741005	65.000000000000	0.00000000000000
31.860000610352	-0.022497877478600	-0.12995396554470	65.000000000000	0.00000000000000
31.870000839233	-0.022439531981945	-0.12821035087109	65.000000000000	0.00000000000000
31.879999160767	-0.022374812513590	-0.12646797299385	65.000000000000	0.00000000000000
31.889999389648	-0.022303819656372	-0.12472684681416	65.000000000000	0.00000000000000
31.899999618530	-0.022226473316550	-0.12298699468374	65.000000000000	0.00000000000000
31.909999847412	-0.022142849862576	-0.12124848365784	65.000000000000	0.00000000000000
31.920000076294	-0.022052956745028	-0.11951132118702	65.000000000000	0.00000000000000
31.930000305176	-0.021956752985716	-0.11777555197477	65.000000000000	0.00000000000000
31.940000534058	-0.021854303777218	-0.11604120582342	65.000000000000	0.00000000000000
31.950000762939	-0.021745596081018	-0.11430831253529	65.000000000000	0.00000000000000
31.959999084473	-0.021630667150021	-0.11257690191269	65.000000000000	0.00000000000000
31.969999313354	-0.021509503945708	-0.11084701120853	65.000000000000	0.00000000000000
31.979999542236	-0.021382143720984	-0.10911867022514	65.000000000000	0.00000000000000
31.989999771118	-0.021248577162623	-0.10739191621542	65.000000000000	0.00000000000000
32.000000000000	-0.021108817309141	-0.10566677153111	65.000000000000	0.00000000000000
32.009998321533	-0.020962897688150	-0.10394328832626	65.000000000000	0.00000000000000
32.020000457764	-0.020810838788748	-0.10222147405148	65.000000000000	0.00000000000000
32.029998779297	-0.020652621984482	-0.10050136595964	65.000000000000	0.00000000000000
32.040000915527	-0.020488265901804	-0.098783001303673	65.000000000000	0.00000000000000
32.049999237061	-0.020317826420069	-0.097066417336464	65.000000000000	0.00000000000000
32.060001373291	-0.020141299813986	-0.095351636409760	65.000000000000	0.00000000000000
32.069999694824	-0.019958671182394	-0.093638688325882	65.000000000000	0.00000000000000
32.080001831055	-0.019769979640841	-0.091927617788315	65.000000000000	0.00000000000000
32.090000152588	-0.019575260579586	-0.090218424797058	65.000000000000	0.00000000000000
32.099998474121	-0.019374482333660	-0.088511176407337	65.000000000000	0.00000000000000
32.110000610352	-0.019167702645063	-0.086805872619152	65.000000000000	0.00000000000000
32.119998931885	-0.018954915925860	-0.085102565586567	65.000000000000	0.00000000000000
32.130001068115	-0.018736153841019	-0.083401270210743	65.000000000000	0.00000000000000
32.139999389648	-0.018511429429054	-0.081702038645744	65.000000000000	0.00000000000000
32.150001525879	-0.018280735239387	-0.080004870891571	65.000000000000	0.00000000000000
32.159999847412	-0.018044129014015	-0.078309834003448	65.000000000000	0.00000000000000
32.169998168945	-0.017801597714424	-0.076616913080215	65.000000000000	0.00000000000000
32.180000305176	-0.017553178593516	-0.074926167726517	65.000000000000	0.00000000000000
32.189998626709	-0.017298880964518	-0.073237627744675	65.000000000000	0.00000000000000
32.200000762939	-0.017038716003299	-0.071551300585270	65.000000000000	0.00000000000000
32.209999084473	-0.016772719100118	-0.069867238402367	65.000000000000	0.00000000000000
32.220001220703	-0.016500879079103	-0.068185456097126	65.000000000000	0.00000000000000
32.229999542236	-0.016223261132836	-0.066505983471870	65.000000000000	0.00000000000000
32.240001678467	-0.015939842909575	-0.064828857779503	65.000000000000	0.00000000000000
32.250000000000	-0.015650663524866	-0.063154101371765	65.000000000000	0.00000000000000
32.259998321533	-0.015355722047389	-0.061481732875109	65.000000000000	0.00000000000000
32.270000457764	-0.015055056661367	-0.059811796993017	65.000000000000	0.00000000000000
32.279998779297	-0.014748676680028	-0.058144316077232	65.000000000000	0.00000000000000
32.290000915527	-0.014436617493629	-0.056479312479496	65.000000000000	0.00000000000000
32.299999237061	-0.014118886552751	-0.054816816002131	65.000000000000	0.00000000000000
32.310001373291	-0.013795503415167	-0.053156860172749	65.000000000000	0.00000000000000
32.319999694824	-0.013466499745846	-0.051499463617802	65.000000000000	0.00000000000000
32.330001831055	-0.013131876476109	-0.049844656139612	65.000000000000	0.00000000000000
32.340000152588	-0.012791650369763	-0.048192467540503	65.000000000000	0.00000000000000
32.349998474121	-0.012445880100131	-0.046542916446924	65.000000000000	0.00000000000000
32.360000610352	-0.012094553560019	-0.044896040111780	65.000000000000	0.00000000000000
32.369998931885	-0.011737708002329	-0.043251853436232	65.000000000000	0.00000000000000
32.380001068115	-0.011375347152352	-0.041610386222601	65.000000000000	0.00000000000000
32.389999389648	-0.011007512919605	-0.039971668273211	65.000000000000	0.00000000000000
32.400001525879	-0.010634212754667	-0.038335721939802	65.000000000000	0.00000000000000
32.409999847412	-0.010255471803248	-0.036702573299408	65.000000000000	0.00000000000000
32.419998168945	-0.0098713226616383	-0.035072244703770	65.000000000000	0.00000000000000
32.430000305176	-0.0094817755743861	-0.033444765955210	65.000000000000	0.00000000000000
32.439998626709	-0.0090868463739753	-0.031820163130760	65.000000000000	0.00000000000000
32.450000762939	-0.0086865648627281	-0.030198449268937	65.000000000000	0.00000000000000
32.459999084473	-0.0082809654995799	-0.028579661622643	65.000000000000	0.00000000000000
32.470001220703	-0.0078700529411435	-0.026963818818331	65.000000000000	0.00000000000000
32.479999542236	-0.0074538588523865	-0.025350941345096	65.000000000000	0.00000000000000
32.490001678467	-0.0070324069820344	-0.023741059005260	65.000000000000	0.00000000000000
32.500000000000	-0.0066057136282325	-0.022134192287922	65.000000000000	0.00000000000000
32.509998321533	-0.0061738109216094	-0.020530367270112	65.000000000000	0.00000000000000
32.520000457764	-0.0057367170229554	-0.018929602578282	65.000000000000	0.00000000000000
32.529998779297	-0.0052944519557059	-0.017331924289465	65.000000000000	0.00000000000000
32.540000915527	-0.0048470450565219	-0.015737356618047	65.000000000000	0.00000000000000
32.549999237061	-0.0043945214711130	-0.014145915396512	65.000000000000	0.00000000000000
32.560001373291	-0.0039369026198983	-0.012557631358504	65.000000000000	0.00000000000000
32.569999694824	-0.0034742101561278	-0.010972520336509	65.000000000000	0.00000000000000
32.580001831055	-0.0030064703896642	-0.0093906065449119	65.000000000000	0.00000000000000
32.590000152588	-0.0025337084662169	-0.0078119123354554	65.000000000000	0.00000000000000
32.599998474121	-0.0020559455733746	-0.0062364572659135	65.000000000000	0.00000000000000
32.610000610352	-0.0015732111642137	-0.0046642632223666	65.000000000000	0.00000000000000
32.619998931885	-0.0010855246800929	-0.0030953518580645	65.000000000000	0.00000000000000
32.630001068115	-0.00059291423531249	-0.0015297428471968	65.000000000000	0.00000000000000
32.639999389648	-9.5403273007832e-05	3.2542466215091e-05	65.000000000000	0.00000000000000
32.650001525879	0.00040698281372897	0.0015914840623736	65.000000000000	0.00000000000000
32.659999847412	0.00091421906836331	0.0031470621470362	65.000000000000	0.00000000000000
32.669998168945	0.0014262797776610	0.0046992562711239	65.000000000000	0.00000000000000
32.680000305176	0.0019431419204921	0.0062480471096933	65.000000000000	0.00000000000000
32.689998626709	0.0024647768586874	0.0077934162691236	65.000000000000	0.00000000000000
32.700000762939	0.0029911603778601	0.0093353418633342	65.000000000000	0.00000000000000
32.709999084473	0.0035222694277763	0.010873807594180	65.000000000000	0.00000000000000
32.720001220703	0.0040580742061138	0.012408793903887	65.000000000000	0.00000000000000
32.729999542236	0.0045985514298081	0.013940281234682	65.000000000000	0.00000000000000
32.740001678467	0.0051436754874885	0.015468253754079	65.000000000000	0.00000000000000
32.750000000000	0.0056934198364615	0.016992690041661	65.000000000000	0.00000000000000
32.759998321533	0.0062477611936629	0.018513573333621	65.000000000000	0.00000000000000
32.770000457764	0.0068066655658185	0.020030889660120	65.000000000000	0.00000000000000
32.779998779297	0.0073701175861061	0.021544618532062	65.000000000000	0.00000000000000
32.790000915527	0.0079380813986063	0.023054743185639	65.000000000000	0.00000000000000
32.799999237061	0.0085105393081903	0.024561246857047	65.000000000000	0.00000000000000
32.810001373291	0.0090874638408422	0.026064107194543	65.000000000000	0.00000000000000
32.819999694824	0.0096688112244010	0.027563318610191	65.000000000000	0.00000000000000
32.830001831055	0.010254581458867	0.029058858752251	65.000000000000	0.00000000000000
32.840000152588	0.010844736360013	0.030550714582205	65.000000000000	0.00000000000000
32.849998474121	0.011439247056842	0.032038863748312	65.000000000000	0.00000000000000
32.860000610352	0.012038074433804	0.033523298799992	65.000000000000	0.00000000000000
32.869998931885	0.012641224078834	0.035004001110792	65.000000000000	0.00000000000000
32.880001068115	0.013248639181256	0.036480952054262	65.000000000000	0.00000000000000
32.889999389648	0.013860315084457	0.037954140454531	65.000000000000	0.00000000000000
32.900001525879	0.014476208947599	0.039423555135727	65.000000000000	0.00000000000000
32.909999847412	0.015096302144229	0.040889173746109	65.000000000000	0.00000000000000
32.919998168945	0.015720563009381	0.042350988835096	65.000000000000	0.00000000000000
32.930000305176	0.016348969191313	0.043808985501528	65.000000000000	0.00000000000000
32.939998626709	0.016981478780508	0.045263145118952	65.000000000000	0.00000000000000
32.950000762939	0.017618095502257	0.046713460236788	65.000000000000	0.00000000000000
32.959999084473	0.018258756026626	0.048159915953875	65.000000000000	0.00000000000000
32.970001220703	0.018903454765677	0.049602501094341	65.000000000000	0.00000000000000
32.979999542236	0.019552176818252	0.051041200757027	65.000000000000	0.00000000000000
32.990001678467	0.020204864442348	0.052475996315479	65.000000000000	0.00000000000000
33.000000000000	0.020861508324742	0.053906887769699	65.000000000000	0.00000000000000
33.009998321533	0.021522074937820	0.055333856493235	65.000000000000	0.00000000000000
33.020000457764	0.022186543792486	0.056756883859634	65.000000000000	0.00000000000000
33.029998779297	0.022854873910546	0.058175973594189	65.000000000000	0.00000000000000
33.040000915527	0.023527074605227	0.059591103345156	65.000000000000	0.00000000000000
33.049999237061	0.024203063920140	0.061002269387245	65.000000000000	0.00000000000000
33.060001373291	0.024882853031158	0.062409453094006	65.000000000000	0.00000000000000
33.069999694824	0.025566404685378	0.063812650740147	65.000000000000	0.00000000000000
33.080001831055	0.026253685355186	0.065211839973927	65.000000000000	0.00000000000000
33.090000152588	0.026944676414132	0.066607028245926	65.000000000000	0.00000000000000
33.099998474121	0.027639362961054	0.067998193204403	65.000000000000	0.00000000000000
33.110000610352	0.028337679803371	0.069385327398777	65.000000000000	0.00000000000000
33.119998931885	0.029039625078440	0.070768423378468	65.000000000000	0.00000000000000
33.130001068115	0.029745170846581	0.072147473692894	65.000000000000	0.00000000000000
33.139999389648	0.030454296618700	0.073522463440895	65.000000000000	0.00000000000000
33.150001525879	0.031166959553957	0.074893400073051	65.000000000000	0.00000000000000
33.159999847412	0.031883139163256	0.076260238885880	65.000000000000	0.00000000000000
33.169998168945	0.032602798193693	0.077623017132282	65.000000000000	0.00000000000000
33.180000305176	0.033325936645269	0.078981697559357	65.000000000000	0.00000000000000
33.189998626709	0.034052520990372	0.080336272716522	65.000000000000	0.00000000000000
33.200000762939	0.034782480448484	0.081686742603779	65.000000000000	0.00000000000000
33.209999084473	0.035515837371349	0.083033107221127	65.000000000000	0.00000000000000
33.220001220703	0.036252554506063	0.084375344216824	65.000000000000	0.00000000000000
33.229999542236	0.036992583423853	0.085713446140289	65.000000000000	0.00000000000000
33.240001678467	0.037735905498266	0.087047427892685	65.000000000000	0.00000000000000
33.250000000000	0.038482531905174	0.088377259671688	65.000000000000	0.00000000000000
33.259998321533	0.039232350885868	0.089702948927879	65.000000000000	0.00000000000000
33.270000457764	0.039985429495573	0.091024480760098	65.000000000000	0.00000000000000
33.279998779297	0.040741696953773	0.092341862618923	65.000000000000	0.00000000000000
33.290000915527	0.041501119732857	0.093655072152615	65.000000000000	0.00000000000000
33.299999237061	0.042263675481081	0.094964101910591	65.000000000000	0.00000000000000
33.310001373291	0.043029349297285	0.096268966794014	65.000000000000	0.00000000000000
33.319999694824	0.043798096477985	0.097569651901722	65.000000000000	0.00000000000000
33.330001831055	0.044569917023182	0.098866149783134	65.000000000000	0.00000000000000
33.340000152588	0.045344799757004	0.10015845298767	65.000000000000	0.00000000000000
33.349998474121	0.046122621744871	0.10144656896591	65.000000000000	0.00000000000000
33.360000610352	0.046903453767300	0.10273048281670	65.000000000000	0.00000000000000
33.369998931885	0.047687239944935	0.10401018708944	65.000000000000	0.00000000000000
33.380001068115	0.048473939299583	0.10528569668531	65.000000000000	0.00000000000000
33.389999389648	0.049263536930084	0.10655699670315	65.000000000000	0.00000000000000
33.400001525879	0.050056040287018	0.10782406479120	65.000000000000	0.00000000000000
33.409999847412	0.050851363688707	0.10908693820238	65.000000000000	0.00000000000000
33.419998168945	0.051649540662766	0.11034557968378	65.000000000000	0.00000000000000
33.430000305176	0.052450485527515	0.11159999668598	65.000000000000	0.00000000000000
33.439998626709	0.053254175931215	0.11285019665956	65.000000000000	0.00000000000000
33.450000762939	0.054060634225607	0.11409616470337	65.000000000000	0.00000000000000
33.459999084473	0.054869834333658	0.11533790081739	65.000000000000	0.00000000000000
33.470001220703	0.055681705474854	0.11657541245222	65.000000000000	0.00000000000000
33.479999542236	0.056496229022741	0.11780868470669	65.000000000000	0.00000000000000
33.490001678467	0.057313427329063	0.11903773248196	65.000000000000	0.00000000000000
33.500000000000	0.058133207261562	0.12026252597570	65.000000000000	0.00000000000000
33.509998321533	0.058955598622561	0.12148308008909	65.000000000000	0.00000000000000
33.520000457764	0.059780556708574	0.12269941717386	65.000000000000	0.00000000000000
33.529998779297	0.060608018189669	0.12391150742769	65.000000000000	0.00000000000000
33.540000915527	0.061438050121069	0.12511935830116	65.000000000000	0.00000000000000
33.549999237061	0.062270537018776	0.12632295489311	65.000000000000	0.00000000000000
33.560001373291	0.063105538487434	0.12752230465412	65.000000000000	0.00000000000000
33.569999694824	0.063942946493626	0.12871743738651	65.000000000000	0.00000000000000
33.580001831055	0.064782761037350	0.12990830838680	65.000000000000	0.00000000000000
33.590000152588	0.065624989569187	0.13109494745731	65.000000000000	0.00000000000000
33.599998474121	0.066469550132751	0.13227735459805	65.000000000000	0.00000000000000
33.610000610352	0.067316472530365	0.13345551490784	65.000000000000	0.00000000000000
33.619998931885	0.068165734410286	0.13462942838669	65.000000000000	0.00000000000000
33.630001068115	0.069017276167870	0.13579910993576	65.000000000000	0.00000000000000
33.639999389648	0.069871082901955	0.13696454465389	65.000000000000	0.00000000000000
33.650001525879	0.070727162063122	0.13812576234341	65.000000000000	0.00000000000000
33.659999847412	0.071585439145565	0.13928271830082	65.000000000000	0.00000000000000
33.669998168945	0.072445951402187	0.14043545722961	65.000000000000	0.00000000000000
33.680000305176	0.073308616876602	0.14158394932747	65.000000000000	0.00000000000000
33.689998626709	0.074173420667648	0.14272822439671	65.000000000000	0.00000000000000
33.700000762939	0.075040377676487	0.14386826753616	65.000000000000	0.00000000000000
33.709999084473	0.075909458100796	0.14500409364700	65.000000000000	0.00000000000000
33.720001220703	0.076780579984188	0.14613568782806	65.000000000000	0.00000000000000
33.729999542236	0.077653810381889	0.14726305007935	65.000000000000	0.00000000000000
33.740001678467	0.078529052436352	0.14838619530201	65.000000000000	0.00000000000000
33.750000000000	0.079406335949898	0.14950510859489	65.000000000000	0.00000000000000
33.759998321533	0.080285593867302	0.15061983466148	65.000000000000	0.00000000000000
33.770000457764	0.081166803836823	0.15173034369946	65.000000000000	0.00000000000000
33.779998779297	0.082050018012524	0.15283663570881	65.000000000000	0.00000000000000
33.790000915527	0.082935124635696	0.15393871068954	65.000000000000	0.00000000000000
33.799999237061	0.083822123706341	0.15503661334515	65.000000000000	0.00000000000000
33.810001373291	0.084711059927940	0.15613029897213	65.000000000000	0.00000000000000
33.819999694824	0.085601828992367	0.15721978247166	65.000000000000	0.00000000000000
33.830001831055	0.086494453251362	0.15830509364605	65.000000000000	0.00000000000000
33.840000152588	0.087388858199120	0.15938618779182	65.000000000000	0.00000000000000
33.849998474121	0.088285088539124	0.16046310961246	65.000000000000	0.00000000000000
33.860000610352	0.089183099567890	0.16153587400913	65.000000000000	0.00000000000000
33.869998931885	0.090082876384258	0.16260445117950	65.000000000000	0.00000000000000
33.880001068115	0.090984404087067	0.16366882622242	65.000000000000	0.00000000000000
33.889999389648	0.091887563467026	0.16472905874252	65.000000000000	0.00000000000000
33.900001525879	0.092792510986328	0.16578511893749	65.000000000000	0.00000000000000
33.909999847412	0.093699090182781	0.16683703660965	65.000000000000	0.00000000000000
33.919998168945	0.094607338309288	0.16788479685783	65.000000000000	0.00000000000000
33.930000305176	0.095517218112946	0.16892838478088	65.000000000000	0.00000000000000
33.939998626709	0.096428714692593	0.16996783018112	65.000000000000	0.00000000000000
33.950000762939	0.097341768443584	0.17100316286087	65.000000000000	0.00000000000000
33.959999084473	0.098256483674049	0.17203433811665	65.000000000000	0.00000000000000
33.970001220703	0.099172666668892	0.17306138575077	65.000000000000	0.00000000000000
33.979999542236	0.10009046643972	0.17408430576324	65.000000000000	0.00000000000000
33.990001678467	0.10100969672203	0.17510309815407	65.000000000000	0.00000000000000
34.000000000000	0.10193051397800	0.17611780762672	65.000000000000	0.00000000000000
34.009998321533	0.10285275429487	0.17712835967541	65.000000000000	0.00000000000000
34.020000457764	0.10377644747496	0.17813482880592	65.000000000000	0.00000000000000
34.029998779297	0.10470160841942	0.17913720011711	65.000000000000	0.00000000000000
34.040000915527	0.10562820732594	0.18013547360897	65.000000000000	0.00000000000000
34.049999237061	0.10655618458986	0.18112967908382	65.000000000000	0.00000000000000
34.060001373291	0.10748554021120	0.18211978673935	65.000000000000	0.00000000000000
34.069999694824	0.10841628909111	0.18310579657555	65.000000000000	0.00000000000000
34.080001831055	0.10934838652611	0.18408775329590	65.000000000000	0.00000000000000
34.090000152588	0.11028183996677	0.18506564199924	65.000000000000	0.00000000000000
34.099998474121	0.11121655255556	0.18603949248791	65.000000000000	0.00000000000000
34.110000610352	0.11215261369944	0.18700924515724	65.000000000000	0.00000000000000
34.119998931885	0.11308991163969	0.18797498941422	65.000000000000	0.00000000000000
34.130001068115	0.11402853578329	0.18893666565418	65.000000000000	0.00000000000000
34.139999389648	0.11496832221746	0.18989431858063	65.000000000000	0.00000000000000
34.150001525879	0.11590941995382	0.19084793329239	65.000000000000	0.00000000000000
34.159999847412	0.11685165017843	0.19179753959179	65.000000000000	0.00000000000000
34.169998168945	0.11779513955116	0.19274309277534	65.000000000000	0.00000000000000
34.180000305176	0.11873978376389	0.19368468225002	65.000000000000	0.00000000000000
34.189998626709	0.11968564987183	0.19462221860886	65.000000000000	0.00000000000000
34.200000762939	0.12063262611628	0.19555579125881	65.000000000000	0.00000000000000
34.209999084473	0.12158069759607	0.19648534059525	65.000000000000	0.00000000000000
34.220001220703	0.12252993881702	0.19741092622280	65.000000000000	0.00000000000000
34.229999542236	0.12348025292158	0.19833254814148	65.000000000000	0.00000000000000
34.240001678467	0.12443167716265	0.19925013184547	65.000000000000	0.00000000000000
34.250000000000	0.12538415193558	0.20016381144524	65.000000000000	0.00000000000000
34.259998321533	0.12633761763573	0.20107352733612	65.000000000000	0.00000000000000
34.270000457764	0.12729226052761	0.20197920501232	65.000000000000	0.00000000000000
34.279998779297	0.12824778258801	0.20288100838661	65.000000000000	0.00000000000000
34.290000915527	0.12920446693897	0.20377878844738	65.000000000000	0.00000000000000
34.299999237061	0.13016207516193	0.20467269420624	65.000000000000	0.00000000000000
34.310001373291	0.13112059235573	0.20556266605854	65.000000000000	0.00000000000000
34.319999694824	0.13208013772964	0.20644871890545	65.000000000000	0.00000000000000
34.330001831055	0.13304063677788	0.20733080804348	65.000000000000	0.00000000000000
34.340000152588	0.13400202989578	0.20820902287960	65.000000000000	0.00000000000000
34.349998474121	0.13496437668800	0.20908333361149	65.000000000000	0.00000000000000
34.360000610352	0.13592766225338	0.20995371043682	65.000000000000	0.00000000000000
34.369998931885	0.13689175248146	0.21082024276257	65.000000000000	0.00000000000000
34.380001068115	0.13785675168037	0.21168288588524	65.000000000000	0.00000000000000
34.389999389648	0.13882263004780	0.21254158020020	65.000000000000	0.00000000000000
34.400001525879	0.13978938758373	0.21339643001556	65.000000000000	0.00000000000000
34.409999847412	0.14075690507889	0.21424746513367	65.000000000000	0.00000000000000
34.419998168945	0.14172537624836	0.21509455144405	65.000000000000	0.00000000000000
34.430000305176	0.14269456267357	0.21593783795834	65.000000000000	0.00000000000000
34.439998626709	0.14366464316845	0.21677717566490	65.000000000000	0.00000000000000
34.450000762939	0.14463543891907	0.21761275827885	65.000000000000	0.00000000000000
34.459999084473	0.14560699462891	0.21844446659088	65.000000000000	0.00000000000000
34.470001220703	0.14657923579216	0.21927244961262	65.000000000000	0.00000000000000
34.479999542236	0.14755231142044	0.22009649872780	65.000000000000	0.00000000000000
34.490001678467	0.14852620661259	0.22091665863991	65.000000000000	0.00000000000000
34.500000000000	0.14950074255466	0.22173309326172	65.000000000000	0.00000000000000
34.509998321533	0.15047596395016	0.22254568338394	65.000000000000	0.00000000000000
34.520000457764	0.15145188570023	0.22335450351238	65.000000000000	0.00000000000000
34.529998779297	0.15242847800255	0.22415952384472	65.000000000000	0.00000000000000
34.540000915527	0.15340583026409	0.22496066987514	65.000000000000	0.00000000000000
34.549999237061	0.15438371896744	0.22575813531876	65.000000000000	0.00000000000000
34.560001373291	0.15536224842072	0.22655181586742	65.000000000000	0.00000000000000
34.569999694824	0.15634159743786	0.22734159231186	65.000000000000	0.00000000000000
34.580001831055	0.15732142329216	0.22812767326832	65.000000000000	0.00000000000000
34.590000152588	0.15830186009407	0.22891001403332	65.000000000000	0.00000000000000
34.599998474121	0.15928284823895	0.22968859970570	65.000000000000	0.00000000000000
34.610000610352	0.16026461124420	0.23046334087849	65.000000000000	0.00000000000000
34.619998931885	0.16124668717384	0.23123446106911	65.000000000000	0.00000000000000
34.630001068115	0.16222952306271	0.23200172185898	65.000000000000	0.00000000000000
34.639999389648	0.16321288049221	0.23276528716087	65.000000000000	0.00000000000000
34.650001525879	0.16419681906700	0.23352503776550	65.000000000000	0.00000000000000
34.659999847412	0.16518118977547	0.23428110778332	65.000000000000	0.00000000000000
34.669998168945	0.16616614162922	0.23503346741199	65.000000000000	0.00000000000000
34.680000305176	0.16715157032013	0.23578210175037	65.000000000000	0.00000000000000
34.689998626709	0.16813747584820	0.23652701079845	65.000000000000	0.00000000000000
34.700000762939	0.16912391781807	0.23726822435856	65.000000000000	0.00000000000000
34.709999084473	0.17011076211929	0.23800568282604	65.000000000000	0.00000000000000
34.720001220703	0.17109815776348	0.23873946070671	65.000000000000	0.00000000000000
34.729999542236	0.17208595573902	0.23946954309940	65.000000000000	0.00000000000000
34.740001678467	0.17307420074940	0.24019593000412	65.000000000000	0.00000000000000
34.750000000000	0.17406289279461	0.24091863632202	65.000000000000	0.00000000000000
34.759998321533	0.17505192756653	0.24163763225079	65.000000000000	0.00000000000000
34.770000457764	0.17604140937328	0.24235294759274	65.000000000000	0.00000000000000
34.779998779297	0.17703132331371	0.24306458234787	65.000000000000	0.00000000000000
34.790000915527	0.17802157998085	0.24377255141735	65.000000000000	0.00000000000000
34.799999237061	0.17901226878166	0.24447686970234	65.000000000000	0.00000000000000
34.810001373291	0.18000325560570	0.24517747759819	65.000000000000	0.00000000000000
34.819999694824	0.18099461495876	0.24587441980839	65.000000000000	0.00000000000000
34.830001831055	0.18198630213737	0.24656774103642	65.000000000000	0.00000000000000
34.840000152588	0.18297831714153	0.24725735187531	65.000000000000	0.00000000000000
34.849998474121	0.18397064507008	0.24794335663319	65.000000000000	0.00000000000000
34.860000610352	0.18496333062649	0.24862569570541	65.000000000000	0.00000000000000
34.869998931885	0.18595622479916	0.24930438399315	65.000000000000	0.00000000000000
34.880001068115	0.18694943189621	0.24997945129871	65.000000000000	0.00000000000000
34.889999389648	0.18794292211533	0.25065085291862	65.000000000000	0.00000000000000
34.900001525879	0.18893671035767	0.25131860375404	65.000000000000	0.00000000000000
34.909999847412	0.18993070721626	0.25198274850845	65.000000000000	0.00000000000000
34.919998168945	0.19092494249344	0.25264325737953	65.000000000000	0.00000000000000
34.930000305176	0.19191938638687	0.25330016016960	65.000000000000	0.00000000000000
34.939998626709	0.19291411340237	0.25395342707634	65.000000000000	0.00000000000000
34.950000762939	0.19390901923180	0.25460305809975	65.000000000000	0.00000000000000
34.959999084473	0.19490413367748	0.25524908304214	65.000000000000	0.00000000000000
34.970001220703	0.19589939713478	0.25589147210121	65.000000000000	0.00000000000000
34.979999542236	0.19689480960369	0.25653025507927	65.000000000000	0.00000000000000
34.990001678467	0.19789043068886	0.25716543197632	65.000000000000	0.00000000000000
35.000000000000	0.19888617098331	0.25779700279236	65.000000000000	0.00000000000000
