25.000000000000	0.81385743618011	-0.49088972806931	65.000000000000	0.00000000000000
25.010000228882	0.81347829103470	-0.49124467372894	65.000000000000	0.00000000000000
25.020000457764	0.81309843063354	-0.49159964919090	65.000000000000	0.00000000000000
25.030000686646	0.81271773576736	-0.49195465445518	65.000000000000	0.00000000000000
25.040000915527	0.81233620643616	-0.49230980873108	65.000000000000	0.00000000000000
25.049999237061	0.81195372343063	-0.49266493320465	65.000000000000	0.00000000000000
25.059999465942	0.81157040596008	-0.49302026629448	65.000000000000	0.00000000000000
25.069999694824	0.81118643283844	-0.49337562918663	65.000000000000	0.00000000000000
25.079999923706	0.81080138683319	-0.49373099207878	65.000000000000	0.00000000000000
25.090000152588	0.81041562557220	-0.49408653378487	65.000000000000	0.00000000000000
25.100000381470	0.81002885103226	-0.49444210529327	65.000000000000	0.00000000000000
25.110000610352	0.80964136123657	-0.49479770660400	65.000000000000	0.00000000000000
25.120000839233	0.80925279855728	-0.49515348672867	65.000000000000	0.00000000000000
25.129999160767	0.80886363983154	-0.49550926685333	65.000000000000	0.00000000000000
25.139999389648	0.80847352743149	-0.49586516618729	65.000000000000	0.00000000000000
25.149999618530	0.80808240175247	-0.49622106552124	65.000000000000	0.00000000000000
25.159999847412	0.80769050121307	-0.49657708406448	65.000000000000	0.00000000000000
25.170000076294	0.80729776620865	-0.49693316221237	65.000000000000	0.00000000000000
25.180000305176	0.80690419673920	-0.49728932976723	65.000000000000	0.00000000000000
25.190000534058	0.80650979280472	-0.49764558672905	65.000000000000	0.00000000000000
25.200000762939	0.80611425638199	-0.49800184369087	65.000000000000	0.00000000000000
25.209999084473	0.80571800470352	-0.49835813045502	65.000000000000	0.00000000000000
25.219999313354	0.80532085895538	-0.49871456623077	65.000000000000	0.00000000000000
25.229999542236	0.80492275953293	-0.49907109141350	65.000000000000	0.00000000000000
25.239999771118	0.80452388525009	-0.49942767620087	65.000000000000	0.00000000000000
25.250000000000	0.80412417650223	-0.49978429079056	65.000000000000	0.00000000000000
25.260000228882	0.80372345447540	-0.50014090538025	65.000000000000	0.00000000000000
25.270000457764	0.80332183837891	-0.50049763917923	65.000000000000	0.00000000000000
25.280000686646	0.80291938781738	-0.50085443258286	65.000000000000	0.00000000000000
25.290000915527	0.80251598358154	-0.50121134519577	65.000000000000	0.00000000000000
25.299999237061	0.80211180448532	-0.50156819820404	65.000000000000	0.00000000000000
25.309999465942	0.80170643329620	-0.50192523002625	65.000000000000	0.00000000000000
25.319999694824	0.80130040645599	-0.50228220224380	65.000000000000	0.00000000000000
25.329999923706	0.80089342594147	-0.50263929367065	65.000000000000	0.00000000000000
25.340000152588	0.80048555135727	-0.50299638509750	65.000000000000	0.00000000000000
25.350000381470	0.80007678270340	-0.50335365533829	65.000000000000	0.00000000000000
25.360000610352	0.79966694116592	-0.50371080636978	65.000000000000	0.00000000000000
25.370000839233	0.79925632476807	-0.50406813621521	65.000000000000	0.00000000000000
25.379999160767	0.79884487390518	-0.50442546606064	65.000000000000	0.00000000000000
25.389999389648	0.79843235015869	-0.50478291511536	65.000000000000	0.00000000000000
25.399999618530	0.79801893234253	-0.50514030456543	65.000000000000	0.00000000000000
25.409999847412	0.79760462045670	-0.50549781322479	65.000000000000	0.00000000000000
25.420000076294	0.79718941450119	-0.50585538148880	65.000000000000	0.00000000000000
25.430000305176	0.79677319526672	-0.50621294975281	65.000000000000	0.00000000000000
25.440000534058	0.79635626077652	-0.50657057762146	65.000000000000	0.00000000000000
25.450000762939	0.79593819379807	-0.50692826509476	65.000000000000	0.00000000000000
25.459999084473	0.79551917314529	-0.50728589296341	65.000000000000	0.00000000000000
25.469999313354	0.79509925842285	-0.50764369964600	65.000000000000	0.00000000000000
25.479999542236	0.79467850923538	-0.50800156593323	65.000000000000	0.00000000000000
25.489999771118	0.79425674676895	-0.50835931301117	65.000000000000	0.00000000000000
25.500000000000	0.79383397102356	-0.50871723890305	65.000000000000	0.00000000000000
25.510000228882	0.79341024160385	-0.50907510519028	65.000000000000	0.00000000000000
25.520000457764	0.79298573732376	-0.50943309068680	65.000000000000	0.00000000000000
25.530000686646	0.79256010055542	-0.50979137420654	65.000000000000	0.00000000000000
25.540000915527	0.79213356971741	-0.51014947891235	65.000000000000	0.00000000000000
25.549999237061	0.79170620441437	-0.51050740480423	65.000000000000	0.00000000000000
25.559999465942	0.79127800464630	-0.51086509227753	65.000000000000	0.00000000000000
25.569999694824	0.79084831476212	-0.51122373342514	65.000000000000	0.00000000000000
25.579999923706	0.79041832685471	-0.51158142089844	65.000000000000	0.00000000000000
25.590000152588	0.78998690843582	-0.51193952560425	65.000000000000	0.00000000000000
25.600000381470	0.78955465555191	-0.51229786872864	65.000000000000	0.00000000000000
25.610000610352	0.78912144899368	-0.51265597343445	65.000000000000	0.00000000000000
25.620000839233	0.78868716955185	-0.51301431655884	65.000000000000	0.00000000000000
25.629999160767	0.78825211524963	-0.51337242126465	65.000000000000	0.00000000000000
25.639999389648	0.78781580924988	-0.51373094320297	65.000000000000	0.00000000000000
25.649999618530	0.78737860918045	-0.51408928632736	65.000000000000	0.00000000000000
25.659999847412	0.78694063425064	-0.51444745063782	65.000000000000	0.00000000000000
25.670000076294	0.78650158643723	-0.51480573415756	65.000000000000	0.00000000000000
25.680000305176	0.78606122732162	-0.51516449451447	65.000000000000	0.00000000000000
25.690000534058	0.78562027215958	-0.51552265882492	65.000000000000	0.00000000000000
25.700000762939	0.78517830371857	-0.51588094234467	65.000000000000	0.00000000000000
25.709999084473	0.78473520278931	-0.51623940467834	65.000000000000	0.00000000000000
25.719999313354	0.78429108858109	-0.51659798622131	65.000000000000	0.00000000000000
25.729999542236	0.78384590148926	-0.51695662736893	65.000000000000	0.00000000000000
25.739999771118	0.78339999914169	-0.51731473207474	65.000000000000	0.00000000000000
25.750000000000	0.78295284509659	-0.51767325401306	65.000000000000	0.00000000000000
25.760000228882	0.78250473737717	-0.51803189516068	65.000000000000	0.00000000000000
25.770000457764	0.78205567598343	-0.51839023828506	65.000000000000	0.00000000000000
25.780000686646	0.78160548210144	-0.51874881982803	65.000000000000	0.00000000000000
25.790000915527	0.78115451335907	-0.51910698413849	65.000000000000	0.00000000000000
25.799999237061	0.78070241212845	-0.51946550607681	65.000000000000	0.00000000000000
25.809999465942	0.78024923801422	-0.51982390880585	65.000000000000	0.00000000000000
25.819999694824	0.77979499101639	-0.52018237113953	65.000000000000	0.00000000000000
25.829999923706	0.77933979034424	-0.52054077386856	65.000000000000	0.00000000000000
25.840000152588	0.77888369560242	-0.52089917659760	65.000000000000	0.00000000000000
25.850000381470	0.77842646837234	-0.52125763893127	65.000000000000	0.00000000000000
25.860000610352	0.77796828746796	-0.52161604166031	65.000000000000	0.00000000000000
25.870000839233	0.77750891447067	-0.52197450399399	65.000000000000	0.00000000000000
25.879999160767	0.77704864740372	-0.52233284711838	65.000000000000	0.00000000000000
25.889999389648	0.77658724784851	-0.52269124984741	65.000000000000	0.00000000000000
25.899999618530	0.77612477540970	-0.52304959297180	65.000000000000	0.00000000000000
25.909999847412	0.77566140890121	-0.52340781688690	65.000000000000	0.00000000000000
25.920000076294	0.77519685029984	-0.52376616001129	65.000000000000	0.00000000000000
25.930000305176	0.77473133802414	-0.52412450313568	65.000000000000	0.00000000000000
25.940000534058	0.77426475286484	-0.52448272705078	65.000000000000	0.00000000000000
25.950000762939	0.77379697561264	-0.52484101057053	65.000000000000	0.00000000000000
25.959999084473	0.77332836389542	-0.52519917488098	65.000000000000	0.00000000000000
25.969999313354	0.77285861968994	-0.52555745840073	65.000000000000	0.00000000000000
25.979999542236	0.77238774299622	-0.52591556310654	65.000000000000	0.00000000000000
25.989999771118	0.77191591262817	-0.52627366781235	65.000000000000	0.00000000000000
26.000000000000	0.77144294977188	-0.52663177251816	65.000000000000	0.00000000000000
26.010000228882	0.77096885442734	-0.52698987722397	65.000000000000	0.00000000000000
26.020000457764	0.77049374580383	-0.52734786272049	65.000000000000	0.00000000000000
26.030000686646	0.77001756429672	-0.52770584821701	65.000000000000	0.00000000000000
26.040000915527	0.76954036951065	-0.52806377410889	65.000000000000	0.00000000000000
26.049999237061	0.76906198263168	-0.52842164039612	65.000000000000	0.00000000000000
26.059999465942	0.76858252286911	-0.52877944707870	65.000000000000	0.00000000000000
26.069999694824	0.76810204982758	-0.52913719415665	65.000000000000	0.00000000000000
26.079999923706	0.76762044429779	-0.52949494123459	65.000000000000	0.00000000000000
26.090000152588	0.76713788509369	-0.52985268831253	65.000000000000	0.00000000000000
26.100000381470	0.76665413379669	-0.53021025657654	65.000000000000	0.00000000000000
26.110000610352	0.76616925001144	-0.53056788444519	65.000000000000	0.00000000000000
26.120000839233	0.76568317413330	-0.53092539310455	65.000000000000	0.00000000000000
26.129999160767	0.76519620418549	-0.53128290176392	65.000000000000	0.00000000000000
26.139999389648	0.76470798254013	-0.53164023160934	65.000000000000	0.00000000000000
26.149999618530	0.76421868801117	-0.53199756145477	65.000000000000	0.00000000000000
26.159999847412	0.76372832059860	-0.53235489130020	65.000000000000	0.00000000000000
26.170000076294	0.76323688030243	-0.53271210193634	65.000000000000	0.00000000000000
26.180000305176	0.76274430751801	-0.53306919336319	65.000000000000	0.00000000000000
26.190000534058	0.76225054264069	-0.53342622518539	65.000000000000	0.00000000000000
26.200000762939	0.76175576448441	-0.53378325700760	65.000000000000	0.00000000000000
26.209999084473	0.76125979423523	-0.53414016962051	65.000000000000	0.00000000000000
26.219999313354	0.76076263189316	-0.53449702262878	65.000000000000	0.00000000000000
26.229999542236	0.76026445627213	-0.53485375642776	65.000000000000	0.00000000000000
26.239999771118	0.75976508855820	-0.53521043062210	65.000000000000	0.00000000000000
26.250000000000	0.75926458835602	-0.53556698560715	65.000000000000	0.00000000000000
26.260000228882	0.75876295566559	-0.53592348098755	65.000000000000	0.00000000000000
26.270000457764	0.75826025009155	-0.53627991676331	65.000000000000	0.00000000000000
26.280000686646	0.75775647163391	-0.53663617372513	65.000000000000	0.00000000000000
26.290000915527	0.75725144147873	-0.53699237108231	65.000000000000	0.00000000000000
26.299999237061	0.75674527883530	-0.53734850883484	65.000000000000	0.00000000000000
26.309999465942	0.75623792409897	-0.53770452737808	65.000000000000	0.00000000000000
26.319999694824	0.75572943687439	-0.53806048631668	65.000000000000	0.00000000000000
26.329999923706	0.75521981716156	-0.53841620683670	65.000000000000	0.00000000000000
26.340000152588	0.75470894575119	-0.53877204656601	65.000000000000	0.00000000000000
26.350000381470	0.75419700145721	-0.53912758827209	65.000000000000	0.00000000000000
26.360000610352	0.75368398427963	-0.53948301076889	65.000000000000	0.00000000000000
26.370000839233	0.75316959619522	-0.53983849287033	65.000000000000	0.00000000000000
26.379999160767	0.75265431404114	-0.54019373655319	65.000000000000	0.00000000000000
26.389999389648	0.75213766098022	-0.54054892063141	65.000000000000	0.00000000000000
26.399999618530	0.75161993503571	-0.54090386629105	65.000000000000	0.00000000000000
26.409999847412	0.75110089778900	-0.54125881195068	65.000000000000	0.00000000000000
26.420000076294	0.75058078765869	-0.54161357879639	65.000000000000	0.00000000000000
26.430000305176	0.75005954504013	-0.54196822643280	65.000000000000	0.00000000000000
26.440000534058	0.74953699111938	-0.54232275485992	65.000000000000	0.00000000000000
26.450000762939	0.74901336431503	-0.54267710447311	65.000000000000	0.00000000000000
26.459999084473	0.74848848581314	-0.54303133487701	65.000000000000	0.00000000000000
26.469999313354	0.74796241521835	-0.54338544607162	65.000000000000	0.00000000000000
26.479999542236	0.74743515253067	-0.54373949766159	65.000000000000	0.00000000000000
26.489999771118	0.74690681695938	-0.54409331083298	65.000000000000	0.00000000000000
26.500000000000	0.74637717008591	-0.54444700479507	65.000000000000	0.00000000000000
26.510000228882	0.74584639072418	-0.54480051994324	65.000000000000	0.00000000000000
26.520000457764	0.74531430006027	-0.54515391588211	65.000000000000	0.00000000000000
26.530000686646	0.74478101730347	-0.54550713300705	65.000000000000	0.00000000000000
26.540000915527	0.74424648284912	-0.54586023092270	65.000000000000	0.00000000000000
26.549999237061	0.74371093511581	-0.54621315002441	65.000000000000	0.00000000000000
26.559999465942	0.74317413568497	-0.54656594991684	65.000000000000	0.00000000000000
26.569999694824	0.74263596534729	-0.54691851139069	65.000000000000	0.00000000000000
26.579999923706	0.74209660291672	-0.54727089405060	65.000000000000	0.00000000000000
26.590000152588	0.74155610799789	-0.54762315750122	65.000000000000	0.00000000000000
26.600000381470	0.74101436138153	-0.54797524213791	65.000000000000	0.00000000000000
26.610000610352	0.74047148227692	-0.54832714796066	65.000000000000	0.00000000000000
26.620000839233	0.73992723226547	-0.54867887496948	65.000000000000	0.00000000000000
26.629999160767	0.73938173055649	-0.54903042316437	65.000000000000	0.00000000000000
26.639999389648	0.73883503675461	-0.54938179254532	65.000000000000	0.00000000000000
26.649999618530	0.73828703165054	-0.54973298311234	65.000000000000	0.00000000000000
26.659999847412	0.73773795366287	-0.55008399486542	65.000000000000	0.00000000000000
26.670000076294	0.73718756437302	-0.55043482780457	65.000000000000	0.00000000000000
26.680000305176	0.73663592338562	-0.55078542232513	65.000000000000	0.00000000000000
26.690000534058	0.73608303070068	-0.55113577842712	65.000000000000	0.00000000000000
26.700000762939	0.73552894592285	-0.55148607492447	65.000000000000	0.00000000000000
26.709999084473	0.73497343063354	-0.55183607339859	65.000000000000	0.00000000000000
26.719999313354	0.73441678285599	-0.55218589305878	65.000000000000	0.00000000000000
26.729999542236	0.73385888338089	-0.55253547430038	65.000000000000	0.00000000000000
26.739999771118	0.73329973220825	-0.55288481712341	65.000000000000	0.00000000000000
26.750000000000	0.73273926973343	-0.55323392152786	65.000000000000	0.00000000000000
26.760000228882	0.73217761516571	-0.55358290672302	65.000000000000	0.00000000000000
26.770000457764	0.73161464929581	-0.55393165349960	65.000000000000	0.00000000000000
26.780000686646	0.73105031251907	-0.55428016185760	65.000000000000	0.00000000000000
26.790000915527	0.73048472404480	-0.55462843179703	65.000000000000	0.00000000000000
26.799999237061	0.72991806268692	-0.55497646331787	65.000000000000	0.00000000000000
26.809999465942	0.72935003042221	-0.55532431602478	65.000000000000	0.00000000000000
26.819999694824	0.72878068685532	-0.55567181110382	65.000000000000	0.00000000000000
26.829999923706	0.72820991277695	-0.55601918697357	65.000000000000	0.00000000000000
26.840000152588	0.72763806581497	-0.55636626482010	65.000000000000	0.00000000000000
26.850000381470	0.72706484794617	-0.55671310424805	65.000000000000	0.00000000000000
26.860000610352	0.72649037837982	-0.55705970525742	65.000000000000	0.00000000000000
26.870000839233	0.72591453790665	-0.55740606784821	65.000000000000	0.00000000000000
26.879999160767	0.72533750534058	-0.55775213241577	65.000000000000	0.00000000000000
26.889999389648	0.72475904226303	-0.55809795856476	65.000000000000	0.00000000000000
26.899999618530	0.72417932748795	-0.55844348669052	65.000000000000	0.00000000000000
26.909999847412	0.72359836101532	-0.55878883600235	65.000000000000	0.00000000000000
26.920000076294	0.72301602363586	-0.55913388729095	65.000000000000	0.00000000000000
26.930000305176	0.72243231534958	-0.55947864055634	65.000000000000	0.00000000000000
26.940000534058	0.72184753417969	-0.55982309579849	65.000000000000	0.00000000000000
26.950000762939	0.72126120328903	-0.56016731262207	65.000000000000	0.00000000000000
26.959999084473	0.72067350149155	-0.56051123142242	65.000000000000	0.00000000000000
26.969999313354	0.72008478641510	-0.56085491180420	65.000000000000	0.00000000000000
26.979999542236	0.71949446201324	-0.56119823455811	65.000000000000	0.00000000000000
26.989999771118	0.71890294551849	-0.56154131889343	65.000000000000	0.00000000000000
27.000000000000	0.71831011772156	-0.56188410520554	65.000000000000	0.00000000000000
27.010000228882	0.71771597862244	-0.56222659349442	65.000000000000	0.00000000000000
27.020000457764	0.71712034940720	-0.56256878376007	65.000000000000	0.00000000000000
27.030000686646	0.71652340888977	-0.56291055679321	65.000000000000	0.00000000000000
27.040000915527	0.71592527627945	-0.56325215101242	65.000000000000	0.00000000000000
27.049999237061	0.71532565355301	-0.56359338760376	65.000000000000	0.00000000000000
27.059999465942	0.71472477912903	-0.56393432617188	65.000000000000	0.00000000000000
27.069999694824	0.71412253379822	-0.56427496671677	65.000000000000	0.00000000000000
27.079999923706	0.71351891756058	-0.56461519002914	65.000000000000	0.00000000000000
27.090000152588	0.71291404962540	-0.56495523452759	65.000000000000	0.00000000000000
27.100000381470	0.71230769157410	-0.56529486179352	65.000000000000	0.00000000000000
27.110000610352	0.71170002222061	-0.56563413143158	65.000000000000	0.00000000000000
27.120000839233	0.71109110116959	-0.56597310304642	65.000000000000	0.00000000000000
27.129999160767	0.71048069000244	-0.56631171703339	65.000000000000	0.00000000000000
27.139999389648	0.70986896753311	-0.56665003299713	65.000000000000	0.00000000000000
27.149999618530	0.70925587415695	-0.56698793172836	65.000000000000	0.00000000000000
27.159999847412	0.70864135026932	-0.56732547283173	65.000000000000	0.00000000000000
27.170000076294	0.70802545547485	-0.56766271591187	65.000000000000	0.00000000000000
27.180000305176	0.70740824937820	-0.56799960136414	65.000000000000	0.00000000000000
27.190000534058	0.70678961277008	-0.56833618879318	65.000000000000	0.00000000000000
27.200000762939	0.70616966485977	-0.56867223978043	65.000000000000	0.00000000000000
27.209999084473	0.70554834604263	-0.56900805234909	65.000000000000	0.00000000000000
27.219999313354	0.70492565631866	-0.56934344768524	65.000000000000	0.00000000000000
27.229999542236	0.70430141687393	-0.56967848539352	65.000000000000	0.00000000000000
27.239999771118	0.70367592573166	-0.57001310586929	65.000000000000	0.00000000000000
27.250000000000	0.70304912328720	-0.57034736871719	65.000000000000	0.00000000000000
27.260000228882	0.70242071151733	-0.57068121433258	65.000000000000	0.00000000000000
27.270000457764	0.70179104804993	-0.57101476192474	65.000000000000	0.00000000000000
27.280000686646	0.70115995407104	-0.57134783267975	65.000000000000	0.00000000000000
27.290000915527	0.70052742958069	-0.57168048620224	65.000000000000	0.00000000000000
27.299999237061	0.69989353418350	-0.57201278209686	65.000000000000	0.00000000000000
27.309999465942	0.69925820827484	-0.57234460115433	65.000000000000	0.00000000000000
27.319999694824	0.69862139225006	-0.57267606258392	65.000000000000	0.00000000000000
27.329999923706	0.69798326492310	-0.57300716638565	65.000000000000	0.00000000000000
27.340000152588	0.69734370708466	-0.57333779335022	65.000000000000	0.00000000000000
27.350000381470	0.69670283794403	-0.57366788387299	65.000000000000	0.00000000000000
27.360000610352	0.69606041908264	-0.57399773597717	65.000000000000	0.00000000000000
27.370000839233	0.69541656970978	-0.57432705163956	65.000000000000	0.00000000000000
27.379999160767	0.69477134943008	-0.57465595006943	65.000000000000	0.00000000000000
27.389999389648	0.69412463903427	-0.57498437166214	65.000000000000	0.00000000000000
27.399999618530	0.69347661733627	-0.57531243562698	65.000000000000	0.00000000000000
27.409999847412	0.69282710552216	-0.57564008235931	65.000000000000	0.00000000000000
27.420000076294	0.69217622280121	-0.57596713304520	65.000000000000	0.00000000000000
27.430000305176	0.69152373075485	-0.57629376649857	65.000000000000	0.00000000000000
27.440000534058	0.69086986780167	-0.57661998271942	65.000000000000	0.00000000000000
27.450000762939	0.69021457433701	-0.57694572210312	65.000000000000	0.00000000000000
27.459999084473	0.68955796957016	-0.57727104425430	65.000000000000	0.00000000000000
27.469999313354	0.68889975547791	-0.57759582996368	65.000000000000	0.00000000000000
27.479999542236	0.68824011087418	-0.57792019844055	65.000000000000	0.00000000000000
27.489999771118	0.68757915496826	-0.57824397087097	65.000000000000	0.00000000000000
27.500000000000	0.68691664934158	-0.57856738567352	65.000000000000	0.00000000000000
27.510000228882	0.68625271320343	-0.57889026403427	65.000000000000	0.00000000000000
27.520000457764	0.68558722734451	-0.57921260595322	65.000000000000	0.00000000000000
27.530000686646	0.68492037057877	-0.57953453063965	65.000000000000	0.00000000000000
27.540000915527	0.68425190448761	-0.57985585927963	65.000000000000	0.00000000000000
27.549999237061	0.68358206748962	-0.58017671108246	65.000000000000	0.00000000000000
27.559999465942	0.68291091918945	-0.58049708604813	65.000000000000	0.00000000000000
27.569999694824	0.68223804235458	-0.58081698417664	65.000000000000	0.00000000000000
27.579999923706	0.68156379461288	-0.58113622665405	65.000000000000	0.00000000000000
27.590000152588	0.68088811635971	-0.58145505189896	65.000000000000	0.00000000000000
27.600000381470	0.68021100759506	-0.58177328109741	65.000000000000	0.00000000000000
27.610000610352	0.67953222990036	-0.58209103345871	65.000000000000	0.00000000000000
27.620000839233	0.67885220050812	-0.58240818977356	65.000000000000	0.00000000000000
27.629999160767	0.67817050218582	-0.58272492885590	65.000000000000	0.00000000000000
27.639999389648	0.67748731374741	-0.58304101228714	65.000000000000	0.00000000000000
27.649999618530	0.67680275440216	-0.58335655927658	65.000000000000	0.00000000000000
27.659999847412	0.67611676454544	-0.58367151021957	65.000000000000	0.00000000000000
27.670000076294	0.67542910575867	-0.58398598432541	65.000000000000	0.00000000000000
27.680000305176	0.67474001646042	-0.58429986238480	65.000000000000	0.00000000000000
27.690000534058	0.67404949665070	-0.58461320400238	65.000000000000	0.00000000000000
27.700000762939	0.67335742712021	-0.58492588996887	65.000000000000	0.00000000000000
27.709999084473	0.67266374826431	-0.58523803949356	65.000000000000	0.00000000000000
27.719999313354	0.67196869850159	-0.58554959297180	65.000000000000	0.00000000000000
27.729999542236	0.67127209901810	-0.58586055040359	65.000000000000	0.00000000000000
27.739999771118	0.67057394981384	-0.58617097139359	65.000000000000	0.00000000000000
27.750000000000	0.66987431049347	-0.58648073673248	65.000000000000	0.00000000000000
27.760000228882	0.66917324066162	-0.58678990602493	65.000000000000	0.00000000000000
27.770000457764	0.66847056150436	-0.58709859848022	65.000000000000	0.00000000000000
27.780000686646	0.66776645183563	-0.58740645647049	65.000000000000	0.00000000000000
27.790000915527	0.66706073284149	-0.58771383762360	65.000000000000	0.00000000000000
27.799999237061	0.66635346412659	-0.58802056312561	65.000000000000	0.00000000000000
27.809999465942	0.66564476490021	-0.58832663297653	65.000000000000	0.00000000000000
27.819999694824	0.66493445634842	-0.58863210678101	65.000000000000	0.00000000000000
27.829999923706	0.66422271728516	-0.58893698453903	65.000000000000	0.00000000000000
27.840000152588	0.66350942850113	-0.58924108743668	65.000000000000	0.00000000000000
27.850000381470	0.66279447078705	-0.58954465389252	65.000000000000	0.00000000000000
27.860000610352	0.66207802295685	-0.58984756469727	65.000000000000	0.00000000000000
27.870000839233	0.66136014461517	-0.59014981985092	65.000000000000	0.00000000000000
27.879999160767	0.66064065694809	-0.59045135974884	65.000000000000	0.00000000000000
27.889999389648	0.65991961956024	-0.59075230360031	65.000000000000	0.00000000000000
27.899999618530	0.65919715166092	-0.59105253219604	65.000000000000	0.00000000000000
27.909999847412	0.65847295522690	-0.59135198593140	65.000000000000	0.00000000000000
27.920000076294	0.65774732828140	-0.59165090322495	65.000000000000	0.00000000000000
27.930000305176	0.65702009201050	-0.59194904565811	65.000000000000	0.00000000000000
27.940000534058	0.65629118680954	-0.59224659204483	65.000000000000	0.00000000000000
27.950000762939	0.65556085109711	-0.59254336357117	65.000000000000	0.00000000000000
27.959999084473	0.65482908487320	-0.59283947944641	65.000000000000	0.00000000000000
27.969999313354	0.65409570932388	-0.59313482046127	65.000000000000	0.00000000000000
27.979999542236	0.65336060523987	-0.59342956542969	65.000000000000	0.00000000000000
27.989999771118	0.65262401103973	-0.59372347593307	65.000000000000	0.00000000000000
28.000000000000	0.65188586711884	-0.59401673078537	65.000000000000	0.00000000000000
28.010000228882	0.65114605426788	-0.59430921077728	65.000000000000	0.00000000000000
28.020000457764	0.65040481090546	-0.59460097551346	65.000000000000	0.00000000000000
28.030000686646	0.64966201782227	-0.59489190578461	65.000000000000	0.00000000000000
28.040000915527	0.64891749620438	-0.59518224000931	65.000000000000	0.00000000000000
28.049999237061	0.64817142486572	-0.59547179937363	65.000000000000	0.00000000000000
28.059999465942	0.64742398262024	-0.59576058387756	65.000000000000	0.00000000000000
28.069999694824	0.64667481184006	-0.59604853391647	65.000000000000	0.00000000000000
28.079999923706	0.64592397212982	-0.59633576869965	65.000000000000	0.00000000000000
28.090000152588	0.64517170190811	-0.59662222862244	65.000000000000	0.00000000000000
28.100000381470	0.64441770315170	-0.59690791368484	65.000000000000	0.00000000000000
28.110000610352	0.64366221427917	-0.59719282388687	65.000000000000	0.00000000000000
28.120000839233	0.64290493726730	-0.59747695922852	65.000000000000	0.00000000000000
28.129999160767	0.64214634895325	-0.59776031970978	65.000000000000	0.00000000000000
28.139999389648	0.64138597249985	-0.59804284572601	65.000000000000	0.00000000000000
28.149999618530	0.64062404632568	-0.59832447767258	65.000000000000	0.00000000000000
28.159999847412	0.63986063003540	-0.59860539436340	65.000000000000	0.00000000000000
28.170000076294	0.63909548521042	-0.59888547658920	65.000000000000	0.00000000000000
28.180000305176	0.63832867145538	-0.59916466474533	65.000000000000	0.00000000000000
28.190000534058	0.63756042718887	-0.59944319725037	65.000000000000	0.00000000000000
28.200000762939	0.63679039478302	-0.59972071647644	65.000000000000	0.00000000000000
28.209999084473	0.63601905107498	-0.59999752044678	65.000000000000	0.00000000000000
28.219999313354	0.63524591922760	-0.60027343034744	65.000000000000	0.00000000000000
28.229999542236	0.63447111845016	-0.60054844617844	65.000000000000	0.00000000000000
28.239999771118	0.63369482755661	-0.60082262754440	65.000000000000	0.00000000000000
28.250000000000	0.63291674852371	-0.60109597444534	65.000000000000	0.00000000000000
28.260000228882	0.63213723897934	-0.60136842727661	65.000000000000	0.00000000000000
28.270000457764	0.63135606050491	-0.60164004564285	65.000000000000	0.00000000000000
28.280000686646	0.63057303428650	-0.60191088914871	65.000000000000	0.00000000000000
28.290000915527	0.62978839874268	-0.60218083858490	65.000000000000	0.00000000000000
28.299999237061	0.62900239229202	-0.60244971513748	65.000000000000	0.00000000000000
28.309999465942	0.62821483612061	-0.60271745920181	65.000000000000	0.00000000000000
28.319999694824	0.62742537260056	-0.60298472642899	65.000000000000	0.00000000000000
28.329999923706	0.62663471698761	-0.60325062274933	65.000000000000	0.00000000000000
28.340000152588	0.62584173679352	-0.60351616144180	65.000000000000	0.00000000000000
28.350000381470	0.62504774332047	-0.60378032922745	65.000000000000	0.00000000000000
28.360000610352	0.62425160408020	-0.60404396057129	65.000000000000	0.00000000000000
28.370000839233	0.62345415353775	-0.60430639982224	65.000000000000	0.00000000000000
28.379999160767	0.62265521287918	-0.60456770658493	65.000000000000	0.00000000000000
28.389999389648	0.62185430526733	-0.60482835769653	65.000000000000	0.00000000000000
28.399999618530	0.62105166912079	-0.60508823394775	65.000000000000	0.00000000000000
28.409999847412	0.62024760246277	-0.60534691810608	65.000000000000	0.00000000000000
28.420000076294	0.61944216489792	-0.60560435056686	65.000000000000	0.00000000000000
28.430000305176	0.61863458156586	-0.60586112737656	65.000000000000	0.00000000000000
28.440000534058	0.61782568693161	-0.60611677169800	65.000000000000	0.00000000000000
28.450000762939	0.61701476573944	-0.60637181997299	65.000000000000	0.00000000000000
28.459999084473	0.61620265245438	-0.60662525892258	65.000000000000	0.00000000000000
28.469999313354	0.61538857221603	-0.60687816143036	65.000000000000	0.00000000000000
28.479999542236	0.61457300186157	-0.60712975263596	65.000000000000	0.00000000000000
28.489999771118	0.61375552415848	-0.60738068819046	65.000000000000	0.00000000000000
28.500000000000	0.61293655633926	-0.60763043165207	65.000000000000	0.00000000000000
28.510000228882	0.61211591959000	-0.60787916183472	65.000000000000	0.00000000000000
28.520000457764	0.61129379272461	-0.60812658071518	65.000000000000	0.00000000000000
28.530000686646	0.61046969890594	-0.60837340354919	65.000000000000	0.00000000000000
28.540000915527	0.60964411497116	-0.60861885547638	65.000000000000	0.00000000000000
28.549999237061	0.60881686210632	-0.60886341333389	65.000000000000	0.00000000000000
28.559999465942	0.60798782110214	-0.60910683870316	65.000000000000	0.00000000000000
28.569999694824	0.60715717077255	-0.60934931039810	65.000000000000	0.00000000000000
28.579999923706	0.60632473230362	-0.60959076881409	65.000000000000	0.00000000000000
28.590000152588	0.60549086332321	-0.60983091592789	65.000000000000	0.00000000000000
28.600000381470	0.60465514659882	-0.61006999015808	65.000000000000	0.00000000000000
28.610000610352	0.60381782054901	-0.61030799150467	65.000000000000	0.00000000000000
28.620000839233	0.60297894477844	-0.61054491996765	65.000000000000	0.00000000000000
28.629999160767	0.60213822126389	-0.61078077554703	65.000000000000	0.00000000000000
28.639999389648	0.60129588842392	-0.61101555824280	65.000000000000	0.00000000000000
28.649999618530	0.60045182704926	-0.61124914884567	65.000000000000	0.00000000000000
28.659999847412	0.59960621595383	-0.61148160696030	65.000000000000	0.00000000000000
28.670000076294	0.59875875711441	-0.61171293258667	65.000000000000	0.00000000000000
28.680000305176	0.59790974855423	-0.61194318532944	65.000000000000	0.00000000000000
28.690000534058	0.59705895185471	-0.61217218637466	65.000000000000	0.00000000000000
28.700000762939	0.59620654582977	-0.61240011453629	65.000000000000	0.00000000000000
28.709999084473	0.59535235166550	-0.61262679100037	65.000000000000	0.00000000000000
28.719999313354	0.59449654817581	-0.61285233497620	65.000000000000	0.00000000000000
28.729999542236	0.59363901615143	-0.61307668685913	65.000000000000	0.00000000000000
28.739999771118	0.59277993440628	-0.61329990625381	65.000000000000	0.00000000000000
28.750000000000	0.59191900491714	-0.61352187395096	65.000000000000	0.00000000000000
28.760000228882	0.59105646610260	-0.61374264955521	65.000000000000	0.00000000000000
28.770000457764	0.59019219875336	-0.61396229267120	65.000000000000	0.00000000000000
28.780000686646	0.58932620286942	-0.61418062448502	65.000000000000	0.00000000000000
28.790000915527	0.58845853805542	-0.61439776420593	65.000000000000	0.00000000000000
28.799999237061	0.58758926391602	-0.61461359262466	65.000000000000	0.00000000000000
28.809999465942	0.58671814203262	-0.61482834815979	65.000000000000	0.00000000000000
28.819999694824	0.58584547042847	-0.61504173278809	65.000000000000	0.00000000000000
28.829999923706	0.58497107028961	-0.61525392532349	65.000000000000	0.00000000000000
28.840000152588	0.58409494161606	-0.61546486616135	65.000000000000	0.00000000000000
28.850000381470	0.58321708440781	-0.61567449569702	65.000000000000	0.00000000000000
28.860000610352	0.58233749866486	-0.61588287353516	65.000000000000	0.00000000000000
28.870000839233	0.58145624399185	-0.61608994007111	65.000000000000	0.00000000000000
28.879999160767	0.58057337999344	-0.61629569530487	65.000000000000	0.00000000000000
28.889999389648	0.57968872785568	-0.61650025844574	65.000000000000	0.00000000000000
28.899999618530	0.57880228757858	-0.61670339107513	65.000000000000	0.00000000000000
28.909999847412	0.57791429758072	-0.61690527200699	65.000000000000	0.00000000000000
28.920000076294	0.57702457904816	-0.61710584163666	65.000000000000	0.00000000000000
28.930000305176	0.57613307237625	-0.61730509996414	65.000000000000	0.00000000000000
28.940000534058	0.57523989677429	-0.61750298738480	65.000000000000	0.00000000000000
28.950000762939	0.57434505224228	-0.61769956350327	65.000000000000	0.00000000000000
28.959999084473	0.57344853878021	-0.61789470911026	65.000000000000	0.00000000000000
28.969999313354	0.57255011796951	-0.61808860301971	65.000000000000	0.00000000000000
28.979999542236	0.57165014743805	-0.61828106641769	65.000000000000	0.00000000000000
28.989999771118	0.57074844837189	-0.61847209930420	65.000000000000	0.00000000000000
29.000000000000	0.56984508037567	-0.61866182088852	65.000000000000	0.00000000000000
29.010000228882	0.56893986463547	-0.61885023117065	65.000000000000	0.00000000000000
29.020000457764	0.56803309917450	-0.61903709173203	65.000000000000	0.00000000000000
29.030000686646	0.56712460517883	-0.61922258138657	65.000000000000	0.00000000000000
29.040000915527	0.56621426343918	-0.61940670013428	65.000000000000	0.00000000000000
29.049999237061	0.56530231237411	-0.61958938837051	65.000000000000	0.00000000000000
29.059999465942	0.56438875198364	-0.61977058649063	65.000000000000	0.00000000000000
29.069999694824	0.56347334384918	-0.61995041370392	65.000000000000	0.00000000000000
29.079999923706	0.56255614757538	-0.62012869119644	65.000000000000	0.00000000000000
29.090000152588	0.56163746118546	-0.62030559778214	65.000000000000	0.00000000000000
29.100000381470	0.56071692705154	-0.62048101425171	65.000000000000	0.00000000000000
29.110000610352	0.55979466438293	-0.62065500020981	65.000000000000	0.00000000000000
29.120000839233	0.55887073278427	-0.62082743644714	65.000000000000	0.00000000000000
29.129999160767	0.55794513225555	-0.62099850177765	65.000000000000	0.00000000000000
29.139999389648	0.55701768398285	-0.62116789817810	65.000000000000	0.00000000000000
29.149999618530	0.55608862638474	-0.62133592367172	65.000000000000	0.00000000000000
29.159999847412	0.55515778064728	-0.62150239944458	65.000000000000	0.00000000000000
29.170000076294	0.55422544479370	-0.62166732549667	65.000000000000	0.00000000000000
29.180000305176	0.55329114198685	-0.62183070182800	65.000000000000	0.00000000000000
29.190000534058	0.55235522985458	-0.62199258804321	65.000000000000	0.00000000000000
29.200000762939	0.55141752958298	-0.62215292453766	65.000000000000	0.00000000000000
29.209999084473	0.55047821998596	-0.62231165170670	65.000000000000	0.00000000000000
29.219999313354	0.54953712224960	-0.62246888875961	65.000000000000	0.00000000000000
29.229999542236	0.54859441518784	-0.62262451648712	65.000000000000	0.00000000000000
29.239999771118	0.54764997959137	-0.62277853488922	65.000000000000	0.00000000000000
29.250000000000	0.54670381546021	-0.62293094396591	65.000000000000	0.00000000000000
29.260000228882	0.54575580358505	-0.62308180332184	65.000000000000	0.00000000000000
29.270000457764	0.54480618238449	-0.62323105335236	65.000000000000	0.00000000000000
29.280000686646	0.54385489225388	-0.62337869405746	65.000000000000	0.00000000000000
29.290000915527	0.54290187358856	-0.62352466583252	65.000000000000	0.00000000000000
29.299999237061	0.54194718599319	-0.62366896867752	65.000000000000	0.00000000000000
29.309999465942	0.54099071025848	-0.62381172180176	65.000000000000	0.00000000000000
29.319999694824	0.54003256559372	-0.62395286560059	65.000000000000	0.00000000000000
29.329999923706	0.53907275199890	-0.62409216165543	65.000000000000	0.00000000000000
29.340000152588	0.53811126947403	-0.62422990798950	65.000000000000	0.00000000000000
29.350000381470	0.53714799880981	-0.62436598539352	65.000000000000	0.00000000000000
29.360000610352	0.53618305921555	-0.62450033426285	65.000000000000	0.00000000000000
29.370000839233	0.53521627187729	-0.62463301420212	65.000000000000	0.00000000000000
29.379999160767	0.53424787521362	-0.62476396560669	65.000000000000	0.00000000000000
29.389999389648	0.53327786922455	-0.62489324808121	65.000000000000	0.00000000000000
29.399999618530	0.53230613470078	-0.62502074241638	65.000000000000	0.00000000000000
29.409999847412	0.53133261203766	-0.62514650821686	65.000000000000	0.00000000000000
29.420000076294	0.53035742044449	-0.62527054548264	65.000000000000	0.00000000000000
29.430000305176	0.52938061952591	-0.62539279460907	65.000000000000	0.00000000000000
29.440000534058	0.52840203046799	-0.62551337480545	65.000000000000	0.00000000000000
29.450000762939	0.52742183208466	-0.62563210725784	65.000000000000	0.00000000000000
29.459999084473	0.52643978595734	-0.62574911117554	65.000000000000	0.00000000000000
29.469999313354	0.52545613050461	-0.62586432695389	65.000000000000	0.00000000000000
29.479999542236	0.52447086572647	-0.62597769498825	65.000000000000	0.00000000000000
29.489999771118	0.52348393201828	-0.62608927488327	65.000000000000	0.00000000000000
29.500000000000	0.52249503135681	-0.62619906663895	65.000000000000	0.00000000000000
29.510000228882	0.52150470018387	-0.62630707025528	65.000000000000	0.00000000000000
29.520000457764	0.52051264047623	-0.62641316652298	65.000000000000	0.00000000000000
29.530000686646	0.51951873302460	-0.62651741504669	65.000000000000	0.00000000000000
29.540000915527	0.51852339506149	-0.62661987543106	65.000000000000	0.00000000000000
29.549999237061	0.51752614974976	-0.62672042846680	65.000000000000	0.00000000000000
29.559999465942	0.51652741432190	-0.62681907415390	65.000000000000	0.00000000000000
29.569999694824	0.51552695035934	-0.62691587209702	65.000000000000	0.00000000000000
29.579999923706	0.51452469825745	-0.62701076269150	65.000000000000	0.00000000000000
29.590000152588	0.51352077722549	-0.62710374593735	65.000000000000	0.00000000000000
29.600000381470	0.51251536607742	-0.62719488143921	65.000000000000	0.00000000000000
29.610000610352	0.51150810718536	-0.62728404998779	65.000000000000	0.00000000000000
29.620000839233	0.51049917936325	-0.62737131118774	65.000000000000	0.00000000000000
29.629999160767	0.50948864221573	-0.62745660543442	65.000000000000	0.00000000000000
29.639999389648	0.50847649574280	-0.62753993272781	65.000000000000	0.00000000000000
29.649999618530	0.50746262073517	-0.62762135267258	65.000000000000	0.00000000000000
29.659999847412	0.50644701719284	-0.62770074605942	65.000000000000	0.00000000000000
29.670000076294	0.50542992353439	-0.62777817249298	65.000000000000	0.00000000000000
29.680000305176	0.50441098213196	-0.62785369157791	65.000000000000	0.00000000000000
29.690000534058	0.50339049100876	-0.62792712450027	65.000000000000	0.00000000000000
29.700000762939	0.50236827135086	-0.62799859046936	65.000000000000	0.00000000000000
29.709999084473	0.50134450197220	-0.62806802988052	65.000000000000	0.00000000000000
29.719999313354	0.50031894445419	-0.62813544273376	65.000000000000	0.00000000000000
29.729999542236	0.49929183721542	-0.62820082902908	65.000000000000	0.00000000000000
29.739999771118	0.49826321005821	-0.62826412916183	65.000000000000	0.00000000000000
29.750000000000	0.49723267555237	-0.62832546234131	65.000000000000	0.00000000000000
29.760000228882	0.49620065093040	-0.62838470935822	65.000000000000	0.00000000000000
29.770000457764	0.49516701698303	-0.62844181060791	65.000000000000	0.00000000000000
29.780000686646	0.49413153529167	-0.62849682569504	65.000000000000	0.00000000000000
29.790000915527	0.49309468269348	-0.62854981422424	65.000000000000	0.00000000000000
29.799999237061	0.49205604195595	-0.62860065698624	65.000000000000	0.00000000000000
29.809999465942	0.49101594090462	-0.62864941358566	65.000000000000	0.00000000000000
29.819999694824	0.48997405171394	-0.62869608402252	65.000000000000	0.00000000000000
29.829999923706	0.48893058300018	-0.62874048948288	65.000000000000	0.00000000000000
29.840000152588	0.48788544535637	-0.62878286838531	65.000000000000	0.00000000000000
29.850000381470	0.48683878779411	-0.62882298231125	65.000000000000	0.00000000000000
29.860000610352	0.48579052090645	-0.62886101007462	65.000000000000	0.00000000000000
29.870000839233	0.48474052548409	-0.62889683246613	65.000000000000	0.00000000000000
29.879999160767	0.48368906974792	-0.62893050909042	65.000000000000	0.00000000000000
29.889999389648	0.48263591527939	-0.62896192073822	65.000000000000	0.00000000000000
29.899999618530	0.48158112168312	-0.62899124622345	65.000000000000	0.00000000000000
29.909999847412	0.48052486777306	-0.62901818752289	65.000000000000	0.00000000000000
29.920000076294	0.47946688532829	-0.62904298305511	65.000000000000	0.00000000000000
29.930000305176	0.47840732336044	-0.62906551361084	65.000000000000	0.00000000000000
29.940000534058	0.47734627127647	-0.62908589839935	65.000000000000	0.00000000000000
29.950000762939	0.47628358006477	-0.62910395860672	65.000000000000	0.00000000000000
29.959999084473	0.47521921992302	-0.62911975383759	65.000000000000	0.00000000000000
29.969999313354	0.47415331006050	-0.62913322448730	65.000000000000	0.00000000000000
29.979999542236	0.47308588027954	-0.62914448976517	65.000000000000	0.00000000000000
29.989999771118	0.47201687097549	-0.62915343046188	65.000000000000	0.00000000000000
30.000000000000	0.47094634175301	-0.62915992736816	65.000000000000	0.00000000000000
30.010000228882	0.46987411379814	-0.62916433811188	65.000000000000	0.00000000000000
30.020000457764	0.46880054473877	-0.62916624546051	65.000000000000	0.00000000000000
30.030000686646	0.46772524714470	-0.62916582822800	65.000000000000	0.00000000000000
30.040000915527	0.46664854884148	-0.62916314601898	65.000000000000	0.00000000000000
30.049999237061	0.46557009220123	-0.62915802001953	65.000000000000	0.00000000000000
30.059999465942	0.46449020504951	-0.62915062904358	65.000000000000	0.00000000000000
30.069999694824	0.46340885758400	-0.62914079427719	65.000000000000	0.00000000000000
30.079999923706	0.46232575178146	-0.62912851572037	65.000000000000	0.00000000000000
30.090000152588	0.46124133467674	-0.62911385297775	65.000000000000	0.00000000000000
30.100000381470	0.46015539765358	-0.62909686565399	65.000000000000	0.00000000000000
30.110000610352	0.45906785130501	-0.62907743453979	65.000000000000	0.00000000000000
30.120000839233	0.45797884464264	-0.62905544042587	65.000000000000	0.00000000000000
30.129999160767	0.45688816905022	-0.62903112173080	65.000000000000	0.00000000000000
30.139999389648	0.45579609274864	-0.62900429964066	65.000000000000	0.00000000000000
30.149999618530	0.45470258593559	-0.62897503376007	65.000000000000	0.00000000000000
30.159999847412	0.45360746979713	-0.62894326448441	65.000000000000	0.00000000000000
30.170000076294	0.45251092314720	-0.62890905141830	65.000000000000	0.00000000000000
30.180000305176	0.45141270756721	-0.62887227535248	65.000000000000	0.00000000000000
30.190000534058	0.45031315088272	-0.62883305549622	65.000000000000	0.00000000000000
30.200000762939	0.44921222329140	-0.62879133224487	65.000000000000	0.00000000000000
30.209999084473	0.44810962677002	-0.62874698638916	65.000000000000	0.00000000000000
30.219999313354	0.44700571894646	-0.62870019674301	65.000000000000	0.00000000000000
30.229999542236	0.44590032100677	-0.62865078449249	65.000000000000	0.00000000000000
30.239999771118	0.44479340314865	-0.62859886884689	65.000000000000	0.00000000000000
30.250000000000	0.44368499517441	-0.62854433059692	65.000000000000	0.00000000000000
30.260000228882	0.44257515668869	-0.62848728895187	65.000000000000	0.00000000000000
30.270000457764	0.44146394729614	-0.62842756509781	65.000000000000	0.00000000000000
30.280000686646	0.44035127758980	-0.62836527824402	65.000000000000	0.00000000000000
30.290000915527	0.43923720717430	-0.62830036878586	65.000000000000	0.00000000000000
30.299999237061	0.43812161684036	-0.62823277711868	65.000000000000	0.00000000000000
30.309999465942	0.43700462579727	-0.62816268205643	65.000000000000	0.00000000000000
30.319999694824	0.43588629364967	-0.62808984518051	65.000000000000	0.00000000000000
30.329999923706	0.43476641178131	-0.62801438570023	65.000000000000	0.00000000000000
30.340000152588	0.43364524841309	-0.62793630361557	65.000000000000	0.00000000000000
30.350000381470	0.43252256512642	-0.62785547971725	65.000000000000	0.00000000000000
30.360000610352	0.43139851093292	-0.62777191400528	65.000000000000	0.00000000000000
30.370000839233	0.43027329444885	-0.62768572568893	65.000000000000	0.00000000000000
30.379999160767	0.42914646863937	-0.62759679555893	65.000000000000	0.00000000000000
30.389999389648	0.42801824212074	-0.62750512361526	65.000000000000	0.00000000000000
30.399999618530	0.42688882350922	-0.62741082906723	65.000000000000	0.00000000000000
30.409999847412	0.42575797438622	-0.62731361389160	65.000000000000	0.00000000000000
30.420000076294	0.42462563514709	-0.62721383571625	65.000000000000	0.00000000000000
30.430000305176	0.42349210381508	-0.62711119651794	65.000000000000	0.00000000000000
30.440000534058	0.42235711216927	-0.62700575590134	65.000000000000	0.00000000000000
30.450000762939	0.42122101783752	-0.62689757347107	65.000000000000	0.00000000000000
30.459999084473	0.42008337378502	-0.62678658962250	65.000000000000	0.00000000000000
30.469999313354	0.41894438862801	-0.62667280435562	65.000000000000	0.00000000000000
30.479999542236	0.41780406236649	-0.62655615806580	65.000000000000	0.00000000000000
30.489999771118	0.41666260361671	-0.62643671035767	65.000000000000	0.00000000000000
30.500000000000	0.41551977396011	-0.62631446123123	65.000000000000	0.00000000000000
30.510000228882	0.41437563300133	-0.62618923187256	65.000000000000	0.00000000000000
30.520000457764	0.41323024034500	-0.62606126070023	65.000000000000	0.00000000000000
30.530000686646	0.41208350658417	-0.62593042850494	65.000000000000	0.00000000000000
30.540000915527	0.41093549132347	-0.62579667568207	65.000000000000	0.00000000000000
30.549999237061	0.40978619456291	-0.62566006183624	65.000000000000	0.00000000000000
30.559999465942	0.40863573551178	-0.62552040815353	65.000000000000	0.00000000000000
30.569999694824	0.40748387575150	-0.62537801265717	65.000000000000	0.00000000000000
30.579999923706	0.40633079409599	-0.62523257732391	65.000000000000	0.00000000000000
30.590000152588	0.40517657995224	-0.62508428096771	65.000000000000	0.00000000000000
30.600000381470	0.40402114391327	-0.62493300437927	65.000000000000	0.00000000000000
30.610000610352	0.40286445617676	-0.62477874755859	65.000000000000	0.00000000000000
30.620000839233	0.40170651674271	-0.62462157011032	65.000000000000	0.00000000000000
30.629999160767	0.40054738521576	-0.62446141242981	65.000000000000	0.00000000000000
30.639999389648	0.39938706159592	-0.62429821491241	65.000000000000	0.00000000000000
30.649999618530	0.39822545647621	-0.62413203716278	65.000000000000	0.00000000000000
30.659999847412	0.39706271886826	-0.62396287918091	65.000000000000	0.00000000000000
30.670000076294	0.39589878916740	-0.62379062175751	65.000000000000	0.00000000000000
30.680000305176	0.39473381638527	-0.62361550331116	65.000000000000	0.00000000000000
30.690000534058	0.39356750249863	-0.62343716621399	65.000000000000	0.00000000000000
30.700000762939	0.39240020513535	-0.62325578927994	65.000000000000	0.00000000000000
30.709999084473	0.39123171567917	-0.62307137250900	65.000000000000	0.00000000000000
30.719999313354	0.39006194472313	-0.62288397550583	65.000000000000	0.00000000000000
30.729999542236	0.38889133930206	-0.62269335985184	65.000000000000	0.00000000000000
30.739999771118	0.38771945238113	-0.62249970436096	65.000000000000	0.00000000000000
30.750000000000	0.38654631376266	-0.62230294942856	65.000000000000	0.00000000000000
30.760000228882	0.38537237048149	-0.62210303544998	65.000000000000	0.00000000000000
30.770000457764	0.38419711589813	-0.62190002202988	65.000000000000	0.00000000000000
30.780000686646	0.38302081823349	-0.62169396877289	65.000000000000	0.00000000000000
30.790000915527	0.38184356689453	-0.62148463726044	65.000000000000	0.00000000000000
30.799999237061	0.38066509366035	-0.62127214670181	65.000000000000	0.00000000000000
30.809999465942	0.37948572635651	-0.62105661630630	65.000000000000	0.00000000000000
30.819999694824	0.37830510735512	-0.62083780765533	65.000000000000	0.00000000000000
30.829999923706	0.37712356448174	-0.62061572074890	65.000000000000	0.00000000000000
30.840000152588	0.37594106793404	-0.62039053440094	65.000000000000	0.00000000000000
30.850000381470	0.37475734949112	-0.62016218900681	65.000000000000	0.00000000000000
30.860000610352	0.37357288599014	-0.61993056535721	65.000000000000	0.00000000000000
30.870000839233	0.37238729000092	-0.61969566345215	65.000000000000	0.00000000000000
30.879999160767	0.37120050191879	-0.61945760250092	65.000000000000	0.00000000000000
30.889999389648	0.37001305818558	-0.61921620368958	65.000000000000	0.00000000000000
30.899999618530	0.36882451176643	-0.61897158622742	65.000000000000	0.00000000000000
30.909999847412	0.36763507127762	-0.61872363090515	65.000000000000	0.00000000000000
30.920000076294	0.36644455790520	-0.61847251653671	65.000000000000	0.00000000000000
30.930000305176	0.36525323987007	-0.61821794509888	65.000000000000	0.00000000000000
30.940000534058	0.36406081914902	-0.61796021461487	65.000000000000	0.00000000000000
30.950000762939	0.36286774277687	-0.61769908666611	65.000000000000	0.00000000000000
30.959999084473	0.36167359352112	-0.61743474006653	65.000000000000	0.00000000000000
30.969999313354	0.36047872900963	-0.61716681718826	65.000000000000	0.00000000000000
30.979999542236	0.35928279161453	-0.61689573526382	65.000000000000	0.00000000000000
30.989999771118	0.35808578133583	-0.61662131547928	65.000000000000	0.00000000000000
31.000000000000	0.35688808560371	-0.61634355783463	65.000000000000	0.00000000000000
31.010000228882	0.35568961501122	-0.61606228351593	65.000000000000	0.00000000000000
31.020000457764	0.35449045896530	-0.61577755212784	65.000000000000	0.00000000000000
31.030000686646	0.35328999161720	-0.61548972129822	65.000000000000	0.00000000000000
31.040000915527	0.35208886861801	-0.61519837379456	65.000000000000	0.00000000000000
31.049999237061	0.35088732838631	-0.61490339040756	65.000000000000	0.00000000000000
31.059999465942	0.34968453645706	-0.61460524797440	65.000000000000	0.00000000000000
31.069999694824	0.34848105907440	-0.61430352926254	65.000000000000	0.00000000000000
31.079999923706	0.34727695584297	-0.61399841308594	65.000000000000	0.00000000000000
31.090000152588	0.34607189893723	-0.61368983983994	65.000000000000	0.00000000000000
31.100000381470	0.34486594796181	-0.61337792873383	65.000000000000	0.00000000000000
31.110000610352	0.34365963935852	-0.61306226253510	65.000000000000	0.00000000000000
31.120000839233	0.34245243668556	-0.61274319887161	65.000000000000	0.00000000000000
31.129999160767	0.34124436974525	-0.61242079734802	65.000000000000	0.00000000000000
31.139999389648	0.34003600478172	-0.61209464073181	65.000000000000	0.00000000000000
31.149999618530	0.33882644772530	-0.61176520586014	65.000000000000	0.00000000000000
31.159999847412	0.33761665225029	-0.61143195629120	65.000000000000	0.00000000000000
31.170000076294	0.33640572428703	-0.61109554767609	65.000000000000	0.00000000000000
31.180000305176	0.33519425988197	-0.61075550317764	65.000000000000	0.00000000000000
31.190000534058	0.33398252725601	-0.61041158437729	65.000000000000	0.00000000000000
31.200000762939	0.33276969194412	-0.61006444692612	65.000000000000	0.00000000000000
31.209999084473	0.33155634999275	-0.60971355438232	65.000000000000	0.00000000000000
31.219999313354	0.33034253120422	-0.60935914516449	65.000000000000	0.00000000000000
31.229999542236	0.32912793755531	-0.60900115966797	65.000000000000	0.00000000000000
31.239999771118	0.32791289687157	-0.60863959789276	65.000000000000	0.00000000000000
31.250000000000	0.32669734954834	-0.60827428102493	65.000000000000	0.00000000000000
31.260000228882	0.32548081874847	-0.60790562629700	65.000000000000	0.00000000000000
31.270000457764	0.32426413893700	-0.60753309726715	65.000000000000	0.00000000000000
31.280000686646	0.32304701209068	-0.60715687274933	65.000000000000	0.00000000000000
31.290000915527	0.32182916998863	-0.60677713155746	65.000000000000	0.00000000000000
31.299999237061	0.32061040401459	-0.60639393329620	65.000000000000	0.00000000000000
31.309999465942	0.31939178705215	-0.60600668191910	65.000000000000	0.00000000000000
31.319999694824	0.31817254424095	-0.60561597347260	65.000000000000	0.00000000000000
31.329999923706	0.31695261597633	-0.60522156953812	65.000000000000	0.00000000000000
31.340000152588	0.31573235988617	-0.60482347011566	65.000000000000	0.00000000000000
31.350000381470	0.31451144814491	-0.60442167520523	65.000000000000	0.00000000000000
31.360000610352	0.31329053640366	-0.60401600599289	65.000000000000	0.00000000000000
31.370000839233	0.31206873059273	-0.60360693931580	65.000000000000	0.00000000000000
31.379999160767	0.31084689497948	-0.60319375991821	65.000000000000	0.00000000000000
31.389999389648	0.30962449312210	-0.60277712345123	65.000000000000	0.00000000000000
31.399999618530	0.30840182304382	-0.60235661268234	65.000000000000	0.00000000000000
31.409999847412	0.30717858672142	-0.60193234682083	65.000000000000	0.00000000000000
31.420000076294	0.30595511198044	-0.60150438547134	65.000000000000	0.00000000000000
31.430000305176	0.30473142862320	-0.60107260942459	65.000000000000	0.00000000000000
31.440000534058	0.30350723862648	-0.60063713788986	65.000000000000	0.00000000000000
31.450000762939	0.30228281021118	-0.60019779205322	65.000000000000	0.00000000000000
31.459999084473	0.30105805397034	-0.59975463151932	65.000000000000	0.00000000000000
31.469999313354	0.29983311891556	-0.59930771589279	65.000000000000	0.00000000000000
31.479999542236	0.29860785603523	-0.59885698556900	65.000000000000	0.00000000000000
31.489999771118	0.29738220572472	-0.59840244054794	65.000000000000	0.00000000000000
31.500000000000	0.29615652561188	-0.59794408082962	65.000000000000	0.00000000000000
31.510000228882	0.29493057727814	-0.59748178720474	65.000000000000	0.00000000000000
31.520000457764	0.29370433092117	-0.59701573848724	65.000000000000	0.00000000000000
31.530000686646	0.29247787594795	-0.59654581546783	65.000000000000	0.00000000000000
31.540000915527	0.29125133156776	-0.59607195854187	65.000000000000	0.00000000000000
31.549999237061	0.29002472758293	-0.59559440612793	65.000000000000	0.00000000000000
31.559999465942	0.28879776597023	-0.59511280059814	65.000000000000	0.00000000000000
31.569999694824	0.28757092356682	-0.59462738037109	65.000000000000	0.00000000000000
31.579999923706	0.28634372353554	-0.59413808584213	65.000000000000	0.00000000000000
31.590000152588	0.28511652350426	-0.59364485740662	65.000000000000	0.00000000000000
31.600000381470	0.28388932347298	-0.59314775466919	65.000000000000	0.00000000000000
31.610000610352	0.28266185522079	-0.59264671802521	65.000000000000	0.00000000000000
31.620000839233	0.28143441677094	-0.59214174747467	65.000000000000	0.00000000000000
31.629999160767	0.28020700812340	-0.59163284301758	65.000000000000	0.00000000000000
31.639999389648	0.27897965908051	-0.59112000465393	65.000000000000	0.00000000000000
31.649999618530	0.27775195240974	-0.59060323238373	65.000000000000	0.00000000000000
31.659999847412	0.27652460336685	-0.59008252620697	65.000000000000	0.00000000000000
31.670000076294	0.27529707551003	-0.58955782651901	65.000000000000	0.00000000000000
31.680000305176	0.27406966686249	-0.58902919292450	65.000000000000	0.00000000000000
31.690000534058	0.27284240722656	-0.58849656581879	65.000000000000	0.00000000000000
31.700000762939	0.27161493897438	-0.58795994520187	65.000000000000	0.00000000000000
31.709999084473	0.27038782835007	-0.58741939067841	65.000000000000	0.00000000000000
31.719999313354	0.26916071772575	-0.58687478303909	65.000000000000	0.00000000000000
31.729999542236	0.26793381571770	-0.58632618188858	65.000000000000	0.00000000000000
31.739999771118	0.26670694351196	-0.58577358722687	65.000000000000	0.00000000000000
31.750000000000	0.26548016071320	-0.58521699905396	65.000000000000	0.00000000000000
31.760000228882	0.26425361633301	-0.58465641736984	65.000000000000	0.00000000000000
31.770000457764	0.26302731037140	-0.58409172296524	65.000000000000	0.00000000000000
31.780000686646	0.26180127263069	-0.58352303504944	65.000000000000	0.00000000000000
31.790000915527	0.26057535409927	-0.58295029401779	65.000000000000	0.00000000000000
31.799999237061	0.25934973359108	-0.58237355947495	65.000000000000	0.00000000000000
31.809999465942	0.25812426209450	-0.58179271221161	65.000000000000	0.00000000000000
31.819999694824	0.25689914822578	-0.58120781183243	65.000000000000	0.00000000000000
31.829999923706	0.25567424297333	-0.58061891794205	65.000000000000	0.00000000000000
31.840000152588	0.25444963574409	-0.58002585172653	65.000000000000	0.00000000000000
31.850000381470	0.25322556495667	-0.57942879199982	65.000000000000	0.00000000000000
31.860000610352	0.25200161337852	-0.57882761955261	65.000000000000	0.00000000000000
31.870000839233	0.25077801942825	-0.57822239398956	65.000000000000	0.00000000000000
31.879999160767	0.24955488741398	-0.57761299610138	65.000000000000	0.00000000000000
31.889999389648	0.24833215773106	-0.57699954509735	65.000000000000	0.00000000000000
31.899999618530	0.24710990488529	-0.57638204097748	65.000000000000	0.00000000000000
31.909999847412	0.24588781595230	-0.57576036453247	65.000000000000	0.00000000000000
31.920000076294	0.24466648697853	-0.57513457536697	65.000000000000	0.00000000000000
31.930000305176	0.24344536662102	-0.57450473308563	65.000000000000	0.00000000000000
31.940000534058	0.24222473800182	-0.57387065887451	65.000000000000	0.00000000000000
31.950000762939	0.24100469052792	-0.57323259115219	65.000000000000	0.00000000000000
31.959999084473	0.23978514969349	-0.57259029150009	65.000000000000	0.00000000000000
31.969999313354	0.23856616020203	-0.57194387912750	65.000000000000	0.00000000000000
31.979999542236	0.23734778165817	-0.57129335403442	65.000000000000	0.00000000000000
31.989999771118	0.23612998425961	-0.57063871622086	65.000000000000	0.00000000000000
32.000000000000	0.23491275310516	-0.56997972726822	65.000000000000	0.00000000000000
32.009998321533	0.23369605839252	-0.56931680440903	65.000000000000	0.00000000000000
32.020000457764	0.23247997462749	-0.56864964962006	65.000000000000	0.00000000000000
32.029998779297	0.23126454651356	-0.56797826290131	65.000000000000	0.00000000000000
32.040000915527	0.23004981875420	-0.56730282306671	65.000000000000	0.00000000000000
32.049999237061	0.22883577644825	-0.56662315130234	65.000000000000	0.00000000000000
32.060001373291	0.22762241959572	-0.56593930721283	65.000000000000	0.00000000000000
32.069999694824	0.22640965878963	-0.56525123119354	65.000000000000	0.00000000000000
32.080001831055	0.22519789636135	-0.56455898284912	65.000000000000	0.00000000000000
32.090000152588	0.22398665547371	-0.56386256217957	65.000000000000	0.00000000000000
32.099998474121	0.22277642786503	-0.56316202878952	65.000000000000	0.00000000000000
32.110000610352	0.22156672179699	-0.56245720386505	65.000000000000	0.00000000000000
32.119998931885	0.22035796940327	-0.56174820661545	65.000000000000	0.00000000000000
32.130001068115	0.21915005147457	-0.56103503704071	65.000000000000	0.00000000000000
32.139999389648	0.21794308722019	-0.56031757593155	65.000000000000	0.00000000000000
32.150001525879	0.21673671901226	-0.55959600210190	65.000000000000	0.00000000000000
32.159999847412	0.21553149819374	-0.55887019634247	65.000000000000	0.00000000000000
32.169998168945	0.21432717144489	-0.55814015865326	65.000000000000	0.00000000000000
32.180000305176	0.21312347054482	-0.55740588903427	65.000000000000	0.00000000000000
32.189998626709	0.21192097663879	-0.55666744709015	65.000000000000	0.00000000000000
32.200000762939	0.21071942150593	-0.55592471361160	65.000000000000	0.00000000000000
32.209999084473	0.20951884984970	-0.55517786741257	65.000000000000	0.00000000000000
32.220001220703	0.20831923186779	-0.55442667007446	65.000000000000	0.00000000000000
32.229999542236	0.20712073147297	-0.55367130041122	65.000000000000	0.00000000000000
32.240001678467	0.20592327415943	-0.55291169881821	65.000000000000	0.00000000000000
32.250000000000	0.20472668111324	-0.55214786529541	65.000000000000	0.00000000000000
32.259998321533	0.20353142917156	-0.55137979984283	65.000000000000	0.00000000000000
32.270000457764	0.20233723521233	-0.55060750246048	65.000000000000	0.00000000000000
32.279998779297	0.20114399492741	-0.54983091354370	65.000000000000	0.00000000000000
32.290000915527	0.19995211064816	-0.54905009269714	65.000000000000	0.00000000000000
32.299999237061	0.19876120984554	-0.54826509952545	65.000000000000	0.00000000000000
32.310001373291	0.19757159054279	-0.54747587442398	65.000000000000	0.00000000000000
32.319999694824	0.19638310372829	-0.54668229818344	65.000000000000	0.00000000000000
32.330001831055	0.19519594311714	-0.54588460922241	65.000000000000	0.00000000000000
32.340000152588	0.19400994479656	-0.54508256912231	65.000000000000	0.00000000000000
32.349998474121	0.19282518327236	-0.54427629709244	65.000000000000	0.00000000000000
32.360000610352	0.19164186716080	-0.54346573352814	65.000000000000	0.00000000000000
32.369998931885	0.19045984745026	-0.54265099763870	65.000000000000	0.00000000000000
32.380001068115	0.18927890062332	-0.54183197021484	65.000000000000	0.00000000000000
32.389999389648	0.18809953331947	-0.54100877046585	65.000000000000	0.00000000000000
32.400001525879	0.18692144751549	-0.54018121957779	65.000000000000	0.00000000000000
32.409999847412	0.18574479222298	-0.53934943675995	65.000000000000	0.00000000000000
32.419998168945	0.18456935882568	-0.53851342201233	65.000000000000	0.00000000000000
32.430000305176	0.18339565396309	-0.53767317533493	65.000000000000	0.00000000000000
32.439998626709	0.18222332000732	-0.53682863712311	65.000000000000	0.00000000000000
32.450000762939	0.18105225265026	-0.53597992658615	65.000000000000	0.00000000000000
32.459999084473	0.17988282442093	-0.53512686491013	65.000000000000	0.00000000000000
32.470001220703	0.17871496081352	-0.53426963090897	65.000000000000	0.00000000000000
32.479999542236	0.17754852771759	-0.53340810537338	65.000000000000	0.00000000000000
32.490001678467	0.17638367414474	-0.53254228830338	65.000000000000	0.00000000000000
32.500000000000	0.17522031068802	-0.53167229890823	65.000000000000	0.00000000000000
32.509998321533	0.17405869066715	-0.53079801797867	65.000000000000	0.00000000000000
32.520000457764	0.17289857566357	-0.52991950511932	65.000000000000	0.00000000000000
32.529998779297	0.17174026370049	-0.52903676033020	65.000000000000	0.00000000000000
32.540000915527	0.17058348655701	-0.52814978361130	65.000000000000	0.00000000000000
32.549999237061	0.16942842304707	-0.52725851535797	65.000000000000	0.00000000000000
32.560001373291	0.16827493906021	-0.52636307477951	65.000000000000	0.00000000000000
32.569999694824	0.16712328791618	-0.52546334266663	65.000000000000	0.00000000000000
32.580001831055	0.16597329080105	-0.52455943822861	65.000000000000	0.00000000000000
32.590000152588	0.16482515633106	-0.52365124225616	65.000000000000	0.00000000000000
32.599998474121	0.16367882490158	-0.52273875474930	65.000000000000	0.00000000000000
32.610000610352	0.16253417730331	-0.52182215452194	65.000000000000	0.00000000000000
32.619998931885	0.16139145195484	-0.52090126276016	65.000000000000	0.00000000000000
32.630001068115	0.16025047004223	-0.51997613906860	65.000000000000	0.00000000000000
32.639999389648	0.15911157429218	-0.51904678344727	65.000000000000	0.00000000000000
32.650001525879	0.15797430276871	-0.51811325550079	65.000000000000	0.00000000000000
32.659999847412	0.15683905780315	-0.51717549562454	65.000000000000	0.00000000000000
32.669998168945	0.15570582449436	-0.51623344421387	65.000000000000	0.00000000000000
32.680000305176	0.15457443892956	-0.51528728008270	65.000000000000	0.00000000000000
32.689998626709	0.15344507992268	-0.51433688402176	65.000000000000	0.00000000000000
32.700000762939	0.15231759846210	-0.51338225603104	65.000000000000	0.00000000000000
32.709999084473	0.15119233727455	-0.51242345571518	65.000000000000	0.00000000000000
32.720001220703	0.15006896853447	-0.51146048307419	65.000000000000	0.00000000000000
32.729999542236	0.14894771575928	-0.51049321889877	65.000000000000	0.00000000000000
32.740001678467	0.14782853424549	-0.50952184200287	65.000000000000	0.00000000000000
32.750000000000	0.14671151340008	-0.50854629278183	65.000000000000	0.00000000000000
32.759998321533	0.14559644460678	-0.50756651163101	65.000000000000	0.00000000000000
32.770000457764	0.14448361098766	-0.50658261775970	65.000000000000	0.00000000000000
32.779998779297	0.14337310194969	-0.50559443235397	65.000000000000	0.00000000000000
32.790000915527	0.14226461946964	-0.50460213422775	65.000000000000	0.00000000000000
32.799999237061	0.14115840196609	-0.50360572338104	65.000000000000	0.00000000000000
32.810001373291	0.14005422592163	-0.50260508060455	65.000000000000	0.00000000000000
32.819999694824	0.13895247876644	-0.50160038471222	65.000000000000	0.00000000000000
32.830001831055	0.13785307109356	-0.50059145689011	65.000000000000	0.00000000000000
32.840000152588	0.13675586879253	-0.49957838654518	65.000000000000	0.00000000000000
32.849998474121	0.13566102087498	-0.49856117367744	65.000000000000	0.00000000000000
32.860000610352	0.13456843793392	-0.49753984808922	65.000000000000	0.00000000000000
32.869998931885	0.13347825407982	-0.49651440978050	65.000000000000	0.00000000000000
32.880001068115	0.13239060342312	-0.49548482894897	65.000000000000	0.00000000000000
32.889999389648	0.13130515813828	-0.49445116519928	65.000000000000	0.00000000000000
32.900001525879	0.13022215664387	-0.49341341853142	65.000000000000	0.00000000000000
32.909999847412	0.12914159893990	-0.49237152934074	65.000000000000	0.00000000000000
32.919998168945	0.12806352972984	-0.49132546782494	65.000000000000	0.00000000000000
32.930000305176	0.12698809802532	-0.49027544260025	65.000000000000	0.00000000000000
32.939998626709	0.12591506540775	-0.48922124505043	65.000000000000	0.00000000000000
32.950000762939	0.12484457343817	-0.48816299438477	65.000000000000	0.00000000000000
32.959999084473	0.12377652525902	-0.48710069060326	65.000000000000	0.00000000000000
32.970001220703	0.12271115183830	-0.48603430390358	65.000000000000	0.00000000000000
32.979999542236	0.12164839357138	-0.48496389389038	65.000000000000	0.00000000000000
32.990001678467	0.12058821320534	-0.48388940095901	65.000000000000	0.00000000000000
33.000000000000	0.11953069269657	-0.48281091451645	65.000000000000	0.00000000000000
33.009998321533	0.11847591400146	-0.48172837495804	65.000000000000	0.00000000000000
33.020000457764	0.11742379516363	-0.48064175248146	65.000000000000	0.00000000000000
33.029998779297	0.11637424677610	-0.47955113649368	65.000000000000	0.00000000000000
33.040000915527	0.11532763391733	-0.47845658659935	65.000000000000	0.00000000000000
33.049999237061	0.11428361386061	-0.47735795378685	65.000000000000	0.00000000000000
33.060001373291	0.11324233561754	-0.47625541687012	65.000000000000	0.00000000000000
33.069999694824	0.11220391094685	-0.47514879703522	65.000000000000	0.00000000000000
33.080001831055	0.11116836965084	-0.47403821349144	65.000000000000	0.00000000000000
33.090000152588	0.11013561487198	-0.47292372584343	65.000000000000	0.00000000000000
33.099998474121	0.10910567641258	-0.47180524468422	65.000000000000	0.00000000000000
33.110000610352	0.10807854682207	-0.47068282961845	65.000000000000	0.00000000000000
33.119998931885	0.10705447942019	-0.46955645084381	65.000000000000	0.00000000000000
33.130001068115	0.10603328049183	-0.46842619776726	65.000000000000	0.00000000000000
33.139999389648	0.10501493513584	-0.46729195117950	65.000000000000	0.00000000000000
33.150001525879	0.10399971902370	-0.46615386009216	65.000000000000	0.00000000000000
33.159999847412	0.10298728942871	-0.46501180529594	65.000000000000	0.00000000000000
33.169998168945	0.10197801142931	-0.46386590600014	65.000000000000	0.00000000000000
33.180000305176	0.10097168385983	-0.46271616220474	65.000000000000	0.00000000000000
33.189998626709	0.099968306720257	-0.46156248450279	65.000000000000	0.00000000000000
33.200000762939	0.098968118429184	-0.46040493249893	65.000000000000	0.00000000000000
33.209999084473	0.097971156239510	-0.45924359560013	65.000000000000	0.00000000000000
33.220001220703	0.096977084875107	-0.45807838439941	65.000000000000	0.00000000000000
33.229999542236	0.095986269414425	-0.45690935850143	65.000000000000	0.00000000000000
33.240001678467	0.094998382031918	-0.45573648810387	65.000000000000	0.00000000000000
33.250000000000	0.094013884663582	-0.45455983281136	65.000000000000	0.00000000000000
33.259998321533	0.093032583594322	-0.45337939262390	65.000000000000	0.00000000000000
33.270000457764	0.092054471373558	-0.45219516754150	65.000000000000	0.00000000000000
33.279998779297	0.091079480946064	-0.45100718736649	65.000000000000	0.00000000000000
33.290000915527	0.090107820928097	-0.44981542229652	65.000000000000	0.00000000000000
33.299999237061	0.089139416813850	-0.44861990213394	65.000000000000	0.00000000000000
33.310001373291	0.088174395263195	-0.44742062687874	65.000000000000	0.00000000000000
33.319999694824	0.087212547659874	-0.44621768593788	65.000000000000	0.00000000000000
33.330001831055	0.086254104971886	-0.44501098990440	65.000000000000	0.00000000000000
33.340000152588	0.085299097001553	-0.44380065798759	65.000000000000	0.00000000000000
33.349998474121	0.084347307682037	-0.44258660078049	65.000000000000	0.00000000000000
33.360000610352	0.083399072289467	-0.44136884808540	65.000000000000	0.00000000000000
33.369998931885	0.082454212009907	-0.44014742970467	65.000000000000	0.00000000000000
33.380001068115	0.081512726843357	-0.43892240524292	65.000000000000	0.00000000000000
33.389999389648	0.080574646592140	-0.43769374489784	65.000000000000	0.00000000000000
33.400001525879	0.079640276730061	-0.43646141886711	65.000000000000	0.00000000000000
33.409999847412	0.078709244728088	-0.43522554636002	65.000000000000	0.00000000000000
33.419998168945	0.077781647443771	-0.43398603796959	65.000000000000	0.00000000000000
33.430000305176	0.076857626438141	-0.43274298310280	65.000000000000	0.00000000000000
33.439998626709	0.075937271118164	-0.43149632215500	65.000000000000	0.00000000000000
33.450000762939	0.075020514428616	-0.43024614453316	65.000000000000	0.00000000000000
33.459999084473	0.074107266962528	-0.42899239063263	65.000000000000	0.00000000000000
33.470001220703	0.073197633028030	-0.42773512005806	65.000000000000	0.00000000000000
33.479999542236	0.072291649878025	-0.42647436261177	65.000000000000	0.00000000000000
33.490001678467	0.071389310061932	-0.42521011829376	65.000000000000	0.00000000000000
33.500000000000	0.070490740239620	-0.42394238710403	65.000000000000	0.00000000000000
33.509998321533	0.069595746695995	-0.42267116904259	65.000000000000	0.00000000000000
33.520000457764	0.068704463541508	-0.42139649391174	65.000000000000	0.00000000000000
33.529998779297	0.067816987633705	-0.42011842131615	65.000000000000	0.00000000000000
33.540000915527	0.066933229565620	-0.41883692145348	65.000000000000	0.00000000000000
33.549999237061	0.066053219139576	-0.41755202412605	65.000000000000	0.00000000000000
33.560001373291	0.065177053213120	-0.41626372933388	65.000000000000	0.00000000000000
33.569999694824	0.064304664731026	-0.41497203707695	65.000000000000	0.00000000000000
33.580001831055	0.063436158001423	-0.41367700695992	65.000000000000	0.00000000000000
33.590000152588	0.062571458518505	-0.41237863898277	65.000000000000	0.00000000000000
33.599998474121	0.061710551381111	-0.41107696294785	65.000000000000	0.00000000000000
33.610000610352	0.060853667557240	-0.40977197885513	65.000000000000	0.00000000000000
33.619998931885	0.060000620782375	-0.40846365690231	65.000000000000	0.00000000000000
33.630001068115	0.059151429682970	-0.40715208649635	65.000000000000	0.00000000000000
33.639999389648	0.058306295424700	-0.40583723783493	65.000000000000	0.00000000000000
33.650001525879	0.057465039193630	-0.40451920032501	65.000000000000	0.00000000000000
33.659999847412	0.056627675890923	-0.40319788455963	65.000000000000	0.00000000000000
33.669998168945	0.055794410407543	-0.40187337994576	65.000000000000	0.00000000000000
33.680000305176	0.054965253919363	-0.40054565668106	65.000000000000	0.00000000000000
33.689998626709	0.054140027612448	-0.39921483397484	65.000000000000	0.00000000000000
33.700000762939	0.053318746387959	-0.39788076281548	65.000000000000	0.00000000000000
33.709999084473	0.052501615136862	-0.39654362201691	65.000000000000	0.00000000000000
33.720001220703	0.051688633859158	-0.39520329236984	65.000000000000	0.00000000000000
33.729999542236	0.050879649817944	-0.39385995268822	65.000000000000	0.00000000000000
33.740001678467	0.050074651837349	-0.39251348376274	65.000000000000	0.00000000000000
33.750000000000	0.049274034798145	-0.39116391539574	65.000000000000	0.00000000000000
33.759998321533	0.048477627336979	-0.38981133699417	65.000000000000	0.00000000000000
33.770000457764	0.047685064375401	-0.38845571875572	65.000000000000	0.00000000000000
33.779998779297	0.046897102147341	-0.38709703087807	65.000000000000	0.00000000000000
33.790000915527	0.046113010495901	-0.38573539257050	65.000000000000	0.00000000000000
33.799999237061	0.045333359390497	-0.38437080383301	65.000000000000	0.00000000000000
33.810001373291	0.044557604938745	-0.38300329446793	65.000000000000	0.00000000000000
33.819999694824	0.043786305934191	-0.38163277506828	65.000000000000	0.00000000000000
33.830001831055	0.043019294738770	-0.38025939464569	65.000000000000	0.00000000000000
33.840000152588	0.042256575077772	-0.37888306379318	65.000000000000	0.00000000000000
33.849998474121	0.041498165577650	-0.37750387191772	65.000000000000	0.00000000000000
33.860000610352	0.040744073688984	-0.37612181901932	65.000000000000	0.00000000000000
33.869998931885	0.039994131773710	-0.37473699450493	65.000000000000	0.00000000000000
33.880001068115	0.039248704910278	-0.37334921956062	65.000000000000	0.00000000000000
33.889999389648	0.038507629185915	-0.37195873260498	65.000000000000	0.00000000000000
33.900001525879	0.037771087139845	-0.37056541442871	65.000000000000	0.00000000000000
33.909999847412	0.037038560956717	-0.36916941404343	65.000000000000	0.00000000000000
33.919998168945	0.036310765892267	-0.36777061223984	65.000000000000	0.00000000000000
33.930000305176	0.035587184131145	-0.36636909842491	65.000000000000	0.00000000000000
33.939998626709	0.034868348389864	-0.36496487259865	65.000000000000	0.00000000000000
33.950000762939	0.034153573215008	-0.36355799436569	65.000000000000	0.00000000000000
33.959999084473	0.033443562686443	-0.36214843392372	65.000000000000	0.00000000000000
33.970001220703	0.032737802714109	-0.36073625087738	65.000000000000	0.00000000000000
33.979999542236	0.032036822289228	-0.35932144522667	65.000000000000	0.00000000000000
33.990001678467	0.031340114772320	-0.35790404677391	65.000000000000	0.00000000000000
34.000000000000	0.030648034065962	-0.35648408532143	65.000000000000	0.00000000000000
34.009998321533	0.029960410669446	-0.35506156086922	65.000000000000	0.00000000000000
34.020000457764	0.029277427121997	-0.35363647341728	65.000000000000	0.00000000000000
34.029998779297	0.028599089011550	-0.35220888257027	65.000000000000	0.00000000000000
34.040000915527	0.027925241738558	-0.35077884793282	65.000000000000	0.00000000000000
34.049999237061	0.027255889028311	-0.34934630990028	65.000000000000	0.00000000000000
34.060001373291	0.026591369882226	-0.34791132807732	65.000000000000	0.00000000000000
34.069999694824	0.025931198149920	-0.34647393226624	65.000000000000	0.00000000000000
34.080001831055	0.025275871157646	-0.34503412246704	65.000000000000	0.00000000000000
34.090000152588	0.024625236168504	-0.34359189867973	65.000000000000	0.00000000000000
34.099998474121	0.023979136720300	-0.34214738011360	65.000000000000	0.00000000000000
34.110000610352	0.023337736725807	-0.34070047736168	65.000000000000	0.00000000000000
34.119998931885	0.022701052948833	-0.33925127983093	65.000000000000	0.00000000000000
34.130001068115	0.022069081664085	-0.33779978752136	65.000000000000	0.00000000000000
34.139999389648	0.021441830322146	-0.33634600043297	65.000000000000	0.00000000000000
34.150001525879	0.020818995311856	-0.33489003777504	65.000000000000	0.00000000000000
34.159999847412	0.020201209932566	-0.33343181014061	65.000000000000	0.00000000000000
34.169998168945	0.019588163122535	-0.33197137713432	65.000000000000	0.00000000000000
34.180000305176	0.018979864194989	-0.33050876855850	65.000000000000	0.00000000000000
34.189998626709	0.018376315012574	-0.32904395461082	65.000000000000	0.00000000000000
34.200000762939	0.017777523025870	-0.32757708430290	65.000000000000	0.00000000000000
34.209999084473	0.017183648422360	-0.32610803842545	65.000000000000	0.00000000000000
34.220001220703	0.016594385728240	-0.32463696599007	65.000000000000	0.00000000000000
34.229999542236	0.016010042279959	-0.32316380739212	65.000000000000	0.00000000000000
34.240001678467	0.015430479310453	-0.32168862223625	65.000000000000	0.00000000000000
34.250000000000	0.014855775050819	-0.32021138072014	65.000000000000	0.00000000000000
34.259998321533	0.014285930432379	-0.31873217225075	65.000000000000	0.00000000000000
34.270000457764	0.013720951043069	-0.31725096702576	65.000000000000	0.00000000000000
34.279998779297	0.013160839676857	-0.31576782464981	65.000000000000	0.00000000000000
34.290000915527	0.012605674564838	-0.31428277492523	65.000000000000	0.00000000000000
34.299999237061	0.012055309489369	-0.31279581785202	65.000000000000	0.00000000000000
34.310001373291	0.011509896256030	-0.31130698323250	65.000000000000	0.00000000000000
34.319999694824	0.010969291441143	-0.30981630086899	65.000000000000	0.00000000000000
34.330001831055	0.010433716699481	-0.30832380056381	65.000000000000	0.00000000000000
34.340000152588	0.0099029541015625	-0.30682948231697	65.000000000000	0.00000000000000
34.349998474121	0.0093772280961275	-0.30533337593079	65.000000000000	0.00000000000000
34.360000610352	0.0088564641773701	-0.30383554100990	65.000000000000	0.00000000000000
34.369998931885	0.0083405934274197	-0.30233594775200	65.000000000000	0.00000000000000
34.380001068115	0.0078296894207597	-0.30083465576172	65.000000000000	0.00000000000000
34.389999389648	0.0073238248005509	-0.29933169484138	65.000000000000	0.00000000000000
34.400001525879	0.0068228584714234	-0.29782706499100	65.000000000000	0.00000000000000
34.409999847412	0.0063268616795540	-0.29632079601288	65.000000000000	0.00000000000000
34.419998168945	0.0058359079994261	-0.29481291770935	65.000000000000	0.00000000000000
34.430000305176	0.0053499955683947	-0.29330345988274	65.000000000000	0.00000000000000
34.439998626709	0.0048690554685891	-0.29179245233536	65.000000000000	0.00000000000000
34.450000762939	0.0043931566178799	-0.29027986526489	65.000000000000	0.00000000000000
34.459999084473	0.0039222310297191	-0.28876581788063	65.000000000000	0.00000000000000
34.470001220703	0.0034564144443721	-0.28725028038025	65.000000000000	0.00000000000000
34.479999542236	0.0029955704230815	-0.28573325276375	65.000000000000	0.00000000000000
34.490001678467	0.0025398335419595	-0.28421482443810	65.000000000000	0.00000000000000
34.500000000000	0.0020890678279102	-0.28269496560097	65.000000000000	0.00000000000000
34.509998321533	0.0016434070421383	-0.28117370605469	65.000000000000	0.00000000000000
34.520000457764	0.0012028488563374	-0.27965107560158	65.000000000000	0.00000000000000
34.529998779297	0.00076725840335712	-0.27812710404396	65.000000000000	0.00000000000000
34.540000915527	0.00033683335641399	-0.27660185098648	65.000000000000	0.00000000000000
34.549999237061	-8.8495617092121e-05	-0.27507531642914	65.000000000000	0.00000000000000
34.560001373291	-0.00050879642367363	-0.27354750037193	65.000000000000	0.00000000000000
34.569999694824	-0.00092400587163866	-0.27201846241951	65.000000000000	0.00000000000000
34.580001831055	-0.0013340624282137	-0.27048820257187	65.000000000000	0.00000000000000
34.590000152588	-0.0017390343127772	-0.26895675063133	65.000000000000	0.00000000000000
34.599998474121	-0.0021389243192971	-0.26742413640022	65.000000000000	0.00000000000000
34.610000610352	-0.0025336728431284	-0.26589038968086	65.000000000000	0.00000000000000
34.619998931885	-0.0029232839588076	-0.26435554027557	65.000000000000	0.00000000000000
34.630001068115	-0.0033078251872212	-0.26281958818436	65.000000000000	0.00000000000000
34.639999389648	-0.0036871749907732	-0.26128259301186	65.000000000000	0.00000000000000
34.650001525879	-0.0040614018216729	-0.25974458456039	65.000000000000	0.00000000000000
34.659999847412	-0.0044305711053312	-0.25820553302765	65.000000000000	0.00000000000000
34.669998168945	-0.0047945040278137	-0.25666549801826	65.000000000000	0.00000000000000
34.680000305176	-0.0051533286459744	-0.25512447953224	65.000000000000	0.00000000000000
34.689998626709	-0.0055070514790714	-0.25358256697655	65.000000000000	0.00000000000000
34.700000762939	-0.0058555570431054	-0.25203973054886	65.000000000000	0.00000000000000
34.709999084473	-0.0061989119276404	-0.25049602985382	65.000000000000	0.00000000000000
34.720001220703	-0.0065371231175959	-0.24895143508911	65.000000000000	0.00000000000000
34.729999542236	-0.0068701985292137	-0.24740605056286	65.000000000000	0.00000000000000
34.740001678467	-0.0071981428191066	-0.24585981667042	65.000000000000	0.00000000000000
34.750000000000	-0.0075208484195173	-0.24431280791759	65.000000000000	0.00000000000000
34.759998321533	-0.0078384391963482	-0.24276506900787	65.000000000000	0.00000000000000
34.770000457764	-0.0081508653238416	-0.24121658504009	65.000000000000	0.00000000000000
34.779998779297	-0.0084580779075623	-0.23966740071774	65.000000000000	0.00000000000000
34.790000915527	-0.0087601440027356	-0.23811753094196	65.000000000000	0.00000000000000
34.799999237061	-0.0090571260079741	-0.23656697571278	65.000000000000	0.00000000000000
34.810001373291	-0.0093488106504083	-0.23501585423946	65.000000000000	0.00000000000000
34.819999694824	-0.0096353199332952	-0.23346409201622	65.000000000000	0.00000000000000
34.830001831055	-0.0099167739972472	-0.23191174864769	65.000000000000	0.00000000000000
34.840000152588	-0.010192961432040	-0.23035886883736	65.000000000000	0.00000000000000
34.849998474121	-0.010464003309608	-0.22880543768406	65.000000000000	0.00000000000000
34.860000610352	-0.010729802772403	-0.22725151479244	65.000000000000	0.00000000000000
34.869998931885	-0.010990533977747	-0.22569712996483	65.000000000000	0.00000000000000
34.880001068115	-0.011246044188738	-0.22414226830006	65.000000000000	0.00000000000000
34.889999389648	-0.011496293358505	-0.22258698940277	65.000000000000	0.00000000000000
34.900001525879	-0.011741454713047	-0.22103130817413	65.000000000000	0.00000000000000
34.909999847412	-0.011981434188783	-0.21947525441647	65.000000000000	0.00000000000000
34.919998168945	-0.012216245755553	-0.21791887283325	65.000000000000	0.00000000000000
34.930000305176	-0.012445850297809	-0.21636213362217	65.000000000000	0.00000000000000
34.939998626709	-0.012670312076807	-0.21480509638786	65.000000000000	0.00000000000000
34.950000762939	-0.012889544479549	-0.21324777603149	65.000000000000	0.00000000000000
34.959999084473	-0.013103662990034	-0.21169020235538	65.000000000000	0.00000000000000
34.970001220703	-0.013312584720552	-0.21013243496418	65.000000000000	0.00000000000000
34.979999542236	-0.013516318984330	-0.20857444405556	65.000000000000	0.00000000000000
34.990001678467	-0.013714937493205	-0.20701627433300	65.000000000000	0.00000000000000
35.000000000000	-0.013908353634179	-0.20545795559883	65.000000000000	0.00000000000000
