25.000000000000	0.035651117563248	0.094145782291889	65.000000000000	0.00000000000000
25.010000228882	0.036651648581028	0.095937915146351	65.000000000000	0.00000000000000
25.020000457764	0.037658177316189	0.097722768783569	65.000000000000	0.00000000000000
25.030000686646	0.038670629262924	0.099500358104706	65.000000000000	0.00000000000000
25.040000915527	0.039688955992460	0.10127064585686	65.000000000000	0.00000000000000
25.049999237061	0.040713101625443	0.10303360223770	65.000000000000	0.00000000000000
25.059999465942	0.041743036359549	0.10478922724724	65.000000000000	0.00000000000000
25.069999694824	0.042778626084328	0.10653751343489	65.000000000000	0.00000000000000
25.079999923706	0.043819874525070	0.10827842354774	65.000000000000	0.00000000000000
25.090000152588	0.044866681098938	0.11001196503639	65.000000000000	0.00000000000000
25.100000381470	0.045919012278318	0.11173810809851	65.000000000000	0.00000000000000
25.110000610352	0.046976801007986	0.11345684528351	65.000000000000	0.00000000000000
25.120000839233	0.048039995133877	0.11516815423965	65.000000000000	0.00000000000000
25.129999160767	0.049108538776636	0.11687202006578	65.000000000000	0.00000000000000
25.139999389648	0.050182357430458	0.11856845021248	65.000000000000	0.00000000000000
25.149999618530	0.051261395215988	0.12025742232800	65.000000000000	0.00000000000000
25.159999847412	0.052345566451550	0.12193890661001	65.000000000000	0.00000000000000
25.170000076294	0.053434900939465	0.12361292541027	65.000000000000	0.00000000000000
25.180000305176	0.054529245942831	0.12527945637703	65.000000000000	0.00000000000000
25.190000534058	0.055628620088100	0.12693844735622	65.000000000000	0.00000000000000
25.200000762939	0.056732863187790	0.12858997285366	65.000000000000	0.00000000000000
25.209999084473	0.057841997593641	0.13023394346237	65.000000000000	0.00000000000000
25.219999313354	0.058955963701010	0.13187040388584	65.000000000000	0.00000000000000
25.229999542236	0.060074679553509	0.13349930942059	65.000000000000	0.00000000000000
25.239999771118	0.061198111623526	0.13512066006660	65.000000000000	0.00000000000000
25.250000000000	0.062326122075319	0.13673450052738	65.000000000000	0.00000000000000
25.260000228882	0.063458785414696	0.13834075629711	65.000000000000	0.00000000000000
25.270000457764	0.064595967531204	0.13993944227695	65.000000000000	0.00000000000000
25.280000686646	0.065737590193748	0.14153055846691	65.000000000000	0.00000000000000
25.290000915527	0.066883645951748	0.14311408996582	65.000000000000	0.00000000000000
25.299999237061	0.068034045398235	0.14469006657600	65.000000000000	0.00000000000000
25.309999465942	0.069188743829727	0.14625842869282	65.000000000000	0.00000000000000
25.319999694824	0.070347711443901	0.14781922101974	65.000000000000	0.00000000000000
25.329999923706	0.071510858833790	0.14937241375446	65.000000000000	0.00000000000000
25.340000152588	0.072678081691265	0.15091800689697	65.000000000000	0.00000000000000
25.350000381470	0.073849439620972	0.15245601534843	65.000000000000	0.00000000000000
25.360000610352	0.075024835765362	0.15398639440536	65.000000000000	0.00000000000000
25.370000839233	0.076204150915146	0.15550918877125	65.000000000000	0.00000000000000
25.379999160767	0.077387392520905	0.15702436864376	65.000000000000	0.00000000000000
25.389999389648	0.078574448823929	0.15853196382523	65.000000000000	0.00000000000000
25.399999618530	0.079765386879444	0.16003194451332	65.000000000000	0.00000000000000
25.409999847412	0.080960005521774	0.16152432560921	65.000000000000	0.00000000000000
25.420000076294	0.082158394157887	0.16300909221172	65.000000000000	0.00000000000000
25.430000305176	0.083360344171524	0.16448625922203	65.000000000000	0.00000000000000
25.440000534058	0.084565915167332	0.16595581173897	65.000000000000	0.00000000000000
25.450000762939	0.085774987936020	0.16741777956486	65.000000000000	0.00000000000000
25.459999084473	0.086987525224686	0.16887214779854	65.000000000000	0.00000000000000
25.469999313354	0.088203534483910	0.17031890153885	65.000000000000	0.00000000000000
25.479999542236	0.089422896504402	0.17175807058811	65.000000000000	0.00000000000000
25.489999771118	0.090645581483841	0.17318964004517	65.000000000000	0.00000000000000
25.500000000000	0.091871552169323	0.17461363971233	65.000000000000	0.00000000000000
25.510000228882	0.093100681900978	0.17603003978729	65.000000000000	0.00000000000000
25.520000457764	0.094333007931709	0.17743885517120	65.000000000000	0.00000000000000
25.530000686646	0.095568425953388	0.17884010076523	65.000000000000	0.00000000000000
25.540000915527	0.096806891262531	0.18023379147053	65.000000000000	0.00000000000000
25.549999237061	0.098048418760300	0.18161991238594	65.000000000000	0.00000000000000
25.559999465942	0.099292881786823	0.18299846351147	65.000000000000	0.00000000000000
25.569999694824	0.10054022073746	0.18436945974827	65.000000000000	0.00000000000000
25.579999923706	0.10179041326046	0.18573293089867	65.000000000000	0.00000000000000
25.590000152588	0.10304342210293	0.18708883225918	65.000000000000	0.00000000000000
25.600000381470	0.10429920256138	0.18843720853329	65.000000000000	0.00000000000000
25.610000610352	0.10555767267942	0.18977805972099	65.000000000000	0.00000000000000
25.620000839233	0.10681881755590	0.19111140072346	65.000000000000	0.00000000000000
25.629999160767	0.10808253288269	0.19243723154068	65.000000000000	0.00000000000000
25.639999389648	0.10934878885746	0.19375555217266	65.000000000000	0.00000000000000
25.649999618530	0.11061759293079	0.19506637752056	65.000000000000	0.00000000000000
25.659999847412	0.11188881099224	0.19636972248554	65.000000000000	0.00000000000000
25.670000076294	0.11316253989935	0.19766558706760	65.000000000000	0.00000000000000
25.680000305176	0.11443851143122	0.19895400106907	65.000000000000	0.00000000000000
25.690000534058	0.11571687459946	0.20023493468761	65.000000000000	0.00000000000000
25.700000762939	0.11699747294188	0.20150844752789	65.000000000000	0.00000000000000
25.709999084473	0.11828032135963	0.20277452468872	65.000000000000	0.00000000000000
25.719999313354	0.11956529319286	0.20403315126896	65.000000000000	0.00000000000000
25.729999542236	0.12085240334272	0.20528438687325	65.000000000000	0.00000000000000
25.739999771118	0.12214161455631	0.20652820169926	65.000000000000	0.00000000000000
25.750000000000	0.12343285232782	0.20776465535164	65.000000000000	0.00000000000000
25.760000228882	0.12472608685493	0.20899370312691	65.000000000000	0.00000000000000
25.770000457764	0.12602123618126	0.21021538972855	65.000000000000	0.00000000000000
25.780000686646	0.12731829285622	0.21142973005772	65.000000000000	0.00000000000000
25.790000915527	0.12861727178097	0.21263672411442	65.000000000000	0.00000000000000
25.799999237061	0.12991796433926	0.21383640170097	65.000000000000	0.00000000000000
25.809999465942	0.13122047483921	0.21502874791622	65.000000000000	0.00000000000000
25.819999694824	0.13252471387386	0.21621376276016	65.000000000000	0.00000000000000
25.829999923706	0.13383056223392	0.21739153563976	65.000000000000	0.00000000000000
25.840000152588	0.13513796031475	0.21856209635735	65.000000000000	0.00000000000000
25.850000381470	0.13644707202911	0.21972532570362	65.000000000000	0.00000000000000
25.860000610352	0.13775768876076	0.22088129818439	65.000000000000	0.00000000000000
25.870000839233	0.13906984031200	0.22203005850315	65.000000000000	0.00000000000000
25.879999160767	0.14038352668285	0.22317153215408	65.000000000000	0.00000000000000
25.889999389648	0.14169839024544	0.22430594265461	65.000000000000	0.00000000000000
25.899999618530	0.14301493763924	0.22543299198151	65.000000000000	0.00000000000000
25.909999847412	0.14433255791664	0.22655305266380	65.000000000000	0.00000000000000
25.920000076294	0.14565153419971	0.22766588628292	65.000000000000	0.00000000000000
25.930000305176	0.14697191119194	0.22877144813538	65.000000000000	0.00000000000000
25.940000534058	0.14829336106777	0.22987005114555	65.000000000000	0.00000000000000
25.950000762939	0.14961588382721	0.23096159100533	65.000000000000	0.00000000000000
25.959999084473	0.15093970298767	0.23204593360424	65.000000000000	0.00000000000000
25.969999313354	0.15226452052593	0.23312322795391	65.000000000000	0.00000000000000
25.979999542236	0.15359053015709	0.23419339954853	65.000000000000	0.00000000000000
25.989999771118	0.15491734445095	0.23525667190552	65.000000000000	0.00000000000000
26.000000000000	0.15624524652958	0.23631282150745	65.000000000000	0.00000000000000
26.010000228882	0.15757398307323	0.23736205697060	65.000000000000	0.00000000000000
26.020000457764	0.15890383720398	0.23840416967869	65.000000000000	0.00000000000000
26.030000686646	0.16023430228233	0.23943944275379	65.000000000000	0.00000000000000
26.040000915527	0.16156569123268	0.24046769738197	65.000000000000	0.00000000000000
26.049999237061	0.16289785504341	0.24148905277252	65.000000000000	0.00000000000000
26.059999465942	0.16423071920872	0.24250350892544	65.000000000000	0.00000000000000
26.069999694824	0.16556440293789	0.24351102113724	65.000000000000	0.00000000000000
26.079999923706	0.16689856350422	0.24451169371605	65.000000000000	0.00000000000000
26.090000152588	0.16823346912861	0.24550551176071	65.000000000000	0.00000000000000
26.100000381470	0.16956891119480	0.24649253487587	65.000000000000	0.00000000000000
26.110000610352	0.17090496420860	0.24747267365456	65.000000000000	0.00000000000000
26.120000839233	0.17224149405956	0.24844604730606	65.000000000000	0.00000000000000
26.129999160767	0.17357857525349	0.24941262602806	65.000000000000	0.00000000000000
26.139999389648	0.17491602897644	0.25037243962288	65.000000000000	0.00000000000000
26.149999618530	0.17625397443771	0.25132554769516	65.000000000000	0.00000000000000
26.159999847412	0.17759221792221	0.25227195024490	65.000000000000	0.00000000000000
26.170000076294	0.17893083393574	0.25321161746979	65.000000000000	0.00000000000000
26.180000305176	0.18026992678642	0.25414451956749	65.000000000000	0.00000000000000
26.190000534058	0.18160906434059	0.25507089495659	65.000000000000	0.00000000000000
26.200000762939	0.18294849991798	0.25599062442780	65.000000000000	0.00000000000000
26.209999084473	0.18428815901279	0.25690367817879	65.000000000000	0.00000000000000
26.219999313354	0.18562802672386	0.25781020522118	65.000000000000	0.00000000000000
26.229999542236	0.18696805834770	0.25871008634567	65.000000000000	0.00000000000000
26.239999771118	0.18830813467503	0.25960347056389	65.000000000000	0.00000000000000
26.250000000000	0.18964831531048	0.26049029827118	65.000000000000	0.00000000000000
26.260000228882	0.19098857045174	0.26137059926987	65.000000000000	0.00000000000000
26.270000457764	0.19232882559299	0.26224446296692	65.000000000000	0.00000000000000
26.280000686646	0.19366903603077	0.26311179995537	65.000000000000	0.00000000000000
26.290000915527	0.19500926136971	0.26397272944450	65.000000000000	0.00000000000000
26.299999237061	0.19634942710400	0.26482725143433	65.000000000000	0.00000000000000
26.309999465942	0.19768941402435	0.26567533612251	65.000000000000	0.00000000000000
26.319999694824	0.19902932643890	0.26651704311371	65.000000000000	0.00000000000000
26.329999923706	0.20036906003952	0.26735240221024	65.000000000000	0.00000000000000
26.340000152588	0.20170855522156	0.26818141341209	65.000000000000	0.00000000000000
26.350000381470	0.20304787158966	0.26900410652161	65.000000000000	0.00000000000000
26.360000610352	0.20438693463802	0.26982051134109	65.000000000000	0.00000000000000
26.370000839233	0.20572565495968	0.27063065767288	65.000000000000	0.00000000000000
26.379999160767	0.20706404745579	0.27143454551697	65.000000000000	0.00000000000000
26.389999389648	0.20840217173100	0.27223220467567	65.000000000000	0.00000000000000
26.399999618530	0.20973993837833	0.27302369475365	65.000000000000	0.00000000000000
26.409999847412	0.21107724308968	0.27380895614624	65.000000000000	0.00000000000000
26.420000076294	0.21241413056850	0.27458807826042	65.000000000000	0.00000000000000
26.430000305176	0.21375058591366	0.27536109089851	65.000000000000	0.00000000000000
26.440000534058	0.21508660912514	0.27612799406052	65.000000000000	0.00000000000000
26.450000762939	0.21642206609249	0.27688878774643	65.000000000000	0.00000000000000
26.459999084473	0.21775703132153	0.27764350175858	65.000000000000	0.00000000000000
26.469999313354	0.21909137070179	0.27839222550392	65.000000000000	0.00000000000000
26.479999542236	0.22042517364025	0.27913486957550	65.000000000000	0.00000000000000
26.489999771118	0.22175838053226	0.27987152338028	65.000000000000	0.00000000000000
26.500000000000	0.22309091687202	0.28060224652290	65.000000000000	0.00000000000000
26.510000228882	0.22442278265953	0.28132697939873	65.000000000000	0.00000000000000
26.520000457764	0.22575402259827	0.28204584121704	65.000000000000	0.00000000000000
26.530000686646	0.22708453238010	0.28275877237320	65.000000000000	0.00000000000000
26.540000915527	0.22841426730156	0.28346583247185	65.000000000000	0.00000000000000
26.549999237061	0.22974331676960	0.28416699171066	65.000000000000	0.00000000000000
26.559999465942	0.23107156157494	0.28486233949661	65.000000000000	0.00000000000000
26.569999694824	0.23239892721176	0.28555190563202	65.000000000000	0.00000000000000
26.579999923706	0.23372550308704	0.28623569011688	65.000000000000	0.00000000000000
26.590000152588	0.23505122959614	0.28691369295120	65.000000000000	0.00000000000000
26.600000381470	0.23637607693672	0.28758594393730	65.000000000000	0.00000000000000
26.610000610352	0.23769997060299	0.28825250267982	65.000000000000	0.00000000000000
26.620000839233	0.23902302980423	0.28891336917877	65.000000000000	0.00000000000000
26.629999160767	0.24034513533115	0.28956857323647	65.000000000000	0.00000000000000
26.639999389648	0.24166621267796	0.29021811485291	65.000000000000	0.00000000000000
26.649999618530	0.24298627674580	0.29086205363274	65.000000000000	0.00000000000000
26.659999847412	0.24430547654629	0.29150035977364	65.000000000000	0.00000000000000
26.670000076294	0.24562349915504	0.29213315248489	65.000000000000	0.00000000000000
26.680000305176	0.24694058299065	0.29276034235954	65.000000000000	0.00000000000000
26.690000534058	0.24825650453568	0.29338204860687	65.000000000000	0.00000000000000
26.700000762939	0.24957132339478	0.29399827122688	65.000000000000	0.00000000000000
26.709999084473	0.25088509917259	0.29460898041725	65.000000000000	0.00000000000000
26.719999313354	0.25219768285751	0.29521423578262	65.000000000000	0.00000000000000
26.729999542236	0.25350916385651	0.29581409692764	65.000000000000	0.00000000000000
26.739999771118	0.25481942296028	0.29640853404999	65.000000000000	0.00000000000000
26.750000000000	0.25612854957581	0.29699757695198	65.000000000000	0.00000000000000
26.760000228882	0.25743639469147	0.29758128523827	65.000000000000	0.00000000000000
26.770000457764	0.25874295830727	0.29815962910652	65.000000000000	0.00000000000000
26.780000686646	0.26004844903946	0.29873269796371	65.000000000000	0.00000000000000
26.790000915527	0.26135253906250	0.29930046200752	65.000000000000	0.00000000000000
26.799999237061	0.26265534758568	0.29986298084259	65.000000000000	0.00000000000000
26.809999465942	0.26395690441132	0.30042028427124	65.000000000000	0.00000000000000
26.819999694824	0.26525709033012	0.30097234249115	65.000000000000	0.00000000000000
26.829999923706	0.26655596494675	0.30151921510696	65.000000000000	0.00000000000000
26.840000152588	0.26785337924957	0.30206090211868	65.000000000000	0.00000000000000
26.850000381470	0.26914957165718	0.30259749293327	65.000000000000	0.00000000000000
26.860000610352	0.27044430375099	0.30312892794609	65.000000000000	0.00000000000000
26.870000839233	0.27173766493797	0.30365526676178	65.000000000000	0.00000000000000
26.879999160767	0.27302947640419	0.30417656898499	65.000000000000	0.00000000000000
26.889999389648	0.27431997656822	0.30469280481339	65.000000000000	0.00000000000000
26.899999618530	0.27560898661613	0.30520400404930	65.000000000000	0.00000000000000
26.909999847412	0.27689647674561	0.30571022629738	65.000000000000	0.00000000000000
26.920000076294	0.27818241715431	0.30621147155762	65.000000000000	0.00000000000000
26.930000305176	0.27946698665619	0.30670776963234	65.000000000000	0.00000000000000
26.940000534058	0.28074997663498	0.30719912052155	65.000000000000	0.00000000000000
26.950000762939	0.28203141689301	0.30768558382988	65.000000000000	0.00000000000000
26.959999084473	0.28331133723259	0.30816718935966	65.000000000000	0.00000000000000
26.969999313354	0.28458970785141	0.30864390730858	65.000000000000	0.00000000000000
26.979999542236	0.28586646914482	0.30911579728127	65.000000000000	0.00000000000000
26.989999771118	0.28714159131050	0.30958288908005	65.000000000000	0.00000000000000
27.000000000000	0.28841516375542	0.31004521250725	65.000000000000	0.00000000000000
27.010000228882	0.28968706727028	0.31050270795822	65.000000000000	0.00000000000000
27.020000457764	0.29095736145973	0.31095552444458	65.000000000000	0.00000000000000
27.030000686646	0.29222601652145	0.31140357255936	65.000000000000	0.00000000000000
27.040000915527	0.29349300265312	0.31184703111649	65.000000000000	0.00000000000000
27.049999237061	0.29475829005241	0.31228572130203	65.000000000000	0.00000000000000
27.059999465942	0.29602184891701	0.31271979212761	65.000000000000	0.00000000000000
27.069999694824	0.29728376865387	0.31314924359322	65.000000000000	0.00000000000000
27.079999923706	0.29854393005371	0.31357410550117	65.000000000000	0.00000000000000
27.090000152588	0.29980239272118	0.31399437785149	65.000000000000	0.00000000000000
27.100000381470	0.30105915665627	0.31441009044647	65.000000000000	0.00000000000000
27.110000610352	0.30231407284737	0.31482133269310	65.000000000000	0.00000000000000
27.120000839233	0.30356720089912	0.31522801518440	65.000000000000	0.00000000000000
27.129999160767	0.30481868982315	0.31563025712967	65.000000000000	0.00000000000000
27.139999389648	0.30606827139854	0.31602799892426	65.000000000000	0.00000000000000
27.149999618530	0.30731606483459	0.31642130017281	65.000000000000	0.00000000000000
27.159999847412	0.30856212973595	0.31681022047997	65.000000000000	0.00000000000000
27.170000076294	0.30980634689331	0.31719473004341	65.000000000000	0.00000000000000
27.180000305176	0.31104871630669	0.31757485866547	65.000000000000	0.00000000000000
27.190000534058	0.31228917837143	0.31795066595078	65.000000000000	0.00000000000000
27.200000762939	0.31352782249451	0.31832215189934	65.000000000000	0.00000000000000
27.209999084473	0.31476467847824	0.31868934631348	65.000000000000	0.00000000000000
27.219999313354	0.31599953770638	0.31905221939087	65.000000000000	0.00000000000000
27.229999542236	0.31723257899284	0.31941086053848	65.000000000000	0.00000000000000
27.239999771118	0.31846368312836	0.31976526975632	65.000000000000	0.00000000000000
27.250000000000	0.31969296932220	0.32011547684669	65.000000000000	0.00000000000000
27.260000228882	0.32092028856277	0.32046148180962	65.000000000000	0.00000000000000
27.270000457764	0.32214561104774	0.32080334424973	65.000000000000	0.00000000000000
27.280000686646	0.32336917519569	0.32114106416702	65.000000000000	0.00000000000000
27.290000915527	0.32459065318108	0.32147464156151	65.000000000000	0.00000000000000
27.299999237061	0.32581022381783	0.32180416584015	65.000000000000	0.00000000000000
27.309999465942	0.32702782750130	0.32212954759598	65.000000000000	0.00000000000000
27.319999694824	0.32824346423149	0.32245090603828	65.000000000000	0.00000000000000
27.329999923706	0.32945713400841	0.32276824116707	65.000000000000	0.00000000000000
27.340000152588	0.33066883683205	0.32308158278465	65.000000000000	0.00000000000000
27.350000381470	0.33187845349312	0.32339087128639	65.000000000000	0.00000000000000
27.360000610352	0.33308616280556	0.32369625568390	65.000000000000	0.00000000000000
27.370000839233	0.33429181575775	0.32399767637253	65.000000000000	0.00000000000000
27.379999160767	0.33549550175667	0.32429513335228	65.000000000000	0.00000000000000
27.389999389648	0.33669707179070	0.32458871603012	65.000000000000	0.00000000000000
27.399999618530	0.33789673447609	0.32487845420837	65.000000000000	0.00000000000000
27.409999847412	0.33909434080124	0.32516428828239	65.000000000000	0.00000000000000
27.420000076294	0.34028983116150	0.32544633746147	65.000000000000	0.00000000000000
27.430000305176	0.34148323535919	0.32572454214096	65.000000000000	0.00000000000000
27.440000534058	0.34267470240593	0.32599893212318	65.000000000000	0.00000000000000
27.450000762939	0.34386405348778	0.32626956701279	65.000000000000	0.00000000000000
27.459999084473	0.34505125880241	0.32653650641441	65.000000000000	0.00000000000000
27.469999313354	0.34623646736145	0.32679960131645	65.000000000000	0.00000000000000
27.479999542236	0.34741958975792	0.32705909013748	65.000000000000	0.00000000000000
27.489999771118	0.34860056638718	0.32731479406357	65.000000000000	0.00000000000000
27.500000000000	0.34977951645851	0.32756689190865	65.000000000000	0.00000000000000
27.510000228882	0.35095626115799	0.32781535387039	65.000000000000	0.00000000000000
27.520000457764	0.35213097929955	0.32806017994881	65.000000000000	0.00000000000000
27.530000686646	0.35330358147621	0.32830137014389	65.000000000000	0.00000000000000
27.540000915527	0.35447409749031	0.32853898406029	65.000000000000	0.00000000000000
27.549999237061	0.35564237833023	0.32877305150032	65.000000000000	0.00000000000000
27.559999465942	0.35680857300758	0.32900357246399	65.000000000000	0.00000000000000
27.569999694824	0.35797265172005	0.32923057675362	65.000000000000	0.00000000000000
27.579999923706	0.35913458466530	0.32945403456688	65.000000000000	0.00000000000000
27.590000152588	0.36029437184334	0.32967403531075	65.000000000000	0.00000000000000
27.600000381470	0.36145201325417	0.32989057898521	65.000000000000	0.00000000000000
27.610000610352	0.36260744929314	0.33010369539261	65.000000000000	0.00000000000000
27.620000839233	0.36376079916954	0.33031335473061	65.000000000000	0.00000000000000
27.629999160767	0.36491197347641	0.33051961660385	65.000000000000	0.00000000000000
27.639999389648	0.36606091260910	0.33072254061699	65.000000000000	0.00000000000000
27.649999618530	0.36720773577690	0.33092203736305	65.000000000000	0.00000000000000
27.659999847412	0.36835238337517	0.33111825585365	65.000000000000	0.00000000000000
27.670000076294	0.36949476599693	0.33131110668182	65.000000000000	0.00000000000000
27.680000305176	0.37063509225845	0.33150067925453	65.000000000000	0.00000000000000
27.690000534058	0.37177321314812	0.33168694376945	65.000000000000	0.00000000000000
27.700000762939	0.37290906906128	0.33186993002892	65.000000000000	0.00000000000000
27.709999084473	0.37404274940491	0.33204966783524	65.000000000000	0.00000000000000
27.719999313354	0.37517425417900	0.33222627639771	65.000000000000	0.00000000000000
27.729999542236	0.37630352377892	0.33239957690239	65.000000000000	0.00000000000000
27.739999771118	0.37743055820465	0.33256968855858	65.000000000000	0.00000000000000
27.750000000000	0.37855550646782	0.33273667097092	65.000000000000	0.00000000000000
27.760000228882	0.37967813014984	0.33290046453476	65.000000000000	0.00000000000000
27.770000457764	0.38079863786697	0.33306118845940	65.000000000000	0.00000000000000
27.780000686646	0.38191685080528	0.33321878314018	65.000000000000	0.00000000000000
27.790000915527	0.38303282856941	0.33337321877480	65.000000000000	0.00000000000000
27.799999237061	0.38414666056633	0.33352467417717	65.000000000000	0.00000000000000
27.809999465942	0.38525819778442	0.33367303013802	65.000000000000	0.00000000000000
27.819999694824	0.38636755943298	0.33381831645966	65.000000000000	0.00000000000000
27.829999923706	0.38747468590736	0.33396065235138	65.000000000000	0.00000000000000
27.840000152588	0.38857954740524	0.33409994840622	65.000000000000	0.00000000000000
27.850000381470	0.38968220353127	0.33423623442650	65.000000000000	0.00000000000000
27.860000610352	0.39078259468079	0.33436957001686	65.000000000000	0.00000000000000
27.870000839233	0.39188075065613	0.33449998497963	65.000000000000	0.00000000000000
27.879999160767	0.39297667145729	0.33462744951248	65.000000000000	0.00000000000000
27.889999389648	0.39407035708427	0.33475205302238	65.000000000000	0.00000000000000
27.899999618530	0.39516183733940	0.33487370610237	65.000000000000	0.00000000000000
27.909999847412	0.39625102281570	0.33499249815941	65.000000000000	0.00000000000000
27.920000076294	0.39733803272247	0.33510839939117	65.000000000000	0.00000000000000
27.930000305176	0.39842265844345	0.33522155880928	65.000000000000	0.00000000000000
27.940000534058	0.39950519800186	0.33533182740211	65.000000000000	0.00000000000000
27.950000762939	0.40058538317680	0.33543929457664	65.000000000000	0.00000000000000
27.959999084473	0.40166330337524	0.33554393053055	65.000000000000	0.00000000000000
27.969999313354	0.40273901820183	0.33564588427544	65.000000000000	0.00000000000000
27.979999542236	0.40381252765656	0.33574506640434	65.000000000000	0.00000000000000
27.989999771118	0.40488371253014	0.33584147691727	65.000000000000	0.00000000000000
28.000000000000	0.40595266222954	0.33593520522118	65.000000000000	0.00000000000000
28.010000228882	0.40701940655708	0.33602622151375	65.000000000000	0.00000000000000
28.020000457764	0.40808388590813	0.33611452579498	65.000000000000	0.00000000000000
28.030000686646	0.40914598107338	0.33620023727417	65.000000000000	0.00000000000000
28.040000915527	0.41020590066910	0.33628323674202	65.000000000000	0.00000000000000
28.049999237061	0.41126355528831	0.33636355400085	65.000000000000	0.00000000000000
28.059999465942	0.41231903433800	0.33644136786461	65.000000000000	0.00000000000000
28.069999694824	0.41337218880653	0.33651655912399	65.000000000000	0.00000000000000
28.079999923706	0.41442304849625	0.33658906817436	65.000000000000	0.00000000000000
28.090000152588	0.41547170281410	0.33665910363197	65.000000000000	0.00000000000000
28.100000381470	0.41651803255081	0.33672657608986	65.000000000000	0.00000000000000
28.110000610352	0.41756221652031	0.33679148554802	65.000000000000	0.00000000000000
28.120000839233	0.41860410571098	0.33685392141342	65.000000000000	0.00000000000000
28.129999160767	0.41964370012283	0.33691382408142	65.000000000000	0.00000000000000
28.139999389648	0.42068102955818	0.33697119355202	65.000000000000	0.00000000000000
28.149999618530	0.42171618342400	0.33702617883682	65.000000000000	0.00000000000000
28.159999847412	0.42274889349937	0.33707866072655	65.000000000000	0.00000000000000
28.170000076294	0.42377951741219	0.33712866902351	65.000000000000	0.00000000000000
28.180000305176	0.42480781674385	0.33717635273933	65.000000000000	0.00000000000000
28.190000534058	0.42583400011063	0.33722153306007	65.000000000000	0.00000000000000
28.200000762939	0.42685770988464	0.33726438879967	65.000000000000	0.00000000000000
28.209999084473	0.42787924408913	0.33730483055115	65.000000000000	0.00000000000000
28.219999313354	0.42889851331711	0.33734288811684	65.000000000000	0.00000000000000
28.229999542236	0.42991569638252	0.33737865090370	65.000000000000	0.00000000000000
28.239999771118	0.43093043565750	0.33741211891174	65.000000000000	0.00000000000000
28.250000000000	0.43194302916527	0.33744320273399	65.000000000000	0.00000000000000
28.260000228882	0.43295326828957	0.33747199177742	65.000000000000	0.00000000000000
28.270000457764	0.43396133184433	0.33749848604202	65.000000000000	0.00000000000000
28.280000686646	0.43496713042259	0.33752277493477	65.000000000000	0.00000000000000
28.290000915527	0.43597066402435	0.33754473924637	65.000000000000	0.00000000000000
28.299999237061	0.43697199225426	0.33756449818611	65.000000000000	0.00000000000000
28.309999465942	0.43797105550766	0.33758199214935	65.000000000000	0.00000000000000
28.319999694824	0.43896794319153	0.33759734034538	65.000000000000	0.00000000000000
28.329999923706	0.43996247649193	0.33761045336723	65.000000000000	0.00000000000000
28.340000152588	0.44095483422279	0.33762133121490	65.000000000000	0.00000000000000
28.350000381470	0.44194492697716	0.33763009309769	65.000000000000	0.00000000000000
28.360000610352	0.44293284416199	0.33763673901558	65.000000000000	0.00000000000000
28.370000839233	0.44391840696335	0.33764117956161	65.000000000000	0.00000000000000
28.379999160767	0.44490182399750	0.33764353394508	65.000000000000	0.00000000000000
28.389999389648	0.44588297605515	0.33764377236366	65.000000000000	0.00000000000000
28.399999618530	0.44686195254326	0.33764192461967	65.000000000000	0.00000000000000
28.409999847412	0.44783866405487	0.33763796091080	65.000000000000	0.00000000000000
28.420000076294	0.44881314039230	0.33763194084167	65.000000000000	0.00000000000000
28.430000305176	0.44978541135788	0.33762386441231	65.000000000000	0.00000000000000
28.440000534058	0.45075541734695	0.33761376142502	65.000000000000	0.00000000000000
28.450000762939	0.45172318816185	0.33760160207748	65.000000000000	0.00000000000000
28.459999084473	0.45268878340721	0.33758741617203	65.000000000000	0.00000000000000
28.469999313354	0.45365217328072	0.33757132291794	65.000000000000	0.00000000000000
28.479999542236	0.45461329817772	0.33755311369896	65.000000000000	0.00000000000000
28.489999771118	0.45557221770287	0.33753305673599	65.000000000000	0.00000000000000
28.500000000000	0.45652899146080	0.33751097321510	65.000000000000	0.00000000000000
28.510000228882	0.45748353004456	0.33748692274094	65.000000000000	0.00000000000000
28.520000457764	0.45843589305878	0.33746096491814	65.000000000000	0.00000000000000
28.530000686646	0.45938602089882	0.33743309974670	65.000000000000	0.00000000000000
28.540000915527	0.46033388376236	0.33740326762199	65.000000000000	0.00000000000000
28.549999237061	0.46127966046333	0.33737158775330	65.000000000000	0.00000000000000
28.559999465942	0.46222311258316	0.33733803033829	65.000000000000	0.00000000000000
28.569999694824	0.46316447854042	0.33730259537697	65.000000000000	0.00000000000000
28.579999923706	0.46410357952118	0.33726534247398	65.000000000000	0.00000000000000
28.590000152588	0.46504053473473	0.33722618222237	65.000000000000	0.00000000000000
28.600000381470	0.46597525477409	0.33718529343605	65.000000000000	0.00000000000000
28.610000610352	0.46690800786018	0.33714231848717	65.000000000000	0.00000000000000
28.620000839233	0.46783831715584	0.33709782361984	65.000000000000	0.00000000000000
28.629999160767	0.46876657009125	0.33705133199692	65.000000000000	0.00000000000000
28.639999389648	0.46969243884087	0.33700340986252	65.000000000000	0.00000000000000
28.649999618530	0.47061637043953	0.33695331215858	65.000000000000	0.00000000000000
28.659999847412	0.47153812646866	0.33690157532692	65.000000000000	0.00000000000000
28.670000076294	0.47245761752129	0.33684816956520	65.000000000000	0.00000000000000
28.680000305176	0.47337499260902	0.33679291605949	65.000000000000	0.00000000000000
28.690000534058	0.47429004311562	0.33673623204231	65.000000000000	0.00000000000000
28.700000762939	0.47520318627357	0.33667749166489	65.000000000000	0.00000000000000
28.709999084473	0.47611403465271	0.33661717176437	65.000000000000	0.00000000000000
28.719999313354	0.47702276706696	0.33655527234077	65.000000000000	0.00000000000000
28.729999542236	0.47792932391167	0.33649155497551	65.000000000000	0.00000000000000
28.739999771118	0.47883382439613	0.33642604947090	65.000000000000	0.00000000000000
28.750000000000	0.47973617911339	0.33635905385017	65.000000000000	0.00000000000000
28.760000228882	0.48063609004021	0.33629071712494	65.000000000000	0.00000000000000
28.770000457764	0.48153409361839	0.33622041344643	65.000000000000	0.00000000000000
28.780000686646	0.48243007063866	0.33614841103554	65.000000000000	0.00000000000000
28.790000915527	0.48332381248474	0.33607491850853	65.000000000000	0.00000000000000
28.799999237061	0.48421531915665	0.33599996566772	65.000000000000	0.00000000000000
28.809999465942	0.48510479927063	0.33592331409454	65.000000000000	0.00000000000000
28.819999694824	0.48599219322205	0.33584505319595	65.000000000000	0.00000000000000
28.829999923706	0.48687741160393	0.33576533198357	65.000000000000	0.00000000000000
28.840000152588	0.48776054382324	0.33568397164345	65.000000000000	0.00000000000000
28.850000381470	0.48864161968231	0.33560097217560	65.000000000000	0.00000000000000
28.860000610352	0.48952028155327	0.33551681041718	65.000000000000	0.00000000000000
28.870000839233	0.49039721488953	0.33543071150780	65.000000000000	0.00000000000000
28.879999160767	0.49127188324928	0.33534327149391	65.000000000000	0.00000000000000
28.889999389648	0.49214443564415	0.33525443077087	65.000000000000	0.00000000000000
28.899999618530	0.49301487207413	0.33516398072243	65.000000000000	0.00000000000000
28.909999847412	0.49388328194618	0.33507210016251	65.000000000000	0.00000000000000
28.920000076294	0.49474963545799	0.33497875928879	65.000000000000	0.00000000000000
28.930000305176	0.49561381340027	0.33488395810127	65.000000000000	0.00000000000000
28.940000534058	0.49647593498230	0.33478778600693	65.000000000000	0.00000000000000
28.950000762939	0.49733600020409	0.33469003438950	65.000000000000	0.00000000000000
28.959999084473	0.49819400906563	0.33459100127220	65.000000000000	0.00000000000000
28.969999313354	0.49904993176460	0.33449050784111	65.000000000000	0.00000000000000
28.979999542236	0.49990367889404	0.33438858389854	65.000000000000	0.00000000000000
28.989999771118	0.50075542926788	0.33428525924683	65.000000000000	0.00000000000000
29.000000000000	0.50160515308380	0.33418059349060	65.000000000000	0.00000000000000
29.010000228882	0.50245285034180	0.33407452702522	65.000000000000	0.00000000000000
29.020000457764	0.50329840183258	0.33396711945534	65.000000000000	0.00000000000000
29.030000686646	0.50414198637009	0.33385834097862	65.000000000000	0.00000000000000
29.040000915527	0.50498342514038	0.33374825119972	65.000000000000	0.00000000000000
29.049999237061	0.50582295656204	0.33363679051399	65.000000000000	0.00000000000000
29.059999465942	0.50666034221649	0.33352401852608	65.000000000000	0.00000000000000
29.069999694824	0.50749576091766	0.33340996503830	65.000000000000	0.00000000000000
29.079999923706	0.50832903385162	0.33329454064369	65.000000000000	0.00000000000000
29.090000152588	0.50916039943695	0.33317792415619	65.000000000000	0.00000000000000
29.100000381470	0.50998955965042	0.33305990695953	65.000000000000	0.00000000000000
29.110000610352	0.51081687211990	0.33294066786766	65.000000000000	0.00000000000000
29.120000839233	0.51164215803146	0.33282017707825	65.000000000000	0.00000000000000
29.129999160767	0.51246547698975	0.33269840478897	65.000000000000	0.00000000000000
29.139999389648	0.51328665018082	0.33257541060448	65.000000000000	0.00000000000000
29.149999618530	0.51410585641861	0.33245113492012	65.000000000000	0.00000000000000
29.159999847412	0.51492303609848	0.33232566714287	65.000000000000	0.00000000000000
29.170000076294	0.51573824882507	0.33219900727272	65.000000000000	0.00000000000000
29.180000305176	0.51655149459839	0.33207109570503	65.000000000000	0.00000000000000
29.190000534058	0.51736271381378	0.33194196224213	65.000000000000	0.00000000000000
29.200000762939	0.51817202568054	0.33181163668633	65.000000000000	0.00000000000000
29.209999084473	0.51897925138474	0.33168017864227	65.000000000000	0.00000000000000
29.219999313354	0.51978451013565	0.33154749870300	65.000000000000	0.00000000000000
29.229999542236	0.52058780193329	0.33141368627548	65.000000000000	0.00000000000000
29.239999771118	0.52138918638229	0.33127865195274	65.000000000000	0.00000000000000
29.250000000000	0.52218848466873	0.33114248514175	65.000000000000	0.00000000000000
29.260000228882	0.52298593521118	0.33100524544716	65.000000000000	0.00000000000000
29.270000457764	0.52378135919571	0.33086681365967	65.000000000000	0.00000000000000
29.280000686646	0.52457487583160	0.33072724938393	65.000000000000	0.00000000000000
29.290000915527	0.52536630630493	0.33058664202690	65.000000000000	0.00000000000000
29.299999237061	0.52615594863892	0.33044484257698	65.000000000000	0.00000000000000
29.309999465942	0.52694356441498	0.33030197024345	65.000000000000	0.00000000000000
29.319999694824	0.52772933244705	0.33015802502632	65.000000000000	0.00000000000000
29.329999923706	0.52851313352585	0.33001297712326	65.000000000000	0.00000000000000
29.340000152588	0.52929490804672	0.32986688613892	65.000000000000	0.00000000000000
29.350000381470	0.53007483482361	0.32971963286400	65.000000000000	0.00000000000000
29.360000610352	0.53085273504257	0.32957145571709	65.000000000000	0.00000000000000
29.370000839233	0.53162884712219	0.32942217588425	65.000000000000	0.00000000000000
29.379999160767	0.53240299224854	0.32927182316780	65.000000000000	0.00000000000000
29.389999389648	0.53317523002625	0.32912042737007	65.000000000000	0.00000000000000
29.399999618530	0.53394556045532	0.32896807789803	65.000000000000	0.00000000000000
29.409999847412	0.53471392393112	0.32881462574005	65.000000000000	0.00000000000000
29.420000076294	0.53548049926758	0.32866019010544	65.000000000000	0.00000000000000
29.430000305176	0.53624504804611	0.32850477099419	65.000000000000	0.00000000000000
29.440000534058	0.53700780868530	0.32834833860397	65.000000000000	0.00000000000000
29.450000762939	0.53776866197586	0.32819095253944	65.000000000000	0.00000000000000
29.459999084473	0.53852766752243	0.32803255319595	65.000000000000	0.00000000000000
29.469999313354	0.53928470611572	0.32787317037582	65.000000000000	0.00000000000000
29.479999542236	0.54003995656967	0.32771286368370	65.000000000000	0.00000000000000
29.489999771118	0.54079324007034	0.32755157351494	65.000000000000	0.00000000000000
29.500000000000	0.54154473543167	0.32738929986954	65.000000000000	0.00000000000000
29.510000228882	0.54229432344437	0.32722616195679	65.000000000000	0.00000000000000
29.520000457764	0.54304206371307	0.32706201076508	65.000000000000	0.00000000000000
29.530000686646	0.54378789663315	0.32689699530602	65.000000000000	0.00000000000000
29.540000915527	0.54453194141388	0.32673102617264	65.000000000000	0.00000000000000
29.549999237061	0.54527407884598	0.32656410336494	65.000000000000	0.00000000000000
29.559999465942	0.54601454734802	0.32639634609222	65.000000000000	0.00000000000000
29.569999694824	0.54675304889679	0.32622763514519	65.000000000000	0.00000000000000
29.579999923706	0.54748964309692	0.32605805993080	65.000000000000	0.00000000000000
29.590000152588	0.54822450876236	0.32588762044907	65.000000000000	0.00000000000000
29.600000381470	0.54895740747452	0.32571625709534	65.000000000000	0.00000000000000
29.610000610352	0.54968863725662	0.32554402947426	65.000000000000	0.00000000000000
29.620000839233	0.55041801929474	0.32537096738815	65.000000000000	0.00000000000000
29.629999160767	0.55114555358887	0.32519701123238	65.000000000000	0.00000000000000
29.639999389648	0.55187135934830	0.32502219080925	65.000000000000	0.00000000000000
29.649999618530	0.55259531736374	0.32484659552574	65.000000000000	0.00000000000000
29.659999847412	0.55331742763519	0.32467010617256	65.000000000000	0.00000000000000
29.670000076294	0.55403769016266	0.32449275255203	65.000000000000	0.00000000000000
29.680000305176	0.55475622415543	0.32431462407112	65.000000000000	0.00000000000000
29.690000534058	0.55547297000885	0.32413572072983	65.000000000000	0.00000000000000
29.700000762939	0.55618786811829	0.32395589351654	65.000000000000	0.00000000000000
29.709999084473	0.55690109729767	0.32377535104752	65.000000000000	0.00000000000000
29.719999313354	0.55761253833771	0.32359400391579	65.000000000000	0.00000000000000
29.729999542236	0.55832213163376	0.32341185212135	65.000000000000	0.00000000000000
29.739999771118	0.55902999639511	0.32322892546654	65.000000000000	0.00000000000000
29.750000000000	0.55973607301712	0.32304516434669	65.000000000000	0.00000000000000
29.760000228882	0.56044042110443	0.32286068797112	65.000000000000	0.00000000000000
29.770000457764	0.56114292144775	0.32267540693283	65.000000000000	0.00000000000000
29.780000686646	0.56184375286102	0.32248941063881	65.000000000000	0.00000000000000
29.790000915527	0.56254279613495	0.32230260968208	65.000000000000	0.00000000000000
29.799999237061	0.56324011087418	0.32211509346962	65.000000000000	0.00000000000000
29.809999465942	0.56393575668335	0.32192683219910	65.000000000000	0.00000000000000
29.819999694824	0.56462955474854	0.32173785567284	65.000000000000	0.00000000000000
29.829999923706	0.56532174348831	0.32154810428619	65.000000000000	0.00000000000000
29.840000152588	0.56601208448410	0.32135763764381	65.000000000000	0.00000000000000
29.850000381470	0.56670069694519	0.32116648554802	65.000000000000	0.00000000000000
29.860000610352	0.56738770008087	0.32097458839417	65.000000000000	0.00000000000000
29.870000839233	0.56807291507721	0.32078197598457	65.000000000000	0.00000000000000
29.879999160767	0.56875634193420	0.32058870792389	65.000000000000	0.00000000000000
29.889999389648	0.56943815946579	0.32039472460747	65.000000000000	0.00000000000000
29.899999618530	0.57011830806732	0.32020002603531	65.000000000000	0.00000000000000
29.909999847412	0.57079666852951	0.32000467181206	65.000000000000	0.00000000000000
29.920000076294	0.57147336006165	0.31980860233307	65.000000000000	0.00000000000000
29.930000305176	0.57214832305908	0.31961190700531	65.000000000000	0.00000000000000
29.940000534058	0.57282167673111	0.31941455602646	65.000000000000	0.00000000000000
29.950000762939	0.57349324226379	0.31921654939651	65.000000000000	0.00000000000000
29.959999084473	0.57416325807571	0.31901785731316	65.000000000000	0.00000000000000
29.969999313354	0.57483154535294	0.31881847977638	65.000000000000	0.00000000000000
29.979999542236	0.57549810409546	0.31861850619316	65.000000000000	0.00000000000000
29.989999771118	0.57616305351257	0.31841787695885	65.000000000000	0.00000000000000
30.000000000000	0.57682633399963	0.31821662187576	65.000000000000	0.00000000000000
30.010000228882	0.57748800516129	0.31801477074623	65.000000000000	0.00000000000000
30.020000457764	0.57814788818359	0.31781226396561	65.000000000000	0.00000000000000
30.030000686646	0.57880616188049	0.31760916113853	65.000000000000	0.00000000000000
30.040000915527	0.57946288585663	0.31740543246269	65.000000000000	0.00000000000000
30.049999237061	0.58011788129807	0.31720107793808	65.000000000000	0.00000000000000
30.059999465942	0.58077126741409	0.31699615716934	65.000000000000	0.00000000000000
30.069999694824	0.58142298460007	0.31679058074951	65.000000000000	0.00000000000000
30.079999923706	0.58207303285599	0.31658446788788	65.000000000000	0.00000000000000
30.090000152588	0.58272159099579	0.31637775897980	65.000000000000	0.00000000000000
30.100000381470	0.58336842060089	0.31617048382759	65.000000000000	0.00000000000000
30.110000610352	0.58401358127594	0.31596261262894	65.000000000000	0.00000000000000
30.120000839233	0.58465725183487	0.31575420498848	65.000000000000	0.00000000000000
30.129999160767	0.58529925346375	0.31554520130157	65.000000000000	0.00000000000000
30.139999389648	0.58593964576721	0.31533563137054	65.000000000000	0.00000000000000
30.149999618530	0.58657842874527	0.31512549519539	65.000000000000	0.00000000000000
30.159999847412	0.58721560239792	0.31491488218307	65.000000000000	0.00000000000000
30.170000076294	0.58785122632980	0.31470364332199	65.000000000000	0.00000000000000
30.180000305176	0.58848524093628	0.31449189782143	65.000000000000	0.00000000000000
30.190000534058	0.58911770582199	0.31427961587906	65.000000000000	0.00000000000000
30.200000762939	0.58974844217300	0.31406679749489	65.000000000000	0.00000000000000
30.209999084473	0.59037780761719	0.31385347247124	65.000000000000	0.00000000000000
30.219999313354	0.59100544452667	0.31363961100578	65.000000000000	0.00000000000000
30.229999542236	0.59163159132004	0.31342524290085	65.000000000000	0.00000000000000
30.239999771118	0.59225606918335	0.31321033835411	65.000000000000	0.00000000000000
30.250000000000	0.59287905693054	0.31299495697021	65.000000000000	0.00000000000000
30.260000228882	0.59350043535233	0.31277903914452	65.000000000000	0.00000000000000
30.270000457764	0.59412032365799	0.31256267428398	65.000000000000	0.00000000000000
30.280000686646	0.59473860263824	0.31234577298164	65.000000000000	0.00000000000000
30.290000915527	0.59535539150238	0.31212839484215	65.000000000000	0.00000000000000
30.299999237061	0.59597057104111	0.31191051006317	65.000000000000	0.00000000000000
30.309999465942	0.59658426046371	0.31169214844704	65.000000000000	0.00000000000000
30.319999694824	0.59719645977020	0.31147336959839	65.000000000000	0.00000000000000
30.329999923706	0.59780699014664	0.31125405430794	65.000000000000	0.00000000000000
30.340000152588	0.59841609001160	0.31103432178497	65.000000000000	0.00000000000000
30.350000381470	0.59902369976044	0.31081405282021	65.000000000000	0.00000000000000
30.360000610352	0.59962970018387	0.31059339642525	65.000000000000	0.00000000000000
30.370000839233	0.60023421049118	0.31037226319313	65.000000000000	0.00000000000000
30.379999160767	0.60083723068237	0.31015071272850	65.000000000000	0.00000000000000
30.389999389648	0.60143870115280	0.30992865562439	65.000000000000	0.00000000000000
30.399999618530	0.60203874111176	0.30970621109009	65.000000000000	0.00000000000000
30.409999847412	0.60263717174530	0.30948328971863	65.000000000000	0.00000000000000
30.420000076294	0.60323417186737	0.30925998091698	65.000000000000	0.00000000000000
30.430000305176	0.60382974147797	0.30903619527817	65.000000000000	0.00000000000000
30.440000534058	0.60442370176315	0.30881202220917	65.000000000000	0.00000000000000
30.450000762939	0.60501617193222	0.30858740210533	65.000000000000	0.00000000000000
30.459999084473	0.60560727119446	0.30836239457130	65.000000000000	0.00000000000000
30.469999313354	0.60619682073593	0.30813696980476	65.000000000000	0.00000000000000
30.479999542236	0.60678488016129	0.30791109800339	65.000000000000	0.00000000000000
30.489999771118	0.60737144947052	0.30768483877182	65.000000000000	0.00000000000000
30.500000000000	0.60795658826828	0.30745819211006	65.000000000000	0.00000000000000
30.510000228882	0.60854023694992	0.30723115801811	65.000000000000	0.00000000000000
30.520000457764	0.60912245512009	0.30700373649597	65.000000000000	0.00000000000000
30.530000686646	0.60970324277878	0.30677589774132	65.000000000000	0.00000000000000
30.540000915527	0.61028259992599	0.30654770135880	65.000000000000	0.00000000000000
30.549999237061	0.61086046695709	0.30631911754608	65.000000000000	0.00000000000000
30.559999465942	0.61143690347672	0.30609014630318	65.000000000000	0.00000000000000
30.569999694824	0.61201184988022	0.30586081743240	65.000000000000	0.00000000000000
30.579999923706	0.61258542537689	0.30563110113144	65.000000000000	0.00000000000000
30.590000152588	0.61315757036209	0.30540099740028	65.000000000000	0.00000000000000
30.600000381470	0.61372828483582	0.30517059564590	65.000000000000	0.00000000000000
30.610000610352	0.61429750919342	0.30493977665901	65.000000000000	0.00000000000000
30.620000839233	0.61486530303955	0.30470868945122	65.000000000000	0.00000000000000
30.629999160767	0.61543178558350	0.30447715520859	65.000000000000	0.00000000000000
30.639999389648	0.61599671840668	0.30424529314041	65.000000000000	0.00000000000000
30.649999618530	0.61656033992767	0.30401313304901	65.000000000000	0.00000000000000
30.659999847412	0.61712259054184	0.30378061532974	65.000000000000	0.00000000000000
30.670000076294	0.61768329143524	0.30354773998260	65.000000000000	0.00000000000000
30.680000305176	0.61824274063110	0.30331453680992	65.000000000000	0.00000000000000
30.690000534058	0.61880075931549	0.30308100581169	65.000000000000	0.00000000000000
30.700000762939	0.61935734748840	0.30284714698792	65.000000000000	0.00000000000000
30.709999084473	0.61991250514984	0.30261299014091	65.000000000000	0.00000000000000
30.719999313354	0.62046641111374	0.30237850546837	65.000000000000	0.00000000000000
30.729999542236	0.62101882696152	0.30214369297028	65.000000000000	0.00000000000000
30.739999771118	0.62156987190247	0.30190855264664	65.000000000000	0.00000000000000
30.750000000000	0.62211960554123	0.30167317390442	65.000000000000	0.00000000000000
30.760000228882	0.62266784906387	0.30143743753433	65.000000000000	0.00000000000000
30.770000457764	0.62321484088898	0.30120137333870	65.000000000000	0.00000000000000
30.780000686646	0.62376040220261	0.30096507072449	65.000000000000	0.00000000000000
30.790000915527	0.62430465221405	0.30072844028473	65.000000000000	0.00000000000000
30.799999237061	0.62484753131866	0.30049154162407	65.000000000000	0.00000000000000
30.809999465942	0.62538909912109	0.30025434494019	65.000000000000	0.00000000000000
30.819999694824	0.62592929601669	0.30001685023308	65.000000000000	0.00000000000000
30.829999923706	0.62646812200546	0.29977905750275	65.000000000000	0.00000000000000
30.840000152588	0.62700563669205	0.29954099655151	65.000000000000	0.00000000000000
30.850000381470	0.62754178047180	0.29930266737938	65.000000000000	0.00000000000000
30.860000610352	0.62807655334473	0.29906404018402	65.000000000000	0.00000000000000
30.870000839233	0.62861013412476	0.29882520437241	65.000000000000	0.00000000000000
30.879999160767	0.62914222478867	0.29858607053757	65.000000000000	0.00000000000000
30.889999389648	0.62967312335968	0.29834663867950	65.000000000000	0.00000000000000
30.899999618530	0.63020265102386	0.29810696840286	65.000000000000	0.00000000000000
30.909999847412	0.63073080778122	0.29786708950996	65.000000000000	0.00000000000000
30.920000076294	0.63125783205032	0.29762691259384	65.000000000000	0.00000000000000
30.930000305176	0.63178330659866	0.29738649725914	65.000000000000	0.00000000000000
30.940000534058	0.63230758905411	0.29714584350586	65.000000000000	0.00000000000000
30.950000762939	0.63283061981201	0.29690489172935	65.000000000000	0.00000000000000
30.959999084473	0.63335227966309	0.29666370153427	65.000000000000	0.00000000000000
30.969999313354	0.63387262821198	0.29642230272293	65.000000000000	0.00000000000000
30.979999542236	0.63439172506332	0.29618069529533	65.000000000000	0.00000000000000
30.989999771118	0.63490957021713	0.29593884944916	65.000000000000	0.00000000000000
31.000000000000	0.63542610406876	0.29569673538208	65.000000000000	0.00000000000000
31.010000228882	0.63594138622284	0.29545438289642	65.000000000000	0.00000000000000
31.020000457764	0.63645529747009	0.29521185159683	65.000000000000	0.00000000000000
31.030000686646	0.63696801662445	0.29496905207634	65.000000000000	0.00000000000000
31.040000915527	0.63747948408127	0.29472607374191	65.000000000000	0.00000000000000
31.049999237061	0.63798958063126	0.29448285698891	65.000000000000	0.00000000000000
31.059999465942	0.63849848508835	0.29423943161964	65.000000000000	0.00000000000000
31.069999694824	0.63900613784790	0.29399579763412	65.000000000000	0.00000000000000
31.079999923706	0.63951241970062	0.29375195503235	65.000000000000	0.00000000000000
31.090000152588	0.64001762866974	0.29350793361664	65.000000000000	0.00000000000000
31.100000381470	0.64052152633667	0.29326367378235	65.000000000000	0.00000000000000
31.110000610352	0.64102411270142	0.29301920533180	65.000000000000	0.00000000000000
31.120000839233	0.64152550697327	0.29277452826500	65.000000000000	0.00000000000000
31.129999160767	0.64202564954758	0.29252967238426	65.000000000000	0.00000000000000
31.139999389648	0.64252454042435	0.29228466749191	65.000000000000	0.00000000000000
31.149999618530	0.64302223920822	0.29203945398331	65.000000000000	0.00000000000000
31.159999847412	0.64351868629456	0.29179400205612	65.000000000000	0.00000000000000
31.170000076294	0.64401394128799	0.29154840111732	65.000000000000	0.00000000000000
31.180000305176	0.64450794458389	0.29130262136459	65.000000000000	0.00000000000000
31.190000534058	0.64500069618225	0.29105669260025	65.000000000000	0.00000000000000
31.200000762939	0.64549225568771	0.29081052541733	65.000000000000	0.00000000000000
31.209999084473	0.64598262310028	0.29056420922279	65.000000000000	0.00000000000000
31.219999313354	0.64647179841995	0.29031774401665	65.000000000000	0.00000000000000
31.229999542236	0.64695966243744	0.29007107019424	65.000000000000	0.00000000000000
31.239999771118	0.64744645357132	0.28982427716255	65.000000000000	0.00000000000000
31.250000000000	0.64793199300766	0.28957727551460	65.000000000000	0.00000000000000
31.260000228882	0.64841634035110	0.28933012485504	65.000000000000	0.00000000000000
31.270000457764	0.64889937639236	0.28908279538155	65.000000000000	0.00000000000000
31.280000686646	0.64938145875931	0.28883531689644	65.000000000000	0.00000000000000
31.290000915527	0.64986222982407	0.28858771920204	65.000000000000	0.00000000000000
31.299999237061	0.65034174919128	0.28833994269371	65.000000000000	0.00000000000000
31.309999465942	0.65082019567490	0.28809198737144	65.000000000000	0.00000000000000
31.319999694824	0.65129745006561	0.28784394264221	65.000000000000	0.00000000000000
31.329999923706	0.65177351236343	0.28759571909904	65.000000000000	0.00000000000000
31.340000152588	0.65224838256836	0.28734734654427	65.000000000000	0.00000000000000
31.350000381470	0.65272206068039	0.28709882497787	65.000000000000	0.00000000000000
31.360000610352	0.65319466590881	0.28685018420219	65.000000000000	0.00000000000000
31.370000839233	0.65366607904434	0.28660139441490	65.000000000000	0.00000000000000
31.379999160767	0.65413630008698	0.28635248541832	65.000000000000	0.00000000000000
31.389999389648	0.65460544824600	0.28610345721245	65.000000000000	0.00000000000000
31.399999618530	0.65507334470749	0.28585425019264	65.000000000000	0.00000000000000
31.409999847412	0.65554016828537	0.28560498356819	65.000000000000	0.00000000000000
31.420000076294	0.65600591897964	0.28535541892052	65.000000000000	0.00000000000000
31.430000305176	0.65647029876709	0.28510600328445	65.000000000000	0.00000000000000
31.440000534058	0.65693378448486	0.28485614061356	65.000000000000	0.00000000000000
31.450000762939	0.65739595890045	0.28460642695427	65.000000000000	0.00000000000000
31.459999084473	0.65785700082779	0.28435656428337	65.000000000000	0.00000000000000
31.469999313354	0.65831702947617	0.28410652279854	65.000000000000	0.00000000000000
31.479999542236	0.65877586603165	0.28385642170906	65.000000000000	0.00000000000000
31.489999771118	0.65923362970352	0.28360614180565	65.000000000000	0.00000000000000
31.500000000000	0.65969026088715	0.28335571289063	65.000000000000	0.00000000000000
31.510000228882	0.66014575958252	0.28310516476631	65.000000000000	0.00000000000000
31.520000457764	0.66060000658035	0.28285482525826	65.000000000000	0.00000000000000
31.530000686646	0.66105329990387	0.28260403871536	65.000000000000	0.00000000000000
31.540000915527	0.66150557994843	0.28235313296318	65.000000000000	0.00000000000000
31.549999237061	0.66195654869080	0.28210243582726	65.000000000000	0.00000000000000
31.559999465942	0.66240656375885	0.28185129165649	65.000000000000	0.00000000000000
31.569999694824	0.66285550594330	0.28160005807877	65.000000000000	0.00000000000000
31.579999923706	0.66330319643021	0.28134903311729	65.000000000000	0.00000000000000
31.590000152588	0.66374987363815	0.28109776973724	65.000000000000	0.00000000000000
31.600000381470	0.66419541835785	0.28084638714790	65.000000000000	0.00000000000000
31.610000610352	0.66464000940323	0.28059497475624	65.000000000000	0.00000000000000
31.620000839233	0.66508346796036	0.28034344315529	65.000000000000	0.00000000000000
31.629999160767	0.66552579402924	0.28009182214737	65.000000000000	0.00000000000000
31.639999389648	0.66596704721451	0.27984011173248	65.000000000000	0.00000000000000
31.649999618530	0.66640722751617	0.27958834171295	65.000000000000	0.00000000000000
31.659999847412	0.66684633493423	0.27933645248413	65.000000000000	0.00000000000000
31.670000076294	0.66728448867798	0.27908453345299	65.000000000000	0.00000000000000
31.680000305176	0.66772145032883	0.27883252501488	65.000000000000	0.00000000000000
31.690000534058	0.66815739870071	0.27858039736748	65.000000000000	0.00000000000000
31.700000762939	0.66859233379364	0.27832829952240	65.000000000000	0.00000000000000
31.709999084473	0.66902613639832	0.27807602286339	65.000000000000	0.00000000000000
31.719999313354	0.66945892572403	0.27782374620438	65.000000000000	0.00000000000000
31.729999542236	0.66989064216614	0.27757138013840	65.000000000000	0.00000000000000
31.739999771118	0.67032134532928	0.27731895446777	65.000000000000	0.00000000000000
31.750000000000	0.67075097560883	0.27706646919250	65.000000000000	0.00000000000000
31.760000228882	0.67117953300476	0.27681389451027	65.000000000000	0.00000000000000
31.770000457764	0.67160707712173	0.27656126022339	65.000000000000	0.00000000000000
31.780000686646	0.67203366756439	0.27630859613419	65.000000000000	0.00000000000000
31.790000915527	0.67245918512344	0.27605584263802	65.000000000000	0.00000000000000
31.799999237061	0.67288362979889	0.27580305933952	65.000000000000	0.00000000000000
31.809999465942	0.67330706119537	0.27555021643639	65.000000000000	0.00000000000000
31.819999694824	0.67372953891754	0.27529731392860	65.000000000000	0.00000000000000
31.829999923706	0.67415094375610	0.27504441142082	65.000000000000	0.00000000000000
31.840000152588	0.67457127571106	0.27479138970375	65.000000000000	0.00000000000000
31.850000381470	0.67499071359634	0.27453839778900	65.000000000000	0.00000000000000
31.860000610352	0.67540907859802	0.27428528666496	65.000000000000	0.00000000000000
31.870000839233	0.67582637071609	0.27403214573860	65.000000000000	0.00000000000000
31.879999160767	0.67624276876450	0.27377897500992	65.000000000000	0.00000000000000
31.889999389648	0.67665815353394	0.27352577447891	65.000000000000	0.00000000000000
31.899999618530	0.67707246541977	0.27327248454094	65.000000000000	0.00000000000000
31.909999847412	0.67748576402664	0.27301919460297	65.000000000000	0.00000000000000
31.920000076294	0.67789816856384	0.27276587486267	65.000000000000	0.00000000000000
31.930000305176	0.67830955982208	0.27251252532005	65.000000000000	0.00000000000000
31.940000534058	0.67871993780136	0.27225908637047	65.000000000000	0.00000000000000
31.950000762939	0.67912930250168	0.27200567722321	65.000000000000	0.00000000000000
31.959999084473	0.67953777313232	0.27175217866898	65.000000000000	0.00000000000000
31.969999313354	0.67994523048401	0.27149870991707	65.000000000000	0.00000000000000
31.979999542236	0.68035155534744	0.27124518156052	65.000000000000	0.00000000000000
31.989999771118	0.68075710535049	0.27099162340164	65.000000000000	0.00000000000000
32.000000000000	0.68116158246994	0.27073803544044	65.000000000000	0.00000000000000
32.009998321533	0.68156516551971	0.27048444747925	65.000000000000	0.00000000000000
32.020000457764	0.68196773529053	0.27023082971573	65.000000000000	0.00000000000000
32.029998779297	0.68236935138702	0.26997718214989	65.000000000000	0.00000000000000
32.040000915527	0.68277001380920	0.26972350478172	65.000000000000	0.00000000000000
32.049999237061	0.68316966295242	0.26946985721588	65.000000000000	0.00000000000000
32.060001373291	0.68356841802597	0.26921615004539	65.000000000000	0.00000000000000
32.069999694824	0.68396615982056	0.26896241307259	65.000000000000	0.00000000000000
32.080001831055	0.68436306715012	0.26870867609978	65.000000000000	0.00000000000000
32.090000152588	0.68475896120071	0.26845493912697	65.000000000000	0.00000000000000
32.099998474121	0.68515384197235	0.26820117235184	65.000000000000	0.00000000000000
32.110000610352	0.68554788827896	0.26794740557671	65.000000000000	0.00000000000000
32.119998931885	0.68594092130661	0.26769360899925	65.000000000000	0.00000000000000
32.130001068115	0.68633306026459	0.26743984222412	65.000000000000	0.00000000000000
32.139999389648	0.68672424554825	0.26718604564667	65.000000000000	0.00000000000000
32.150001525879	0.68711453676224	0.26693224906921	65.000000000000	0.00000000000000
32.159999847412	0.68750387430191	0.26667842268944	65.000000000000	0.00000000000000
32.169998168945	0.68789231777191	0.26642462611198	65.000000000000	0.00000000000000
32.180000305176	0.68827974796295	0.26617079973221	65.000000000000	0.00000000000000
32.189998626709	0.68866634368896	0.26591697335243	65.000000000000	0.00000000000000
32.200000762939	0.68905192613602	0.26566314697266	65.000000000000	0.00000000000000
32.209999084473	0.68943667411804	0.26540935039520	65.000000000000	0.00000000000000
32.220001220703	0.68982052803040	0.26515555381775	65.000000000000	0.00000000000000
32.229999542236	0.69020336866379	0.26490172743797	65.000000000000	0.00000000000000
32.240001678467	0.69058537483215	0.26464793086052	65.000000000000	0.00000000000000
32.250000000000	0.69096648693085	0.26439410448074	65.000000000000	0.00000000000000
32.259998321533	0.69134664535522	0.26414030790329	65.000000000000	0.00000000000000
32.270000457764	0.69172590970993	0.26388651132584	65.000000000000	0.00000000000000
32.279998779297	0.69210439920425	0.26363271474838	65.000000000000	0.00000000000000
32.290000915527	0.69248181581497	0.26337894797325	65.000000000000	0.00000000000000
32.299999237061	0.69285845756531	0.26312521100044	65.000000000000	0.00000000000000
32.310001373291	0.69323420524597	0.26287147402763	65.000000000000	0.00000000000000
32.319999694824	0.69360899925232	0.26261770725250	65.000000000000	0.00000000000000
32.330001831055	0.69398289918900	0.26236397027969	65.000000000000	0.00000000000000
32.340000152588	0.69435596466064	0.26211026310921	65.000000000000	0.00000000000000
32.349998474121	0.69472807645798	0.26185661554337	65.000000000000	0.00000000000000
32.360000610352	0.69509947299957	0.26160290837288	65.000000000000	0.00000000000000
32.369998931885	0.69546985626221	0.26134923100471	65.000000000000	0.00000000000000
32.380001068115	0.69583940505981	0.26109564304352	65.000000000000	0.00000000000000
32.389999389648	0.69620811939240	0.26084199547768	65.000000000000	0.00000000000000
32.400001525879	0.69657588005066	0.26058840751648	65.000000000000	0.00000000000000
32.409999847412	0.69694286584854	0.26033481955528	65.000000000000	0.00000000000000
32.419998168945	0.69730895757675	0.26008129119873	65.000000000000	0.00000000000000
32.430000305176	0.69767409563065	0.25982773303986	65.000000000000	0.00000000000000
32.439998626709	0.69803845882416	0.25957423448563	65.000000000000	0.00000000000000
32.450000762939	0.69840204715729	0.25932076573372	65.000000000000	0.00000000000000
32.459999084473	0.69876468181610	0.25906729698181	65.000000000000	0.00000000000000
32.470001220703	0.69912642240524	0.25881385803223	65.000000000000	0.00000000000000
32.479999542236	0.69948744773865	0.25856047868729	65.000000000000	0.00000000000000
32.490001678467	0.69984751939774	0.25830709934235	65.000000000000	0.00000000000000
32.500000000000	0.70020675659180	0.25805377960205	65.000000000000	0.00000000000000
32.509998321533	0.70056521892548	0.25780045986176	65.000000000000	0.00000000000000
32.520000457764	0.70092278718948	0.25754716992378	65.000000000000	0.00000000000000
32.529998779297	0.70127946138382	0.25729393959045	65.000000000000	0.00000000000000
32.540000915527	0.70163542032242	0.25704073905945	65.000000000000	0.00000000000000
32.549999237061	0.70199048519135	0.25678756833076	65.000000000000	0.00000000000000
32.560001373291	0.70234471559525	0.25653442740440	65.000000000000	0.00000000000000
32.569999694824	0.70269817113876	0.25628131628036	65.000000000000	0.00000000000000
32.580001831055	0.70305073261261	0.25602826476097	65.000000000000	0.00000000000000
32.590000152588	0.70340251922607	0.25577524304390	65.000000000000	0.00000000000000
32.599998474121	0.70375341176987	0.25552222132683	65.000000000000	0.00000000000000
32.610000610352	0.70410358905792	0.25526925921440	65.000000000000	0.00000000000000
32.619998931885	0.70445287227631	0.25501638650894	65.000000000000	0.00000000000000
32.630001068115	0.70480132102966	0.25476348400116	65.000000000000	0.00000000000000
32.639999389648	0.70514905452728	0.25451067090034	65.000000000000	0.00000000000000
32.650001525879	0.70549589395523	0.25425788760185	65.000000000000	0.00000000000000
32.659999847412	0.70584201812744	0.25400513410568	65.000000000000	0.00000000000000
32.669998168945	0.70618718862534	0.25375244021416	65.000000000000	0.00000000000000
32.680000305176	0.70653170347214	0.25349980592728	65.000000000000	0.00000000000000
32.689998626709	0.70687526464462	0.25324717164040	65.000000000000	0.00000000000000
32.700000762939	0.70721817016602	0.25299462676048	65.000000000000	0.00000000000000
32.709999084473	0.70756024122238	0.25274208188057	65.000000000000	0.00000000000000
32.720001220703	0.70790147781372	0.25248962640762	65.000000000000	0.00000000000000
32.729999542236	0.70824199914932	0.25223723053932	65.000000000000	0.00000000000000
32.740001678467	0.70858162641525	0.25198486447334	65.000000000000	0.00000000000000
32.750000000000	0.70892053842545	0.25173252820969	65.000000000000	0.00000000000000
32.759998321533	0.70925867557526	0.25148025155067	65.000000000000	0.00000000000000
32.770000457764	0.70959597826004	0.25122806429863	65.000000000000	0.00000000000000
32.779998779297	0.70993256568909	0.25097590684891	65.000000000000	0.00000000000000
32.790000915527	0.71026819944382	0.25072377920151	65.000000000000	0.00000000000000
32.799999237061	0.71060329675674	0.25047174096107	65.000000000000	0.00000000000000
32.810001373291	0.71093750000000	0.25021973252296	65.000000000000	0.00000000000000
32.819999694824	0.71127086877823	0.24996775388718	65.000000000000	0.00000000000000
32.830001831055	0.71160352230072	0.24971586465836	65.000000000000	0.00000000000000
32.840000152588	0.71193546056747	0.24946402013302	65.000000000000	0.00000000000000
32.849998474121	0.71226650476456	0.24921222031116	65.000000000000	0.00000000000000
32.860000610352	0.71259689331055	0.24896055459976	65.000000000000	0.00000000000000
32.869998931885	0.71292650699615	0.24870888888836	65.000000000000	0.00000000000000
32.880001068115	0.71325528621674	0.24845725297928	65.000000000000	0.00000000000000
32.889999389648	0.71358340978622	0.24820570647717	65.000000000000	0.00000000000000
32.900001525879	0.71391069889069	0.24795423448086	65.000000000000	0.00000000000000
32.909999847412	0.71423727273941	0.24770283699036	65.000000000000	0.00000000000000
32.919998168945	0.71456301212311	0.24745146930218	65.000000000000	0.00000000000000
32.930000305176	0.71488815546036	0.24720017611980	65.000000000000	0.00000000000000
32.939998626709	0.71521246433258	0.24694891273975	65.000000000000	0.00000000000000
32.950000762939	0.71553599834442	0.24669772386551	65.000000000000	0.00000000000000
32.959999084473	0.71585875749588	0.24644662439823	65.000000000000	0.00000000000000
32.970001220703	0.71618086099625	0.24619558453560	65.000000000000	0.00000000000000
32.979999542236	0.71650224924088	0.24594463407993	65.000000000000	0.00000000000000
32.990001678467	0.71682274341583	0.24569369852543	65.000000000000	0.00000000000000
33.000000000000	0.71714264154434	0.24544289708138	65.000000000000	0.00000000000000
33.009998321533	0.71746176481247	0.24519209563732	65.000000000000	0.00000000000000
33.020000457764	0.71778023242950	0.24494136869907	65.000000000000	0.00000000000000
33.029998779297	0.71809786558151	0.24469070136547	65.000000000000	0.00000000000000
33.040000915527	0.71841478347778	0.24444015324116	65.000000000000	0.00000000000000
33.049999237061	0.71873092651367	0.24418962001801	65.000000000000	0.00000000000000
33.060001373291	0.71904635429382	0.24393919110298	65.000000000000	0.00000000000000
33.069999694824	0.71936112642288	0.24368885159492	65.000000000000	0.00000000000000
33.080001831055	0.71967524290085	0.24343852698803	65.000000000000	0.00000000000000
33.090000152588	0.71998852491379	0.24318832159042	65.000000000000	0.00000000000000
33.099998474121	0.72030109167099	0.24293816089630	65.000000000000	0.00000000000000
33.110000610352	0.72061294317245	0.24268807470798	65.000000000000	0.00000000000000
33.119998931885	0.72092413902283	0.24243809282780	65.000000000000	0.00000000000000
33.130001068115	0.72123456001282	0.24218814074993	65.000000000000	0.00000000000000
33.139999389648	0.72154432535172	0.24193830788136	65.000000000000	0.00000000000000
33.150001525879	0.72185331583023	0.24168851971626	65.000000000000	0.00000000000000
33.159999847412	0.72216159105301	0.24143880605698	65.000000000000	0.00000000000000
33.169998168945	0.72246927022934	0.24118915200233	65.000000000000	0.00000000000000
33.180000305176	0.72277611494064	0.24093961715698	65.000000000000	0.00000000000000
33.189998626709	0.72308236360550	0.24069012701511	65.000000000000	0.00000000000000
33.200000762939	0.72338789701462	0.24044074118137	65.000000000000	0.00000000000000
33.209999084473	0.72369265556335	0.24019141495228	65.000000000000	0.00000000000000
33.220001220703	0.72399681806564	0.23994214832783	65.000000000000	0.00000000000000
33.229999542236	0.72430020570755	0.23969300091267	65.000000000000	0.00000000000000
33.240001678467	0.72460293769836	0.23944388329983	65.000000000000	0.00000000000000
33.250000000000	0.72490495443344	0.23919486999512	65.000000000000	0.00000000000000
33.259998321533	0.72520631551743	0.23894597589970	65.000000000000	0.00000000000000
33.270000457764	0.72550696134567	0.23869709670544	65.000000000000	0.00000000000000
33.279998779297	0.72580695152283	0.23844836652279	65.000000000000	0.00000000000000
33.290000915527	0.72610622644424	0.23819966614246	65.000000000000	0.00000000000000
33.299999237061	0.72640484571457	0.23795107007027	65.000000000000	0.00000000000000
33.310001373291	0.72670280933380	0.23770256340504	65.000000000000	0.00000000000000
33.319999694824	0.72700005769730	0.23745413124561	65.000000000000	0.00000000000000
33.330001831055	0.72729659080505	0.23720578849316	65.000000000000	0.00000000000000
33.340000152588	0.72759252786636	0.23695747554302	65.000000000000	0.00000000000000
33.349998474121	0.72788769006729	0.23670932650566	65.000000000000	0.00000000000000
33.360000610352	0.72818225622177	0.23646123707294	65.000000000000	0.00000000000000
33.369998931885	0.72847616672516	0.23621320724487	65.000000000000	0.00000000000000
33.380001068115	0.72876936197281	0.23596529662609	65.000000000000	0.00000000000000
33.389999389648	0.72906196117401	0.23571746051311	65.000000000000	0.00000000000000
33.400001525879	0.72935384511948	0.23546971380711	65.000000000000	0.00000000000000
33.409999847412	0.72964507341385	0.23522204160690	65.000000000000	0.00000000000000
33.419998168945	0.72993558645248	0.23497447371483	65.000000000000	0.00000000000000
33.430000305176	0.73022550344467	0.23472699522972	65.000000000000	0.00000000000000
33.439998626709	0.73051476478577	0.23447959125042	65.000000000000	0.00000000000000
33.450000762939	0.73080331087112	0.23423230648041	65.000000000000	0.00000000000000
33.459999084473	0.73109126091003	0.23398505151272	65.000000000000	0.00000000000000
33.470001220703	0.73137855529785	0.23373794555664	65.000000000000	0.00000000000000
33.479999542236	0.73166513442993	0.23349092900753	65.000000000000	0.00000000000000
33.490001678467	0.73195111751556	0.23324397206306	65.000000000000	0.00000000000000
33.500000000000	0.73223644495010	0.23299708962440	65.000000000000	0.00000000000000
33.509998321533	0.73252111673355	0.23275034129620	65.000000000000	0.00000000000000
33.520000457764	0.73280519247055	0.23250366747379	65.000000000000	0.00000000000000
33.529998779297	0.73308855295181	0.23225711286068	65.000000000000	0.00000000000000
33.540000915527	0.73337137699127	0.23201063275337	65.000000000000	0.00000000000000
33.549999237061	0.73365348577499	0.23176424205303	65.000000000000	0.00000000000000
33.560001373291	0.73393487930298	0.23151795566082	65.000000000000	0.00000000000000
33.569999694824	0.73421573638916	0.23127175867558	65.000000000000	0.00000000000000
33.580001831055	0.73449593782425	0.23102563619614	65.000000000000	0.00000000000000
33.590000152588	0.73477548360825	0.23077966272831	65.000000000000	0.00000000000000
33.599998474121	0.73505443334579	0.23053374886513	65.000000000000	0.00000000000000
33.610000610352	0.73533272743225	0.23028790950775	65.000000000000	0.00000000000000
33.619998931885	0.73561042547226	0.23004218935966	65.000000000000	0.00000000000000
33.630001068115	0.73588740825653	0.22979660332203	65.000000000000	0.00000000000000
33.639999389648	0.73616391420364	0.22955106198788	65.000000000000	0.00000000000000
33.650001525879	0.73643964529037	0.22930562496185	65.000000000000	0.00000000000000
33.659999847412	0.73671483993530	0.22906033694744	65.000000000000	0.00000000000000
33.669998168945	0.73698943853378	0.22881509363651	65.000000000000	0.00000000000000
33.680000305176	0.73726326227188	0.22856993973255	65.000000000000	0.00000000000000
33.689998626709	0.73753660917282	0.22832493484020	65.000000000000	0.00000000000000
33.700000762939	0.73780930042267	0.22807998955250	65.000000000000	0.00000000000000
33.709999084473	0.73808139562607	0.22783516347408	65.000000000000	0.00000000000000
33.720001220703	0.73835277557373	0.22759044170380	65.000000000000	0.00000000000000
33.729999542236	0.73862373828888	0.22734583914280	65.000000000000	0.00000000000000
33.740001678467	0.73889398574829	0.22710134088993	65.000000000000	0.00000000000000
33.750000000000	0.73916357755661	0.22685690224171	65.000000000000	0.00000000000000
33.759998321533	0.73943257331848	0.22661258280277	65.000000000000	0.00000000000000
33.770000457764	0.73970103263855	0.22636838257313	65.000000000000	0.00000000000000
33.779998779297	0.73996883630753	0.22612428665161	65.000000000000	0.00000000000000
33.790000915527	0.74023610353470	0.22588026523590	65.000000000000	0.00000000000000
33.799999237061	0.74050271511078	0.22563639283180	65.000000000000	0.00000000000000
33.810001373291	0.74076867103577	0.22539260983467	65.000000000000	0.00000000000000
33.819999694824	0.74103409051895	0.22514891624451	65.000000000000	0.00000000000000
33.830001831055	0.74129897356033	0.22490532696247	65.000000000000	0.00000000000000
33.840000152588	0.74156308174133	0.22466185688972	65.000000000000	0.00000000000000
33.849998474121	0.74182677268982	0.22441850602627	65.000000000000	0.00000000000000
33.860000610352	0.74208974838257	0.22417522966862	65.000000000000	0.00000000000000
33.869998931885	0.74235218763351	0.22393207252026	65.000000000000	0.00000000000000
33.880001068115	0.74261409044266	0.22368906438351	65.000000000000	0.00000000000000
33.889999389648	0.74287533760071	0.22344608604908	65.000000000000	0.00000000000000
33.900001525879	0.74313604831696	0.22320328652859	65.000000000000	0.00000000000000
33.909999847412	0.74339610338211	0.22296057641506	65.000000000000	0.00000000000000
33.919998168945	0.74365568161011	0.22271795570850	65.000000000000	0.00000000000000
33.930000305176	0.74391448497772	0.22247543931007	65.000000000000	0.00000000000000
33.939998626709	0.74417293071747	0.22223304212093	65.000000000000	0.00000000000000
33.950000762939	0.74443066120148	0.22199076414108	65.000000000000	0.00000000000000
33.959999084473	0.74468779563904	0.22174863517284	65.000000000000	0.00000000000000
33.970001220703	0.74494445323944	0.22150658071041	65.000000000000	0.00000000000000
33.979999542236	0.74520051479340	0.22126463055611	65.000000000000	0.00000000000000
33.990001678467	0.74545598030090	0.22102279961109	65.000000000000	0.00000000000000
34.000000000000	0.74571090936661	0.22078107297421	65.000000000000	0.00000000000000
34.009998321533	0.74596518278122	0.22053948044777	65.000000000000	0.00000000000000
34.020000457764	0.74621891975403	0.22029800713062	65.000000000000	0.00000000000000
34.029998779297	0.74647212028503	0.22005663812160	65.000000000000	0.00000000000000
34.040000915527	0.74672478437424	0.21981537342072	65.000000000000	0.00000000000000
34.049999237061	0.74697679281235	0.21957422792912	65.000000000000	0.00000000000000
34.060001373291	0.74722826480865	0.21933318674564	65.000000000000	0.00000000000000
34.069999694824	0.74747925996780	0.21909226477146	65.000000000000	0.00000000000000
34.080001831055	0.74772959947586	0.21885146200657	65.000000000000	0.00000000000000
34.090000152588	0.74797940254211	0.21861079335213	65.000000000000	0.00000000000000
34.099998474121	0.74822872877121	0.21837021410465	65.000000000000	0.00000000000000
34.110000610352	0.74847739934921	0.21812978386879	65.000000000000	0.00000000000000
34.119998931885	0.74872547388077	0.21788942813873	65.000000000000	0.00000000000000
34.130001068115	0.74897307157516	0.21764922142029	65.000000000000	0.00000000000000
34.139999389648	0.74922007322311	0.21740910410881	65.000000000000	0.00000000000000
34.150001525879	0.74946659803391	0.21716915071011	65.000000000000	0.00000000000000
34.159999847412	0.74971252679825	0.21692931652069	65.000000000000	0.00000000000000
34.169998168945	0.74995797872543	0.21668954193592	65.000000000000	0.00000000000000
34.180000305176	0.75020277500153	0.21644993126392	65.000000000000	0.00000000000000
34.189998626709	0.75044703483582	0.21621045470238	65.000000000000	0.00000000000000
34.200000762939	0.75069081783295	0.21597106754780	65.000000000000	0.00000000000000
34.209999084473	0.75093400478363	0.21573181450367	65.000000000000	0.00000000000000
34.220001220703	0.75117671489716	0.21549266576767	65.000000000000	0.00000000000000
34.229999542236	0.75141894817352	0.21525354683399	65.000000000000	0.00000000000000
34.240001678467	0.75166052579880	0.21501484513283	65.000000000000	0.00000000000000
34.250000000000	0.75190156698227	0.21477586030960	65.000000000000	0.00000000000000
34.259998321533	0.75214207172394	0.21453738212585	65.000000000000	0.00000000000000
34.270000457764	0.75238198041916	0.21429896354675	65.000000000000	0.00000000000000
34.279998779297	0.75262153148651	0.21406033635139	65.000000000000	0.00000000000000
34.290000915527	0.75286042690277	0.21382215619087	65.000000000000	0.00000000000000
34.299999237061	0.75309884548187	0.21358409523964	65.000000000000	0.00000000000000
34.310001373291	0.75333666801453	0.21334613859653	65.000000000000	0.00000000000000
34.319999694824	0.75357413291931	0.21310794353485	65.000000000000	0.00000000000000
34.330001831055	0.75381100177765	0.21287021040916	65.000000000000	0.00000000000000
34.340000152588	0.75404721498489	0.21263258159161	65.000000000000	0.00000000000000
34.349998474121	0.75428301095963	0.21239514648914	65.000000000000	0.00000000000000
34.360000610352	0.75451821088791	0.21215774118900	65.000000000000	0.00000000000000
34.369998931885	0.75475293397903	0.21192046999931	65.000000000000	0.00000000000000
34.380001068115	0.75498718023300	0.21168333292007	65.000000000000	0.00000000000000
34.389999389648	0.75522094964981	0.21144631505013	65.000000000000	0.00000000000000
34.400001525879	0.75545412302017	0.21120941638947	65.000000000000	0.00000000000000
34.409999847412	0.75568675994873	0.21097265183926	65.000000000000	0.00000000000000
34.419998168945	0.75591903924942	0.21073602139950	65.000000000000	0.00000000000000
34.430000305176	0.75615060329437	0.21049951016903	65.000000000000	0.00000000000000
34.439998626709	0.75638175010681	0.21026313304901	65.000000000000	0.00000000000000
34.450000762939	0.75661242008209	0.21002687513828	65.000000000000	0.00000000000000
34.459999084473	0.75684255361557	0.20979076623917	65.000000000000	0.00000000000000
34.470001220703	0.75707215070724	0.20955477654934	65.000000000000	0.00000000000000
34.479999542236	0.75730133056641	0.20931892096996	65.000000000000	0.00000000000000
34.490001678467	0.75752997398376	0.20908319950104	65.000000000000	0.00000000000000
34.500000000000	0.75775808095932	0.20884761214256	65.000000000000	0.00000000000000
34.509998321533	0.75798571109772	0.20861214399338	65.000000000000	0.00000000000000
34.520000457764	0.75821280479431	0.20837678015232	65.000000000000	0.00000000000000
34.529998779297	0.75843948125839	0.20814158022404	65.000000000000	0.00000000000000
34.540000915527	0.75866562128067	0.20790651440620	65.000000000000	0.00000000000000
34.549999237061	0.75889134407043	0.20767158269882	65.000000000000	0.00000000000000
34.560001373291	0.75911647081375	0.20743677020073	65.000000000000	0.00000000000000
34.569999694824	0.75934112071991	0.20720209181309	65.000000000000	0.00000000000000
34.580001831055	0.75956529378891	0.20696756243706	65.000000000000	0.00000000000000
34.590000152588	0.75978899002075	0.20673316717148	65.000000000000	0.00000000000000
34.599998474121	0.76001214981079	0.20649887621403	65.000000000000	0.00000000000000
34.610000610352	0.76023489236832	0.20626474916935	65.000000000000	0.00000000000000
34.619998931885	0.76045715808868	0.20603071153164	65.000000000000	0.00000000000000
34.630001068115	0.76067888736725	0.20579685270786	65.000000000000	0.00000000000000
34.639999389648	0.76090019941330	0.20556309819221	65.000000000000	0.00000000000000
34.650001525879	0.76112103462219	0.20532950758934	65.000000000000	0.00000000000000
34.659999847412	0.76134133338928	0.20509602129459	65.000000000000	0.00000000000000
34.669998168945	0.76156121492386	0.20486269891262	65.000000000000	0.00000000000000
34.680000305176	0.76178056001663	0.20462949573994	65.000000000000	0.00000000000000
34.689998626709	0.76199948787689	0.20439644157887	65.000000000000	0.00000000000000
34.700000762939	0.76221787929535	0.20416350662708	65.000000000000	0.00000000000000
34.709999084473	0.76243585348129	0.20393070578575	65.000000000000	0.00000000000000
34.720001220703	0.76265335083008	0.20369805395603	65.000000000000	0.00000000000000
34.729999542236	0.76287037134171	0.20346552133560	65.000000000000	0.00000000000000
34.740001678467	0.76308685541153	0.20323313772678	65.000000000000	0.00000000000000
34.750000000000	0.76330310106277	0.20300088822842	65.000000000000	0.00000000000000
34.759998321533	0.76351863145828	0.20276877284050	65.000000000000	0.00000000000000
34.770000457764	0.76373386383057	0.20253679156303	65.000000000000	0.00000000000000
34.779998779297	0.76394861936569	0.20230495929718	65.000000000000	0.00000000000000
34.790000915527	0.76416277885437	0.20207324624062	65.000000000000	0.00000000000000
34.799999237061	0.76437664031982	0.20184171199799	65.000000000000	0.00000000000000
34.810001373291	0.76459002494812	0.20161025226116	65.000000000000	0.00000000000000
34.819999694824	0.76480287313461	0.20137897133827	65.000000000000	0.00000000000000
34.830001831055	0.76501530408859	0.20114780962467	65.000000000000	0.00000000000000
34.840000152588	0.76522725820541	0.20091678202152	65.000000000000	0.00000000000000
34.849998474121	0.76543885469437	0.20068591833115	65.000000000000	0.00000000000000
34.860000610352	0.76564997434616	0.20045518875122	65.000000000000	0.00000000000000
34.869998931885	0.76586055755615	0.20022456347942	65.000000000000	0.00000000000000
34.880001068115	0.76607078313828	0.19999411702156	65.000000000000	0.00000000000000
34.889999389648	0.76628053188324	0.19976377487183	65.000000000000	0.00000000000000
34.900001525879	0.76648986339569	0.19953359663486	65.000000000000	0.00000000000000
34.909999847412	0.76669877767563	0.19930356740952	65.000000000000	0.00000000000000
34.919998168945	0.76690721511841	0.19907364249229	65.000000000000	0.00000000000000
34.930000305176	0.76711523532867	0.19884383678436	65.000000000000	0.00000000000000
34.939998626709	0.76732277870178	0.19861420989037	65.000000000000	0.00000000000000
34.950000762939	0.76752984523773	0.19838471710682	65.000000000000	0.00000000000000
34.959999084473	0.76773661375046	0.19815532863140	65.000000000000	0.00000000000000
34.970001220703	0.76794284582138	0.19792613387108	65.000000000000	0.00000000000000
34.979999542236	0.76814866065979	0.19769704341888	65.000000000000	0.00000000000000
34.990001678467	0.76835411787033	0.19746808707714	65.000000000000	0.00000000000000
35.000000000000	0.76855909824371	0.19723926484585	65.000000000000	0.00000000000000
