25.000000000000	0.0031068576499820	-0.30564984679222	65.000000000000	0.00000000000000
25.010000228882	0.0023454518523067	-0.30355954170227	65.000000000000	0.00000000000000
25.020000457764	0.0015938155120239	-0.30146542191505	65.000000000000	0.00000000000000
25.030000686646	0.00085169129306450	-0.29936748743057	65.000000000000	0.00000000000000
25.040000915527	0.00011932534107473	-0.29726585745811	65.000000000000	0.00000000000000
25.049999237061	-0.00060332386055961	-0.29516062140465	65.000000000000	0.00000000000000
25.059999465942	-0.0013162962859496	-0.29305174946785	65.000000000000	0.00000000000000
25.069999694824	-0.0020194917451590	-0.29093942046165	65.000000000000	0.00000000000000
25.079999923706	-0.0027127361390740	-0.28882363438606	65.000000000000	0.00000000000000
25.090000152588	-0.0033962922170758	-0.28670448064804	65.000000000000	0.00000000000000
25.100000381470	-0.0040701208636165	-0.28458204865456	65.000000000000	0.00000000000000
25.110000610352	-0.0047340570017695	-0.28245636820793	65.000000000000	0.00000000000000
25.120000839233	-0.0053880731575191	-0.28032749891281	65.000000000000	0.00000000000000
25.129999160767	-0.0060321427881718	-0.27819558978081	65.000000000000	0.00000000000000
25.139999389648	-0.0066662398166955	-0.27606067061424	65.000000000000	0.00000000000000
25.149999618530	-0.0072905989363790	-0.27392277121544	65.000000000000	0.00000000000000
25.159999847412	-0.0079048005864024	-0.27178201079369	65.000000000000	0.00000000000000
25.170000076294	-0.0085089504718781	-0.26963844895363	65.000000000000	0.00000000000000
25.180000305176	-0.0091034071519971	-0.26749214529991	65.000000000000	0.00000000000000
25.190000534058	-0.0096875037997961	-0.26534318923950	65.000000000000	0.00000000000000
25.200000762939	-0.010261724703014	-0.26319164037704	65.000000000000	0.00000000000000
25.209999084473	-0.010825918987393	-0.26103755831718	65.000000000000	0.00000000000000
25.219999313354	-0.011379934847355	-0.25888106226921	65.000000000000	0.00000000000000
25.229999542236	-0.011923871934414	-0.25672218203545	65.000000000000	0.00000000000000
25.239999771118	-0.012457828037441	-0.25456094741821	65.000000000000	0.00000000000000
25.250000000000	-0.012981534935534	-0.25239753723145	65.000000000000	0.00000000000000
25.260000228882	-0.013495209626853	-0.25023192167282	65.000000000000	0.00000000000000
25.270000457764	-0.013998705893755	-0.24806421995163	65.000000000000	0.00000000000000
25.280000686646	-0.014492003247142	-0.24589452147484	65.000000000000	0.00000000000000
25.290000915527	-0.014975192956626	-0.24372285604477	65.000000000000	0.00000000000000
25.299999237061	-0.015448251739144	-0.24154931306839	65.000000000000	0.00000000000000
25.309999465942	-0.015911040827632	-0.23937396705151	65.000000000000	0.00000000000000
25.319999694824	-0.016363648697734	-0.23719692230225	65.000000000000	0.00000000000000
25.329999923706	-0.016806054860353	-0.23501819372177	65.000000000000	0.00000000000000
25.340000152588	-0.017238344997168	-0.23283787071705	65.000000000000	0.00000000000000
25.350000381470	-0.017660384997725	-0.23065601289272	65.000000000000	0.00000000000000
25.360000610352	-0.018072042614222	-0.22847275435925	65.000000000000	0.00000000000000
25.370000839233	-0.018473619595170	-0.22628809511662	65.000000000000	0.00000000000000
25.379999160767	-0.018864985555410	-0.22410213947296	65.000000000000	0.00000000000000
25.389999389648	-0.019246008247137	-0.22191496193409	65.000000000000	0.00000000000000
25.399999618530	-0.019616879522800	-0.21972663700581	65.000000000000	0.00000000000000
25.409999847412	-0.019977465271950	-0.21753719449043	65.000000000000	0.00000000000000
25.420000076294	-0.020327845588326	-0.21534675359726	65.000000000000	0.00000000000000
25.430000305176	-0.020667999982834	-0.21315538883209	65.000000000000	0.00000000000000
25.440000534058	-0.020997798070312	-0.21096312999725	65.000000000000	0.00000000000000
25.450000762939	-0.021317519247532	-0.20877006649971	65.000000000000	0.00000000000000
25.459999084473	-0.021626837551594	-0.20657628774643	65.000000000000	0.00000000000000
25.469999313354	-0.021925924345851	-0.20438185334206	65.000000000000	0.00000000000000
25.479999542236	-0.022214855998755	-0.20218683779240	65.000000000000	0.00000000000000
25.489999771118	-0.022493503987789	-0.19999127089977	65.000000000000	0.00000000000000
25.500000000000	-0.022761937230825	-0.19779528677464	65.000000000000	0.00000000000000
25.510000228882	-0.023020038381219	-0.19559894502163	65.000000000000	0.00000000000000
25.520000457764	-0.023268055170774	-0.19340227544308	65.000000000000	0.00000000000000
25.530000686646	-0.023505775257945	-0.19120536744595	65.000000000000	0.00000000000000
25.540000915527	-0.023733351379633	-0.18900829553604	65.000000000000	0.00000000000000
25.549999237061	-0.023950571194291	-0.18681113421917	65.000000000000	0.00000000000000
25.559999465942	-0.024157857522368	-0.18461394309998	65.000000000000	0.00000000000000
25.569999694824	-0.024354722350836	-0.18241679668427	65.000000000000	0.00000000000000
25.579999923706	-0.024541495367885	-0.18021976947784	65.000000000000	0.00000000000000
25.590000152588	-0.024718055501580	-0.17802292108536	65.000000000000	0.00000000000000
25.600000381470	-0.024884359911084	-0.17582635581493	65.000000000000	0.00000000000000
25.610000610352	-0.025040635839105	-0.17363008856773	65.000000000000	0.00000000000000
25.620000839233	-0.025186670944095	-0.17143422365189	65.000000000000	0.00000000000000
25.629999160767	-0.025322677567601	-0.16923877596855	65.000000000000	0.00000000000000
25.639999389648	-0.025448534637690	-0.16704389452934	65.000000000000	0.00000000000000
25.649999618530	-0.025564273819327	-0.16484959423542	65.000000000000	0.00000000000000
25.659999847412	-0.025669855996966	-0.16265596449375	65.000000000000	0.00000000000000
25.670000076294	-0.025765474885702	-0.16046305000782	65.000000000000	0.00000000000000
25.680000305176	-0.025850921869278	-0.15827096998692	65.000000000000	0.00000000000000
25.690000534058	-0.025926379486918	-0.15607972443104	65.000000000000	0.00000000000000
25.700000762939	-0.025991795584559	-0.15388940274715	65.000000000000	0.00000000000000
25.709999084473	-0.026047119870782	-0.15170010924339	65.000000000000	0.00000000000000
25.719999313354	-0.026092510670424	-0.14951185882092	65.000000000000	0.00000000000000
25.729999542236	-0.026127912104130	-0.14732475578785	65.000000000000	0.00000000000000
25.739999771118	-0.026153329759836	-0.14513881504536	65.000000000000	0.00000000000000
25.750000000000	-0.026168841868639	-0.14295415580273	65.000000000000	0.00000000000000
25.760000228882	-0.026174312457442	-0.14077083766460	65.000000000000	0.00000000000000
25.770000457764	-0.026169944554567	-0.13858889043331	65.000000000000	0.00000000000000
25.780000686646	-0.026155658066273	-0.13640841841698	65.000000000000	0.00000000000000
25.790000915527	-0.026131575927138	-0.13422945141792	65.000000000000	0.00000000000000
25.799999237061	-0.026097545400262	-0.13205206394196	65.000000000000	0.00000000000000
25.809999465942	-0.026053765788674	-0.12987633049488	65.000000000000	0.00000000000000
25.819999694824	-0.026000117883086	-0.12770231068134	65.000000000000	0.00000000000000
25.829999923706	-0.025936719030142	-0.12553004920483	65.000000000000	0.00000000000000
25.840000152588	-0.025863558053970	-0.12335965782404	65.000000000000	0.00000000000000
25.850000381470	-0.025780642405152	-0.12119114398956	65.000000000000	0.00000000000000
25.860000610352	-0.025688035413623	-0.11902459710836	65.000000000000	0.00000000000000
25.870000839233	-0.025585727766156	-0.11686005443335	65.000000000000	0.00000000000000
25.879999160767	-0.025473764166236	-0.11469762772322	65.000000000000	0.00000000000000
25.889999389648	-0.025352172553539	-0.11253733187914	65.000000000000	0.00000000000000
25.899999618530	-0.025220913812518	-0.11037924140692	65.000000000000	0.00000000000000
25.909999847412	-0.025080129504204	-0.10822341591120	65.000000000000	0.00000000000000
25.920000076294	-0.024929763749242	-0.10606992244720	65.000000000000	0.00000000000000
25.930000305176	-0.024769866839051	-0.10391881316900	65.000000000000	0.00000000000000
25.940000534058	-0.024600481614470	-0.10177014768124	65.000000000000	0.00000000000000
25.950000762939	-0.024421608075500	-0.099623985588551	65.000000000000	0.00000000000000
25.959999084473	-0.024233300238848	-0.097480386495590	65.000000000000	0.00000000000000
25.969999313354	-0.024035561829805	-0.095339410007000	65.000000000000	0.00000000000000
25.979999542236	-0.023828458040953	-0.093201108276844	65.000000000000	0.00000000000000
25.989999771118	-0.023611998185515	-0.091065540909767	65.000000000000	0.00000000000000
26.000000000000	-0.023386189714074	-0.088932782411575	65.000000000000	0.00000000000000
26.010000228882	-0.023151101544499	-0.086802855134010	65.000000000000	0.00000000000000
26.020000457764	-0.022906752303243	-0.084675841033459	65.000000000000	0.00000000000000
26.030000686646	-0.022653181105852	-0.082551792263985	65.000000000000	0.00000000000000
26.040000915527	-0.022390384227037	-0.080430753529072	65.000000000000	0.00000000000000
26.049999237061	-0.022118439897895	-0.078312799334526	65.000000000000	0.00000000000000
26.059999465942	-0.021837357431650	-0.076197959482670	65.000000000000	0.00000000000000
26.069999694824	-0.021547162905335	-0.074086308479309	65.000000000000	0.00000000000000
26.079999923706	-0.021247919648886	-0.071977883577347	65.000000000000	0.00000000000000
26.090000152588	-0.020939636975527	-0.069872751832008	65.000000000000	0.00000000000000
26.100000381470	-0.020622357726097	-0.067770972847939	65.000000000000	0.00000000000000
26.110000610352	-0.020296107977629	-0.065672568976879	65.000000000000	0.00000000000000
26.120000839233	-0.019960939884186	-0.063577629625797	65.000000000000	0.00000000000000
26.129999160767	-0.019616881385446	-0.061486173421144	65.000000000000	0.00000000000000
26.139999389648	-0.019263945519924	-0.059398271143436	65.000000000000	0.00000000000000
26.149999618530	-0.018902219831944	-0.057313978672028	65.000000000000	0.00000000000000
26.159999847412	-0.018531704321504	-0.055233325809240	65.000000000000	0.00000000000000
26.170000076294	-0.018152441829443	-0.053156379610300	65.000000000000	0.00000000000000
26.180000305176	-0.017764450982213	-0.051083181053400	65.000000000000	0.00000000000000
26.190000534058	-0.017367810010910	-0.049013789743185	65.000000000000	0.00000000000000
26.200000762939	-0.016962517052889	-0.046948242932558	65.000000000000	0.00000000000000
26.209999084473	-0.016548654064536	-0.044886589050293	65.000000000000	0.00000000000000
26.219999313354	-0.016126217320561	-0.042828883975744	65.000000000000	0.00000000000000
26.229999542236	-0.015695266425610	-0.040775176137686	65.000000000000	0.00000000000000
26.239999771118	-0.015255835838616	-0.038725502789021	65.000000000000	0.00000000000000
26.250000000000	-0.014807973057032	-0.036679916083813	65.000000000000	0.00000000000000
26.260000228882	-0.014351700432599	-0.034638468176126	65.000000000000	0.00000000000000
26.270000457764	-0.013887066394091	-0.032601196318865	65.000000000000	0.00000000000000
26.280000686646	-0.013414123095572	-0.030568150803447	65.000000000000	0.00000000000000
26.290000915527	-0.012932903133333	-0.028539368882775	65.000000000000	0.00000000000000
26.299999237061	-0.012443440034986	-0.026514900848269	65.000000000000	0.00000000000000
26.309999465942	-0.011945771984756	-0.024494795128703	65.000000000000	0.00000000000000
26.319999694824	-0.011439954861999	-0.022479087114334	65.000000000000	0.00000000000000
26.329999923706	-0.010926024988294	-0.020467827096581	65.000000000000	0.00000000000000
26.340000152588	-0.010404016822577	-0.018461050465703	65.000000000000	0.00000000000000
26.350000381470	-0.0098739881068468	-0.016458803787827	65.000000000000	0.00000000000000
26.360000610352	-0.0093359677121043	-0.014461128972471	65.000000000000	0.00000000000000
26.370000839233	-0.0087899994105101	-0.012468065135181	65.000000000000	0.00000000000000
26.379999160767	-0.0082361260429025	-0.010479656979442	65.000000000000	0.00000000000000
26.389999389648	-0.0076744002290070	-0.0084959389641881	65.000000000000	0.00000000000000
26.399999618530	-0.0071048545651138	-0.0065169557929039	65.000000000000	0.00000000000000
26.409999847412	-0.0065275328233838	-0.0045427479781210	65.000000000000	0.00000000000000
26.420000076294	-0.0059424838982522	-0.0025733513757586	65.000000000000	0.00000000000000
26.430000305176	-0.0053497483022511	-0.00060880579985678	65.000000000000	0.00000000000000
26.440000534058	-0.0047493702732027	0.0013508520787582	65.000000000000	0.00000000000000
26.450000762939	-0.0041413940489292	0.0033055806998163	65.000000000000	0.00000000000000
26.459999084473	-0.0035258650314063	0.0052553461864591	65.000000000000	0.00000000000000
26.469999313354	-0.0029028255958110	0.0072001107037067	65.000000000000	0.00000000000000
26.479999542236	-0.0022723225411028	0.0091398367658257	65.000000000000	0.00000000000000
26.489999771118	-0.0016344001051039	0.011074491776526	65.000000000000	0.00000000000000
26.500000000000	-0.00098909810185432	0.013004036620259	65.000000000000	0.00000000000000
26.510000228882	-0.00033647895907052	0.014928436838090	65.000000000000	0.00000000000000
26.520000457764	0.00032343438942917	0.016847657039762	65.000000000000	0.00000000000000
26.530000686646	0.00099058391060680	0.018761666491628	65.000000000000	0.00000000000000
26.540000915527	0.0016649303724989	0.020670430734754	65.000000000000	0.00000000000000
26.549999237061	0.0023464169353247	0.022573912516236	65.000000000000	0.00000000000000
26.559999465942	0.0030350082088262	0.024472083896399	65.000000000000	0.00000000000000
26.569999694824	0.0037306523881853	0.026364911347628	65.000000000000	0.00000000000000
26.579999923706	0.0044333138503134	0.028252361342311	65.000000000000	0.00000000000000
26.590000152588	0.0051429360173643	0.030134402215481	65.000000000000	0.00000000000000
26.600000381470	0.0058594737201929	0.032011006027460	65.000000000000	0.00000000000000
26.610000610352	0.0065828775987029	0.033882141113281	65.000000000000	0.00000000000000
26.620000839233	0.0073131099343300	0.035747770220041	65.000000000000	0.00000000000000
26.629999160767	0.0080501185730100	0.037607878446579	65.000000000000	0.00000000000000
26.639999389648	0.0087938625365496	0.039462421089411	65.000000000000	0.00000000000000
26.649999618530	0.0095442812889814	0.041311379522085	65.000000000000	0.00000000000000
26.659999847412	0.010301342234015	0.043154720216990	65.000000000000	0.00000000000000
26.670000076294	0.011064981110394	0.044992417097092	65.000000000000	0.00000000000000
26.680000305176	0.011835174635053	0.046824447810650	65.000000000000	0.00000000000000
26.690000534058	0.012611857615411	0.048650775104761	65.000000000000	0.00000000000000
26.700000762939	0.013394997455180	0.050471384078264	65.000000000000	0.00000000000000
26.709999084473	0.014184528961778	0.052286237478256	65.000000000000	0.00000000000000
26.719999313354	0.014980421401560	0.054095312952995	65.000000000000	0.00000000000000
26.729999542236	0.015782617032528	0.055898591876030	65.000000000000	0.00000000000000
26.739999771118	0.016591066494584	0.057696040719748	65.000000000000	0.00000000000000
26.750000000000	0.017405731603503	0.059487644582987	65.000000000000	0.00000000000000
26.760000228882	0.018226550891995	0.061273369938135	65.000000000000	0.00000000000000
26.770000457764	0.019053490832448	0.063053198158741	65.000000000000	0.00000000000000
26.780000686646	0.019886502996087	0.064827091991901	65.000000000000	0.00000000000000
26.790000915527	0.020725544542074	0.066595062613487	65.000000000000	0.00000000000000
26.799999237061	0.021570535376668	0.068357050418854	65.000000000000	0.00000000000000
26.809999465942	0.022421462461352	0.070113055408001	65.000000000000	0.00000000000000
26.819999694824	0.023278275504708	0.071863055229187	65.000000000000	0.00000000000000
26.829999923706	0.024140901863575	0.073607020080090	65.000000000000	0.00000000000000
26.840000152588	0.025009317323565	0.075344935059547	65.000000000000	0.00000000000000
26.850000381470	0.025883456692100	0.077076785266399	65.000000000000	0.00000000000000
26.860000610352	0.026763284578919	0.078802540898323	65.000000000000	0.00000000000000
26.870000839233	0.027648745104671	0.080522187054157	65.000000000000	0.00000000000000
26.879999160767	0.028539814054966	0.082235701382160	65.000000000000	0.00000000000000
26.889999389648	0.029436429962516	0.083943076431751	65.000000000000	0.00000000000000
26.899999618530	0.030338512733579	0.085644267499447	65.000000000000	0.00000000000000
26.909999847412	0.031246053054929	0.087339289486408	65.000000000000	0.00000000000000
26.920000076294	0.032159004360437	0.089028105139732	65.000000000000	0.00000000000000
26.930000305176	0.033077277243137	0.090710721910000	65.000000000000	0.00000000000000
26.940000534058	0.034000869840384	0.092387080192566	65.000000000000	0.00000000000000
26.950000762939	0.034929729998112	0.094057202339172	65.000000000000	0.00000000000000
26.959999084473	0.035863783210516	0.095721058547497	65.000000000000	0.00000000000000
26.969999313354	0.036802988499403	0.097378626465797	65.000000000000	0.00000000000000
26.979999542236	0.037747319787741	0.099029920995235	65.000000000000	0.00000000000000
26.989999771118	0.038696721196175	0.10067487508059	65.000000000000	0.00000000000000
27.000000000000	0.039651136845350	0.10231353342533	65.000000000000	0.00000000000000
27.010000228882	0.040610510855913	0.10394585132599	65.000000000000	0.00000000000000
27.020000457764	0.041574809700251	0.10557179898024	65.000000000000	0.00000000000000
27.030000686646	0.042543973773718	0.10719140619040	65.000000000000	0.00000000000000
27.040000915527	0.043517980724573	0.10880462080240	65.000000000000	0.00000000000000
27.049999237061	0.044496770948172	0.11041145026684	65.000000000000	0.00000000000000
27.059999465942	0.045480296015739	0.11201189458370	65.000000000000	0.00000000000000
27.069999694824	0.046468500047922	0.11360591650009	65.000000000000	0.00000000000000
27.079999923706	0.047461342066526	0.11519350856543	65.000000000000	0.00000000000000
27.090000152588	0.048458773642778	0.11677468568087	65.000000000000	0.00000000000000
27.100000381470	0.049460768699646	0.11834941804409	65.000000000000	0.00000000000000
27.110000610352	0.050467237830162	0.11991770565510	65.000000000000	0.00000000000000
27.120000839233	0.051478162407875	0.12147951871157	65.000000000000	0.00000000000000
27.129999160767	0.052493471652269	0.12303485721350	65.000000000000	0.00000000000000
27.139999389648	0.053513176739216	0.12458370625973	65.000000000000	0.00000000000000
27.149999618530	0.054537165910006	0.12612609565258	65.000000000000	0.00000000000000
27.159999847412	0.055565435439348	0.12766197323799	65.000000000000	0.00000000000000
27.170000076294	0.056597925722599	0.12919135391712	65.000000000000	0.00000000000000
27.180000305176	0.057634558528662	0.13071422278881	65.000000000000	0.00000000000000
27.190000534058	0.058675341308117	0.13223057985306	65.000000000000	0.00000000000000
27.200000762939	0.059720207005739	0.13374041020870	65.000000000000	0.00000000000000
27.209999084473	0.060769136995077	0.13524369895458	65.000000000000	0.00000000000000
27.219999313354	0.061822000890970	0.13674046099186	65.000000000000	0.00000000000000
27.229999542236	0.062878794968128	0.13823069632053	65.000000000000	0.00000000000000
27.239999771118	0.063939549028873	0.13971433043480	65.000000000000	0.00000000000000
27.250000000000	0.065004110336304	0.14119148254395	65.000000000000	0.00000000000000
27.260000228882	0.066072516143322	0.14266203343868	65.000000000000	0.00000000000000
27.270000457764	0.067144609987736	0.14412605762482	65.000000000000	0.00000000000000
27.280000686646	0.068220496177673	0.14558348059654	65.000000000000	0.00000000000000
27.290000915527	0.069300025701523	0.14703436195850	65.000000000000	0.00000000000000
27.299999237061	0.070383176207542	0.14847865700722	65.000000000000	0.00000000000000
27.309999465942	0.071469873189926	0.14991639554501	65.000000000000	0.00000000000000
27.319999694824	0.072560168802738	0.15134753286839	65.000000000000	0.00000000000000
27.329999923706	0.073653914034367	0.15277212858200	65.000000000000	0.00000000000000
27.340000152588	0.074751131236553	0.15419012308121	65.000000000000	0.00000000000000
27.350000381470	0.075851745903492	0.15560151636600	65.000000000000	0.00000000000000
27.360000610352	0.076955690979958	0.15700636804104	65.000000000000	0.00000000000000
27.370000839233	0.078063018620014	0.15840461850166	65.000000000000	0.00000000000000
27.379999160767	0.079173557460308	0.15979625284672	65.000000000000	0.00000000000000
27.389999389648	0.080287344753742	0.16118134558201	65.000000000000	0.00000000000000
27.399999618530	0.081404298543930	0.16255983710289	65.000000000000	0.00000000000000
27.409999847412	0.082524441182613	0.16393174231052	65.000000000000	0.00000000000000
27.420000076294	0.083647608757019	0.16529706120491	65.000000000000	0.00000000000000
27.430000305176	0.084773860871792	0.16665580868721	65.000000000000	0.00000000000000
27.440000534058	0.085903123021126	0.16800796985626	65.000000000000	0.00000000000000
27.450000762939	0.087035402655602	0.16935351490974	65.000000000000	0.00000000000000
27.459999084473	0.088170528411865	0.17069254815578	65.000000000000	0.00000000000000
27.469999313354	0.089308589696884	0.17202496528625	65.000000000000	0.00000000000000
27.479999542236	0.090449444949627	0.17335082590580	65.000000000000	0.00000000000000
27.489999771118	0.091593183577061	0.17467007040977	65.000000000000	0.00000000000000
27.500000000000	0.092739619314671	0.17598278820515	65.000000000000	0.00000000000000
27.510000228882	0.093888781964779	0.17728891968727	65.000000000000	0.00000000000000
27.520000457764	0.095040611922741	0.17858850955963	65.000000000000	0.00000000000000
27.530000686646	0.096195079386234	0.17988152801991	65.000000000000	0.00000000000000
27.540000915527	0.097352094948292	0.18116800487041	65.000000000000	0.00000000000000
27.549999237061	0.098511710762978	0.18244791030884	65.000000000000	0.00000000000000
27.559999465942	0.099673852324486	0.18372128903866	65.000000000000	0.00000000000000
27.569999694824	0.10083843767643	0.18498809635639	65.000000000000	0.00000000000000
27.579999923706	0.10200542956591	0.18624840676785	65.000000000000	0.00000000000000
27.590000152588	0.10317483544350	0.18750214576721	65.000000000000	0.00000000000000
27.600000381470	0.10434661805630	0.18874938786030	65.000000000000	0.00000000000000
27.610000610352	0.10552062839270	0.18999008834362	65.000000000000	0.00000000000000
27.620000839233	0.10669698566198	0.19122429192066	65.000000000000	0.00000000000000
27.629999160767	0.10787551850080	0.19245199859142	65.000000000000	0.00000000000000
27.639999389648	0.10905628651381	0.19367317855358	65.000000000000	0.00000000000000
27.649999618530	0.11023911833763	0.19488789141178	65.000000000000	0.00000000000000
27.659999847412	0.11142412573099	0.19609607756138	65.000000000000	0.00000000000000
27.670000076294	0.11261122673750	0.19729779660702	65.000000000000	0.00000000000000
27.680000305176	0.11380027979612	0.19849307835102	65.000000000000	0.00000000000000
27.690000534058	0.11499141156673	0.19968186318874	65.000000000000	0.00000000000000
27.700000762939	0.11618442833424	0.20086421072483	65.000000000000	0.00000000000000
27.709999084473	0.11737938970327	0.20204009115696	65.000000000000	0.00000000000000
27.719999313354	0.11857617646456	0.20320953428745	65.000000000000	0.00000000000000
27.729999542236	0.11977491527796	0.20437254011631	65.000000000000	0.00000000000000
27.739999771118	0.12097537517548	0.20552913844585	65.000000000000	0.00000000000000
27.750000000000	0.12217763811350	0.20667932927608	65.000000000000	0.00000000000000
27.760000228882	0.12338159233332	0.20782309770584	65.000000000000	0.00000000000000
27.770000457764	0.12458725273609	0.20896047353745	65.000000000000	0.00000000000000
27.780000686646	0.12579458951950	0.21009145677090	65.000000000000	0.00000000000000
27.790000915527	0.12700353562832	0.21121606230736	65.000000000000	0.00000000000000
27.799999237061	0.12821404635906	0.21233433485031	65.000000000000	0.00000000000000
27.809999465942	0.12942606210709	0.21344622969627	65.000000000000	0.00000000000000
27.819999694824	0.13063965737820	0.21455177664757	65.000000000000	0.00000000000000
27.829999923706	0.13185471296310	0.21565099060535	65.000000000000	0.00000000000000
27.840000152588	0.13307121396065	0.21674388647079	65.000000000000	0.00000000000000
27.850000381470	0.13428908586502	0.21783047914505	65.000000000000	0.00000000000000
27.860000610352	0.13550834357738	0.21891073882580	65.000000000000	0.00000000000000
27.870000839233	0.13672898709774	0.21998474001884	65.000000000000	0.00000000000000
27.879999160767	0.13795083761215	0.22105242311954	65.000000000000	0.00000000000000
27.889999389648	0.13917398452759	0.22211390733719	65.000000000000	0.00000000000000
27.899999618530	0.14039835333824	0.22316907346249	65.000000000000	0.00000000000000
27.909999847412	0.14162388443947	0.22421802580357	65.000000000000	0.00000000000000
27.920000076294	0.14285062253475	0.22526073455811	65.000000000000	0.00000000000000
27.930000305176	0.14407847821712	0.22629725933075	65.000000000000	0.00000000000000
27.940000534058	0.14530742168427	0.22732754051685	65.000000000000	0.00000000000000
27.950000762939	0.14653737843037	0.22835163772106	65.000000000000	0.00000000000000
27.959999084473	0.14776846766472	0.22936959564686	65.000000000000	0.00000000000000
27.969999313354	0.14900045096874	0.23038132488728	65.000000000000	0.00000000000000
27.979999542236	0.15023346245289	0.23138694465160	65.000000000000	0.00000000000000
27.989999771118	0.15146739780903	0.23238641023636	65.000000000000	0.00000000000000
28.000000000000	0.15270215272903	0.23337976634502	65.000000000000	0.00000000000000
28.010000228882	0.15393783152103	0.23436698317528	65.000000000000	0.00000000000000
28.020000457764	0.15517434477806	0.23534810543060	65.000000000000	0.00000000000000
28.030000686646	0.15641167759895	0.23632317781448	65.000000000000	0.00000000000000
28.040000915527	0.15764969587326	0.23729212582111	65.000000000000	0.00000000000000
28.049999237061	0.15888850390911	0.23825506865978	65.000000000000	0.00000000000000
28.059999465942	0.16012799739838	0.23921193182468	65.000000000000	0.00000000000000
28.069999694824	0.16136819124222	0.24016278982162	65.000000000000	0.00000000000000
28.079999923706	0.16260899603367	0.24110764265060	65.000000000000	0.00000000000000
28.090000152588	0.16385048627853	0.24204650521278	65.000000000000	0.00000000000000
28.100000381470	0.16509251296520	0.24297937750816	65.000000000000	0.00000000000000
28.110000610352	0.16633509099483	0.24390627443790	65.000000000000	0.00000000000000
28.120000839233	0.16757816076279	0.24482724070549	65.000000000000	0.00000000000000
28.129999160767	0.16882175207138	0.24574224650860	65.000000000000	0.00000000000000
28.139999389648	0.17006589472294	0.24665135145187	65.000000000000	0.00000000000000
28.149999618530	0.17131033539772	0.24755454063416	65.000000000000	0.00000000000000
28.159999847412	0.17255523800850	0.24845187366009	65.000000000000	0.00000000000000
28.170000076294	0.17380051314831	0.24934327602386	65.000000000000	0.00000000000000
28.180000305176	0.17504614591599	0.25022888183594	65.000000000000	0.00000000000000
28.190000534058	0.17629207670689	0.25110861659050	65.000000000000	0.00000000000000
28.200000762939	0.17753832042217	0.25198251008987	65.000000000000	0.00000000000000
28.209999084473	0.17878486216068	0.25285062193871	65.000000000000	0.00000000000000
28.219999313354	0.18003156781197	0.25371295213699	65.000000000000	0.00000000000000
28.229999542236	0.18127854168415	0.25456950068474	65.000000000000	0.00000000000000
28.239999771118	0.18252564966679	0.25542026758194	65.000000000000	0.00000000000000
28.250000000000	0.18377296626568	0.25626531243324	65.000000000000	0.00000000000000
28.260000228882	0.18502035737038	0.25710463523865	65.000000000000	0.00000000000000
28.270000457764	0.18626791238785	0.25793823599815	65.000000000000	0.00000000000000
28.280000686646	0.18751548230648	0.25876617431641	65.000000000000	0.00000000000000
28.290000915527	0.18876312673092	0.25958845019341	65.000000000000	0.00000000000000
28.299999237061	0.19001080095768	0.26040503382683	65.000000000000	0.00000000000000
28.309999465942	0.19125849008560	0.26121598482132	65.000000000000	0.00000000000000
28.319999694824	0.19250610470772	0.26202136278152	65.000000000000	0.00000000000000
28.329999923706	0.19375370442867	0.26282107830048	65.000000000000	0.00000000000000
28.340000152588	0.19500117003918	0.26361522078514	65.000000000000	0.00000000000000
28.350000381470	0.19624853134155	0.26440382003784	65.000000000000	0.00000000000000
28.360000610352	0.19749583303928	0.26518684625626	65.000000000000	0.00000000000000
28.370000839233	0.19874295592308	0.26596435904503	65.000000000000	0.00000000000000
28.379999160767	0.19998982548714	0.26673635840416	65.000000000000	0.00000000000000
28.389999389648	0.20123662054539	0.26750287413597	65.000000000000	0.00000000000000
28.399999618530	0.20248308777809	0.26826384663582	65.000000000000	0.00000000000000
28.409999847412	0.20372936129570	0.26901942491531	65.000000000000	0.00000000000000
28.420000076294	0.20497536659241	0.26976954936981	65.000000000000	0.00000000000000
28.430000305176	0.20622101426125	0.27051424980164	65.000000000000	0.00000000000000
28.440000534058	0.20746640861034	0.27125352621078	65.000000000000	0.00000000000000
28.450000762939	0.20871135592461	0.27198740839958	65.000000000000	0.00000000000000
28.459999084473	0.20995604991913	0.27271598577499	65.000000000000	0.00000000000000
28.469999313354	0.21120029687881	0.27343913912773	65.000000000000	0.00000000000000
28.479999542236	0.21244415640831	0.27415701746941	65.000000000000	0.00000000000000
28.489999771118	0.21368759870529	0.27486956119537	65.000000000000	0.00000000000000
28.500000000000	0.21493053436279	0.27557680010796	65.000000000000	0.00000000000000
28.510000228882	0.21617303788662	0.27627876400948	65.000000000000	0.00000000000000
28.520000457764	0.21741501986980	0.27697548270226	65.000000000000	0.00000000000000
28.530000686646	0.21865646541119	0.27766698598862	65.000000000000	0.00000000000000
28.540000915527	0.21989737451077	0.27835327386856	65.000000000000	0.00000000000000
28.549999237061	0.22113773226738	0.27903431653976	65.000000000000	0.00000000000000
28.559999465942	0.22237755358219	0.27971020340919	65.000000000000	0.00000000000000
28.569999694824	0.22361670434475	0.28038096427917	65.000000000000	0.00000000000000
28.579999923706	0.22485524415970	0.28104650974274	65.000000000000	0.00000000000000
28.590000152588	0.22609318792820	0.28170701861382	65.000000000000	0.00000000000000
28.600000381470	0.22733049094677	0.28236234188080	65.000000000000	0.00000000000000
28.610000610352	0.22856709361076	0.28301262855530	65.000000000000	0.00000000000000
28.620000839233	0.22980287671089	0.28365784883499	65.000000000000	0.00000000000000
28.629999160767	0.23103800415993	0.28429803252220	65.000000000000	0.00000000000000
28.639999389648	0.23227241635323	0.28493314981461	65.000000000000	0.00000000000000
28.649999618530	0.23350611329079	0.28556323051453	65.000000000000	0.00000000000000
28.659999847412	0.23473891615868	0.28618842363358	65.000000000000	0.00000000000000
28.670000076294	0.23597097396851	0.28680860996246	65.000000000000	0.00000000000000
28.680000305176	0.23720222711563	0.28742381930351	65.000000000000	0.00000000000000
28.690000534058	0.23843252658844	0.28803420066833	65.000000000000	0.00000000000000
28.700000762939	0.23966214060783	0.28863954544067	65.000000000000	0.00000000000000
28.709999084473	0.24089087545872	0.28923997282982	65.000000000000	0.00000000000000
28.719999313354	0.24211864173412	0.28983563184738	65.000000000000	0.00000000000000
28.729999542236	0.24334551393986	0.29042643308640	65.000000000000	0.00000000000000
28.739999771118	0.24457144737244	0.29101234674454	65.000000000000	0.00000000000000
28.750000000000	0.24579647183418	0.29159349203110	65.000000000000	0.00000000000000
28.760000228882	0.24702052772045	0.29216983914375	65.000000000000	0.00000000000000
28.770000457764	0.24824349582195	0.29274153709412	65.000000000000	0.00000000000000
28.780000686646	0.24946573376656	0.29330819845200	65.000000000000	0.00000000000000
28.790000915527	0.25068682432175	0.29387027025223	65.000000000000	0.00000000000000
28.799999237061	0.25190675258636	0.29442775249481	65.000000000000	0.00000000000000
28.809999465942	0.25312578678131	0.29498040676117	65.000000000000	0.00000000000000
28.819999694824	0.25434374809265	0.29552844166756	65.000000000000	0.00000000000000
28.829999923706	0.25556060671806	0.29607176780701	65.000000000000	0.00000000000000
28.840000152588	0.25677639245987	0.29661050438881	65.000000000000	0.00000000000000
28.850000381470	0.25799119472504	0.29714450240135	65.000000000000	0.00000000000000
28.860000610352	0.25920471549034	0.29767405986786	65.000000000000	0.00000000000000
28.870000839233	0.26041722297668	0.29819890856743	65.000000000000	0.00000000000000
28.879999160767	0.26162841916084	0.29871940612793	65.000000000000	0.00000000000000
28.889999389648	0.26283869147301	0.29923507571220	65.000000000000	0.00000000000000
28.899999618530	0.26404765248299	0.29974642395973	65.000000000000	0.00000000000000
28.909999847412	0.26525536179543	0.30025324225426	65.000000000000	0.00000000000000
28.920000076294	0.26646184921265	0.30075567960739	65.000000000000	0.00000000000000
28.930000305176	0.26766720414162	0.30125352740288	65.000000000000	0.00000000000000
28.940000534058	0.26887130737305	0.30174696445465	65.000000000000	0.00000000000000
28.950000762939	0.27007424831390	0.30223590135574	65.000000000000	0.00000000000000
28.959999084473	0.27127575874329	0.30272060632706	65.000000000000	0.00000000000000
28.969999313354	0.27247622609138	0.30320072174072	65.000000000000	0.00000000000000
28.979999542236	0.27367508411407	0.30367669463158	65.000000000000	0.00000000000000
28.989999771118	0.27487286925316	0.30414822697639	65.000000000000	0.00000000000000
29.000000000000	0.27606928348541	0.30461543798447	65.000000000000	0.00000000000000
29.010000228882	0.27726438641548	0.30507832765579	65.000000000000	0.00000000000000
29.020000457764	0.27845808863640	0.30553695559502	65.000000000000	0.00000000000000
29.030000686646	0.27965053915977	0.30599132180214	65.000000000000	0.00000000000000
29.040000915527	0.28084155917168	0.30644148588181	65.000000000000	0.00000000000000
29.049999237061	0.28203123807907	0.30688738822937	65.000000000000	0.00000000000000
29.059999465942	0.28321957588196	0.30732905864716	65.000000000000	0.00000000000000
29.069999694824	0.28440642356873	0.30776658654213	65.000000000000	0.00000000000000
29.079999923706	0.28559190034866	0.30819994211197	65.000000000000	0.00000000000000
29.090000152588	0.28677591681480	0.30862912535667	65.000000000000	0.00000000000000
29.100000381470	0.28795853257179	0.30905422568321	65.000000000000	0.00000000000000
29.110000610352	0.28913974761963	0.30947515368462	65.000000000000	0.00000000000000
29.120000839233	0.29031944274902	0.30989202857018	65.000000000000	0.00000000000000
29.129999160767	0.29149773716927	0.31030485033989	65.000000000000	0.00000000000000
29.139999389648	0.29267451167107	0.31071361899376	65.000000000000	0.00000000000000
29.149999618530	0.29384979605675	0.31111836433411	65.000000000000	0.00000000000000
29.159999847412	0.29502359032631	0.31151905655861	65.000000000000	0.00000000000000
29.170000076294	0.29619586467743	0.31191578507423	65.000000000000	0.00000000000000
29.180000305176	0.29736658930779	0.31230854988098	65.000000000000	0.00000000000000
29.190000534058	0.29853579401970	0.31269735097885	65.000000000000	0.00000000000000
29.200000762939	0.29970353841782	0.31308218836784	65.000000000000	0.00000000000000
29.209999084473	0.30086970329285	0.31346315145493	65.000000000000	0.00000000000000
29.219999313354	0.30203431844711	0.31384021043777	65.000000000000	0.00000000000000
29.229999542236	0.30319735407829	0.31421336531639	65.000000000000	0.00000000000000
29.239999771118	0.30435878038406	0.31458270549774	65.000000000000	0.00000000000000
29.250000000000	0.30551865696907	0.31494817137718	65.000000000000	0.00000000000000
29.260000228882	0.30667689442635	0.31530985236168	65.000000000000	0.00000000000000
29.270000457764	0.30783364176750	0.31566768884659	65.000000000000	0.00000000000000
29.280000686646	0.30898866057396	0.31602177023888	65.000000000000	0.00000000000000
29.290000915527	0.31014212965965	0.31637206673622	65.000000000000	0.00000000000000
29.299999237061	0.31129392981529	0.31671863794327	65.000000000000	0.00000000000000
29.309999465942	0.31244415044785	0.31706145405769	65.000000000000	0.00000000000000
29.319999694824	0.31359261274338	0.31740054488182	65.000000000000	0.00000000000000
29.329999923706	0.31473946571350	0.31773602962494	65.000000000000	0.00000000000000
29.340000152588	0.31588476896286	0.31806778907776	65.000000000000	0.00000000000000
29.350000381470	0.31702831387520	0.31839588284492	65.000000000000	0.00000000000000
29.360000610352	0.31817013025284	0.31872034072876	65.000000000000	0.00000000000000
29.370000839233	0.31931033730507	0.31904122233391	65.000000000000	0.00000000000000
29.379999160767	0.32044887542725	0.31935849785805	65.000000000000	0.00000000000000
29.389999389648	0.32158571481705	0.31967216730118	65.000000000000	0.00000000000000
29.399999618530	0.32272076606750	0.31998229026794	65.000000000000	0.00000000000000
29.409999847412	0.32385417819023	0.32028886675835	65.000000000000	0.00000000000000
29.420000076294	0.32498577237129	0.32059192657471	65.000000000000	0.00000000000000
29.430000305176	0.32611575722694	0.32089146971703	65.000000000000	0.00000000000000
29.440000534058	0.32724395394325	0.32118749618530	65.000000000000	0.00000000000000
29.450000762939	0.32837042212486	0.32148012518883	65.000000000000	0.00000000000000
29.459999084473	0.32949513196945	0.32176923751831	65.000000000000	0.00000000000000
29.469999313354	0.33061817288399	0.32205492258072	65.000000000000	0.00000000000000
29.479999542236	0.33173939585686	0.32233721017838	65.000000000000	0.00000000000000
29.489999771118	0.33285880088806	0.32261613011360	65.000000000000	0.00000000000000
29.500000000000	0.33397653698921	0.32289159297943	65.000000000000	0.00000000000000
29.510000228882	0.33509239554405	0.32316377758980	65.000000000000	0.00000000000000
29.520000457764	0.33620652556419	0.32343253493309	65.000000000000	0.00000000000000
29.530000686646	0.33731886744499	0.32369801402092	65.000000000000	0.00000000000000
29.540000915527	0.33842942118645	0.32396018505096	65.000000000000	0.00000000000000
29.549999237061	0.33953818678856	0.32421901822090	65.000000000000	0.00000000000000
29.559999465942	0.34064507484436	0.32447463274002	65.000000000000	0.00000000000000
29.569999694824	0.34175023436546	0.32472696900368	65.000000000000	0.00000000000000
29.579999923706	0.34285357594490	0.32497605681419	65.000000000000	0.00000000000000
29.590000152588	0.34395506978035	0.32522189617157	65.000000000000	0.00000000000000
29.600000381470	0.34505477547646	0.32546457648277	65.000000000000	0.00000000000000
29.610000610352	0.34615260362625	0.32570400834084	65.000000000000	0.00000000000000
29.620000839233	0.34724864363670	0.32594034075737	65.000000000000	0.00000000000000
29.629999160767	0.34834277629852	0.32617348432541	65.000000000000	0.00000000000000
29.639999389648	0.34943518042564	0.32640346884727	65.000000000000	0.00000000000000
29.649999618530	0.35052564740181	0.32663035392761	65.000000000000	0.00000000000000
29.659999847412	0.35161429643631	0.32685413956642	65.000000000000	0.00000000000000
29.670000076294	0.35270103812218	0.32707482576370	65.000000000000	0.00000000000000
29.680000305176	0.35378605127335	0.32729247212410	65.000000000000	0.00000000000000
29.690000534058	0.35486909747124	0.32750701904297	65.000000000000	0.00000000000000
29.700000762939	0.35595026612282	0.32771855592728	65.000000000000	0.00000000000000
29.709999084473	0.35702958703041	0.32792705297470	65.000000000000	0.00000000000000
29.719999313354	0.35810706019402	0.32813256978989	65.000000000000	0.00000000000000
29.729999542236	0.35918268561363	0.32833507657051	65.000000000000	0.00000000000000
29.739999771118	0.36025634407997	0.32853463292122	65.000000000000	0.00000000000000
29.750000000000	0.36132818460464	0.32873120903969	65.000000000000	0.00000000000000
29.760000228882	0.36239811778069	0.32892486453056	65.000000000000	0.00000000000000
29.770000457764	0.36346617341042	0.32911559939384	65.000000000000	0.00000000000000
29.780000686646	0.36453229188919	0.32930344343185	65.000000000000	0.00000000000000
29.790000915527	0.36559653282166	0.32948836684227	65.000000000000	0.00000000000000
29.799999237061	0.36665889620781	0.32967042922974	65.000000000000	0.00000000000000
29.809999465942	0.36771938204765	0.32984963059425	65.000000000000	0.00000000000000
29.819999694824	0.36877787113190	0.33002600073814	65.000000000000	0.00000000000000
29.829999923706	0.36983448266983	0.33019953966141	65.000000000000	0.00000000000000
29.840000152588	0.37088921666145	0.33037024736404	65.000000000000	0.00000000000000
29.850000381470	0.37194201350212	0.33053818345070	65.000000000000	0.00000000000000
29.860000610352	0.37299296259880	0.33070331811905	65.000000000000	0.00000000000000
29.870000839233	0.37404191493988	0.33086571097374	65.000000000000	0.00000000000000
29.879999160767	0.37508898973465	0.33102539181709	65.000000000000	0.00000000000000
29.889999389648	0.37613409757614	0.33118230104446	65.000000000000	0.00000000000000
29.899999618530	0.37717732787132	0.33133646845818	65.000000000000	0.00000000000000
29.909999847412	0.37821862101555	0.33148795366287	65.000000000000	0.00000000000000
29.920000076294	0.37925800681114	0.33163678646088	65.000000000000	0.00000000000000
29.930000305176	0.38029539585114	0.33178287744522	65.000000000000	0.00000000000000
29.940000534058	0.38133084774017	0.33192637562752	65.000000000000	0.00000000000000
29.950000762939	0.38236445188522	0.33206722140312	65.000000000000	0.00000000000000
29.959999084473	0.38339611887932	0.33220544457436	65.000000000000	0.00000000000000
29.969999313354	0.38442572951317	0.33234104514122	65.000000000000	0.00000000000000
29.979999542236	0.38545346260071	0.33247405290604	65.000000000000	0.00000000000000
29.989999771118	0.38647931814194	0.33260452747345	65.000000000000	0.00000000000000
30.000000000000	0.38750317692757	0.33273231983185	65.000000000000	0.00000000000000
30.010000228882	0.38852509856224	0.33285763859749	65.000000000000	0.00000000000000
30.020000457764	0.38954511284828	0.33298042416573	65.000000000000	0.00000000000000
30.030000686646	0.39056316018105	0.33310070633888	65.000000000000	0.00000000000000
30.040000915527	0.39157927036285	0.33321842551231	65.000000000000	0.00000000000000
30.049999237061	0.39259332418442	0.33333367109299	65.000000000000	0.00000000000000
30.059999465942	0.39360556006432	0.33344644308090	65.000000000000	0.00000000000000
30.069999694824	0.39461582899094	0.33355674147606	65.000000000000	0.00000000000000
30.079999923706	0.39562407135963	0.33366459608078	65.000000000000	0.00000000000000
30.090000152588	0.39663046598434	0.33377000689507	65.000000000000	0.00000000000000
30.100000381470	0.39763477444649	0.33387303352356	65.000000000000	0.00000000000000
30.110000610352	0.39863729476929	0.33397364616394	65.000000000000	0.00000000000000
30.120000839233	0.39963781833649	0.33407181501389	65.000000000000	0.00000000000000
30.129999160767	0.40063628554344	0.33416762948036	65.000000000000	0.00000000000000
30.139999389648	0.40163287520409	0.33426105976105	65.000000000000	0.00000000000000
30.149999618530	0.40262755751610	0.33435222506523	65.000000000000	0.00000000000000
30.159999847412	0.40362021327019	0.33444100618362	65.000000000000	0.00000000000000
30.170000076294	0.40461090207100	0.33452743291855	65.000000000000	0.00000000000000
30.180000305176	0.40559968352318	0.33461150527000	65.000000000000	0.00000000000000
30.190000534058	0.40658652782440	0.33469334244728	65.000000000000	0.00000000000000
30.200000762939	0.40757137537003	0.33477288484573	65.000000000000	0.00000000000000
30.209999084473	0.40855431556702	0.33485016226768	65.000000000000	0.00000000000000
30.219999313354	0.40953519940376	0.33492520451546	65.000000000000	0.00000000000000
30.229999542236	0.41051420569420	0.33499801158905	65.000000000000	0.00000000000000
30.239999771118	0.41149124503136	0.33506852388382	65.000000000000	0.00000000000000
30.250000000000	0.41246622800827	0.33513686060905	65.000000000000	0.00000000000000
30.260000228882	0.41343948245049	0.33520299196243	65.000000000000	0.00000000000000
30.270000457764	0.41441065073013	0.33526697754860	65.000000000000	0.00000000000000
30.280000686646	0.41537979245186	0.33532866835594	65.000000000000	0.00000000000000
30.290000915527	0.41634708642960	0.33538827300072	65.000000000000	0.00000000000000
30.299999237061	0.41731238365173	0.33544573187828	65.000000000000	0.00000000000000
30.309999465942	0.41827574372292	0.33550101518631	65.000000000000	0.00000000000000
30.319999694824	0.41923713684082	0.33555418252945	65.000000000000	0.00000000000000
30.329999923706	0.42019662261009	0.33560526371002	65.000000000000	0.00000000000000
30.340000152588	0.42115411162376	0.33565419912338	65.000000000000	0.00000000000000
30.350000381470	0.42210963368416	0.33570107817650	65.000000000000	0.00000000000000
30.360000610352	0.42306333780289	0.33574590086937	65.000000000000	0.00000000000000
30.370000839233	0.42401492595673	0.33578863739967	65.000000000000	0.00000000000000
30.379999160767	0.42496460676193	0.33582928776741	65.000000000000	0.00000000000000
30.389999389648	0.42591241002083	0.33586791157722	65.000000000000	0.00000000000000
30.399999618530	0.42685815691948	0.33590453863144	65.000000000000	0.00000000000000
30.409999847412	0.42780208587646	0.33593913912773	65.000000000000	0.00000000000000
30.420000076294	0.42874401807785	0.33597174286842	65.000000000000	0.00000000000000
30.430000305176	0.42968392372131	0.33600234985352	65.000000000000	0.00000000000000
30.440000534058	0.43062195181847	0.33603098988533	65.000000000000	0.00000000000000
30.450000762939	0.43155807256699	0.33605763316154	65.000000000000	0.00000000000000
30.459999084473	0.43249222636223	0.33608233928680	65.000000000000	0.00000000000000
30.469999313354	0.43342450261116	0.33610513806343	65.000000000000	0.00000000000000
30.479999542236	0.43435475230217	0.33612594008446	65.000000000000	0.00000000000000
30.489999771118	0.43528300523758	0.33614483475685	65.000000000000	0.00000000000000
30.500000000000	0.43620944023132	0.33616191148758	65.000000000000	0.00000000000000
30.510000228882	0.43713387846947	0.33617696166039	65.000000000000	0.00000000000000
30.520000457764	0.43805640935898	0.33619019389153	65.000000000000	0.00000000000000
30.530000686646	0.43897697329521	0.33620157837868	65.000000000000	0.00000000000000
30.540000915527	0.43989568948746	0.33621105551720	65.000000000000	0.00000000000000
30.549999237061	0.44081246852875	0.33621868491173	65.000000000000	0.00000000000000
30.559999465942	0.44172725081444	0.33622449636459	65.000000000000	0.00000000000000
30.569999694824	0.44264015555382	0.33622846007347	65.000000000000	0.00000000000000
30.579999923706	0.44355109333992	0.33623066544533	65.000000000000	0.00000000000000
30.590000152588	0.44446012377739	0.33623102307320	65.000000000000	0.00000000000000
30.600000381470	0.44536724686623	0.33622956275940	65.000000000000	0.00000000000000
30.610000610352	0.44627237319946	0.33622631430626	65.000000000000	0.00000000000000
30.620000839233	0.44717568159103	0.33622130751610	65.000000000000	0.00000000000000
30.629999160767	0.44807702302933	0.33621454238892	65.000000000000	0.00000000000000
30.639999389648	0.44897651672363	0.33620607852936	65.000000000000	0.00000000000000
30.649999618530	0.44987401366234	0.33619579672813	65.000000000000	0.00000000000000
30.659999847412	0.45076969265938	0.33618381619453	65.000000000000	0.00000000000000
30.670000076294	0.45166337490082	0.33617007732391	65.000000000000	0.00000000000000
30.680000305176	0.45255511999130	0.33615469932556	65.000000000000	0.00000000000000
30.690000534058	0.45344504714012	0.33613762259483	65.000000000000	0.00000000000000
30.700000762939	0.45433294773102	0.33611881732941	65.000000000000	0.00000000000000
30.709999084473	0.45521908998489	0.33609834313393	65.000000000000	0.00000000000000
30.719999313354	0.45610326528549	0.33607617020607	65.000000000000	0.00000000000000
30.729999542236	0.45698553323746	0.33605244755745	65.000000000000	0.00000000000000
30.739999771118	0.45786595344543	0.33602693676949	65.000000000000	0.00000000000000
30.750000000000	0.45874437689781	0.33599987626076	65.000000000000	0.00000000000000
30.760000228882	0.45962104201317	0.33597120642662	65.000000000000	0.00000000000000
30.770000457764	0.46049571037292	0.33594086766243	65.000000000000	0.00000000000000
30.780000686646	0.46136853098869	0.33590894937515	65.000000000000	0.00000000000000
30.790000915527	0.46223944425583	0.33587545156479	65.000000000000	0.00000000000000
30.799999237061	0.46310853958130	0.33584034442902	65.000000000000	0.00000000000000
30.809999465942	0.46397566795349	0.33580365777016	65.000000000000	0.00000000000000
30.819999694824	0.46484097838402	0.33576545119286	65.000000000000	0.00000000000000
30.829999923706	0.46570438146591	0.33572563529015	65.000000000000	0.00000000000000
30.840000152588	0.46656593680382	0.33568429946899	65.000000000000	0.00000000000000
30.850000381470	0.46742555499077	0.33564141392708	65.000000000000	0.00000000000000
30.860000610352	0.46828338503838	0.33559703826904	65.000000000000	0.00000000000000
30.870000839233	0.46913933753967	0.33555105328560	65.000000000000	0.00000000000000
30.879999160767	0.46999329328537	0.33550363779068	65.000000000000	0.00000000000000
30.889999389648	0.47084555029869	0.33545470237732	65.000000000000	0.00000000000000
30.899999618530	0.47169578075409	0.33540430665016	65.000000000000	0.00000000000000
30.909999847412	0.47254431247711	0.33535239100456	65.000000000000	0.00000000000000
30.920000076294	0.47339090704918	0.33529904484749	65.000000000000	0.00000000000000
30.930000305176	0.47423562407494	0.33524420857430	65.000000000000	0.00000000000000
30.940000534058	0.47507855296135	0.33518794178963	65.000000000000	0.00000000000000
30.950000762939	0.47591963410378	0.33513018488884	65.000000000000	0.00000000000000
30.959999084473	0.47675874829292	0.33507105708122	65.000000000000	0.00000000000000
30.969999313354	0.47759613394737	0.33501052856445	65.000000000000	0.00000000000000
30.979999542236	0.47843164205551	0.33494845032692	65.000000000000	0.00000000000000
30.989999771118	0.47926530241966	0.33488506078720	65.000000000000	0.00000000000000
31.000000000000	0.48009714484215	0.33482027053833	65.000000000000	0.00000000000000
31.010000228882	0.48092713952065	0.33475407958031	65.000000000000	0.00000000000000
31.020000457764	0.48175525665283	0.33468651771545	65.000000000000	0.00000000000000
31.030000686646	0.48258158564568	0.33461755514145	65.000000000000	0.00000000000000
31.040000915527	0.48340609669685	0.33454725146294	65.000000000000	0.00000000000000
31.049999237061	0.48422881960869	0.33447563648224	65.000000000000	0.00000000000000
31.059999465942	0.48504963517189	0.33440262079239	65.000000000000	0.00000000000000
31.069999694824	0.48586869239807	0.33432829380035	65.000000000000	0.00000000000000
31.079999923706	0.48668593168259	0.33425262570381	65.000000000000	0.00000000000000
31.090000152588	0.48750126361847	0.33417561650276	65.000000000000	0.00000000000000
31.100000381470	0.48831480741501	0.33409735560417	65.000000000000	0.00000000000000
31.110000610352	0.48912665247917	0.33401775360107	65.000000000000	0.00000000000000
31.120000839233	0.48993659019470	0.33393692970276	65.000000000000	0.00000000000000
31.129999160767	0.49074479937553	0.33385473489761	65.000000000000	0.00000000000000
31.139999389648	0.49155107140541	0.33377122879028	65.000000000000	0.00000000000000
31.149999618530	0.49235567450523	0.33368656039238	65.000000000000	0.00000000000000
31.159999847412	0.49315840005875	0.33360052108765	65.000000000000	0.00000000000000
31.170000076294	0.49395933747292	0.33351334929466	65.000000000000	0.00000000000000
31.180000305176	0.49475854635239	0.33342483639717	65.000000000000	0.00000000000000
31.190000534058	0.49555593729019	0.33333510160446	65.000000000000	0.00000000000000
31.200000762939	0.49635154008865	0.33324417471886	65.000000000000	0.00000000000000
31.209999084473	0.49714532494545	0.33315202593803	65.000000000000	0.00000000000000
31.219999313354	0.49793732166290	0.33305865526199	65.000000000000	0.00000000000000
31.229999542236	0.49872761964798	0.33296409249306	65.000000000000	0.00000000000000
31.239999771118	0.49951612949371	0.33286833763123	65.000000000000	0.00000000000000
31.250000000000	0.50030279159546	0.33277139067650	65.000000000000	0.00000000000000
31.260000228882	0.50108772516251	0.33267316222191	65.000000000000	0.00000000000000
31.270000457764	0.50187093019485	0.33257389068604	65.000000000000	0.00000000000000
31.280000686646	0.50265234708786	0.33247342705727	65.000000000000	0.00000000000000
31.290000915527	0.50343197584152	0.33237171173096	65.000000000000	0.00000000000000
31.299999237061	0.50420987606049	0.33226895332336	65.000000000000	0.00000000000000
31.309999465942	0.50498592853546	0.33216500282288	65.000000000000	0.00000000000000
31.319999694824	0.50576037168503	0.33205997943878	65.000000000000	0.00000000000000
31.329999923706	0.50653296709061	0.33195373415947	65.000000000000	0.00000000000000
31.340000152588	0.50730377435684	0.33184644579887	65.000000000000	0.00000000000000
31.350000381470	0.50807297229767	0.33173802495003	65.000000000000	0.00000000000000
31.360000610352	0.50884038209915	0.33162847161293	65.000000000000	0.00000000000000
31.370000839233	0.50960594415665	0.33151781558990	65.000000000000	0.00000000000000
31.379999160767	0.51036995649338	0.33140608668327	65.000000000000	0.00000000000000
31.389999389648	0.51113200187683	0.33129331469536	65.000000000000	0.00000000000000
31.399999618530	0.51189249753952	0.33117941021919	65.000000000000	0.00000000000000
31.409999847412	0.51265138387680	0.33106434345245	65.000000000000	0.00000000000000
31.420000076294	0.51340812444687	0.33094871044159	65.000000000000	0.00000000000000
31.430000305176	0.51416349411011	0.33083137869835	65.000000000000	0.00000000000000
31.440000534058	0.51491713523865	0.33071321249008	65.000000000000	0.00000000000000
31.450000762939	0.51566892862320	0.33059415221214	65.000000000000	0.00000000000000
31.459999084473	0.51641905307770	0.33047392964363	65.000000000000	0.00000000000000
31.469999313354	0.51716756820679	0.33035257458687	65.000000000000	0.00000000000000
31.479999542236	0.51791423559189	0.33023035526276	65.000000000000	0.00000000000000
31.489999771118	0.51865923404694	0.33010703325272	65.000000000000	0.00000000000000
31.500000000000	0.51940250396729	0.32998287677765	65.000000000000	0.00000000000000
31.510000228882	0.52014410495758	0.32985767722130	65.000000000000	0.00000000000000
31.520000457764	0.52088385820389	0.32973158359528	65.000000000000	0.00000000000000
31.530000686646	0.52162218093872	0.32960417866707	65.000000000000	0.00000000000000
31.540000915527	0.52235871553421	0.32947599887848	65.000000000000	0.00000000000000
31.549999237061	0.52309358119965	0.32934671640396	65.000000000000	0.00000000000000
31.559999465942	0.52382659912109	0.32921665906906	65.000000000000	0.00000000000000
31.569999694824	0.52455812692642	0.32908558845520	65.000000000000	0.00000000000000
31.579999923706	0.52528792619705	0.32895350456238	65.000000000000	0.00000000000000
31.590000152588	0.52601599693298	0.32882064580917	65.000000000000	0.00000000000000
31.600000381470	0.52674251794815	0.32868650555611	65.000000000000	0.00000000000000
31.610000610352	0.52746731042862	0.32855165004730	65.000000000000	0.00000000000000
31.620000839233	0.52819025516510	0.32841601967812	65.000000000000	0.00000000000000
31.629999160767	0.52891176939011	0.32827916741371	65.000000000000	0.00000000000000
31.639999389648	0.52963155508041	0.32814159989357	65.000000000000	0.00000000000000
31.649999618530	0.53034985065460	0.32800281047821	65.000000000000	0.00000000000000
31.659999847412	0.53106617927551	0.32786354422569	65.000000000000	0.00000000000000
31.670000076294	0.53178101778030	0.32772320508957	65.000000000000	0.00000000000000
31.680000305176	0.53249412775040	0.32758200168610	65.000000000000	0.00000000000000
31.690000534058	0.53320568799973	0.32743987441063	65.000000000000	0.00000000000000
31.700000762939	0.53391557931900	0.32729691267014	65.000000000000	0.00000000000000
31.709999084473	0.53462380170822	0.32715305685997	65.000000000000	0.00000000000000
31.719999313354	0.53533041477203	0.32700833678246	65.000000000000	0.00000000000000
31.729999542236	0.53603535890579	0.32686278223991	65.000000000000	0.00000000000000
31.739999771118	0.53673875331879	0.32671636343002	65.000000000000	0.00000000000000
31.750000000000	0.53744047880173	0.32656911015511	65.000000000000	0.00000000000000
31.760000228882	0.53814047574997	0.32642099261284	65.000000000000	0.00000000000000
31.770000457764	0.53883898258209	0.32627210021019	65.000000000000	0.00000000000000
31.780000686646	0.53953576087952	0.32612228393555	65.000000000000	0.00000000000000
31.790000915527	0.54023110866547	0.32597175240517	65.000000000000	0.00000000000000
31.799999237061	0.54092466831207	0.32582032680511	65.000000000000	0.00000000000000
31.809999465942	0.54161673784256	0.32566818594933	65.000000000000	0.00000000000000
31.819999694824	0.54230707883835	0.32551515102386	65.000000000000	0.00000000000000
31.829999923706	0.54299587011337	0.32536137104034	65.000000000000	0.00000000000000
31.840000152588	0.54368311166763	0.32520678639412	65.000000000000	0.00000000000000
31.850000381470	0.54436874389648	0.32505142688751	65.000000000000	0.00000000000000
31.860000610352	0.54505276679993	0.32489526271820	65.000000000000	0.00000000000000
31.870000839233	0.54573512077332	0.32473832368851	65.000000000000	0.00000000000000
31.879999160767	0.54641598463058	0.32458063960075	65.000000000000	0.00000000000000
31.889999389648	0.54709523916245	0.32442218065262	65.000000000000	0.00000000000000
31.899999618530	0.54777294397354	0.32426297664642	65.000000000000	0.00000000000000
31.909999847412	0.54844903945923	0.32410299777985	65.000000000000	0.00000000000000
31.920000076294	0.54912346601486	0.32394230365753	65.000000000000	0.00000000000000
31.930000305176	0.54979646205902	0.32378086447716	65.000000000000	0.00000000000000
31.940000534058	0.55046784877777	0.32361868023872	65.000000000000	0.00000000000000
31.950000762939	0.55113756656647	0.32345575094223	65.000000000000	0.00000000000000
31.959999084473	0.55180585384369	0.32329216599464	65.000000000000	0.00000000000000
31.969999313354	0.55247253179550	0.32312780618668	65.000000000000	0.00000000000000
31.979999542236	0.55313766002655	0.32296276092529	65.000000000000	0.00000000000000
31.989999771118	0.55380123853683	0.32279697060585	65.000000000000	0.00000000000000
32.000000000000	0.55446320772171	0.32263052463531	65.000000000000	0.00000000000000
32.009998321533	0.55512368679047	0.32246330380440	65.000000000000	0.00000000000000
32.020000457764	0.55578261613846	0.32229548692703	65.000000000000	0.00000000000000
32.029998779297	0.55644005537033	0.32212695479393	65.000000000000	0.00000000000000
32.040000915527	0.55709588527679	0.32195779681206	65.000000000000	0.00000000000000
32.049999237061	0.55775022506714	0.32178786396980	65.000000000000	0.00000000000000
32.060001373291	0.55840301513672	0.32161727547646	65.000000000000	0.00000000000000
32.069999694824	0.55905425548553	0.32144606113434	65.000000000000	0.00000000000000
32.080001831055	0.55970388650894	0.32127422094345	65.000000000000	0.00000000000000
32.090000152588	0.56035208702087	0.32110166549683	65.000000000000	0.00000000000000
32.099998474121	0.56099879741669	0.32092851400375	65.000000000000	0.00000000000000
32.110000610352	0.56164395809174	0.32075467705727	65.000000000000	0.00000000000000
32.119998931885	0.56228756904602	0.32058018445969	65.000000000000	0.00000000000000
32.130001068115	0.56292974948883	0.32040512561798	65.000000000000	0.00000000000000
32.139999389648	0.56357043981552	0.32022941112518	65.000000000000	0.00000000000000
32.150001525879	0.56420958042145	0.32005304098129	65.000000000000	0.00000000000000
32.159999847412	0.56484717130661	0.31987610459328	65.000000000000	0.00000000000000
32.169998168945	0.56548333168030	0.31969848275185	65.000000000000	0.00000000000000
32.180000305176	0.56611794233322	0.31952032446861	65.000000000000	0.00000000000000
32.189998626709	0.56675100326538	0.31934154033661	65.000000000000	0.00000000000000
32.200000762939	0.56738269329071	0.31916213035583	65.000000000000	0.00000000000000
32.209999084473	0.56801289319992	0.31898218393326	65.000000000000	0.00000000000000
32.220001220703	0.56864154338837	0.31880164146423	65.000000000000	0.00000000000000
32.229999542236	0.56926876306534	0.31862047314644	65.000000000000	0.00000000000000
32.240001678467	0.56989449262619	0.31843873858452	65.000000000000	0.00000000000000
32.250000000000	0.57051873207092	0.31825646758080	65.000000000000	0.00000000000000
32.259998321533	0.57114160060883	0.31807357072830	65.000000000000	0.00000000000000
32.270000457764	0.57176285982132	0.31789016723633	65.000000000000	0.00000000000000
32.279998779297	0.57238268852234	0.31770613789558	65.000000000000	0.00000000000000
32.290000915527	0.57300114631653	0.31752163171768	65.000000000000	0.00000000000000
32.299999237061	0.57361805438995	0.31733652949333	65.000000000000	0.00000000000000
32.310001373291	0.57423353195190	0.31715092062950	65.000000000000	0.00000000000000
32.319999694824	0.57484763860703	0.31696471571922	65.000000000000	0.00000000000000
32.330001831055	0.57546013593674	0.31677800416946	65.000000000000	0.00000000000000
32.340000152588	0.57607132196426	0.31659075617790	65.000000000000	0.00000000000000
32.349998474121	0.57668101787567	0.31640297174454	65.000000000000	0.00000000000000
32.360000610352	0.57728922367096	0.31621471047401	65.000000000000	0.00000000000000
32.369998931885	0.57789617776871	0.31602588295937	65.000000000000	0.00000000000000
32.380001068115	0.57850152254105	0.31583657860756	65.000000000000	0.00000000000000
32.389999389648	0.57910555601120	0.31564670801163	65.000000000000	0.00000000000000
32.400001525879	0.57970809936523	0.31545639038086	65.000000000000	0.00000000000000
32.409999847412	0.58030921220779	0.31526556611061	65.000000000000	0.00000000000000
32.419998168945	0.58090889453888	0.31507423520088	65.000000000000	0.00000000000000
32.430000305176	0.58150720596313	0.31488242745399	65.000000000000	0.00000000000000
32.439998626709	0.58210408687592	0.31469011306763	65.000000000000	0.00000000000000
32.450000762939	0.58269959688187	0.31449732184410	65.000000000000	0.00000000000000
32.459999084473	0.58329361677170	0.31430402398109	65.000000000000	0.00000000000000
32.470001220703	0.58388632535934	0.31411033868790	65.000000000000	0.00000000000000
32.479999542236	0.58447760343552	0.31391608715057	65.000000000000	0.00000000000000
32.490001678467	0.58506751060486	0.31372144818306	65.000000000000	0.00000000000000
32.500000000000	0.58565592765808	0.31352630257607	65.000000000000	0.00000000000000
32.509998321533	0.58624303340912	0.31333070993423	65.000000000000	0.00000000000000
32.520000457764	0.58682876825333	0.31313470005989	65.000000000000	0.00000000000000
32.529998779297	0.58741313219070	0.31293821334839	65.000000000000	0.00000000000000
32.540000915527	0.58799600601196	0.31274124979973	65.000000000000	0.00000000000000
32.549999237061	0.58857762813568	0.31254392862320	65.000000000000	0.00000000000000
32.560001373291	0.58915776014328	0.31234613060951	65.000000000000	0.00000000000000
32.569999694824	0.58973658084869	0.31214788556099	65.000000000000	0.00000000000000
32.580001831055	0.59031403064728	0.31194919347763	65.000000000000	0.00000000000000
32.590000152588	0.59089022874832	0.31175011396408	65.000000000000	0.00000000000000
32.599998474121	0.59146487712860	0.31155061721802	65.000000000000	0.00000000000000
32.610000610352	0.59203833341599	0.31135073304176	65.000000000000	0.00000000000000
32.619998931885	0.59261041879654	0.31115037202835	65.000000000000	0.00000000000000
32.630001068115	0.59318101406097	0.31094965338707	65.000000000000	0.00000000000000
32.639999389648	0.59375029802322	0.31074851751328	65.000000000000	0.00000000000000
32.650001525879	0.59431833028793	0.31054696440697	65.000000000000	0.00000000000000
32.659999847412	0.59488499164581	0.31034502387047	65.000000000000	0.00000000000000
32.669998168945	0.59545034170151	0.31014272570610	65.000000000000	0.00000000000000
32.680000305176	0.59601432085037	0.30994001030922	65.000000000000	0.00000000000000
32.689998626709	0.59657692909241	0.30973690748215	65.000000000000	0.00000000000000
32.700000762939	0.59713828563690	0.30953341722488	65.000000000000	0.00000000000000
32.709999084473	0.59769827127457	0.30932959914207	65.000000000000	0.00000000000000
32.720001220703	0.59825700521469	0.30912536382675	65.000000000000	0.00000000000000
32.729999542236	0.59881436824799	0.30892077088356	65.000000000000	0.00000000000000
32.740001678467	0.59937041997910	0.30871582031250	65.000000000000	0.00000000000000
32.750000000000	0.59992516040802	0.30851051211357	65.000000000000	0.00000000000000
32.759998321533	0.60047858953476	0.30830484628677	65.000000000000	0.00000000000000
32.770000457764	0.60103082656860	0.30809882283211	65.000000000000	0.00000000000000
32.779998779297	0.60158157348633	0.30789241194725	65.000000000000	0.00000000000000
32.790000915527	0.60213112831116	0.30768567323685	65.000000000000	0.00000000000000
32.799999237061	0.60267937183380	0.30747863650322	65.000000000000	0.00000000000000
32.810001373291	0.60322636365891	0.30727124214172	65.000000000000	0.00000000000000
32.819999694824	0.60377204418182	0.30706351995468	65.000000000000	0.00000000000000
32.830001831055	0.60431647300720	0.30685544013977	65.000000000000	0.00000000000000
32.840000152588	0.60485959053040	0.30664703249931	65.000000000000	0.00000000000000
32.849998474121	0.60540133714676	0.30643829703331	65.000000000000	0.00000000000000
32.860000610352	0.60594195127487	0.30622923374176	65.000000000000	0.00000000000000
32.869998931885	0.60648125410080	0.30601990222931	65.000000000000	0.00000000000000
32.880001068115	0.60701924562454	0.30581018328667	65.000000000000	0.00000000000000
32.889999389648	0.60755604505539	0.30560019612312	65.000000000000	0.00000000000000
32.900001525879	0.60809153318405	0.30538988113403	65.000000000000	0.00000000000000
32.909999847412	0.60862582921982	0.30517929792404	65.000000000000	0.00000000000000
32.919998168945	0.60915881395340	0.30496838688850	65.000000000000	0.00000000000000
32.930000305176	0.60969048738480	0.30475714802742	65.000000000000	0.00000000000000
32.939998626709	0.61022102832794	0.30454567074776	65.000000000000	0.00000000000000
32.950000762939	0.61075031757355	0.30433386564255	65.000000000000	0.00000000000000
32.959999084473	0.61127829551697	0.30412176251411	65.000000000000	0.00000000000000
32.970001220703	0.61180508136749	0.30390942096710	65.000000000000	0.00000000000000
32.979999542236	0.61233073472977	0.30369675159454	65.000000000000	0.00000000000000
32.990001678467	0.61285507678986	0.30348384380341	65.000000000000	0.00000000000000
33.000000000000	0.61337816715240	0.30327060818672	65.000000000000	0.00000000000000
33.009998321533	0.61390000581741	0.30305713415146	65.000000000000	0.00000000000000
33.020000457764	0.61442071199417	0.30284339189529	65.000000000000	0.00000000000000
33.029998779297	0.61494010686874	0.30262935161591	65.000000000000	0.00000000000000
33.040000915527	0.61545836925507	0.30241507291794	65.000000000000	0.00000000000000
33.049999237061	0.61597543954849	0.30220055580139	65.000000000000	0.00000000000000
33.060001373291	0.61649119853973	0.30198571085930	65.000000000000	0.00000000000000
33.069999694824	0.61700588464737	0.30177065730095	65.000000000000	0.00000000000000
33.080001831055	0.61751925945282	0.30155536532402	65.000000000000	0.00000000000000
33.090000152588	0.61803156137466	0.30133983492851	65.000000000000	0.00000000000000
33.099998474121	0.61854255199432	0.30112403631210	65.000000000000	0.00000000000000
33.110000610352	0.61905235052109	0.30090796947479	65.000000000000	0.00000000000000
33.119998931885	0.61956113576889	0.30069166421890	65.000000000000	0.00000000000000
33.130001068115	0.62006855010986	0.30047515034676	65.000000000000	0.00000000000000
33.139999389648	0.62057489156723	0.30025839805603	65.000000000000	0.00000000000000
33.150001525879	0.62108004093170	0.30004137754440	65.000000000000	0.00000000000000
33.159999847412	0.62158399820328	0.29982414841652	65.000000000000	0.00000000000000
33.169998168945	0.62208682298660	0.29960671067238	65.000000000000	0.00000000000000
33.180000305176	0.62258845567703	0.29938903450966	65.000000000000	0.00000000000000
33.189998626709	0.62308895587921	0.29917111992836	65.000000000000	0.00000000000000
33.200000762939	0.62358820438385	0.29895302653313	65.000000000000	0.00000000000000
33.209999084473	0.62408643960953	0.29873466491699	65.000000000000	0.00000000000000
33.220001220703	0.62458342313766	0.29851615428925	65.000000000000	0.00000000000000
33.229999542236	0.62507933378220	0.29829740524292	65.000000000000	0.00000000000000
33.240001678467	0.62557405233383	0.29807841777802	65.000000000000	0.00000000000000
33.250000000000	0.62606757879257	0.29785922169685	65.000000000000	0.00000000000000
33.259998321533	0.62656009197235	0.29763987660408	65.000000000000	0.00000000000000
33.270000457764	0.62705141305923	0.29742029309273	65.000000000000	0.00000000000000
33.279998779297	0.62754154205322	0.29720050096512	65.000000000000	0.00000000000000
33.290000915527	0.62803065776825	0.29698053002357	65.000000000000	0.00000000000000
33.299999237061	0.62851852178574	0.29676035046577	65.000000000000	0.00000000000000
33.310001373291	0.62900537252426	0.29653996229172	65.000000000000	0.00000000000000
33.319999694824	0.62949103116989	0.29631942510605	65.000000000000	0.00000000000000
33.330001831055	0.62997567653656	0.29609870910645	65.000000000000	0.00000000000000
33.340000152588	0.63045918941498	0.29587775468826	65.000000000000	0.00000000000000
33.349998474121	0.63094145059586	0.29565668106079	65.000000000000	0.00000000000000
33.360000610352	0.63142275810242	0.29543539881706	65.000000000000	0.00000000000000
33.369998931885	0.63190293312073	0.29521387815475	65.000000000000	0.00000000000000
33.380001068115	0.63238203525543	0.29499223828316	65.000000000000	0.00000000000000
33.389999389648	0.63286000490189	0.29477044939995	65.000000000000	0.00000000000000
33.400001525879	0.63333696126938	0.29454848170280	65.000000000000	0.00000000000000
33.409999847412	0.63381272554398	0.29432627558708	65.000000000000	0.00000000000000
33.419998168945	0.63428735733032	0.29410395026207	65.000000000000	0.00000000000000
33.430000305176	0.63476103544235	0.29388144612312	65.000000000000	0.00000000000000
33.439998626709	0.63523364067078	0.29365879297256	65.000000000000	0.00000000000000
33.450000762939	0.63570517301559	0.29343596100807	65.000000000000	0.00000000000000
33.459999084473	0.63617557287216	0.29321298003197	65.000000000000	0.00000000000000
33.470001220703	0.63664489984512	0.29298987984657	65.000000000000	0.00000000000000
33.479999542236	0.63711321353912	0.29276654124260	65.000000000000	0.00000000000000
33.490001678467	0.63758039474487	0.29254311323166	65.000000000000	0.00000000000000
33.500000000000	0.63804662227631	0.29231947660446	65.000000000000	0.00000000000000
33.509998321533	0.63851171731949	0.29209575057030	65.000000000000	0.00000000000000
33.520000457764	0.63897579908371	0.29187184572220	65.000000000000	0.00000000000000
33.529998779297	0.63943892717361	0.29164782166481	65.000000000000	0.00000000000000
33.540000915527	0.63990080356598	0.29142361879349	65.000000000000	0.00000000000000
33.549999237061	0.64036178588867	0.29119926691055	65.000000000000	0.00000000000000
33.560001373291	0.64082169532776	0.29097476601601	65.000000000000	0.00000000000000
33.569999694824	0.64128053188324	0.29075014591217	65.000000000000	0.00000000000000
33.580001831055	0.64173841476440	0.29052540659904	65.000000000000	0.00000000000000
33.590000152588	0.64219522476196	0.29030051827431	65.000000000000	0.00000000000000
33.599998474121	0.64265096187592	0.29007548093796	65.000000000000	0.00000000000000
33.610000610352	0.64310574531555	0.28985029459000	65.000000000000	0.00000000000000
33.619998931885	0.64355951547623	0.28962501883507	65.000000000000	0.00000000000000
33.630001068115	0.64401227235794	0.28939956426620	65.000000000000	0.00000000000000
33.639999389648	0.64446401596069	0.28917405009270	65.000000000000	0.00000000000000
33.650001525879	0.64491468667984	0.28894832730293	65.000000000000	0.00000000000000
33.659999847412	0.64536440372467	0.28872254490852	65.000000000000	0.00000000000000
33.669998168945	0.64581310749054	0.28849658370018	65.000000000000	0.00000000000000
33.680000305176	0.64626079797745	0.28827053308487	65.000000000000	0.00000000000000
33.689998626709	0.64670747518539	0.28804433345795	65.000000000000	0.00000000000000
33.700000762939	0.64715319871902	0.28781804442406	65.000000000000	0.00000000000000
33.709999084473	0.64759796857834	0.28759160637856	65.000000000000	0.00000000000000
33.720001220703	0.64804172515869	0.28736507892609	65.000000000000	0.00000000000000
33.729999542236	0.64848440885544	0.28713840246201	65.000000000000	0.00000000000000
33.740001678467	0.64892619848251	0.28691163659096	65.000000000000	0.00000000000000
33.750000000000	0.64936703443527	0.28668478131294	65.000000000000	0.00000000000000
33.759998321533	0.64980685710907	0.28645777702332	65.000000000000	0.00000000000000
33.770000457764	0.65024566650391	0.28623065352440	65.000000000000	0.00000000000000
33.779998779297	0.65068352222443	0.28600341081619	65.000000000000	0.00000000000000
33.790000915527	0.65112042427063	0.28577607870102	65.000000000000	0.00000000000000
33.799999237061	0.65155637264252	0.28554862737656	65.000000000000	0.00000000000000
33.810001373291	0.65199136734009	0.28532111644745	65.000000000000	0.00000000000000
33.819999694824	0.65242534875870	0.28509342670441	65.000000000000	0.00000000000000
33.830001831055	0.65285837650299	0.28486564755440	65.000000000000	0.00000000000000
33.840000152588	0.65329056978226	0.28463780879974	65.000000000000	0.00000000000000
33.849998474121	0.65372174978256	0.28440985083580	65.000000000000	0.00000000000000
33.860000610352	0.65415197610855	0.28418180346489	65.000000000000	0.00000000000000
33.869998931885	0.65458118915558	0.28395360708237	65.000000000000	0.00000000000000
33.880001068115	0.65500956773758	0.28372535109520	65.000000000000	0.00000000000000
33.889999389648	0.65543693304062	0.28349694609642	65.000000000000	0.00000000000000
33.900001525879	0.65586340427399	0.28326848149300	65.000000000000	0.00000000000000
33.909999847412	0.65628886222839	0.28303992748260	65.000000000000	0.00000000000000
33.919998168945	0.65671348571777	0.28281128406525	65.000000000000	0.00000000000000
33.930000305176	0.65713721513748	0.28258255124092	65.000000000000	0.00000000000000
33.939998626709	0.65755999088287	0.28235369920731	65.000000000000	0.00000000000000
33.950000762939	0.65798181295395	0.28212475776672	65.000000000000	0.00000000000000
33.959999084473	0.65840268135071	0.28189569711685	65.000000000000	0.00000000000000
33.970001220703	0.65882259607315	0.28166657686234	65.000000000000	0.00000000000000
33.979999542236	0.65924173593521	0.28143733739853	65.000000000000	0.00000000000000
33.990001678467	0.65965986251831	0.28120803833008	65.000000000000	0.00000000000000
34.000000000000	0.66007715463638	0.28097864985466	65.000000000000	0.00000000000000
34.009998321533	0.66049349308014	0.28074917197227	65.000000000000	0.00000000000000
34.020000457764	0.66090893745422	0.28051957488060	65.000000000000	0.00000000000000
34.029998779297	0.66132342815399	0.28028991818428	65.000000000000	0.00000000000000
34.040000915527	0.66173708438873	0.28006014227867	65.000000000000	0.00000000000000
34.049999237061	0.66214984655380	0.27983030676842	65.000000000000	0.00000000000000
34.060001373291	0.66256159543991	0.27960038185120	65.000000000000	0.00000000000000
34.069999694824	0.66297250986099	0.27937033772469	65.000000000000	0.00000000000000
34.080001831055	0.66338264942169	0.27914029359818	65.000000000000	0.00000000000000
34.090000152588	0.66379189491272	0.27891007065773	65.000000000000	0.00000000000000
34.099998474121	0.66420012712479	0.27867981791496	65.000000000000	0.00000000000000
34.110000610352	0.66460746526718	0.27844947576523	65.000000000000	0.00000000000000
34.119998931885	0.66501402854919	0.27821904420853	65.000000000000	0.00000000000000
34.130001068115	0.66541969776154	0.27798855304718	65.000000000000	0.00000000000000
34.139999389648	0.66582441329956	0.27775794267654	65.000000000000	0.00000000000000
34.150001525879	0.66622829437256	0.27752724289894	65.000000000000	0.00000000000000
34.159999847412	0.66663134098053	0.27729648351669	65.000000000000	0.00000000000000
34.169998168945	0.66703349351883	0.27706566452980	65.000000000000	0.00000000000000
34.180000305176	0.66743481159210	0.27683475613594	65.000000000000	0.00000000000000
34.189998626709	0.66783523559570	0.27660378813744	65.000000000000	0.00000000000000
34.200000762939	0.66823470592499	0.27637270092964	65.000000000000	0.00000000000000
34.209999084473	0.66863340139389	0.27614152431488	65.000000000000	0.00000000000000
34.220001220703	0.66903120279312	0.27591031789780	65.000000000000	0.00000000000000
34.229999542236	0.66942822933197	0.27567911148071	65.000000000000	0.00000000000000
34.240001678467	0.66982430219650	0.27544781565666	65.000000000000	0.00000000000000
34.250000000000	0.67021977901459	0.27521598339081	65.000000000000	0.00000000000000
34.259998321533	0.67061418294907	0.27498450875282	65.000000000000	0.00000000000000
34.270000457764	0.67100757360458	0.27475309371948	65.000000000000	0.00000000000000
34.279998779297	0.67140030860901	0.27452147006989	65.000000000000	0.00000000000000
34.290000915527	0.67179220914841	0.27428954839706	65.000000000000	0.00000000000000
34.299999237061	0.67218327522278	0.27405777573586	65.000000000000	0.00000000000000
34.310001373291	0.67257338762283	0.27382606267929	65.000000000000	0.00000000000000
34.319999694824	0.67296278476715	0.27359378337860	65.000000000000	0.00000000000000
34.330001831055	0.67335128784180	0.27336192131042	65.000000000000	0.00000000000000
34.340000152588	0.67373883724213	0.27312979102135	65.000000000000	0.00000000000000
34.349998474121	0.67412579059601	0.27289748191833	65.000000000000	0.00000000000000
34.360000610352	0.67451167106628	0.27266556024551	65.000000000000	0.00000000000000
34.369998931885	0.67489683628082	0.27243310213089	65.000000000000	0.00000000000000
34.380001068115	0.67528110742569	0.27220073342323	65.000000000000	0.00000000000000
34.389999389648	0.67566478252411	0.27196782827377	65.000000000000	0.00000000000000
34.400001525879	0.67604726552963	0.27173548936844	65.000000000000	0.00000000000000
34.409999847412	0.67642915248871	0.27150285243988	65.000000000000	0.00000000000000
34.419998168945	0.67681020498276	0.27127018570900	65.000000000000	0.00000000000000
34.430000305176	0.67719036340714	0.27103739976883	65.000000000000	0.00000000000000
34.439998626709	0.67756974697113	0.27080458402634	65.000000000000	0.00000000000000
34.450000762939	0.67794829607010	0.27057167887688	65.000000000000	0.00000000000000
34.459999084473	0.67832595109940	0.27033871412277	65.000000000000	0.00000000000000
34.470001220703	0.67870295047760	0.27010571956635	65.000000000000	0.00000000000000
34.479999542236	0.67907905578613	0.26987260580063	65.000000000000	0.00000000000000
34.490001678467	0.67945426702499	0.26963943243027	65.000000000000	0.00000000000000
34.500000000000	0.67982876300812	0.26940619945526	65.000000000000	0.00000000000000
34.509998321533	0.68020236492157	0.26917287707329	65.000000000000	0.00000000000000
34.520000457764	0.68057519197464	0.26893952488899	65.000000000000	0.00000000000000
34.529998779297	0.68094724416733	0.26870608329773	65.000000000000	0.00000000000000
34.540000915527	0.68131846189499	0.26847258210182	65.000000000000	0.00000000000000
34.549999237061	0.68168884515762	0.26823902130127	65.000000000000	0.00000000000000
34.560001373291	0.68205851316452	0.26800540089607	65.000000000000	0.00000000000000
34.569999694824	0.68242728710175	0.26777172088623	65.000000000000	0.00000000000000
34.580001831055	0.68279522657394	0.26753795146942	65.000000000000	0.00000000000000
34.590000152588	0.68316245079041	0.26730415225029	65.000000000000	0.00000000000000
34.599998474121	0.68352884054184	0.26707023382187	65.000000000000	0.00000000000000
34.610000610352	0.68389439582825	0.26683631539345	65.000000000000	0.00000000000000
34.619998931885	0.68425923585892	0.26660233736038	65.000000000000	0.00000000000000
34.630001068115	0.68462312221527	0.26636824011803	65.000000000000	0.00000000000000
34.639999389648	0.68498635292053	0.26613411307335	65.000000000000	0.00000000000000
34.650001525879	0.68534868955612	0.26589992642403	65.000000000000	0.00000000000000
34.659999847412	0.68571031093597	0.26566568017006	65.000000000000	0.00000000000000
34.669998168945	0.68607109785080	0.26543137431145	65.000000000000	0.00000000000000
34.680000305176	0.68643099069595	0.26519700884819	65.000000000000	0.00000000000000
34.689998626709	0.68679022789001	0.26496258378029	65.000000000000	0.00000000000000
34.700000762939	0.68714863061905	0.26472812891006	65.000000000000	0.00000000000000
34.709999084473	0.68750625848770	0.26449358463287	65.000000000000	0.00000000000000
34.720001220703	0.68786299228668	0.26425901055336	65.000000000000	0.00000000000000
34.729999542236	0.68821901082993	0.26402434706688	65.000000000000	0.00000000000000
34.740001678467	0.68857419490814	0.26378965377808	65.000000000000	0.00000000000000
34.750000000000	0.68892872333527	0.26355490088463	65.000000000000	0.00000000000000
34.759998321533	0.68928229808807	0.26332011818886	65.000000000000	0.00000000000000
34.770000457764	0.68963515758514	0.26308524608612	65.000000000000	0.00000000000000
34.779998779297	0.68998724222183	0.26285031437874	65.000000000000	0.00000000000000
34.790000915527	0.69033843278885	0.26261535286903	65.000000000000	0.00000000000000
34.799999237061	0.69068896770477	0.26238036155701	65.000000000000	0.00000000000000
34.810001373291	0.69103860855103	0.26214528083801	65.000000000000	0.00000000000000
34.819999694824	0.69138759374619	0.26191017031670	65.000000000000	0.00000000000000
34.830001831055	0.69173568487167	0.26167505979538	65.000000000000	0.00000000000000
34.840000152588	0.69208300113678	0.26143983006477	65.000000000000	0.00000000000000
34.849998474121	0.69242954254150	0.26120457053185	65.000000000000	0.00000000000000
34.860000610352	0.69277530908585	0.26096931099892	65.000000000000	0.00000000000000
34.869998931885	0.69312018156052	0.26073396205902	65.000000000000	0.00000000000000
34.880001068115	0.69346445798874	0.26049858331680	65.000000000000	0.00000000000000
34.889999389648	0.69380784034729	0.26026320457458	65.000000000000	0.00000000000000
34.900001525879	0.69415044784546	0.26002770662308	65.000000000000	0.00000000000000
34.909999847412	0.69449228048325	0.25979220867157	65.000000000000	0.00000000000000
34.919998168945	0.69483333826065	0.25955665111542	65.000000000000	0.00000000000000
34.930000305176	0.69517362117767	0.25932109355927	65.000000000000	0.00000000000000
34.939998626709	0.69551301002502	0.25908547639847	65.000000000000	0.00000000000000
34.950000762939	0.69585180282593	0.25884982943535	65.000000000000	0.00000000000000
34.959999084473	0.69618970155716	0.25861415266991	65.000000000000	0.00000000000000
34.970001220703	0.69652670621872	0.25837841629982	65.000000000000	0.00000000000000
34.979999542236	0.69686311483383	0.25814270973206	65.000000000000	0.00000000000000
34.990001678467	0.69719862937927	0.25790691375732	65.000000000000	0.00000000000000
35.000000000000	0.69753348827362	0.25767111778259	65.000000000000	0.00000000000000
