25.000000000000	0.33265638351440	-0.61104273796082	65.000000000000	0.00000000000000
25.010000228882	0.33114221692085	-0.61060690879822	65.000000000000	0.00000000000000
25.020000457764	0.32962733507156	-0.61016589403152	65.000000000000	0.00000000000000
25.030000686646	0.32811146974564	-0.60971951484680	65.000000000000	0.00000000000000
25.040000915527	0.32659479975700	-0.60926795005798	65.000000000000	0.00000000000000
25.049999237061	0.32507720589638	-0.60881102085114	65.000000000000	0.00000000000000
25.059999465942	0.32355898618698	-0.60834884643555	65.000000000000	0.00000000000000
25.069999694824	0.32203987240791	-0.60788136720657	65.000000000000	0.00000000000000
25.079999923706	0.32052004337311	-0.60740846395493	65.000000000000	0.00000000000000
25.090000152588	0.31899937987328	-0.60693031549454	65.000000000000	0.00000000000000
25.100000381470	0.31747815012932	-0.60644668340683	65.000000000000	0.00000000000000
25.110000610352	0.31595584750175	-0.60595774650574	65.000000000000	0.00000000000000
25.120000839233	0.31443315744400	-0.60546332597733	65.000000000000	0.00000000000000
25.129999160767	0.31290963292122	-0.60496348142624	65.000000000000	0.00000000000000
25.139999389648	0.31138542294502	-0.60445821285248	65.000000000000	0.00000000000000
25.149999618530	0.30986055731773	-0.60394752025604	65.000000000000	0.00000000000000
25.159999847412	0.30833497643471	-0.60343128442764	65.000000000000	0.00000000000000
25.170000076294	0.30680885910988	-0.60290956497192	65.000000000000	0.00000000000000
25.180000305176	0.30528205633163	-0.60238230228424	65.000000000000	0.00000000000000
25.190000534058	0.30375468730927	-0.60184949636459	65.000000000000	0.00000000000000
25.200000762939	0.30222681164742	-0.60131114721298	65.000000000000	0.00000000000000
25.209999084473	0.30069831013680	-0.60076713562012	65.000000000000	0.00000000000000
25.219999313354	0.29916918277740	-0.60021770000458	65.000000000000	0.00000000000000
25.229999542236	0.29763963818550	-0.59966254234314	65.000000000000	0.00000000000000
25.239999771118	0.29610952734947	-0.59910172224045	65.000000000000	0.00000000000000
25.250000000000	0.29457882046700	-0.59853529930115	65.000000000000	0.00000000000000
25.260000228882	0.29304793477058	-0.59796315431595	65.000000000000	0.00000000000000
25.270000457764	0.29151630401611	-0.59738540649414	65.000000000000	0.00000000000000
25.280000686646	0.28998452425003	-0.59680181741714	65.000000000000	0.00000000000000
25.290000915527	0.28845241665840	-0.59621256589890	65.000000000000	0.00000000000000
25.299999237061	0.28691956400871	-0.59561759233475	65.000000000000	0.00000000000000
25.309999465942	0.28538641333580	-0.59501683712006	65.000000000000	0.00000000000000
25.319999694824	0.28385320305824	-0.59441018104553	65.000000000000	0.00000000000000
25.329999923706	0.28231912851334	-0.59379798173904	65.000000000000	0.00000000000000
25.340000152588	0.28078559041023	-0.59317952394485	65.000000000000	0.00000000000000
25.350000381470	0.27925100922585	-0.59255564212799	65.000000000000	0.00000000000000
25.360000610352	0.27771648764610	-0.59192568063736	65.000000000000	0.00000000000000
25.370000839233	0.27618175745010	-0.59128987789154	65.000000000000	0.00000000000000
25.379999160767	0.27464684844017	-0.59064811468124	65.000000000000	0.00000000000000
25.389999389648	0.27311149239540	-0.59000056982040	65.000000000000	0.00000000000000
25.399999618530	0.27157634496689	-0.58934688568115	65.000000000000	0.00000000000000
25.409999847412	0.27004078030586	-0.58868736028671	65.000000000000	0.00000000000000
25.420000076294	0.26850518584251	-0.58802193403244	65.000000000000	0.00000000000000
25.430000305176	0.26696982979774	-0.58735024929047	65.000000000000	0.00000000000000
25.440000534058	0.26543414592743	-0.58667272329330	65.000000000000	0.00000000000000
25.450000762939	0.26389822363853	-0.58598917722702	65.000000000000	0.00000000000000
25.459999084473	0.26236289739609	-0.58529943227768	65.000000000000	0.00000000000000
25.469999313354	0.26082736253738	-0.58460360765457	65.000000000000	0.00000000000000
25.479999542236	0.25929164886475	-0.58390176296234	65.000000000000	0.00000000000000
25.489999771118	0.25775605440140	-0.58319389820099	65.000000000000	0.00000000000000
25.500000000000	0.25622063875198	-0.58247977495193	65.000000000000	0.00000000000000
25.510000228882	0.25468540191650	-0.58175957202911	65.000000000000	0.00000000000000
25.520000457764	0.25315034389496	-0.58103317022324	65.000000000000	0.00000000000000
25.530000686646	0.25161555409431	-0.58030050992966	65.000000000000	0.00000000000000
25.540000915527	0.25008076429367	-0.57956182956696	65.000000000000	0.00000000000000
25.549999237061	0.24854654073715	-0.57881671190262	65.000000000000	0.00000000000000
25.559999465942	0.24701237678528	-0.57806545495987	65.000000000000	0.00000000000000
25.569999694824	0.24547854065895	-0.57730787992477	65.000000000000	0.00000000000000
25.579999923706	0.24394512176514	-0.57654410600662	65.000000000000	0.00000000000000
25.590000152588	0.24241186678410	-0.57577413320541	65.000000000000	0.00000000000000
25.600000381470	0.24087929725647	-0.57499766349792	65.000000000000	0.00000000000000
25.610000610352	0.23934695124626	-0.57421499490738	65.000000000000	0.00000000000000
25.620000839233	0.23781514167786	-0.57342594861984	65.000000000000	0.00000000000000
25.629999160767	0.23628385365009	-0.57263052463531	65.000000000000	0.00000000000000
25.639999389648	0.23475314676762	-0.57182878255844	65.000000000000	0.00000000000000
25.649999618530	0.23322303593159	-0.57102048397064	65.000000000000	0.00000000000000
25.659999847412	0.23169356584549	-0.57020586729050	65.000000000000	0.00000000000000
25.670000076294	0.23016478121281	-0.56938487291336	65.000000000000	0.00000000000000
25.680000305176	0.22863641381264	-0.56855744123459	65.000000000000	0.00000000000000
25.690000534058	0.22710901498795	-0.56772345304489	65.000000000000	0.00000000000000
25.700000762939	0.22558189928532	-0.56688320636749	65.000000000000	0.00000000000000
25.709999084473	0.22405609488487	-0.56603622436523	65.000000000000	0.00000000000000
25.719999313354	0.22253113985062	-0.56518280506134	65.000000000000	0.00000000000000
25.729999542236	0.22100678086281	-0.56432288885117	65.000000000000	0.00000000000000
25.739999771118	0.21948303282261	-0.56345659494400	65.000000000000	0.00000000000000
25.750000000000	0.21796075999737	-0.56258356571198	65.000000000000	0.00000000000000
25.760000228882	0.21643891930580	-0.56170409917831	65.000000000000	0.00000000000000
25.770000457764	0.21491862833500	-0.56081801652908	65.000000000000	0.00000000000000
25.780000686646	0.21339881420135	-0.55992537736893	65.000000000000	0.00000000000000
25.790000915527	0.21188032627106	-0.55902606248856	65.000000000000	0.00000000000000
25.799999237061	0.21036297082901	-0.55812019109726	65.000000000000	0.00000000000000
25.809999465942	0.20884659886360	-0.55720776319504	65.000000000000	0.00000000000000
25.819999694824	0.20733155310154	-0.55628871917725	65.000000000000	0.00000000000000
25.829999923706	0.20581772923470	-0.55536293983459	65.000000000000	0.00000000000000
25.840000152588	0.20430512726307	-0.55443054437637	65.000000000000	0.00000000000000
25.850000381470	0.20279380679131	-0.55349147319794	65.000000000000	0.00000000000000
25.860000610352	0.20128390192986	-0.55254572629929	65.000000000000	0.00000000000000
25.870000839233	0.19977524876595	-0.55159330368042	65.000000000000	0.00000000000000
25.879999160767	0.19826811552048	-0.55063420534134	65.000000000000	0.00000000000000
25.889999389648	0.19676239788532	-0.54966837167740	65.000000000000	0.00000000000000
25.899999618530	0.19525814056396	-0.54869580268860	65.000000000000	0.00000000000000
25.909999847412	0.19375537335873	-0.54771655797958	65.000000000000	0.00000000000000
25.920000076294	0.19225427508354	-0.54673051834106	65.000000000000	0.00000000000000
25.930000305176	0.19075474143028	-0.54573780298233	65.000000000000	0.00000000000000
25.940000534058	0.18925695121288	-0.54473835229874	65.000000000000	0.00000000000000
25.950000762939	0.18776078522205	-0.54373204708099	65.000000000000	0.00000000000000
25.959999084473	0.18626645207405	-0.54271906614304	65.000000000000	0.00000000000000
25.969999313354	0.18477381765842	-0.54169929027557	65.000000000000	0.00000000000000
25.979999542236	0.18328295648098	-0.54067271947861	65.000000000000	0.00000000000000
25.989999771118	0.18179413676262	-0.53963941335678	65.000000000000	0.00000000000000
26.000000000000	0.18030703067780	-0.53859925270081	65.000000000000	0.00000000000000
26.010000228882	0.17882204055786	-0.53755235671997	65.000000000000	0.00000000000000
26.020000457764	0.17733897268772	-0.53649860620499	65.000000000000	0.00000000000000
26.030000686646	0.17585794627666	-0.53543800115585	65.000000000000	0.00000000000000
26.040000915527	0.17437905073166	-0.53437066078186	65.000000000000	0.00000000000000
26.049999237061	0.17290206253529	-0.53329652547836	65.000000000000	0.00000000000000
26.059999465942	0.17142751812935	-0.53221553564072	65.000000000000	0.00000000000000
26.069999694824	0.16995504498482	-0.53112769126892	65.000000000000	0.00000000000000
26.079999923706	0.16848486661911	-0.53003305196762	65.000000000000	0.00000000000000
26.090000152588	0.16701711714268	-0.52893161773682	65.000000000000	0.00000000000000
26.100000381470	0.16555157303810	-0.52782326936722	65.000000000000	0.00000000000000
26.110000610352	0.16408829391003	-0.52670818567276	65.000000000000	0.00000000000000
26.120000839233	0.16262756288052	-0.52558624744415	65.000000000000	0.00000000000000
26.129999160767	0.16116940975189	-0.52445745468140	65.000000000000	0.00000000000000
26.139999389648	0.15971365571022	-0.52332180738449	65.000000000000	0.00000000000000
26.149999618530	0.15826055407524	-0.52217930555344	65.000000000000	0.00000000000000
26.159999847412	0.15681014955044	-0.52103000879288	65.000000000000	0.00000000000000
26.170000076294	0.15536224842072	-0.51987391710281	65.000000000000	0.00000000000000
26.180000305176	0.15391713380814	-0.51871091127396	65.000000000000	0.00000000000000
26.190000534058	0.15247459709644	-0.51754111051559	65.000000000000	0.00000000000000
26.200000762939	0.15103515982628	-0.51636439561844	65.000000000000	0.00000000000000
26.209999084473	0.14959840476513	-0.51518100500107	65.000000000000	0.00000000000000
26.219999313354	0.14816445112228	-0.51399070024490	65.000000000000	0.00000000000000
26.229999542236	0.14673347771168	-0.51279354095459	65.000000000000	0.00000000000000
26.239999771118	0.14530552923679	-0.51158964633942	65.000000000000	0.00000000000000
26.250000000000	0.14388065040112	-0.51037883758545	65.000000000000	0.00000000000000
26.260000228882	0.14245875179768	-0.50916129350662	65.000000000000	0.00000000000000
26.270000457764	0.14103999733925	-0.50793689489365	65.000000000000	0.00000000000000
26.280000686646	0.13962455093861	-0.50670576095581	65.000000000000	0.00000000000000
26.290000915527	0.13821208477020	-0.50546783208847	65.000000000000	0.00000000000000
26.299999237061	0.13680301606655	-0.50422298908234	65.000000000000	0.00000000000000
26.309999465942	0.13539724051952	-0.50297147035599	65.000000000000	0.00000000000000
26.319999694824	0.13399480283260	-0.50171315670013	65.000000000000	0.00000000000000
26.329999923706	0.13259576261044	-0.50044804811478	65.000000000000	0.00000000000000
26.340000152588	0.13120014965534	-0.49917623400688	65.000000000000	0.00000000000000
26.350000381470	0.12980799376965	-0.49789759516716	65.000000000000	0.00000000000000
26.360000610352	0.12841959297657	-0.49661225080490	65.000000000000	0.00000000000000
26.370000839233	0.12703450024128	-0.49532020092010	65.000000000000	0.00000000000000
26.379999160767	0.12565325200558	-0.49402141571045	65.000000000000	0.00000000000000
26.389999389648	0.12427560985088	-0.49271586537361	65.000000000000	0.00000000000000
26.399999618530	0.12290164083242	-0.49140357971191	65.000000000000	0.00000000000000
26.409999847412	0.12153139710426	-0.49008464813232	65.000000000000	0.00000000000000
26.420000076294	0.12016513943672	-0.48875910043716	65.000000000000	0.00000000000000
26.430000305176	0.11880265176296	-0.48742678761482	65.000000000000	0.00000000000000
26.440000534058	0.11744401603937	-0.48608785867691	65.000000000000	0.00000000000000
26.450000762939	0.11608948558569	-0.48474231362343	65.000000000000	0.00000000000000
26.459999084473	0.11473886668682	-0.48339009284973	65.000000000000	0.00000000000000
26.469999313354	0.11339231580496	-0.48203122615814	65.000000000000	0.00000000000000
26.479999542236	0.11204989254475	-0.48066580295563	65.000000000000	0.00000000000000
26.489999771118	0.11071160435677	-0.47929379343987	65.000000000000	0.00000000000000
26.500000000000	0.10937751084566	-0.47791513800621	65.000000000000	0.00000000000000
26.510000228882	0.10804754495621	-0.47652998566628	65.000000000000	0.00000000000000
26.520000457764	0.10672195255756	-0.47513824701309	65.000000000000	0.00000000000000
26.530000686646	0.10540079325438	-0.47374001145363	65.000000000000	0.00000000000000
26.540000915527	0.10408387333155	-0.47233524918556	65.000000000000	0.00000000000000
26.549999237061	0.10277146100998	-0.47092399001122	65.000000000000	0.00000000000000
26.559999465942	0.10146348178387	-0.46950626373291	65.000000000000	0.00000000000000
26.569999694824	0.10016009211540	-0.46808204054832	65.000000000000	0.00000000000000
26.579999923706	0.098861202597618	-0.46665140986443	65.000000000000	0.00000000000000
26.590000152588	0.097566872835159	-0.46521434187889	65.000000000000	0.00000000000000
26.600000381470	0.096277251839638	-0.46377086639404	65.000000000000	0.00000000000000
26.610000610352	0.094992369413376	-0.46232104301453	65.000000000000	0.00000000000000
26.620000839233	0.093712151050568	-0.46086481213570	65.000000000000	0.00000000000000
26.629999160767	0.092436879873276	-0.45940223336220	65.000000000000	0.00000000000000
26.639999389648	0.091166242957115	-0.45793336629868	65.000000000000	0.00000000000000
26.649999618530	0.089900612831116	-0.45645815134048	65.000000000000	0.00000000000000
26.659999847412	0.088639818131924	-0.45497670769691	65.000000000000	0.00000000000000
26.670000076294	0.087384112179279	-0.45348897576332	65.000000000000	0.00000000000000
26.680000305176	0.086133420467377	-0.45199501514435	65.000000000000	0.00000000000000
26.690000534058	0.084887668490410	-0.45049482584000	65.000000000000	0.00000000000000
26.700000762939	0.083647027611732	-0.44898849725723	65.000000000000	0.00000000000000
26.709999084473	0.082411617040634	-0.44747593998909	65.000000000000	0.00000000000000
26.719999313354	0.081181488931179	-0.44595727324486	65.000000000000	0.00000000000000
26.729999542236	0.079956457018852	-0.44443246722221	65.000000000000	0.00000000000000
26.739999771118	0.078736796975136	-0.44290161132813	65.000000000000	0.00000000000000
26.750000000000	0.077522307634354	-0.44136470556259	65.000000000000	0.00000000000000
26.760000228882	0.076313346624374	-0.43982169032097	65.000000000000	0.00000000000000
26.770000457764	0.075109757483006	-0.43827268481255	65.000000000000	0.00000000000000
26.780000686646	0.073911674320698	-0.43671774864197	65.000000000000	0.00000000000000
26.790000915527	0.072719022631645	-0.43515676259995	65.000000000000	0.00000000000000
26.799999237061	0.071531958878040	-0.43358990550041	65.000000000000	0.00000000000000
26.809999465942	0.070350393652916	-0.43201711773872	65.000000000000	0.00000000000000
26.819999694824	0.069174595177174	-0.43043845891953	65.000000000000	0.00000000000000
26.829999923706	0.068004384636879	-0.42885398864746	65.000000000000	0.00000000000000
26.840000152588	0.066839799284935	-0.42726367712021	65.000000000000	0.00000000000000
26.850000381470	0.065681077539921	-0.42566755414009	65.000000000000	0.00000000000000
26.860000610352	0.064528256654739	-0.42406567931175	65.000000000000	0.00000000000000
26.870000839233	0.063381172716618	-0.42245811223984	65.000000000000	0.00000000000000
26.879999160767	0.062239855527878	-0.42084482312202	65.000000000000	0.00000000000000
26.889999389648	0.061104543507099	-0.41922584176064	65.000000000000	0.00000000000000
26.899999618530	0.059975281357765	-0.41760128736496	65.000000000000	0.00000000000000
26.909999847412	0.058851893991232	-0.41597113013268	65.000000000000	0.00000000000000
26.920000076294	0.057734519243240	-0.41433534026146	65.000000000000	0.00000000000000
26.930000305176	0.056623294949532	-0.41269403696060	65.000000000000	0.00000000000000
26.940000534058	0.055518150329590	-0.41104725003242	65.000000000000	0.00000000000000
26.950000762939	0.054419226944447	-0.40939494967461	65.000000000000	0.00000000000000
26.959999084473	0.053326554596424	-0.40773725509644	65.000000000000	0.00000000000000
26.969999313354	0.052239973098040	-0.40607413649559	65.000000000000	0.00000000000000
26.979999542236	0.051159806549549	-0.40440565347672	65.000000000000	0.00000000000000
26.989999771118	0.050085801631212	-0.40273183584213	65.000000000000	0.00000000000000
27.000000000000	0.049018278717995	-0.40105271339417	65.000000000000	0.00000000000000
27.010000228882	0.047957174479961	-0.39936828613281	65.000000000000	0.00000000000000
27.020000457764	0.046902332454920	-0.39767873287201	65.000000000000	0.00000000000000
27.030000686646	0.045854162424803	-0.39598390460014	65.000000000000	0.00000000000000
27.040000915527	0.044812325388193	-0.39428395032883	65.000000000000	0.00000000000000
27.049999237061	0.043777134269476	-0.39257884025574	65.000000000000	0.00000000000000
27.059999465942	0.042748428881168	-0.39086869359016	65.000000000000	0.00000000000000
27.069999694824	0.041726429015398	-0.38915345072746	65.000000000000	0.00000000000000
27.079999923706	0.040710989385843	-0.38743323087692	65.000000000000	0.00000000000000
27.090000152588	0.039702221751213	-0.38570803403854	65.000000000000	0.00000000000000
27.100000381470	0.038700174540281	-0.38397791981697	65.000000000000	0.00000000000000
27.110000610352	0.037705041468143	-0.38224291801453	65.000000000000	0.00000000000000
27.120000839233	0.036716502159834	-0.38050305843353	65.000000000000	0.00000000000000
27.129999160767	0.035734858363867	-0.37875840067863	65.000000000000	0.00000000000000
27.139999389648	0.034760046750307	-0.37700891494751	65.000000000000	0.00000000000000
27.149999618530	0.033792186528444	-0.37525475025177	65.000000000000	0.00000000000000
27.159999847412	0.032831132411957	-0.37349584698677	65.000000000000	0.00000000000000
27.170000076294	0.031877182424068	-0.37173235416412	65.000000000000	0.00000000000000
27.180000305176	0.030930098146200	-0.36996418237686	65.000000000000	0.00000000000000
27.190000534058	0.029990078881383	-0.36819148063660	65.000000000000	0.00000000000000
27.200000762939	0.029057078063488	-0.36641418933868	65.000000000000	0.00000000000000
27.209999084473	0.028131203725934	-0.36463245749474	65.000000000000	0.00000000000000
27.219999313354	0.027212398126721	-0.36284628510475	65.000000000000	0.00000000000000
27.229999542236	0.026300778612494	-0.36105570197105	65.000000000000	0.00000000000000
27.239999771118	0.025396369397640	-0.35926073789597	65.000000000000	0.00000000000000
27.250000000000	0.024499116465449	-0.35746145248413	65.000000000000	0.00000000000000
27.260000228882	0.023609131574631	-0.35565787553787	65.000000000000	0.00000000000000
27.270000457764	0.022726355120540	-0.35385012626648	65.000000000000	0.00000000000000
27.280000686646	0.021850818768144	-0.35203811526299	65.000000000000	0.00000000000000
27.290000915527	0.020982796326280	-0.35022199153900	65.000000000000	0.00000000000000
27.299999237061	0.020121978595853	-0.34840175509453	65.000000000000	0.00000000000000
27.309999465942	0.019268564879894	-0.34657749533653	65.000000000000	0.00000000000000
27.319999694824	0.018422575667500	-0.34474921226501	65.000000000000	0.00000000000000
27.329999923706	0.017584038898349	-0.34291693568230	65.000000000000	0.00000000000000
27.340000152588	0.016752898693085	-0.34108075499535	65.000000000000	0.00000000000000
27.350000381470	0.015929259359837	-0.33924067020416	65.000000000000	0.00000000000000
27.360000610352	0.015113146975636	-0.33739674091339	65.000000000000	0.00000000000000
27.370000839233	0.014304588548839	-0.33554902672768	65.000000000000	0.00000000000000
27.379999160767	0.013503605499864	-0.33369761705399	65.000000000000	0.00000000000000
27.389999389648	0.012710142880678	-0.33184248209000	65.000000000000	0.00000000000000
27.399999618530	0.011924384161830	-0.32998368144035	65.000000000000	0.00000000000000
27.409999847412	0.011146193370223	-0.32812130451202	65.000000000000	0.00000000000000
27.420000076294	0.010375675745308	-0.32625532150269	65.000000000000	0.00000000000000
27.430000305176	0.0096128508448601	-0.32438588142395	65.000000000000	0.00000000000000
27.440000534058	0.0088577428832650	-0.32251292467117	65.000000000000	0.00000000000000
27.450000762939	0.0081103751435876	-0.32063660025597	65.000000000000	0.00000000000000
27.459999084473	0.0073706926777959	-0.31875687837601	65.000000000000	0.00000000000000
27.469999313354	0.0066388705745339	-0.31687384843826	65.000000000000	0.00000000000000
27.479999542236	0.0059147793799639	-0.31498754024506	65.000000000000	0.00000000000000
27.489999771118	0.0051985899917781	-0.31309798359871	65.000000000000	0.00000000000000
27.500000000000	0.0044901743531227	-0.31120526790619	65.000000000000	0.00000000000000
27.510000228882	0.0037897024303675	-0.30930939316750	65.000000000000	0.00000000000000
27.520000457764	0.0030970468651503	-0.30741047859192	65.000000000000	0.00000000000000
27.530000686646	0.0024122290778905	-0.30550846457481	65.000000000000	0.00000000000000
27.540000915527	0.0017354158917442	-0.30360352993011	65.000000000000	0.00000000000000
27.549999237061	0.0010664818109944	-0.30169564485550	65.000000000000	0.00000000000000
27.559999465942	0.00040559051558375	-0.29978483915329	65.000000000000	0.00000000000000
27.569999694824	-0.00024738188949414	-0.29787120223045	65.000000000000	0.00000000000000
27.579999923706	-0.00089241506066173	-0.29595479369164	65.000000000000	0.00000000000000
27.590000152588	-0.0015294187469408	-0.29403564333916	65.000000000000	0.00000000000000
27.600000381470	-0.0021583745256066	-0.29211378097534	65.000000000000	0.00000000000000
27.610000610352	-0.0027792635373771	-0.29018929600716	65.000000000000	0.00000000000000
27.620000839233	-0.0033922058064491	-0.28826221823692	65.000000000000	0.00000000000000
27.629999160767	-0.0039969766512513	-0.28633257746696	65.000000000000	0.00000000000000
27.639999389648	-0.0045936941169202	-0.28440043330193	65.000000000000	0.00000000000000
27.649999618530	-0.0051823412068188	-0.28246584534645	65.000000000000	0.00000000000000
27.659999847412	-0.0057627647183836	-0.28052890300751	65.000000000000	0.00000000000000
27.670000076294	-0.0063352151773870	-0.27858957648277	65.000000000000	0.00000000000000
27.680000305176	-0.0068994094617665	-0.27664798498154	65.000000000000	0.00000000000000
27.690000534058	-0.0074554630555212	-0.27470412850380	65.000000000000	0.00000000000000
27.700000762939	-0.0080033596605062	-0.27275806665421	65.000000000000	0.00000000000000
27.709999084473	-0.0085430797189474	-0.27080991864204	65.000000000000	0.00000000000000
27.719999313354	-0.0090746097266674	-0.26885962486267	65.000000000000	0.00000000000000
27.729999542236	-0.0095979329198599	-0.26690730452538	65.000000000000	0.00000000000000
27.739999771118	-0.010113031603396	-0.26495298743248	65.000000000000	0.00000000000000
27.750000000000	-0.010619891807437	-0.26299676299095	65.000000000000	0.00000000000000
27.760000228882	-0.011118621565402	-0.26103860139847	65.000000000000	0.00000000000000
27.770000457764	-0.011608956381679	-0.25907862186432	65.000000000000	0.00000000000000
27.780000686646	-0.012091129086912	-0.25711685419083	65.000000000000	0.00000000000000
27.790000915527	-0.012565061450005	-0.25515332818031	65.000000000000	0.00000000000000
27.799999237061	-0.013030677102506	-0.25318813323975	65.000000000000	0.00000000000000
27.809999465942	-0.013488023541868	-0.25122129917145	65.000000000000	0.00000000000000
27.819999694824	-0.013937082141638	-0.24925287067890	65.000000000000	0.00000000000000
27.829999923706	-0.014377900399268	-0.24728292226791	65.000000000000	0.00000000000000
27.840000152588	-0.014810286462307	-0.24531148374081	65.000000000000	0.00000000000000
27.850000381470	-0.015234518796206	-0.24333862960339	65.000000000000	0.00000000000000
27.860000610352	-0.015650345012546	-0.24136435985565	65.000000000000	0.00000000000000
27.870000839233	-0.016057753935456	-0.23938877880573	65.000000000000	0.00000000000000
27.879999160767	-0.016456967219710	-0.23741191625595	65.000000000000	0.00000000000000
27.889999389648	-0.016847850754857	-0.23543383181095	65.000000000000	0.00000000000000
27.899999618530	-0.017230499535799	-0.23345454037189	65.000000000000	0.00000000000000
27.909999847412	-0.017604680731893	-0.23147414624691	65.000000000000	0.00000000000000
27.920000076294	-0.017970597371459	-0.22949267923832	65.000000000000	0.00000000000000
27.930000305176	-0.018327908590436	-0.22751019895077	65.000000000000	0.00000000000000
27.940000534058	-0.018677148967981	-0.22552673518658	65.000000000000	0.00000000000000
27.950000762939	-0.019017975777388	-0.22354236245155	65.000000000000	0.00000000000000
27.959999084473	-0.019350474700332	-0.22155708074570	65.000000000000	0.00000000000000
27.969999313354	-0.019674537703395	-0.21957099437714	65.000000000000	0.00000000000000
27.979999542236	-0.019990354776382	-0.21758413314819	65.000000000000	0.00000000000000
27.989999771118	-0.020297804847360	-0.21559657156467	65.000000000000	0.00000000000000
28.000000000000	-0.020596774294972	-0.21360833942890	65.000000000000	0.00000000000000
28.010000228882	-0.020887654274702	-0.21161945164204	65.000000000000	0.00000000000000
28.020000457764	-0.021169923245907	-0.20963004231453	65.000000000000	0.00000000000000
28.030000686646	-0.021443970501423	-0.20764009654522	65.000000000000	0.00000000000000
28.040000915527	-0.021709579974413	-0.20564970374107	65.000000000000	0.00000000000000
28.049999237061	-0.021966837346554	-0.20365889370441	65.000000000000	0.00000000000000
28.059999465942	-0.022215824574232	-0.20166769623756	65.000000000000	0.00000000000000
28.069999694824	-0.022456426173449	-0.19967621564865	65.000000000000	0.00000000000000
28.079999923706	-0.022688722237945	-0.19768443703651	65.000000000000	0.00000000000000
28.090000152588	-0.022912606596947	-0.19569247961044	65.000000000000	0.00000000000000
28.100000381470	-0.023128245025873	-0.19370032846928	65.000000000000	0.00000000000000
28.110000610352	-0.023335529491305	-0.19170807301998	65.000000000000	0.00000000000000
28.120000839233	-0.023534443229437	-0.18971577286720	65.000000000000	0.00000000000000
28.129999160767	-0.023725053295493	-0.18772344291210	65.000000000000	0.00000000000000
28.139999389648	-0.023907354101539	-0.18573114275932	65.000000000000	0.00000000000000
28.149999618530	-0.024081321433187	-0.18373894691467	65.000000000000	0.00000000000000
28.159999847412	-0.024247022345662	-0.18174688518047	65.000000000000	0.00000000000000
28.170000076294	-0.024404352530837	-0.17975501716137	65.000000000000	0.00000000000000
28.180000305176	-0.024553468450904	-0.17776337265968	65.000000000000	0.00000000000000
28.190000534058	-0.024694254621863	-0.17577201128006	65.000000000000	0.00000000000000
28.200000762939	-0.024826863780618	-0.17378097772598	65.000000000000	0.00000000000000
28.209999084473	-0.024951105937362	-0.17179033160210	65.000000000000	0.00000000000000
28.219999313354	-0.025067044422030	-0.16980014741421	65.000000000000	0.00000000000000
28.229999542236	-0.025174817070365	-0.16781042516232	65.000000000000	0.00000000000000
28.239999771118	-0.025274237617850	-0.16582123935223	65.000000000000	0.00000000000000
28.250000000000	-0.025365523993969	-0.16383261978626	65.000000000000	0.00000000000000
28.260000228882	-0.025448568165302	-0.16184462606907	65.000000000000	0.00000000000000
28.270000457764	-0.025523418560624	-0.15985730290413	65.000000000000	0.00000000000000
28.280000686646	-0.025590050965548	-0.15787072479725	65.000000000000	0.00000000000000
28.290000915527	-0.025648435577750	-0.15588490664959	65.000000000000	0.00000000000000
28.299999237061	-0.025698620826006	-0.15389992296696	65.000000000000	0.00000000000000
28.309999465942	-0.025740716606379	-0.15191580355167	65.000000000000	0.00000000000000
28.319999694824	-0.025774622336030	-0.14993259310722	65.000000000000	0.00000000000000
28.329999923706	-0.025800373405218	-0.14795035123825	65.000000000000	0.00000000000000
28.340000152588	-0.025817936286330	-0.14596913754940	65.000000000000	0.00000000000000
28.350000381470	-0.025827547535300	-0.14398893713951	65.000000000000	0.00000000000000
28.360000610352	-0.025828829035163	-0.14200989902020	65.000000000000	0.00000000000000
28.370000839233	-0.025822151452303	-0.14003197848797	65.000000000000	0.00000000000000
28.379999160767	-0.025807395577431	-0.13805525004864	65.000000000000	0.00000000000000
28.389999389648	-0.025784527882934	-0.13607978820801	65.000000000000	0.00000000000000
28.399999618530	-0.025753622874618	-0.13410562276840	65.000000000000	0.00000000000000
28.409999847412	-0.025714701041579	-0.13213276863098	65.000000000000	0.00000000000000
28.420000076294	-0.025667706504464	-0.13016133010387	65.000000000000	0.00000000000000
28.430000305176	-0.025612777099013	-0.12819130718708	65.000000000000	0.00000000000000
28.440000534058	-0.025549730286002	-0.12622277438641	65.000000000000	0.00000000000000
28.450000762939	-0.025478813797235	-0.12425574660301	65.000000000000	0.00000000000000
28.459999084473	-0.025399902835488	-0.12229029834270	65.000000000000	0.00000000000000
28.469999313354	-0.025313099846244	-0.12032645195723	65.000000000000	0.00000000000000
28.479999542236	-0.025218343362212	-0.11836427450180	65.000000000000	0.00000000000000
28.489999771118	-0.025115612894297	-0.11640380322933	65.000000000000	0.00000000000000
28.500000000000	-0.025005057454109	-0.11444507539272	65.000000000000	0.00000000000000
28.510000228882	-0.024886645376682	-0.11248812824488	65.000000000000	0.00000000000000
28.520000457764	-0.024760348722339	-0.11053302884102	65.000000000000	0.00000000000000
28.530000686646	-0.024626228958368	-0.10857980698347	65.000000000000	0.00000000000000
28.540000915527	-0.024484295397997	-0.10662850737572	65.000000000000	0.00000000000000
28.549999237061	-0.024334549903870	-0.10467919707298	65.000000000000	0.00000000000000
28.559999465942	-0.024177033454180	-0.10273187607527	65.000000000000	0.00000000000000
28.569999694824	-0.024011777713895	-0.10078661888838	65.000000000000	0.00000000000000
28.579999923706	-0.023838754743338	-0.098843455314636	65.000000000000	0.00000000000000
28.590000152588	-0.023658024147153	-0.096902430057526	65.000000000000	0.00000000000000
28.600000381470	-0.023469660431147	-0.094963587820530	65.000000000000	0.00000000000000
28.610000610352	-0.023273577913642	-0.093026973307133	65.000000000000	0.00000000000000
28.620000839233	-0.023069866001606	-0.091092623770237	65.000000000000	0.00000000000000
28.629999160767	-0.022858487442136	-0.089160576462746	65.000000000000	0.00000000000000
28.639999389648	-0.022639501839876	-0.087230890989304	65.000000000000	0.00000000000000
28.649999618530	-0.022412950173020	-0.085303604602814	65.000000000000	0.00000000000000
28.659999847412	-0.022178843617439	-0.083378739655018	65.000000000000	0.00000000000000
28.670000076294	-0.021937169134617	-0.081456348299980	65.000000000000	0.00000000000000
28.680000305176	-0.021688004955649	-0.079536482691765	65.000000000000	0.00000000000000
28.690000534058	-0.021431323140860	-0.077619165182114	65.000000000000	0.00000000000000
28.700000762939	-0.021167192608118	-0.075704447925091	65.000000000000	0.00000000000000
28.709999084473	-0.020895605906844	-0.073792360723019	65.000000000000	0.00000000000000
28.719999313354	-0.020616570487618	-0.071882955729961	65.000000000000	0.00000000000000
28.729999542236	-0.020330181345344	-0.069976270198822	65.000000000000	0.00000000000000
28.739999771118	-0.020036397501826	-0.068072333931923	65.000000000000	0.00000000000000
28.750000000000	-0.019735265523195	-0.066171184182167	65.000000000000	0.00000000000000
28.760000228882	-0.019426817074418	-0.064272873103619	65.000000000000	0.00000000000000
28.770000457764	-0.019111070781946	-0.062377434223890	65.000000000000	0.00000000000000
28.780000686646	-0.018788039684296	-0.060484912246466	65.000000000000	0.00000000000000
28.790000915527	-0.018457774072886	-0.058595329523087	65.000000000000	0.00000000000000
28.799999237061	-0.018120283260942	-0.056708734482527	65.000000000000	0.00000000000000
28.809999465942	-0.017775600776076	-0.054825164377689	65.000000000000	0.00000000000000
28.819999694824	-0.017423750832677	-0.052944649010897	65.000000000000	0.00000000000000
28.829999923706	-0.017064759507775	-0.051067233085632	65.000000000000	0.00000000000000
28.840000152588	-0.016698660328984	-0.049192953854799	65.000000000000	0.00000000000000
28.850000381470	-0.016325464472175	-0.047321844846010	65.000000000000	0.00000000000000
28.860000610352	-0.015945220366120	-0.045453943312168	65.000000000000	0.00000000000000
28.870000839233	-0.015557930804789	-0.043589279055595	65.000000000000	0.00000000000000
28.879999160767	-0.015163662843406	-0.041727896779776	65.000000000000	0.00000000000000
28.889999389648	-0.014762389473617	-0.039869833737612	65.000000000000	0.00000000000000
28.899999618530	-0.014354190789163	-0.038015108555555	65.000000000000	0.00000000000000
28.909999847412	-0.013939071446657	-0.036163777112961	65.000000000000	0.00000000000000
28.920000076294	-0.013517060317099	-0.034315861761570	65.000000000000	0.00000000000000
28.930000305176	-0.013088194653392	-0.032471399754286	65.000000000000	0.00000000000000
28.940000534058	-0.012652489356697	-0.030630422756076	65.000000000000	0.00000000000000
28.950000762939	-0.012209989130497	-0.028792969882488	65.000000000000	0.00000000000000
28.959999084473	-0.011760718189180	-0.026959067210555	65.000000000000	0.00000000000000
28.969999313354	-0.011304695159197	-0.025128755718470	65.000000000000	0.00000000000000
28.979999542236	-0.010841963812709	-0.023302063345909	65.000000000000	0.00000000000000
28.989999771118	-0.010372559539974	-0.021479021757841	65.000000000000	0.00000000000000
29.000000000000	-0.0098964879289269	-0.019659671932459	65.000000000000	0.00000000000000
29.010000228882	-0.0094138067215681	-0.017844038084149	65.000000000000	0.00000000000000
29.020000457764	-0.0089245280250907	-0.016032151877880	65.000000000000	0.00000000000000
29.030000686646	-0.0084286946803331	-0.014224049635231	65.000000000000	0.00000000000000
29.040000915527	-0.0079263281077147	-0.012419758364558	65.000000000000	0.00000000000000
29.049999237061	-0.0074174683541059	-0.010619310662150	65.000000000000	0.00000000000000
29.059999465942	-0.0069021387025714	-0.0088227363303304	65.000000000000	0.00000000000000
29.069999694824	-0.0063803768716753	-0.0070300679653883	65.000000000000	0.00000000000000
29.079999923706	-0.0058522103354335	-0.0052413344383240	65.000000000000	0.00000000000000
29.090000152588	-0.0053176712244749	-0.0034565674141049	65.000000000000	0.00000000000000
29.100000381470	-0.0047767958603799	-0.0016757913399488	65.000000000000	0.00000000000000
29.110000610352	-0.0042296107858419	0.00010095913603436	65.000000000000	0.00000000000000
29.120000839233	-0.0036761523224413	0.0018736573401839	65.000000000000	0.00000000000000
29.129999160767	-0.0031164509709924	0.0036422736011446	65.000000000000	0.00000000000000
29.139999389648	-0.0025505393277854	0.0054067815653980	65.000000000000	0.00000000000000
29.149999618530	-0.0019784492906183	0.0071671525947750	65.000000000000	0.00000000000000
29.159999847412	-0.0014002157840878	0.0089233564212918	65.000000000000	0.00000000000000
29.170000076294	-0.00081587384920567	0.010675366036594	65.000000000000	0.00000000000000
29.180000305176	-0.00022544774401467	0.012423158623278	65.000000000000	0.00000000000000
29.190000534058	0.00037101583438925	0.014166701585054	65.000000000000	0.00000000000000
29.200000762939	0.00097350281430408	0.015905970707536	65.000000000000	0.00000000000000
29.209999084473	0.0015819591935724	0.017640938982368	65.000000000000	0.00000000000000
29.219999313354	0.0021963533945382	0.019371584057808	65.000000000000	0.00000000000000
29.229999542236	0.0028166610281914	0.021097876131535	65.000000000000	0.00000000000000
29.239999771118	0.0034428529907018	0.022819789126515	65.000000000000	0.00000000000000
29.250000000000	0.0040748855099082	0.024537298828363	65.000000000000	0.00000000000000
29.260000228882	0.0047127269208431	0.026250381022692	65.000000000000	0.00000000000000
29.270000457764	0.0053563443943858	0.027959015220404	65.000000000000	0.00000000000000
29.280000686646	0.0060056950896978	0.029663171619177	65.000000000000	0.00000000000000
29.290000915527	0.0066607603803277	0.031362824141979	65.000000000000	0.00000000000000
29.299999237061	0.0073214909061790	0.033057957887650	65.000000000000	0.00000000000000
29.309999465942	0.0079878633841872	0.034748535603285	65.000000000000	0.00000000000000
29.319999694824	0.0086598284542561	0.036434549838305	65.000000000000	0.00000000000000
29.329999923706	0.0093373684212565	0.038115967065096	65.000000000000	0.00000000000000
29.340000152588	0.010020436719060	0.039792772382498	65.000000000000	0.00000000000000
29.350000381470	0.010709014721215	0.041464939713478	65.000000000000	0.00000000000000
29.360000610352	0.011403049342334	0.043132442981005	65.000000000000	0.00000000000000
29.370000839233	0.012102503329515	0.044795267283916	65.000000000000	0.00000000000000
29.379999160767	0.012807354331017	0.046453386545181	65.000000000000	0.00000000000000
29.389999389648	0.013517570681870	0.048106785863638	65.000000000000	0.00000000000000
29.399999618530	0.014233101159334	0.049755435436964	65.000000000000	0.00000000000000
29.409999847412	0.014953911304474	0.051399324089289	65.000000000000	0.00000000000000
29.420000076294	0.015679972246289	0.053038429468870	65.000000000000	0.00000000000000
29.430000305176	0.016411256045103	0.054672725498676	65.000000000000	0.00000000000000
29.440000534058	0.017147714272141	0.056302201002836	65.000000000000	0.00000000000000
29.450000762939	0.017889326438308	0.057926826179028	65.000000000000	0.00000000000000
29.459999084473	0.018636044114828	0.059546593576670	65.000000000000	0.00000000000000
29.469999313354	0.019387828186154	0.061161484569311	65.000000000000	0.00000000000000
29.479999542236	0.020144669339061	0.062771469354630	65.000000000000	0.00000000000000
29.489999771118	0.020906483754516	0.064376540482044	65.000000000000	0.00000000000000
29.500000000000	0.021673275157809	0.065976664423943	65.000000000000	0.00000000000000
29.510000228882	0.022444983944297	0.067571856081486	65.000000000000	0.00000000000000
29.520000457764	0.023221604526043	0.069162063300610	65.000000000000	0.00000000000000
29.530000686646	0.024003084748983	0.070747278630733	65.000000000000	0.00000000000000
29.540000915527	0.024789368733764	0.072327502071857	65.000000000000	0.00000000000000
29.549999237061	0.025580456480384	0.073902703821659	65.000000000000	0.00000000000000
29.559999465942	0.026376286521554	0.075472868978977	65.000000000000	0.00000000000000
29.569999694824	0.027176808565855	0.077037982642651	65.000000000000	0.00000000000000
29.579999923706	0.027982011437416	0.078598029911518	65.000000000000	0.00000000000000
29.590000152588	0.028791876509786	0.080152995884418	65.000000000000	0.00000000000000
29.600000381470	0.029606338590384	0.081702858209610	65.000000000000	0.00000000000000
29.610000610352	0.030425369739532	0.083247616887093	65.000000000000	0.00000000000000
29.620000839233	0.031248925253749	0.084787249565125	65.000000000000	0.00000000000000
29.629999160767	0.032076969742775	0.086321741342545	65.000000000000	0.00000000000000
29.639999389648	0.032909501343966	0.087851077318192	65.000000000000	0.00000000000000
29.649999618530	0.033746410161257	0.089375250041485	65.000000000000	0.00000000000000
29.659999847412	0.034587752074003	0.090894237160683	65.000000000000	0.00000000000000
29.670000076294	0.035433422774076	0.092408031225204	65.000000000000	0.00000000000000
29.680000305176	0.036283396184444	0.093916632235050	65.000000000000	0.00000000000000
29.690000534058	0.037137687206268	0.095420002937317	65.000000000000	0.00000000000000
29.700000762939	0.037996206432581	0.096918150782585	65.000000000000	0.00000000000000
29.709999084473	0.038858894258738	0.098411060869694	65.000000000000	0.00000000000000
29.719999313354	0.039725780487061	0.099898710846901	65.000000000000	0.00000000000000
29.729999542236	0.040596783161163	0.10138110816479	65.000000000000	0.00000000000000
29.739999771118	0.041471906006336	0.10285822302103	65.000000000000	0.00000000000000
29.750000000000	0.042351089417934	0.10433004796505	65.000000000000	0.00000000000000
29.760000228882	0.043234284967184	0.10579659044743	65.000000000000	0.00000000000000
29.770000457764	0.044121444225311	0.10725781321526	65.000000000000	0.00000000000000
29.780000686646	0.045012585818768	0.10871373116970	65.000000000000	0.00000000000000
29.790000915527	0.045907646417618	0.11016432195902	65.000000000000	0.00000000000000
29.799999237061	0.046806573867798	0.11160957813263	65.000000000000	0.00000000000000
29.809999465942	0.047709342092276	0.11304949223995	65.000000000000	0.00000000000000
29.819999694824	0.048615928739309	0.11448405683041	65.000000000000	0.00000000000000
29.829999923706	0.049526292830706	0.11591325700283	65.000000000000	0.00000000000000
29.840000152588	0.050440371036530	0.11733710020781	65.000000000000	0.00000000000000
29.850000381470	0.051358163356781	0.11875555664301	65.000000000000	0.00000000000000
29.860000610352	0.052279625087976	0.12016862630844	65.000000000000	0.00000000000000
29.870000839233	0.053204696625471	0.12157632410526	65.000000000000	0.00000000000000
29.879999160767	0.054133366793394	0.12297860532999	65.000000000000	0.00000000000000
29.889999389648	0.055065594613552	0.12437549978495	65.000000000000	0.00000000000000
29.899999618530	0.056001372635365	0.12576696276665	65.000000000000	0.00000000000000
29.909999847412	0.056940607726574	0.12715303897858	65.000000000000	0.00000000000000
29.920000076294	0.057883288711309	0.12853366136551	65.000000000000	0.00000000000000
29.930000305176	0.058829396963120	0.12990885972977	65.000000000000	0.00000000000000
29.940000534058	0.059778843075037	0.13127863407135	65.000000000000	0.00000000000000
29.950000762939	0.060731679201126	0.13264296948910	65.000000000000	0.00000000000000
29.959999084473	0.061687838286161	0.13400185108185	65.000000000000	0.00000000000000
29.969999313354	0.062647245824337	0.13535529375076	65.000000000000	0.00000000000000
29.979999542236	0.063609868288040	0.13670328259468	65.000000000000	0.00000000000000
29.989999771118	0.064575724303722	0.13804580271244	65.000000000000	0.00000000000000
30.000000000000	0.065544709563255	0.13938288390636	65.000000000000	0.00000000000000
30.010000228882	0.066516861319542	0.14071446657181	65.000000000000	0.00000000000000
30.020000457764	0.067492097616196	0.14204061031342	65.000000000000	0.00000000000000
30.030000686646	0.068470381200314	0.14336125552654	65.000000000000	0.00000000000000
30.040000915527	0.069451734423637	0.14467644691467	65.000000000000	0.00000000000000
30.049999237061	0.070436045527458	0.14598616957664	65.000000000000	0.00000000000000
30.059999465942	0.071423329412937	0.14729037880898	65.000000000000	0.00000000000000
30.069999694824	0.072413526475430	0.14858913421631	65.000000000000	0.00000000000000
30.079999923706	0.073406621813774	0.14988239109516	65.000000000000	0.00000000000000
30.090000152588	0.074402548372746	0.15117017924786	65.000000000000	0.00000000000000
30.100000381470	0.075401321053505	0.15245246887207	65.000000000000	0.00000000000000
30.110000610352	0.076402857899666	0.15372927486897	65.000000000000	0.00000000000000
30.120000839233	0.077407166361809	0.15500059723854	65.000000000000	0.00000000000000
30.129999160767	0.078414201736450	0.15626640617847	65.000000000000	0.00000000000000
30.139999389648	0.079423867166042	0.15752673149109	65.000000000000	0.00000000000000
30.149999618530	0.080436274409294	0.15878157317638	65.000000000000	0.00000000000000
30.159999847412	0.081451199948788	0.16003090143204	65.000000000000	0.00000000000000
30.170000076294	0.082468755543232	0.16127476096153	65.000000000000	0.00000000000000
30.180000305176	0.083488889038563	0.16251313686371	65.000000000000	0.00000000000000
30.190000534058	0.084511473774910	0.16374599933624	65.000000000000	0.00000000000000
30.200000762939	0.085536621510983	0.16497339308262	65.000000000000	0.00000000000000
30.209999084473	0.086564116179943	0.16619528830051	65.000000000000	0.00000000000000
30.219999313354	0.087594069540501	0.16741171479225	65.000000000000	0.00000000000000
30.229999542236	0.088626444339752	0.16862262785435	65.000000000000	0.00000000000000
30.239999771118	0.089661143720150	0.16982807219028	65.000000000000	0.00000000000000
30.250000000000	0.090698167681694	0.17102801799774	65.000000000000	0.00000000000000
30.260000228882	0.091737464070320	0.17222250998020	65.000000000000	0.00000000000000
30.270000457764	0.092778988182545	0.17341150343418	65.000000000000	0.00000000000000
30.280000686646	0.093822777271271	0.17459501326084	65.000000000000	0.00000000000000
30.290000915527	0.094868712127209	0.17577306926250	65.000000000000	0.00000000000000
30.299999237061	0.095916874706745	0.17694565653801	65.000000000000	0.00000000000000
30.309999465942	0.096967071294785	0.17811277508736	65.000000000000	0.00000000000000
30.319999694824	0.098019383847713	0.17927443981171	65.000000000000	0.00000000000000
30.329999923706	0.099073819816113	0.18043062090874	65.000000000000	0.00000000000000
30.340000152588	0.10013017058372	0.18158136308193	65.000000000000	0.00000000000000
30.350000381470	0.10118858516216	0.18272665143013	65.000000000000	0.00000000000000
30.360000610352	0.10224899649620	0.18386645615101	65.000000000000	0.00000000000000
30.370000839233	0.10331130027771	0.18500088155270	65.000000000000	0.00000000000000
30.379999160767	0.10437548160553	0.18612982332706	65.000000000000	0.00000000000000
30.389999389648	0.10544155538082	0.18725334107876	65.000000000000	0.00000000000000
30.399999618530	0.10650943964720	0.18837146461010	65.000000000000	0.00000000000000
30.409999847412	0.10757921636105	0.18948410451412	65.000000000000	0.00000000000000
30.420000076294	0.10865067690611	0.19059136509895	65.000000000000	0.00000000000000
30.430000305176	0.10972395539284	0.19169318675995	65.000000000000	0.00000000000000
30.440000534058	0.11079888790846	0.19278962910175	65.000000000000	0.00000000000000
30.450000762939	0.11187555640936	0.19388063251972	65.000000000000	0.00000000000000
30.459999084473	0.11295384913683	0.19496627151966	65.000000000000	0.00000000000000
30.469999313354	0.11403381079435	0.19604651629925	65.000000000000	0.00000000000000
30.479999542236	0.11511529982090	0.19712136685848	65.000000000000	0.00000000000000
30.489999771118	0.11619841307402	0.19819085299969	65.000000000000	0.00000000000000
30.500000000000	0.11728302389383	0.19925497472286	65.000000000000	0.00000000000000
30.510000228882	0.11836915463209	0.20031373202801	65.000000000000	0.00000000000000
30.520000457764	0.11945678293705	0.20136711001396	65.000000000000	0.00000000000000
30.530000686646	0.12054585665464	0.20241515338421	65.000000000000	0.00000000000000
30.540000915527	0.12163634598255	0.20345783233643	65.000000000000	0.00000000000000
30.549999237061	0.12272817641497	0.20449522137642	65.000000000000	0.00000000000000
30.559999465942	0.12382145226002	0.20552727580070	65.000000000000	0.00000000000000
30.569999694824	0.12491597980261	0.20655398070812	65.000000000000	0.00000000000000
30.579999923706	0.12601189315319	0.20757539570332	65.000000000000	0.00000000000000
30.590000152588	0.12710900604725	0.20859152078629	65.000000000000	0.00000000000000
30.600000381470	0.12820741534233	0.20960232615471	65.000000000000	0.00000000000000
30.610000610352	0.12930701673031	0.21060787141323	65.000000000000	0.00000000000000
30.620000839233	0.13040785491467	0.21160812675953	65.000000000000	0.00000000000000
30.629999160767	0.13150984048843	0.21260312199593	65.000000000000	0.00000000000000
30.639999389648	0.13261291384697	0.21359284222126	65.000000000000	0.00000000000000
30.649999618530	0.13371711969376	0.21457733213902	65.000000000000	0.00000000000000
30.659999847412	0.13482245802879	0.21555657684803	65.000000000000	0.00000000000000
30.670000076294	0.13592877984047	0.21653060615063	65.000000000000	0.00000000000000
30.680000305176	0.13703617453575	0.21749939024448	65.000000000000	0.00000000000000
30.690000534058	0.13814461231232	0.21846295893192	65.000000000000	0.00000000000000
30.700000762939	0.13925397396088	0.21942134201527	65.000000000000	0.00000000000000
30.709999084473	0.14036424458027	0.22037452459335	65.000000000000	0.00000000000000
30.719999313354	0.14147549867630	0.22132253646851	65.000000000000	0.00000000000000
30.729999542236	0.14258755743504	0.22226536273956	65.000000000000	0.00000000000000
30.739999771118	0.14370058476925	0.22320303320885	65.000000000000	0.00000000000000
30.750000000000	0.14481441676617	0.22413554787636	65.000000000000	0.00000000000000
30.760000228882	0.14592911303043	0.22506292164326	65.000000000000	0.00000000000000
30.770000457764	0.14704453945160	0.22598519921303	65.000000000000	0.00000000000000
30.780000686646	0.14816075563431	0.22690232098103	65.000000000000	0.00000000000000
30.790000915527	0.14927777647972	0.22781436145306	65.000000000000	0.00000000000000
30.799999237061	0.15039545297623	0.22872127592564	65.000000000000	0.00000000000000
30.809999465942	0.15151377022266	0.22962312400341	65.000000000000	0.00000000000000
30.819999694824	0.15263286232948	0.23051990568638	65.000000000000	0.00000000000000
30.829999923706	0.15375255048275	0.23141159117222	65.000000000000	0.00000000000000
30.840000152588	0.15487280488014	0.23229825496674	65.000000000000	0.00000000000000
30.850000381470	0.15599371492863	0.23317988216877	65.000000000000	0.00000000000000
30.860000610352	0.15711520612240	0.23405647277832	65.000000000000	0.00000000000000
30.870000839233	0.15823718905449	0.23492804169655	65.000000000000	0.00000000000000
30.879999160767	0.15935973823071	0.23579461872578	65.000000000000	0.00000000000000
30.889999389648	0.16048279404640	0.23665618896484	65.000000000000	0.00000000000000
30.899999618530	0.16160629689693	0.23751279711723	65.000000000000	0.00000000000000
30.909999847412	0.16273023188114	0.23836442828178	65.000000000000	0.00000000000000
30.920000076294	0.16385465860367	0.23921109735966	65.000000000000	0.00000000000000
30.930000305176	0.16497942805290	0.24005284905434	65.000000000000	0.00000000000000
30.940000534058	0.16610465943813	0.24088966846466	65.000000000000	0.00000000000000
30.950000762939	0.16723015904427	0.24172155559063	65.000000000000	0.00000000000000
30.959999084473	0.16835607588291	0.24254852533340	65.000000000000	0.00000000000000
30.969999313354	0.16948223114014	0.24337063729763	65.000000000000	0.00000000000000
30.979999542236	0.17060869932175	0.24418786168098	65.000000000000	0.00000000000000
30.989999771118	0.17173546552658	0.24500019848347	65.000000000000	0.00000000000000
31.000000000000	0.17286249995232	0.24580772221088	65.000000000000	0.00000000000000
31.010000228882	0.17398978769779	0.24661035835743	65.000000000000	0.00000000000000
31.020000457764	0.17511722445488	0.24740821123123	65.000000000000	0.00000000000000
31.030000686646	0.17624484002590	0.24820122122765	65.000000000000	0.00000000000000
31.040000915527	0.17737264931202	0.24898946285248	65.000000000000	0.00000000000000
31.049999237061	0.17850059270859	0.24977290630341	65.000000000000	0.00000000000000
31.059999465942	0.17962865531445	0.25055158138275	65.000000000000	0.00000000000000
31.069999694824	0.18075683712959	0.25132548809052	65.000000000000	0.00000000000000
31.079999923706	0.18188507854939	0.25209465622902	65.000000000000	0.00000000000000
31.090000152588	0.18301337957382	0.25285908579826	65.000000000000	0.00000000000000
31.100000381470	0.18414178490639	0.25361880660057	65.000000000000	0.00000000000000
31.110000610352	0.18527014553547	0.25437381863594	65.000000000000	0.00000000000000
31.120000839233	0.18639850616455	0.25512415170670	65.000000000000	0.00000000000000
31.129999160767	0.18752686679363	0.25586977601051	65.000000000000	0.00000000000000
31.139999389648	0.18865524232388	0.25661078095436	65.000000000000	0.00000000000000
31.149999618530	0.18978345394135	0.25734713673592	65.000000000000	0.00000000000000
31.159999847412	0.19091163575649	0.25807884335518	65.000000000000	0.00000000000000
31.170000076294	0.19203975796700	0.25880593061447	65.000000000000	0.00000000000000
31.180000305176	0.19316773116589	0.25952845811844	65.000000000000	0.00000000000000
31.190000534058	0.19429560005665	0.26024633646011	65.000000000000	0.00000000000000
31.200000762939	0.19542329013348	0.26095968484879	65.000000000000	0.00000000000000
31.209999084473	0.19655081629753	0.26166847348213	65.000000000000	0.00000000000000
31.219999313354	0.19767820835114	0.26237267255783	65.000000000000	0.00000000000000
31.229999542236	0.19880531728268	0.26307234168053	65.000000000000	0.00000000000000
31.239999771118	0.19993224740028	0.26376754045486	65.000000000000	0.00000000000000
31.250000000000	0.20105890929699	0.26445820927620	65.000000000000	0.00000000000000
31.260000228882	0.20218530297279	0.26514440774918	65.000000000000	0.00000000000000
31.270000457764	0.20331148803234	0.26582610607147	65.000000000000	0.00000000000000
31.280000686646	0.20443731546402	0.26650336384773	65.000000000000	0.00000000000000
31.290000915527	0.20556291937828	0.26717621088028	65.000000000000	0.00000000000000
31.299999237061	0.20668813586235	0.26784458756447	65.000000000000	0.00000000000000
31.309999465942	0.20781297981739	0.26850855350494	65.000000000000	0.00000000000000
31.319999694824	0.20893746614456	0.26916810870171	65.000000000000	0.00000000000000
31.329999923706	0.21006160974503	0.26982331275940	65.000000000000	0.00000000000000
31.340000152588	0.21118538081646	0.27047413587570	65.000000000000	0.00000000000000
31.350000381470	0.21230870485306	0.27112060785294	65.000000000000	0.00000000000000
31.360000610352	0.21343162655830	0.27176275849342	65.000000000000	0.00000000000000
31.370000839233	0.21455410122871	0.27240055799484	65.000000000000	0.00000000000000
31.379999160767	0.21567609906197	0.27303406596184	65.000000000000	0.00000000000000
31.389999389648	0.21679760515690	0.27366328239441	65.000000000000	0.00000000000000
31.399999618530	0.21791869401932	0.27428820729256	65.000000000000	0.00000000000000
31.409999847412	0.21903918683529	0.27490898966789	65.000000000000	0.00000000000000
31.420000076294	0.22015939652920	0.27552527189255	65.000000000000	0.00000000000000
31.430000305176	0.22127872705460	0.27613762021065	65.000000000000	0.00000000000000
31.440000534058	0.22239777445793	0.27674549818039	65.000000000000	0.00000000000000
31.450000762939	0.22351619601250	0.27734926342964	65.000000000000	0.00000000000000
31.459999084473	0.22463408112526	0.27794882655144	65.000000000000	0.00000000000000
31.469999313354	0.22575125098228	0.27854427695274	65.000000000000	0.00000000000000
31.479999542236	0.22686786949635	0.27913555502892	65.000000000000	0.00000000000000
31.489999771118	0.22798389196396	0.27972272038460	65.000000000000	0.00000000000000
31.500000000000	0.22909925878048	0.28030568361282	65.000000000000	0.00000000000000
31.510000228882	0.23021407425404	0.28088453412056	65.000000000000	0.00000000000000
31.520000457764	0.23132805526257	0.28145936131477	65.000000000000	0.00000000000000
31.530000686646	0.23244155943394	0.28203001618385	65.000000000000	0.00000000000000
31.540000915527	0.23355422914028	0.28259670734406	65.000000000000	0.00000000000000
31.549999237061	0.23466622829437	0.28315931558609	65.000000000000	0.00000000000000
31.559999465942	0.23577767610550	0.28371781110764	65.000000000000	0.00000000000000
31.569999694824	0.23688808083534	0.28427246212959	65.000000000000	0.00000000000000
31.579999923706	0.23799793422222	0.28482303023338	65.000000000000	0.00000000000000
31.590000152588	0.23910719156265	0.28536948561668	65.000000000000	0.00000000000000
31.600000381470	0.24021537601948	0.28591215610504	65.000000000000	0.00000000000000
31.610000610352	0.24132309854031	0.28645068407059	65.000000000000	0.00000000000000
31.620000839233	0.24242973327637	0.28698551654816	65.000000000000	0.00000000000000
31.629999160767	0.24353571236134	0.28751629590988	65.000000000000	0.00000000000000
31.639999389648	0.24464087188244	0.28804314136505	65.000000000000	0.00000000000000
31.649999618530	0.24574519693851	0.28856611251831	65.000000000000	0.00000000000000
31.659999847412	0.24684883654118	0.28908511996269	65.000000000000	0.00000000000000
31.670000076294	0.24795129895210	0.28960049152374	65.000000000000	0.00000000000000
31.680000305176	0.24905319511890	0.29011180996895	65.000000000000	0.00000000000000
31.690000534058	0.25015419721603	0.29061925411224	65.000000000000	0.00000000000000
31.700000762939	0.25125429034233	0.29112297296524	65.000000000000	0.00000000000000
31.709999084473	0.25235348939896	0.29162284731865	65.000000000000	0.00000000000000
31.719999313354	0.25345161557198	0.29211908578873	65.000000000000	0.00000000000000
31.729999542236	0.25454908609390	0.29261136054993	65.000000000000	0.00000000000000
31.739999771118	0.25564548373222	0.29309999942780	65.000000000000	0.00000000000000
31.750000000000	0.25674089789391	0.29358494281769	65.000000000000	0.00000000000000
31.760000228882	0.25783547759056	0.29406604170799	65.000000000000	0.00000000000000
31.770000457764	0.25892919301987	0.29454335570335	65.000000000000	0.00000000000000
31.780000686646	0.26002180576324	0.29501712322235	65.000000000000	0.00000000000000
31.790000915527	0.26111352443695	0.29548710584641	65.000000000000	0.00000000000000
31.799999237061	0.26220422983170	0.29595345258713	65.000000000000	0.00000000000000
31.809999465942	0.26329395174980	0.29641613364220	65.000000000000	0.00000000000000
31.819999694824	0.26438263058662	0.29687517881393	65.000000000000	0.00000000000000
31.829999923706	0.26547038555145	0.29733064770699	65.000000000000	0.00000000000000
31.840000152588	0.26655706763268	0.29778248071671	65.000000000000	0.00000000000000
31.850000381470	0.26764273643494	0.29823070764542	65.000000000000	0.00000000000000
31.860000610352	0.26872733235359	0.29867538809776	65.000000000000	0.00000000000000
31.870000839233	0.26981088519096	0.29911646246910	65.000000000000	0.00000000000000
31.879999160767	0.27089345455170	0.29955402016640	65.000000000000	0.00000000000000
31.889999389648	0.27197486162186	0.29998803138733	65.000000000000	0.00000000000000
31.899999618530	0.27305519580841	0.30041852593422	65.000000000000	0.00000000000000
31.909999847412	0.27413460612297	0.30084550380707	65.000000000000	0.00000000000000
31.920000076294	0.27521279454231	0.30126902461052	65.000000000000	0.00000000000000
31.930000305176	0.27628991007805	0.30168902873993	65.000000000000	0.00000000000000
31.940000534058	0.27736592292786	0.30210560560226	65.000000000000	0.00000000000000
31.950000762939	0.27844077348709	0.30251869559288	65.000000000000	0.00000000000000
31.959999084473	0.27951455116272	0.30292838811874	65.000000000000	0.00000000000000
31.969999313354	0.28058722615242	0.30333462357521	65.000000000000	0.00000000000000
31.979999542236	0.28165876865387	0.30373752117157	65.000000000000	0.00000000000000
31.989999771118	0.28272908926010	0.30413699150085	65.000000000000	0.00000000000000
32.000000000000	0.28379833698273	0.30453309416771	65.000000000000	0.00000000000000
32.009998321533	0.28486636281013	0.30492582917213	65.000000000000	0.00000000000000
32.020000457764	0.28593325614929	0.30531522631645	65.000000000000	0.00000000000000
32.029998779297	0.28699895739555	0.30570125579834	65.000000000000	0.00000000000000
32.040000915527	0.28806355595589	0.30608400702477	65.000000000000	0.00000000000000
32.049999237061	0.28912681341171	0.30646345019341	65.000000000000	0.00000000000000
32.060001373291	0.29018902778625	0.30683961510658	65.000000000000	0.00000000000000
32.069999694824	0.29124990105629	0.30721250176430	65.000000000000	0.00000000000000
32.080001831055	0.29230970144272	0.30758211016655	65.000000000000	0.00000000000000
32.090000152588	0.29336825013161	0.30794847011566	65.000000000000	0.00000000000000
32.099998474121	0.29442551732063	0.30831161141396	65.000000000000	0.00000000000000
32.110000610352	0.29548156261444	0.30867150425911	65.000000000000	0.00000000000000
32.119998931885	0.29653635621071	0.30902820825577	65.000000000000	0.00000000000000
32.130001068115	0.29758995771408	0.30938175320625	65.000000000000	0.00000000000000
32.139999389648	0.29864233732224	0.30973210930824	65.000000000000	0.00000000000000
32.150001525879	0.29969343543053	0.31007924675941	65.000000000000	0.00000000000000
32.159999847412	0.30074331164360	0.31042331457138	65.000000000000	0.00000000000000
32.169998168945	0.30179184675217	0.31076416373253	65.000000000000	0.00000000000000
32.180000305176	0.30283915996552	0.31110194325447	65.000000000000	0.00000000000000
32.189998626709	0.30388513207436	0.31143659353256	65.000000000000	0.00000000000000
32.200000762939	0.30492988228798	0.31176817417145	65.000000000000	0.00000000000000
32.209999084473	0.30597338080406	0.31209665536880	65.000000000000	0.00000000000000
32.220001220703	0.30701550841331	0.31242206692696	65.000000000000	0.00000000000000
32.229999542236	0.30805638432503	0.31274440884590	65.000000000000	0.00000000000000
32.240001678467	0.30909588932991	0.31306371092796	65.000000000000	0.00000000000000
32.250000000000	0.31013417243958	0.31338000297546	65.000000000000	0.00000000000000
32.259998321533	0.31117108464241	0.31369325518608	65.000000000000	0.00000000000000
32.270000457764	0.31220671534538	0.31400352716446	65.000000000000	0.00000000000000
32.279998779297	0.31324100494385	0.31431078910828	65.000000000000	0.00000000000000
32.290000915527	0.31427398324013	0.31461507081985	65.000000000000	0.00000000000000
32.299999237061	0.31530559062958	0.31491640210152	65.000000000000	0.00000000000000
32.310001373291	0.31633582711220	0.31521478295326	65.000000000000	0.00000000000000
32.319999694824	0.31736475229263	0.31551024317741	65.000000000000	0.00000000000000
32.330001831055	0.31839233636856	0.31580275297165	65.000000000000	0.00000000000000
32.340000152588	0.31941854953766	0.31609237194061	65.000000000000	0.00000000000000
32.349998474121	0.32044348120689	0.31637907028198	65.000000000000	0.00000000000000
32.360000610352	0.32146701216698	0.31666287779808	65.000000000000	0.00000000000000
32.369998931885	0.32248914241791	0.31694382429123	65.000000000000	0.00000000000000
32.380001068115	0.32350987195969	0.31722190976143	65.000000000000	0.00000000000000
32.389999389648	0.32452926039696	0.31749713420868	65.000000000000	0.00000000000000
32.400001525879	0.32554730772972	0.31776952743530	65.000000000000	0.00000000000000
32.409999847412	0.32656392455101	0.31803908944130	65.000000000000	0.00000000000000
32.419998168945	0.32757923007011	0.31830585002899	65.000000000000	0.00000000000000
32.430000305176	0.32859304547310	0.31856980919838	65.000000000000	0.00000000000000
32.439998626709	0.32960546016693	0.31883099675179	65.000000000000	0.00000000000000
32.450000762939	0.33061653375626	0.31908938288689	65.000000000000	0.00000000000000
32.459999084473	0.33162620663643	0.31934502720833	65.000000000000	0.00000000000000
32.470001220703	0.33263435959816	0.31959789991379	65.000000000000	0.00000000000000
32.479999542236	0.33364123106003	0.31984803080559	65.000000000000	0.00000000000000
32.490001678467	0.33464664220810	0.32009544968605	65.000000000000	0.00000000000000
32.500000000000	0.33565065264702	0.32034018635750	65.000000000000	0.00000000000000
32.509998321533	0.33665314316750	0.32058215141296	65.000000000000	0.00000000000000
32.520000457764	0.33765432238579	0.32082149386406	65.000000000000	0.00000000000000
32.529998779297	0.33865401148796	0.32105812430382	65.000000000000	0.00000000000000
32.540000915527	0.33965229988098	0.32129210233688	65.000000000000	0.00000000000000
32.549999237061	0.34064915776253	0.32152339816093	65.000000000000	0.00000000000000
32.560001373291	0.34164455533028	0.32175207138062	65.000000000000	0.00000000000000
32.569999694824	0.34263849258423	0.32197809219360	65.000000000000	0.00000000000000
32.580001831055	0.34363102912903	0.32220155000687	65.000000000000	0.00000000000000
32.590000152588	0.34462204575539	0.32242232561111	65.000000000000	0.00000000000000
32.599998474121	0.34561166167259	0.32264053821564	65.000000000000	0.00000000000000
32.610000610352	0.34659981727600	0.32285618782043	65.000000000000	0.00000000000000
32.619998931885	0.34758645296097	0.32306921482086	65.000000000000	0.00000000000000
32.630001068115	0.34857171773911	0.32327970862389	65.000000000000	0.00000000000000
32.639999389648	0.34955543279648	0.32348769903183	65.000000000000	0.00000000000000
32.650001525879	0.35053774714470	0.32369309663773	65.000000000000	0.00000000000000
32.659999847412	0.35151854157448	0.32389596104622	65.000000000000	0.00000000000000
32.669998168945	0.35249787569046	0.32409629225731	65.000000000000	0.00000000000000
32.680000305176	0.35347568988800	0.32429414987564	65.000000000000	0.00000000000000
32.689998626709	0.35445210337639	0.32448953390121	65.000000000000	0.00000000000000
32.700000762939	0.35542699694633	0.32468235492706	65.000000000000	0.00000000000000
32.709999084473	0.35640046000481	0.32487279176712	65.000000000000	0.00000000000000
32.720001220703	0.35737231373787	0.32506072521210	65.000000000000	0.00000000000000
32.729999542236	0.35834273695946	0.32524621486664	65.000000000000	0.00000000000000
32.740001678467	0.35931167006493	0.32542923092842	65.000000000000	0.00000000000000
32.750000000000	0.36027911305428	0.32560986280441	65.000000000000	0.00000000000000
32.759998321533	0.36124503612518	0.32578808069229	65.000000000000	0.00000000000000
32.770000457764	0.36220946907997	0.32596388459206	65.000000000000	0.00000000000000
32.779998779297	0.36317235231400	0.32613727450371	65.000000000000	0.00000000000000
32.790000915527	0.36413386464119	0.32630825042725	65.000000000000	0.00000000000000
32.799999237061	0.36509373784065	0.32647693157196	65.000000000000	0.00000000000000
32.810001373291	0.36605209112167	0.32664319872856	65.000000000000	0.00000000000000
32.819999694824	0.36700901389122	0.32680711150169	65.000000000000	0.00000000000000
32.830001831055	0.36796435713768	0.32696866989136	65.000000000000	0.00000000000000
32.840000152588	0.36891818046570	0.32712790369987	65.000000000000	0.00000000000000
32.849998474121	0.36987045407295	0.32728484272957	65.000000000000	0.00000000000000
32.860000610352	0.37082132697105	0.32743942737579	65.000000000000	0.00000000000000
32.869998931885	0.37177056074142	0.32759174704552	65.000000000000	0.00000000000000
32.880001068115	0.37271833419800	0.32774177193642	65.000000000000	0.00000000000000
32.889999389648	0.37366455793381	0.32788950204849	65.000000000000	0.00000000000000
32.900001525879	0.37460920214653	0.32803496718407	65.000000000000	0.00000000000000
32.909999847412	0.37555232644081	0.32817816734314	65.000000000000	0.00000000000000
32.919998168945	0.37649393081665	0.32831916213036	65.000000000000	0.00000000000000
32.930000305176	0.37743398547173	0.32845786213875	65.000000000000	0.00000000000000
32.939998626709	0.37837255001068	0.32859432697296	65.000000000000	0.00000000000000
32.950000762939	0.37930953502655	0.32872861623764	65.000000000000	0.00000000000000
32.959999084473	0.38024497032166	0.32886067032814	65.000000000000	0.00000000000000
32.970001220703	0.38117885589600	0.32899057865143	65.000000000000	0.00000000000000
32.979999542236	0.38211110234261	0.32911822199821	65.000000000000	0.00000000000000
32.990001678467	0.38304194808006	0.32924371957779	65.000000000000	0.00000000000000
33.000000000000	0.38397118449211	0.32936704158783	65.000000000000	0.00000000000000
33.009998321533	0.38489881157875	0.32948821783066	65.000000000000	0.00000000000000
33.020000457764	0.38582497835159	0.32960724830627	65.000000000000	0.00000000000000
33.029998779297	0.38674956560135	0.32972413301468	65.000000000000	0.00000000000000
33.040000915527	0.38767254352570	0.32983887195587	65.000000000000	0.00000000000000
33.049999237061	0.38859400153160	0.32995149493217	65.000000000000	0.00000000000000
33.060001373291	0.38951385021210	0.33006200194359	65.000000000000	0.00000000000000
33.069999694824	0.39043214917183	0.33017045259476	65.000000000000	0.00000000000000
33.080001831055	0.39134883880615	0.33027678728104	65.000000000000	0.00000000000000
33.090000152588	0.39226403832436	0.33038103580475	65.000000000000	0.00000000000000
33.099998474121	0.39317756891251	0.33048322796822	65.000000000000	0.00000000000000
33.110000610352	0.39408957958221	0.33058336377144	65.000000000000	0.00000000000000
33.119998931885	0.39500007033348	0.33068141341209	65.000000000000	0.00000000000000
33.130001068115	0.39590892195702	0.33077746629715	65.000000000000	0.00000000000000
33.139999389648	0.39681619405746	0.33087146282196	65.000000000000	0.00000000000000
33.150001525879	0.39772191643715	0.33096343278885	65.000000000000	0.00000000000000
33.159999847412	0.39862596988678	0.33105340600014	65.000000000000	0.00000000000000
33.169998168945	0.39952850341797	0.33114138245583	65.000000000000	0.00000000000000
33.180000305176	0.40042945742607	0.33122733235359	65.000000000000	0.00000000000000
33.189998626709	0.40132880210876	0.33131134510040	65.000000000000	0.00000000000000
33.200000762939	0.40222656726837	0.33139336109161	65.000000000000	0.00000000000000
33.209999084473	0.40312275290489	0.33147341012955	65.000000000000	0.00000000000000
33.220001220703	0.40401738882065	0.33155155181885	65.000000000000	0.00000000000000
33.229999542236	0.40491038560867	0.33162772655487	65.000000000000	0.00000000000000
33.240001678467	0.40580174326897	0.33170187473297	65.000000000000	0.00000000000000
33.250000000000	0.40669155120850	0.33177420496941	65.000000000000	0.00000000000000
33.259998321533	0.40757972002029	0.33184459805489	65.000000000000	0.00000000000000
33.270000457764	0.40846633911133	0.33191305398941	65.000000000000	0.00000000000000
33.279998779297	0.40935137867928	0.33197963237762	65.000000000000	0.00000000000000
33.290000915527	0.41023480892181	0.33204433321953	65.000000000000	0.00000000000000
33.299999237061	0.41111654043198	0.33210709691048	65.000000000000	0.00000000000000
33.310001373291	0.41199678182602	0.33216807246208	65.000000000000	0.00000000000000
33.319999694824	0.41287529468536	0.33222717046738	65.000000000000	0.00000000000000
33.330001831055	0.41375228762627	0.33228436112404	65.000000000000	0.00000000000000
33.340000152588	0.41462770104408	0.33233976364136	65.000000000000	0.00000000000000
33.349998474121	0.41550141572952	0.33239334821701	65.000000000000	0.00000000000000
33.360000610352	0.41637358069420	0.33244505524635	65.000000000000	0.00000000000000
33.369998931885	0.41724407672882	0.33249500393867	65.000000000000	0.00000000000000
33.380001068115	0.41811299324036	0.33254310488701	65.000000000000	0.00000000000000
33.389999389648	0.41898033022881	0.33258944749832	65.000000000000	0.00000000000000
33.400001525879	0.41984596848488	0.33263397216797	65.000000000000	0.00000000000000
33.409999847412	0.42071002721786	0.33267676830292	65.000000000000	0.00000000000000
33.419998168945	0.42157250642776	0.33271771669388	65.000000000000	0.00000000000000
33.430000305176	0.42243331670761	0.33275696635246	65.000000000000	0.00000000000000
33.439998626709	0.42329251766205	0.33279445767403	65.000000000000	0.00000000000000
33.450000762939	0.42415007948875	0.33283019065857	65.000000000000	0.00000000000000
33.459999084473	0.42500600218773	0.33286428451538	65.000000000000	0.00000000000000
33.470001220703	0.42586037516594	0.33289662003517	65.000000000000	0.00000000000000
33.479999542236	0.42671313881874	0.33292716741562	65.000000000000	0.00000000000000
33.490001678467	0.42756411433220	0.33295607566833	65.000000000000	0.00000000000000
33.500000000000	0.42841365933418	0.33298325538635	65.000000000000	0.00000000000000
33.509998321533	0.42926147580147	0.33300876617432	65.000000000000	0.00000000000000
33.520000457764	0.43010768294334	0.33303266763687	65.000000000000	0.00000000000000
33.529998779297	0.43095225095749	0.33305484056473	65.000000000000	0.00000000000000
33.540000915527	0.43179512023926	0.33307537436485	65.000000000000	0.00000000000000
33.549999237061	0.43263643980026	0.33309429883957	65.000000000000	0.00000000000000
33.560001373291	0.43347606062889	0.33311152458191	65.000000000000	0.00000000000000
33.569999694824	0.43431410193443	0.33312714099884	65.000000000000	0.00000000000000
33.580001831055	0.43515056371689	0.33314111828804	65.000000000000	0.00000000000000
33.590000152588	0.43598529696465	0.33315357565880	65.000000000000	0.00000000000000
33.599998474121	0.43681848049164	0.33316433429718	65.000000000000	0.00000000000000
33.610000610352	0.43764990568161	0.33317354321480	65.000000000000	0.00000000000000
33.619998931885	0.43847975134850	0.33318117260933	65.000000000000	0.00000000000000
33.630001068115	0.43930795788765	0.33318725228310	65.000000000000	0.00000000000000
33.639999389648	0.44013458490372	0.33319175243378	65.000000000000	0.00000000000000
33.650001525879	0.44095951318741	0.33319470286369	65.000000000000	0.00000000000000
33.659999847412	0.44178277254105	0.33319610357285	65.000000000000	0.00000000000000
33.669998168945	0.44260445237160	0.33319595456123	65.000000000000	0.00000000000000
33.680000305176	0.44342443346977	0.33319431543350	65.000000000000	0.00000000000000
33.689998626709	0.44424286484718	0.33319112658501	65.000000000000	0.00000000000000
33.700000762939	0.44505959749222	0.33318647742271	65.000000000000	0.00000000000000
33.709999084473	0.44587466120720	0.33318027853966	65.000000000000	0.00000000000000
33.720001220703	0.44668820500374	0.33317264914513	65.000000000000	0.00000000000000
33.729999542236	0.44749999046326	0.33316349983215	65.000000000000	0.00000000000000
33.740001678467	0.44831010699272	0.33315292000771	65.000000000000	0.00000000000000
33.750000000000	0.44911861419678	0.33314082026482	65.000000000000	0.00000000000000
33.759998321533	0.44992554187775	0.33312734961510	65.000000000000	0.00000000000000
33.770000457764	0.45073080062866	0.33311238884926	65.000000000000	0.00000000000000
33.779998779297	0.45153439044952	0.33309599757195	65.000000000000	0.00000000000000
33.790000915527	0.45233637094498	0.33307817578316	65.000000000000	0.00000000000000
33.799999237061	0.45313665270805	0.33305895328522	65.000000000000	0.00000000000000
33.810001373291	0.45393538475037	0.33303833007813	65.000000000000	0.00000000000000
33.819999694824	0.45473229885101	0.33301630616188	65.000000000000	0.00000000000000
33.830001831055	0.45552775263786	0.33299291133881	65.000000000000	0.00000000000000
33.840000152588	0.45632144808769	0.33296814560890	65.000000000000	0.00000000000000
33.849998474121	0.45711359381676	0.33294197916985	65.000000000000	0.00000000000000
33.860000610352	0.45790404081345	0.33291453123093	65.000000000000	0.00000000000000
33.869998931885	0.45869287848473	0.33288565278053	65.000000000000	0.00000000000000
33.880001068115	0.45948010683060	0.33285549283028	65.000000000000	0.00000000000000
33.889999389648	0.46026557683945	0.33282396197319	65.000000000000	0.00000000000000
33.900001525879	0.46104952692986	0.33279114961624	65.000000000000	0.00000000000000
33.909999847412	0.46183177828789	0.33275699615479	65.000000000000	0.00000000000000
33.919998168945	0.46261239051819	0.33272150158882	65.000000000000	0.00000000000000
33.930000305176	0.46339136362076	0.33268481492996	65.000000000000	0.00000000000000
33.939998626709	0.46416872739792	0.33264675736427	65.000000000000	0.00000000000000
33.950000762939	0.46494445204735	0.33260744810104	65.000000000000	0.00000000000000
33.959999084473	0.46571850776672	0.33256691694260	65.000000000000	0.00000000000000
33.970001220703	0.46649098396301	0.33252513408661	65.000000000000	0.00000000000000
33.979999542236	0.46726179122925	0.33248209953308	65.000000000000	0.00000000000000
33.990001678467	0.46803092956543	0.33243778347969	65.000000000000	0.00000000000000
34.000000000000	0.46879845857620	0.33239230513573	65.000000000000	0.00000000000000
34.009998321533	0.46956440806389	0.33234554529190	65.000000000000	0.00000000000000
34.020000457764	0.47032859921455	0.33229765295982	65.000000000000	0.00000000000000
34.029998779297	0.47109127044678	0.33224850893021	65.000000000000	0.00000000000000
34.040000915527	0.47185233235359	0.33219823241234	65.000000000000	0.00000000000000
34.049999237061	0.47261175513268	0.33214667439461	65.000000000000	0.00000000000000
34.060001373291	0.47336947917938	0.33209401369095	65.000000000000	0.00000000000000
34.069999694824	0.47412559390068	0.33204019069672	65.000000000000	0.00000000000000
34.080001831055	0.47488021850586	0.33198517560959	65.000000000000	0.00000000000000
34.090000152588	0.47563308477402	0.33192902803421	65.000000000000	0.00000000000000
34.099998474121	0.47638437151909	0.33187180757523	65.000000000000	0.00000000000000
34.110000610352	0.47713404893875	0.33181342482567	65.000000000000	0.00000000000000
34.119998931885	0.47788205742836	0.33175390958786	65.000000000000	0.00000000000000
34.130001068115	0.47862854599953	0.33169335126877	65.000000000000	0.00000000000000
34.139999389648	0.47937330603600	0.33163163065910	65.000000000000	0.00000000000000
34.150001525879	0.48011660575867	0.33156886696815	65.000000000000	0.00000000000000
34.159999847412	0.48085817694664	0.33150497078896	65.000000000000	0.00000000000000
34.169998168945	0.48159807920456	0.33144000172615	65.000000000000	0.00000000000000
34.180000305176	0.48233652114868	0.33137404918671	65.000000000000	0.00000000000000
34.189998626709	0.48307341337204	0.33130699396133	65.000000000000	0.00000000000000
34.200000762939	0.48380857706070	0.33123889565468	65.000000000000	0.00000000000000
34.209999084473	0.48454213142395	0.33116984367371	65.000000000000	0.00000000000000
34.220001220703	0.48527416586876	0.33109965920448	65.000000000000	0.00000000000000
34.229999542236	0.48600465059280	0.33102849125862	65.000000000000	0.00000000000000
34.240001678467	0.48673334717751	0.33095639944077	65.000000000000	0.00000000000000
34.250000000000	0.48746067285538	0.33088323473930	65.000000000000	0.00000000000000
34.259998321533	0.48818635940552	0.33080896735191	65.000000000000	0.00000000000000
34.270000457764	0.48891025781631	0.33073407411575	65.000000000000	0.00000000000000
34.279998779297	0.48963287472725	0.33065792918205	65.000000000000	0.00000000000000
34.290000915527	0.49035388231277	0.33058068156242	65.000000000000	0.00000000000000
34.299999237061	0.49107307195663	0.33050283789635	65.000000000000	0.00000000000000
34.310001373291	0.49179095029831	0.33042374253273	65.000000000000	0.00000000000000
34.319999694824	0.49250712990761	0.33034384250641	65.000000000000	0.00000000000000
34.330001831055	0.49322170019150	0.33026316761971	65.000000000000	0.00000000000000
34.340000152588	0.49393492937088	0.33018124103546	65.000000000000	0.00000000000000
34.349998474121	0.49464634060860	0.33009877800941	65.000000000000	0.00000000000000
34.360000610352	0.49535623192787	0.33001533150673	65.000000000000	0.00000000000000
34.369998931885	0.49606469273567	0.32993090152740	65.000000000000	0.00000000000000
34.380001068115	0.49677163362503	0.32984545826912	65.000000000000	0.00000000000000
34.389999389648	0.49747690558434	0.32975932955742	65.000000000000	0.00000000000000
34.400001525879	0.49818071722984	0.32967221736908	65.000000000000	0.00000000000000
34.409999847412	0.49888288974762	0.32958438992500	65.000000000000	0.00000000000000
34.419998168945	0.49958360195160	0.32949566841125	65.000000000000	0.00000000000000
34.430000305176	0.50028288364410	0.32940599322319	65.000000000000	0.00000000000000
34.439998626709	0.50098049640656	0.32931560277939	65.000000000000	0.00000000000000
34.450000762939	0.50167667865753	0.32922437787056	65.000000000000	0.00000000000000
34.459999084473	0.50237137079239	0.32913213968277	65.000000000000	0.00000000000000
34.470001220703	0.50306445360184	0.32903936505318	65.000000000000	0.00000000000000
34.479999542236	0.50375610589981	0.32894566655159	65.000000000000	0.00000000000000
34.490001678467	0.50444608926773	0.32885131239891	65.000000000000	0.00000000000000
34.500000000000	0.50513470172882	0.32875606417656	65.000000000000	0.00000000000000
34.509998321533	0.50582176446915	0.32866007089615	65.000000000000	0.00000000000000
34.520000457764	0.50650739669800	0.32856327295303	65.000000000000	0.00000000000000
34.529998779297	0.50719147920609	0.32846572995186	65.000000000000	0.00000000000000
34.540000915527	0.50787419080734	0.32836744189262	65.000000000000	0.00000000000000
34.549999237061	0.50855535268784	0.32826840877533	65.000000000000	0.00000000000000
34.560001373291	0.50923514366150	0.32816863059998	65.000000000000	0.00000000000000
34.569999694824	0.50991338491440	0.32806813716888	65.000000000000	0.00000000000000
34.580001831055	0.51059013605118	0.32796686887741	65.000000000000	0.00000000000000
34.590000152588	0.51126551628113	0.32786494493484	65.000000000000	0.00000000000000
34.599998474121	0.51193934679031	0.32776227593422	65.000000000000	0.00000000000000
34.610000610352	0.51261180639267	0.32765898108482	65.000000000000	0.00000000000000
34.619998931885	0.51328283548355	0.32755497097969	65.000000000000	0.00000000000000
34.630001068115	0.51395243406296	0.32745024561882	65.000000000000	0.00000000000000
34.639999389648	0.51462054252625	0.32734486460686	65.000000000000	0.00000000000000
34.650001525879	0.51528716087341	0.32723876833916	65.000000000000	0.00000000000000
34.659999847412	0.51595252752304	0.32713201642036	65.000000000000	0.00000000000000
34.669998168945	0.51661646366119	0.32702466845512	65.000000000000	0.00000000000000
34.680000305176	0.51727885007858	0.32691663503647	65.000000000000	0.00000000000000
34.689998626709	0.51793992519379	0.32680791616440	65.000000000000	0.00000000000000
34.700000762939	0.51859962940216	0.32669860124588	65.000000000000	0.00000000000000
34.709999084473	0.51925784349442	0.32658866047859	65.000000000000	0.00000000000000
34.720001220703	0.51991492509842	0.32647809386253	65.000000000000	0.00000000000000
34.729999542236	0.52057033777237	0.32636687159538	65.000000000000	0.00000000000000
34.740001678467	0.52122449874878	0.32625505328178	65.000000000000	0.00000000000000
34.750000000000	0.52187728881836	0.32614266872406	65.000000000000	0.00000000000000
34.759998321533	0.52252876758575	0.32602965831757	65.000000000000	0.00000000000000
34.770000457764	0.52317887544632	0.32591605186462	65.000000000000	0.00000000000000
34.779998779297	0.52382755279541	0.32580184936523	65.000000000000	0.00000000000000
34.790000915527	0.52447497844696	0.32568708062172	65.000000000000	0.00000000000000
34.799999237061	0.52512109279633	0.32557171583176	65.000000000000	0.00000000000000
34.810001373291	0.52576583623886	0.32545581459999	65.000000000000	0.00000000000000
34.819999694824	0.52640914916992	0.32533931732178	65.000000000000	0.00000000000000
34.830001831055	0.52705132961273	0.32522228360176	65.000000000000	0.00000000000000
34.840000152588	0.52769219875336	0.32510465383530	65.000000000000	0.00000000000000
34.849998474121	0.52833163738251	0.32498651742935	65.000000000000	0.00000000000000
34.860000610352	0.52896982431412	0.32486775517464	65.000000000000	0.00000000000000
34.869998931885	0.52960681915283	0.32474854588509	65.000000000000	0.00000000000000
34.880001068115	0.53024250268936	0.32462877035141	65.000000000000	0.00000000000000
34.889999389648	0.53087675571442	0.32450842857361	65.000000000000	0.00000000000000
34.900001525879	0.53150987625122	0.32438760995865	65.000000000000	0.00000000000000
34.909999847412	0.53214168548584	0.32426622509956	65.000000000000	0.00000000000000
34.919998168945	0.53277230262756	0.32414433360100	65.000000000000	0.00000000000000
34.930000305176	0.53340172767639	0.32402196526527	65.000000000000	0.00000000000000
34.939998626709	0.53402984142303	0.32389903068542	65.000000000000	0.00000000000000
34.950000762939	0.53465664386749	0.32377564907074	65.000000000000	0.00000000000000
34.959999084473	0.53528231382370	0.32365176081657	65.000000000000	0.00000000000000
34.970001220703	0.53590673208237	0.32352730631828	65.000000000000	0.00000000000000
34.979999542236	0.53653001785278	0.32340240478516	65.000000000000	0.00000000000000
34.990001678467	0.53715205192566	0.32327696681023	65.000000000000	0.00000000000000
35.000000000000	0.53777283430099	0.32315105199814	65.000000000000	0.00000000000000
