25.000000000000	0.75417512655258	-0.53889942169189	65.000000000000	0.00000000000000
25.010000228882	0.75363647937775	-0.53927177190781	65.000000000000	0.00000000000000
25.020000457764	0.75309664011002	-0.53964388370514	65.000000000000	0.00000000000000
25.030000686646	0.75255537033081	-0.54001605510712	65.000000000000	0.00000000000000
25.040000915527	0.75201302766800	-0.54038810729980	65.000000000000	0.00000000000000
25.049999237061	0.75146937370300	-0.54076009988785	65.000000000000	0.00000000000000
25.059999465942	0.75092440843582	-0.54113197326660	65.000000000000	0.00000000000000
25.069999694824	0.75037819147110	-0.54150378704071	65.000000000000	0.00000000000000
25.079999923706	0.74983072280884	-0.54187560081482	65.000000000000	0.00000000000000
25.090000152588	0.74928206205368	-0.54224723577499	65.000000000000	0.00000000000000
25.100000381470	0.74873203039169	-0.54261875152588	65.000000000000	0.00000000000000
25.110000610352	0.74818062782288	-0.54299020767212	65.000000000000	0.00000000000000
25.120000839233	0.74762803316116	-0.54336154460907	65.000000000000	0.00000000000000
25.129999160767	0.74707418680191	-0.54373276233673	65.000000000000	0.00000000000000
25.139999389648	0.74651885032654	-0.54410403966904	65.000000000000	0.00000000000000
25.149999618530	0.74596244096756	-0.54447501897812	65.000000000000	0.00000000000000
25.159999847412	0.74540466070175	-0.54484593868256	65.000000000000	0.00000000000000
25.170000076294	0.74484544992447	-0.54521691799164	65.000000000000	0.00000000000000
25.180000305176	0.74428510665894	-0.54558765888214	65.000000000000	0.00000000000000
25.190000534058	0.74372327327728	-0.54595822095871	65.000000000000	0.00000000000000
25.200000762939	0.74316024780273	-0.54632872343063	65.000000000000	0.00000000000000
25.209999084473	0.74259579181671	-0.54669916629791	65.000000000000	0.00000000000000
25.219999313354	0.74203020334244	-0.54706937074661	65.000000000000	0.00000000000000
25.229999542236	0.74146306514740	-0.54743945598602	65.000000000000	0.00000000000000
25.239999771118	0.74089467525482	-0.54780948162079	65.000000000000	0.00000000000000
25.250000000000	0.74032479524612	-0.54817938804626	65.000000000000	0.00000000000000
25.260000228882	0.73975372314453	-0.54854905605316	65.000000000000	0.00000000000000
25.270000457764	0.73918116092682	-0.54891866445541	65.000000000000	0.00000000000000
25.280000686646	0.73860746622086	-0.54928809404373	65.000000000000	0.00000000000000
25.290000915527	0.73803210258484	-0.54965740442276	65.000000000000	0.00000000000000
25.299999237061	0.73745560646057	-0.55002659559250	65.000000000000	0.00000000000000
25.309999465942	0.73687767982483	-0.55039560794830	65.000000000000	0.00000000000000
25.319999694824	0.73629838228226	-0.55076432228088	65.000000000000	0.00000000000000
25.329999923706	0.73571765422821	-0.55113297700882	65.000000000000	0.00000000000000
25.340000152588	0.73513555526733	-0.55150157213211	65.000000000000	0.00000000000000
25.350000381470	0.73455196619034	-0.55186986923218	65.000000000000	0.00000000000000
25.360000610352	0.73396718502045	-0.55223804712296	65.000000000000	0.00000000000000
25.370000839233	0.73338091373444	-0.55260598659515	65.000000000000	0.00000000000000
25.379999160767	0.73279321193695	-0.55297380685806	65.000000000000	0.00000000000000
25.389999389648	0.73220407962799	-0.55334138870239	65.000000000000	0.00000000000000
25.399999618530	0.73161363601685	-0.55370879173279	65.000000000000	0.00000000000000
25.409999847412	0.73102170228958	-0.55407601594925	65.000000000000	0.00000000000000
25.420000076294	0.73042845726013	-0.55444312095642	65.000000000000	0.00000000000000
25.430000305176	0.72983372211456	-0.55480992794037	65.000000000000	0.00000000000000
25.440000534058	0.72923749685287	-0.55517649650574	65.000000000000	0.00000000000000
25.450000762939	0.72863984107971	-0.55554294586182	65.000000000000	0.00000000000000
25.459999084473	0.72804087400436	-0.55590909719467	65.000000000000	0.00000000000000
25.469999313354	0.72744023799896	-0.55627512931824	65.000000000000	0.00000000000000
25.479999542236	0.72683840990067	-0.55664086341858	65.000000000000	0.00000000000000
25.489999771118	0.72623503208160	-0.55700647830963	65.000000000000	0.00000000000000
25.500000000000	0.72563016414642	-0.55737179517746	65.000000000000	0.00000000000000
25.510000228882	0.72502404451370	-0.55773675441742	65.000000000000	0.00000000000000
25.520000457764	0.72441601753235	-0.55810189247131	65.000000000000	0.00000000000000
25.530000686646	0.72380721569061	-0.55846595764160	65.000000000000	0.00000000000000
25.540000915527	0.72319644689560	-0.55883038043976	65.000000000000	0.00000000000000
25.549999237061	0.72258418798447	-0.55919468402863	65.000000000000	0.00000000000000
25.559999465942	0.72197073698044	-0.55955821275711	65.000000000000	0.00000000000000
25.569999694824	0.72135543823242	-0.55992203950882	65.000000000000	0.00000000000000
25.579999923706	0.72073888778687	-0.56028544902802	65.000000000000	0.00000000000000
25.590000152588	0.72012090682983	-0.56064838171005	65.000000000000	0.00000000000000
25.600000381470	0.71950125694275	-0.56101119518280	65.000000000000	0.00000000000000
25.610000610352	0.71888029575348	-0.56137353181839	65.000000000000	0.00000000000000
25.620000839233	0.71825760602951	-0.56173580884933	65.000000000000	0.00000000000000
25.629999160767	0.71763372421265	-0.56209766864777	65.000000000000	0.00000000000000
25.639999389648	0.71700811386108	-0.56245934963226	65.000000000000	0.00000000000000
25.649999618530	0.71638089418411	-0.56282085180283	65.000000000000	0.00000000000000
25.659999847412	0.71575248241425	-0.56318151950836	65.000000000000	0.00000000000000
25.670000076294	0.71512252092361	-0.56354212760925	65.000000000000	0.00000000000000
25.680000305176	0.71449059247971	-0.56390291452408	65.000000000000	0.00000000000000
25.690000534058	0.71385759115219	-0.56426280736923	65.000000000000	0.00000000000000
25.700000762939	0.71322292089462	-0.56462258100510	65.000000000000	0.00000000000000
25.709999084473	0.71258658170700	-0.56498217582703	65.000000000000	0.00000000000000
25.719999313354	0.71194916963577	-0.56534087657928	65.000000000000	0.00000000000000
25.729999542236	0.71130985021591	-0.56569975614548	65.000000000000	0.00000000000000
25.739999771118	0.71066933870316	-0.56605780124664	65.000000000000	0.00000000000000
25.750000000000	0.71002668142319	-0.56641626358032	65.000000000000	0.00000000000000
25.760000228882	0.70938283205032	-0.56677389144897	65.000000000000	0.00000000000000
25.770000457764	0.70873731374741	-0.56713134050369	65.000000000000	0.00000000000000
25.780000686646	0.70809048414230	-0.56748813390732	65.000000000000	0.00000000000000
25.790000915527	0.70744192600250	-0.56784480810165	65.000000000000	0.00000000000000
25.799999237061	0.70679169893265	-0.56820100545883	65.000000000000	0.00000000000000
25.809999465942	0.70614004135132	-0.56855690479279	65.000000000000	0.00000000000000
25.819999694824	0.70548689365387	-0.56891232728958	65.000000000000	0.00000000000000
25.829999923706	0.70483207702637	-0.56926751136780	65.000000000000	0.00000000000000
25.840000152588	0.70417577028275	-0.56962221860886	65.000000000000	0.00000000000000
25.850000381470	0.70351785421371	-0.56997644901276	65.000000000000	0.00000000000000
25.860000610352	0.70285826921463	-0.57033032178879	65.000000000000	0.00000000000000
25.870000839233	0.70219725370407	-0.57068389654160	65.000000000000	0.00000000000000
25.879999160767	0.70153450965881	-0.57103693485260	65.000000000000	0.00000000000000
25.889999389648	0.70087021589279	-0.57138967514038	65.000000000000	0.00000000000000
25.899999618530	0.70020449161530	-0.57174181938171	65.000000000000	0.00000000000000
25.909999847412	0.69953703880310	-0.57209366559982	65.000000000000	0.00000000000000
25.920000076294	0.69886785745621	-0.57244497537613	65.000000000000	0.00000000000000
25.930000305176	0.69819730520248	-0.57279598712921	65.000000000000	0.00000000000000
25.940000534058	0.69752508401871	-0.57314646244049	65.000000000000	0.00000000000000
25.950000762939	0.69685119390488	-0.57349646091461	65.000000000000	0.00000000000000
25.959999084473	0.69617575407028	-0.57384604215622	65.000000000000	0.00000000000000
25.969999313354	0.69549864530563	-0.57419520616531	65.000000000000	0.00000000000000
25.979999542236	0.69481992721558	-0.57454377412796	65.000000000000	0.00000000000000
25.989999771118	0.69413971900940	-0.57489204406738	65.000000000000	0.00000000000000
26.000000000000	0.69345766305923	-0.57523971796036	65.000000000000	0.00000000000000
26.010000228882	0.69277423620224	-0.57558691501617	65.000000000000	0.00000000000000
26.020000457764	0.69208902120590	-0.57593363523483	65.000000000000	0.00000000000000
26.030000686646	0.69140213727951	-0.57627981901169	65.000000000000	0.00000000000000
26.040000915527	0.69071388244629	-0.57662564516068	65.000000000000	0.00000000000000
26.049999237061	0.69002383947372	-0.57697081565857	65.000000000000	0.00000000000000
26.059999465942	0.68933194875717	-0.57731550931931	65.000000000000	0.00000000000000
26.069999694824	0.68863874673843	-0.57765972614288	65.000000000000	0.00000000000000
26.079999923706	0.68794375658035	-0.57800340652466	65.000000000000	0.00000000000000
26.090000152588	0.68724703788757	-0.57834655046463	65.000000000000	0.00000000000000
26.100000381470	0.68654882907867	-0.57868909835815	65.000000000000	0.00000000000000
26.110000610352	0.68584895133972	-0.57903116941452	65.000000000000	0.00000000000000
26.120000839233	0.68514728546143	-0.57937270402908	65.000000000000	0.00000000000000
26.129999160767	0.68444401025772	-0.57971370220184	65.000000000000	0.00000000000000
26.139999389648	0.68373912572861	-0.58005410432816	65.000000000000	0.00000000000000
26.149999618530	0.68303269147873	-0.58039391040802	65.000000000000	0.00000000000000
26.159999847412	0.68232440948486	-0.58073329925537	65.000000000000	0.00000000000000
26.170000076294	0.68161451816559	-0.58107197284698	65.000000000000	0.00000000000000
26.180000305176	0.68090295791626	-0.58141010999680	65.000000000000	0.00000000000000
26.190000534058	0.68018966913223	-0.58174771070480	65.000000000000	0.00000000000000
26.200000762939	0.67947483062744	-0.58208459615707	65.000000000000	0.00000000000000
26.209999084473	0.67875826358795	-0.58242100477219	65.000000000000	0.00000000000000
26.219999313354	0.67804002761841	-0.58275681734085	65.000000000000	0.00000000000000
26.229999542236	0.67732006311417	-0.58309191465378	65.000000000000	0.00000000000000
26.239999771118	0.67659837007523	-0.58342641592026	65.000000000000	0.00000000000000
26.250000000000	0.67587506771088	-0.58376038074493	65.000000000000	0.00000000000000
26.260000228882	0.67515015602112	-0.58409368991852	65.000000000000	0.00000000000000
26.270000457764	0.67442351579666	-0.58442640304565	65.000000000000	0.00000000000000
26.280000686646	0.67369502782822	-0.58475834131241	65.000000000000	0.00000000000000
26.290000915527	0.67296510934830	-0.58508974313736	65.000000000000	0.00000000000000
26.299999237061	0.67223322391510	-0.58542048931122	65.000000000000	0.00000000000000
26.309999465942	0.67149978876114	-0.58575057983398	65.000000000000	0.00000000000000
26.319999694824	0.67076462507248	-0.58608001470566	65.000000000000	0.00000000000000
26.329999923706	0.67002767324448	-0.58640873432159	65.000000000000	0.00000000000000
26.340000152588	0.66928911209106	-0.58673685789108	65.000000000000	0.00000000000000
26.350000381470	0.66854894161224	-0.58706420660019	65.000000000000	0.00000000000000
26.360000610352	0.66780686378479	-0.58739089965820	65.000000000000	0.00000000000000
26.370000839233	0.66706311702728	-0.58771687746048	65.000000000000	0.00000000000000
26.379999160767	0.66631758213043	-0.58804231882095	65.000000000000	0.00000000000000
26.389999389648	0.66557043790817	-0.58836686611176	65.000000000000	0.00000000000000
26.399999618530	0.66482162475586	-0.58869075775146	65.000000000000	0.00000000000000
26.409999847412	0.66407108306885	-0.58901399374008	65.000000000000	0.00000000000000
26.420000076294	0.66331881284714	-0.58933651447296	65.000000000000	0.00000000000000
26.430000305176	0.66256469488144	-0.58965820074081	65.000000000000	0.00000000000000
26.440000534058	0.66180878877640	-0.58997923135757	65.000000000000	0.00000000000000
26.450000762939	0.66105127334595	-0.59029948711395	65.000000000000	0.00000000000000
26.459999084473	0.66029202938080	-0.59061908721924	65.000000000000	0.00000000000000
26.469999313354	0.65953111648560	-0.59093785285950	65.000000000000	0.00000000000000
26.479999542236	0.65876835584641	-0.59125584363937	65.000000000000	0.00000000000000
26.489999771118	0.65800386667252	-0.59157311916351	65.000000000000	0.00000000000000
26.500000000000	0.65723764896393	-0.59188956022263	65.000000000000	0.00000000000000
26.510000228882	0.65646976232529	-0.59220522642136	65.000000000000	0.00000000000000
26.520000457764	0.65570014715195	-0.59252017736435	65.000000000000	0.00000000000000
26.530000686646	0.65492862462997	-0.59283429384232	65.000000000000	0.00000000000000
26.540000915527	0.65415537357330	-0.59314769506454	65.000000000000	0.00000000000000
26.549999237061	0.65338039398193	-0.59346020221710	65.000000000000	0.00000000000000
26.559999465942	0.65260374546051	-0.59377187490463	65.000000000000	0.00000000000000
26.569999694824	0.65182518959045	-0.59408283233643	65.000000000000	0.00000000000000
26.579999923706	0.65104508399963	-0.59439295530319	65.000000000000	0.00000000000000
26.590000152588	0.65026307106018	-0.59470224380493	65.000000000000	0.00000000000000
26.600000381470	0.64947921037674	-0.59501063823700	65.000000000000	0.00000000000000
26.610000610352	0.64869374036789	-0.59531819820404	65.000000000000	0.00000000000000
26.620000839233	0.64790642261505	-0.59562492370605	65.000000000000	0.00000000000000
26.629999160767	0.64711731672287	-0.59593081474304	65.000000000000	0.00000000000000
26.639999389648	0.64632660150528	-0.59623587131500	65.000000000000	0.00000000000000
26.649999618530	0.64553403854370	-0.59653997421265	65.000000000000	0.00000000000000
26.659999847412	0.64473962783813	-0.59684324264526	65.000000000000	0.00000000000000
26.670000076294	0.64394348859787	-0.59714567661285	65.000000000000	0.00000000000000
26.680000305176	0.64314550161362	-0.59744721651077	65.000000000000	0.00000000000000
26.690000534058	0.64234578609467	-0.59774786233902	65.000000000000	0.00000000000000
26.700000762939	0.64154434204102	-0.59804755449295	65.000000000000	0.00000000000000
26.709999084473	0.64074110984802	-0.59834641218185	65.000000000000	0.00000000000000
26.719999313354	0.63993602991104	-0.59864425659180	65.000000000000	0.00000000000000
26.729999542236	0.63912916183472	-0.59894126653671	65.000000000000	0.00000000000000
26.739999771118	0.63832050561905	-0.59923732280731	65.000000000000	0.00000000000000
26.750000000000	0.63751006126404	-0.59953242540359	65.000000000000	0.00000000000000
26.760000228882	0.63669776916504	-0.59982663393021	65.000000000000	0.00000000000000
26.770000457764	0.63588368892670	-0.60011988878250	65.000000000000	0.00000000000000
26.780000686646	0.63506788015366	-0.60041218996048	65.000000000000	0.00000000000000
26.790000915527	0.63425028324127	-0.60070347785950	65.000000000000	0.00000000000000
26.799999237061	0.63343083858490	-0.60099387168884	65.000000000000	0.00000000000000
26.809999465942	0.63260960578918	-0.60128325223923	65.000000000000	0.00000000000000
26.819999694824	0.63178658485413	-0.60157167911530	65.000000000000	0.00000000000000
26.829999923706	0.63096159696579	-0.60185903310776	65.000000000000	0.00000000000000
26.840000152588	0.63013499975204	-0.60214549303055	65.000000000000	0.00000000000000
26.850000381470	0.62930655479431	-0.60243099927902	65.000000000000	0.00000000000000
26.860000610352	0.62847626209259	-0.60271537303925	65.000000000000	0.00000000000000
26.870000839233	0.62764424085617	-0.60299867391586	65.000000000000	0.00000000000000
26.879999160767	0.62681037187576	-0.60328108072281	65.000000000000	0.00000000000000
26.889999389648	0.62597465515137	-0.60356247425079	65.000000000000	0.00000000000000
26.899999618530	0.62513691186905	-0.60384273529053	65.000000000000	0.00000000000000
26.909999847412	0.62429761886597	-0.60412198305130	65.000000000000	0.00000000000000
26.920000076294	0.62345647811890	-0.60440027713776	65.000000000000	0.00000000000000
26.930000305176	0.62261343002319	-0.60467743873596	65.000000000000	0.00000000000000
26.940000534058	0.62176865339279	-0.60495352745056	65.000000000000	0.00000000000000
26.950000762939	0.62092196941376	-0.60522854328156	65.000000000000	0.00000000000000
26.959999084473	0.62007337808609	-0.60550248622894	65.000000000000	0.00000000000000
26.969999313354	0.61922305822372	-0.60577535629272	65.000000000000	0.00000000000000
26.979999542236	0.61837089061737	-0.60604709386826	65.000000000000	0.00000000000000
26.989999771118	0.61751681566238	-0.60631775856018	65.000000000000	0.00000000000000
27.000000000000	0.61666101217270	-0.60658729076385	65.000000000000	0.00000000000000
27.010000228882	0.61580342054367	-0.60685575008392	65.000000000000	0.00000000000000
27.020000457764	0.61494398117065	-0.60712307691574	65.000000000000	0.00000000000000
27.030000686646	0.61408269405365	-0.60738921165466	65.000000000000	0.00000000000000
27.040000915527	0.61321932077408	-0.60765427350998	65.000000000000	0.00000000000000
27.049999237061	0.61235439777374	-0.60791820287704	65.000000000000	0.00000000000000
27.059999465942	0.61148750782013	-0.60818094015121	65.000000000000	0.00000000000000
27.069999694824	0.61061882972717	-0.60844248533249	65.000000000000	0.00000000000000
27.079999923706	0.60974818468094	-0.60870295763016	65.000000000000	0.00000000000000
27.090000152588	0.60887575149536	-0.60896217823029	65.000000000000	0.00000000000000
27.100000381470	0.60800147056580	-0.60922026634216	65.000000000000	0.00000000000000
27.110000610352	0.60712534189224	-0.60947710275650	65.000000000000	0.00000000000000
27.120000839233	0.60624748468399	-0.60973280668259	65.000000000000	0.00000000000000
27.129999160767	0.60536754131317	-0.60998725891113	65.000000000000	0.00000000000000
27.139999389648	0.60448586940765	-0.61024051904678	65.000000000000	0.00000000000000
27.149999618530	0.60360234975815	-0.61049246788025	65.000000000000	0.00000000000000
27.159999847412	0.60271692276001	-0.61074334383011	65.000000000000	0.00000000000000
27.170000076294	0.60182976722717	-0.61099284887314	65.000000000000	0.00000000000000
27.180000305176	0.60094052553177	-0.61124122142792	65.000000000000	0.00000000000000
27.190000534058	0.60004961490631	-0.61148822307587	65.000000000000	0.00000000000000
27.200000762939	0.59915673732758	-0.61173403263092	65.000000000000	0.00000000000000
27.209999084473	0.59826201200485	-0.61197859048843	65.000000000000	0.00000000000000
27.219999313354	0.59736543893814	-0.61222183704376	65.000000000000	0.00000000000000
27.229999542236	0.59646695852280	-0.61246377229691	65.000000000000	0.00000000000000
27.239999771118	0.59556668996811	-0.61270451545715	65.000000000000	0.00000000000000
27.250000000000	0.59466445446014	-0.61294388771057	65.000000000000	0.00000000000000
27.260000228882	0.59376043081284	-0.61318200826645	65.000000000000	0.00000000000000
27.270000457764	0.59285444021225	-0.61341875791550	65.000000000000	0.00000000000000
27.280000686646	0.59194672107697	-0.61365407705307	65.000000000000	0.00000000000000
27.290000915527	0.59103697538376	-0.61388826370239	65.000000000000	0.00000000000000
27.299999237061	0.59012538194656	-0.61412101984024	65.000000000000	0.00000000000000
27.309999465942	0.58921205997467	-0.61435240507126	65.000000000000	0.00000000000000
27.319999694824	0.58829665184021	-0.61458235979080	65.000000000000	0.00000000000000
27.329999923706	0.58737939596176	-0.61481112241745	65.000000000000	0.00000000000000
27.340000152588	0.58646041154861	-0.61503839492798	65.000000000000	0.00000000000000
27.350000381470	0.58553951978683	-0.61526429653168	65.000000000000	0.00000000000000
27.360000610352	0.58461666107178	-0.61548888683319	65.000000000000	0.00000000000000
27.370000839233	0.58369177579880	-0.61571192741394	65.000000000000	0.00000000000000
27.379999160767	0.58276534080505	-0.61593371629715	65.000000000000	0.00000000000000
27.389999389648	0.58183676004410	-0.61615401506424	65.000000000000	0.00000000000000
27.399999618530	0.58090639114380	-0.61637288331985	65.000000000000	0.00000000000000
27.409999847412	0.57997417449951	-0.61659032106400	65.000000000000	0.00000000000000
27.420000076294	0.57903987169266	-0.61680626869202	65.000000000000	0.00000000000000
27.430000305176	0.57810395956039	-0.61702090501785	65.000000000000	0.00000000000000
27.440000534058	0.57716596126556	-0.61723393201828	65.000000000000	0.00000000000000
27.450000762939	0.57622629404068	-0.61744558811188	65.000000000000	0.00000000000000
27.459999084473	0.57528448104858	-0.61765569448471	65.000000000000	0.00000000000000
27.469999313354	0.57434093952179	-0.61786437034607	65.000000000000	0.00000000000000
27.479999542236	0.57339543104172	-0.61807155609131	65.000000000000	0.00000000000000
27.489999771118	0.57244813442230	-0.61827713251114	65.000000000000	0.00000000000000
27.500000000000	0.57149869203568	-0.61848133802414	65.000000000000	0.00000000000000
27.510000228882	0.57054746150970	-0.61868393421173	65.000000000000	0.00000000000000
27.520000457764	0.56959450244904	-0.61888498067856	65.000000000000	0.00000000000000
27.530000686646	0.56863945722580	-0.61908459663391	65.000000000000	0.00000000000000
27.540000915527	0.56768274307251	-0.61928248405457	65.000000000000	0.00000000000000
27.549999237061	0.56672400236130	-0.61947900056839	65.000000000000	0.00000000000000
27.559999465942	0.56576323509216	-0.61967384815216	65.000000000000	0.00000000000000
27.569999694824	0.56480067968369	-0.61986714601517	65.000000000000	0.00000000000000
27.579999923706	0.56383621692657	-0.62005883455276	65.000000000000	0.00000000000000
27.590000152588	0.56286984682083	-0.62024891376495	65.000000000000	0.00000000000000
27.600000381470	0.56190168857574	-0.62043744325638	65.000000000000	0.00000000000000
27.610000610352	0.56093156337738	-0.62062430381775	65.000000000000	0.00000000000000
27.620000839233	0.55995941162109	-0.62080961465836	65.000000000000	0.00000000000000
27.629999160767	0.55898547172546	-0.62099331617355	65.000000000000	0.00000000000000
27.639999389648	0.55800968408585	-0.62117522954941	65.000000000000	0.00000000000000
27.649999618530	0.55703192949295	-0.62135559320450	65.000000000000	0.00000000000000
27.659999847412	0.55605220794678	-0.62153428792953	65.000000000000	0.00000000000000
27.670000076294	0.55507069826126	-0.62171125411987	65.000000000000	0.00000000000000
27.680000305176	0.55408728122711	-0.62188649177551	65.000000000000	0.00000000000000
27.690000534058	0.55310177803040	-0.62206023931503	65.000000000000	0.00000000000000
27.700000762939	0.55211466550827	-0.62223213911057	65.000000000000	0.00000000000000
27.709999084473	0.55112552642822	-0.62240236997604	65.000000000000	0.00000000000000
27.719999313354	0.55013442039490	-0.62257087230682	65.000000000000	0.00000000000000
27.729999542236	0.54914140701294	-0.62273770570755	65.000000000000	0.00000000000000
27.739999771118	0.54814672470093	-0.62290275096893	65.000000000000	0.00000000000000
27.750000000000	0.54714989662170	-0.62306600809097	65.000000000000	0.00000000000000
27.760000228882	0.54615128040314	-0.62322753667831	65.000000000000	0.00000000000000
27.770000457764	0.54515069723129	-0.62338727712631	65.000000000000	0.00000000000000
27.780000686646	0.54414814710617	-0.62354528903961	65.000000000000	0.00000000000000
27.790000915527	0.54314386844635	-0.62370145320892	65.000000000000	0.00000000000000
27.799999237061	0.54213774204254	-0.62385582923889	65.000000000000	0.00000000000000
27.809999465942	0.54112946987152	-0.62400841712952	65.000000000000	0.00000000000000
27.819999694824	0.54011946916580	-0.62415915727615	65.000000000000	0.00000000000000
27.829999923706	0.53910732269287	-0.62430822849274	65.000000000000	0.00000000000000
27.840000152588	0.53809356689453	-0.62445521354675	65.000000000000	0.00000000000000
27.850000381470	0.53707778453827	-0.62460052967072	65.000000000000	0.00000000000000
27.860000610352	0.53606027364731	-0.62474387884140	65.000000000000	0.00000000000000
27.870000839233	0.53504073619843	-0.62488543987274	65.000000000000	0.00000000000000
27.879999160767	0.53401929140091	-0.62502509355545	65.000000000000	0.00000000000000
27.889999389648	0.53299587965012	-0.62516283988953	65.000000000000	0.00000000000000
27.899999618530	0.53197062015533	-0.62529867887497	65.000000000000	0.00000000000000
27.909999847412	0.53094351291656	-0.62543267011642	65.000000000000	0.00000000000000
27.920000076294	0.52991461753845	-0.62556469440460	65.000000000000	0.00000000000000
27.930000305176	0.52888369560242	-0.62569469213486	65.000000000000	0.00000000000000
27.940000534058	0.52785086631775	-0.62582284212112	65.000000000000	0.00000000000000
27.950000762939	0.52681618928909	-0.62594908475876	65.000000000000	0.00000000000000
27.959999084473	0.52577966451645	-0.62607330083847	65.000000000000	0.00000000000000
27.969999313354	0.52474117279053	-0.62619554996490	65.000000000000	0.00000000000000
27.979999542236	0.52370071411133	-0.62631577253342	65.000000000000	0.00000000000000
27.989999771118	0.52265858650208	-0.62643402814865	65.000000000000	0.00000000000000
28.000000000000	0.52161443233490	-0.62655025720596	65.000000000000	0.00000000000000
28.010000228882	0.52056843042374	-0.62666445970535	65.000000000000	0.00000000000000
28.020000457764	0.51952064037323	-0.62677669525146	65.000000000000	0.00000000000000
28.030000686646	0.51847094297409	-0.62688690423965	65.000000000000	0.00000000000000
28.040000915527	0.51741927862167	-0.62699496746063	65.000000000000	0.00000000000000
28.049999237061	0.51636576652527	-0.62710106372833	65.000000000000	0.00000000000000
28.059999465942	0.51531040668488	-0.62720507383347	65.000000000000	0.00000000000000
28.069999694824	0.51425307989120	-0.62730693817139	65.000000000000	0.00000000000000
28.079999923706	0.51319390535355	-0.62740677595139	65.000000000000	0.00000000000000
28.090000152588	0.51213294267654	-0.62750446796417	65.000000000000	0.00000000000000
28.100000381470	0.51107013225555	-0.62760001420975	65.000000000000	0.00000000000000
28.110000610352	0.51000535488129	-0.62769347429276	65.000000000000	0.00000000000000
28.120000839233	0.50893855094910	-0.62778478860855	65.000000000000	0.00000000000000
28.129999160767	0.50787019729614	-0.62787389755249	65.000000000000	0.00000000000000
28.139999389648	0.50679975748062	-0.62796097993851	65.000000000000	0.00000000000000
28.149999618530	0.50572758913040	-0.62804579734802	65.000000000000	0.00000000000000
28.159999847412	0.50465363264084	-0.62812840938568	65.000000000000	0.00000000000000
28.170000076294	0.50357770919800	-0.62820887565613	65.000000000000	0.00000000000000
28.180000305176	0.50249999761581	-0.62828707695007	65.000000000000	0.00000000000000
28.190000534058	0.50142025947571	-0.62836307287216	65.000000000000	0.00000000000000
28.200000762939	0.50033897161484	-0.62843680381775	65.000000000000	0.00000000000000
28.209999084473	0.49925559759140	-0.62850838899612	65.000000000000	0.00000000000000
28.219999313354	0.49817019701004	-0.62857782840729	65.000000000000	0.00000000000000
28.229999542236	0.49708324670792	-0.62864476442337	65.000000000000	0.00000000000000
28.239999771118	0.49599465727806	-0.62870931625366	65.000000000000	0.00000000000000
28.250000000000	0.49490389227867	-0.62877190113068	65.000000000000	0.00000000000000
28.260000228882	0.49381145834923	-0.62883198261261	65.000000000000	0.00000000000000
28.270000457764	0.49271711707115	-0.62888973951340	65.000000000000	0.00000000000000
28.280000686646	0.49162086844444	-0.62894535064697	65.000000000000	0.00000000000000
28.290000915527	0.49052271246910	-0.62899863719940	65.000000000000	0.00000000000000
28.299999237061	0.48942300677299	-0.62904936075211	65.000000000000	0.00000000000000
28.309999465942	0.48832139372826	-0.62909787893295	65.000000000000	0.00000000000000
28.319999694824	0.48721781373024	-0.62914395332336	65.000000000000	0.00000000000000
28.329999923706	0.48611241579056	-0.62918782234192	65.000000000000	0.00000000000000
28.340000152588	0.48500540852547	-0.62922906875610	65.000000000000	0.00000000000000
28.350000381470	0.48389679193497	-0.62926769256592	65.000000000000	0.00000000000000
28.360000610352	0.48278570175171	-0.62930446863174	65.000000000000	0.00000000000000
28.370000839233	0.48167341947556	-0.62933832406998	65.000000000000	0.00000000000000
28.379999160767	0.48055893182755	-0.62937015295029	65.000000000000	0.00000000000000
28.389999389648	0.47944286465645	-0.62939924001694	65.000000000000	0.00000000000000
28.399999618530	0.47832494974136	-0.62942594289780	65.000000000000	0.00000000000000
28.409999847412	0.47720515727997	-0.62945020198822	65.000000000000	0.00000000000000
28.420000076294	0.47608387470245	-0.62947183847427	65.000000000000	0.00000000000000
28.430000305176	0.47496044635773	-0.62949115037918	65.000000000000	0.00000000000000
28.440000534058	0.47383546829224	-0.62950783967972	65.000000000000	0.00000000000000
28.450000762939	0.47270861268044	-0.62952196598053	65.000000000000	0.00000000000000
28.459999084473	0.47157999873161	-0.62953370809555	65.000000000000	0.00000000000000
28.469999313354	0.47044980525970	-0.62954264879227	65.000000000000	0.00000000000000
28.479999542236	0.46931755542755	-0.62954932451248	65.000000000000	0.00000000000000
28.489999771118	0.46818375587463	-0.62955319881439	65.000000000000	0.00000000000000
28.500000000000	0.46704813838005	-0.62955451011658	65.000000000000	0.00000000000000
28.510000228882	0.46591073274612	-0.62955325841904	65.000000000000	0.00000000000000
28.520000457764	0.46477183699608	-0.62954920530319	65.000000000000	0.00000000000000
28.530000686646	0.46363085508347	-0.62954282760620	65.000000000000	0.00000000000000
28.540000915527	0.46248838305473	-0.62953358888626	65.000000000000	0.00000000000000
28.549999237061	0.46134382486343	-0.62952196598053	65.000000000000	0.00000000000000
28.559999465942	0.46019780635834	-0.62950748205185	65.000000000000	0.00000000000000
28.569999694824	0.45905032753944	-0.62949019670486	65.000000000000	0.00000000000000
28.579999923706	0.45790076255798	-0.62947040796280	65.000000000000	0.00000000000000
28.590000152588	0.45674976706505	-0.62944775819778	65.000000000000	0.00000000000000
28.600000381470	0.45559656620026	-0.62942260503769	65.000000000000	0.00000000000000
28.610000610352	0.45444205403328	-0.62939459085464	65.000000000000	0.00000000000000
28.620000839233	0.45328566431999	-0.62936383485794	65.000000000000	0.00000000000000
28.629999160767	0.45212772488594	-0.62933045625687	65.000000000000	0.00000000000000
28.639999389648	0.45096814632416	-0.62929415702820	65.000000000000	0.00000000000000
28.649999618530	0.44980674982071	-0.62925517559052	65.000000000000	0.00000000000000
28.659999847412	0.44864380359650	-0.62921333312988	65.000000000000	0.00000000000000
28.670000076294	0.44747906923294	-0.62916868925095	65.000000000000	0.00000000000000
28.680000305176	0.44631272554398	-0.62912130355835	65.000000000000	0.00000000000000
28.690000534058	0.44514477252960	-0.62907105684280	65.000000000000	0.00000000000000
28.700000762939	0.44397503137589	-0.62901794910431	65.000000000000	0.00000000000000
28.709999084473	0.44280374050140	-0.62896198034286	65.000000000000	0.00000000000000
28.719999313354	0.44163078069687	-0.62890321016312	65.000000000000	0.00000000000000
28.729999542236	0.44045630097389	-0.62884140014648	65.000000000000	0.00000000000000
28.739999771118	0.43928000330925	-0.62877684831619	65.000000000000	0.00000000000000
28.750000000000	0.43810221552849	-0.62870931625366	65.000000000000	0.00000000000000
28.760000228882	0.43692275881767	-0.62863886356354	65.000000000000	0.00000000000000
28.770000457764	0.43574163317680	-0.62856549024582	65.000000000000	0.00000000000000
28.780000686646	0.43455895781517	-0.62848919630051	65.000000000000	0.00000000000000
28.790000915527	0.43337476253510	-0.62840992212296	65.000000000000	0.00000000000000
28.799999237061	0.43218898773193	-0.62832772731781	65.000000000000	0.00000000000000
28.809999465942	0.43100157380104	-0.62824249267578	65.000000000000	0.00000000000000
28.819999694824	0.42981258034706	-0.62815427780151	65.000000000000	0.00000000000000
28.829999923706	0.42862194776535	-0.62806302309036	65.000000000000	0.00000000000000
28.840000152588	0.42742973566055	-0.62796878814697	65.000000000000	0.00000000000000
28.850000381470	0.42623609304428	-0.62787145376205	65.000000000000	0.00000000000000
28.860000610352	0.42504093050957	-0.62777113914490	65.000000000000	0.00000000000000
28.870000839233	0.42384397983551	-0.62766772508621	65.000000000000	0.00000000000000
28.879999160767	0.42264583706856	-0.62756133079529	65.000000000000	0.00000000000000
28.889999389648	0.42144581675529	-0.62745177745819	65.000000000000	0.00000000000000
28.899999618530	0.42024451494217	-0.62733906507492	65.000000000000	0.00000000000000
28.909999847412	0.41904178261757	-0.62722331285477	65.000000000000	0.00000000000000
28.920000076294	0.41783729195595	-0.62710440158844	65.000000000000	0.00000000000000
28.930000305176	0.41663143038750	-0.62698233127594	65.000000000000	0.00000000000000
28.940000534058	0.41542410850525	-0.62685716152191	65.000000000000	0.00000000000000
28.950000762939	0.41421529650688	-0.62672883272171	65.000000000000	0.00000000000000
28.959999084473	0.41300496459007	-0.62659722566605	65.000000000000	0.00000000000000
28.969999313354	0.41179314255714	-0.62646251916885	65.000000000000	0.00000000000000
28.979999542236	0.41058000922203	-0.62632459402084	65.000000000000	0.00000000000000
28.989999771118	0.40936526656151	-0.62618339061737	65.000000000000	0.00000000000000
29.000000000000	0.40814921259880	-0.62603902816772	65.000000000000	0.00000000000000
29.010000228882	0.40693151950836	-0.62589144706726	65.000000000000	0.00000000000000
29.020000457764	0.40571260452271	-0.62574052810669	65.000000000000	0.00000000000000
29.030000686646	0.40449222922325	-0.62558639049530	65.000000000000	0.00000000000000
29.040000915527	0.40327045321465	-0.62542897462845	65.000000000000	0.00000000000000
29.049999237061	0.40204724669456	-0.62526828050613	65.000000000000	0.00000000000000
29.059999465942	0.40082266926765	-0.62510424852371	65.000000000000	0.00000000000000
29.069999694824	0.39959678053856	-0.62493687868118	65.000000000000	0.00000000000000
29.079999923706	0.39836955070496	-0.62476617097855	65.000000000000	0.00000000000000
29.090000152588	0.39714080095291	-0.62459212541580	65.000000000000	0.00000000000000
29.100000381470	0.39591082930565	-0.62441468238831	65.000000000000	0.00000000000000
29.110000610352	0.39467939734459	-0.62423396110535	65.000000000000	0.00000000000000
29.120000839233	0.39344668388367	-0.62404972314835	65.000000000000	0.00000000000000
29.129999160767	0.39221271872520	-0.62386220693588	65.000000000000	0.00000000000000
29.139999389648	0.39097738265991	-0.62367123365402	65.000000000000	0.00000000000000
29.149999618530	0.38974073529243	-0.62347686290741	65.000000000000	0.00000000000000
29.159999847412	0.38850295543671	-0.62327903509140	65.000000000000	0.00000000000000
29.170000076294	0.38726374506950	-0.62307775020599	65.000000000000	0.00000000000000
29.180000305176	0.38602337241173	-0.62287300825119	65.000000000000	0.00000000000000
29.190000534058	0.38478156924248	-0.62266480922699	65.000000000000	0.00000000000000
29.200000762939	0.38353851437569	-0.62245309352875	65.000000000000	0.00000000000000
29.209999084473	0.38229447603226	-0.62223786115646	65.000000000000	0.00000000000000
29.219999313354	0.38104894757271	-0.62201917171478	65.000000000000	0.00000000000000
29.229999542236	0.37980231642723	-0.62179690599442	65.000000000000	0.00000000000000
29.239999771118	0.37855443358421	-0.62157112360001	65.000000000000	0.00000000000000
29.250000000000	0.37730538845062	-0.62134176492691	65.000000000000	0.00000000000000
29.260000228882	0.37605509161949	-0.62110882997513	65.000000000000	0.00000000000000
29.270000457764	0.37480381131172	-0.62087237834930	65.000000000000	0.00000000000000
29.280000686646	0.37355116009712	-0.62063229084015	65.000000000000	0.00000000000000
29.290000915527	0.37229737639427	-0.62038862705231	65.000000000000	0.00000000000000
29.299999237061	0.37104254961014	-0.62014126777649	65.000000000000	0.00000000000000
29.309999465942	0.36978662014008	-0.61989033222198	65.000000000000	0.00000000000000
29.319999694824	0.36852934956551	-0.61963582038879	65.000000000000	0.00000000000000
29.329999923706	0.36727115511894	-0.61937761306763	65.000000000000	0.00000000000000
29.340000152588	0.36601167917252	-0.61911576986313	65.000000000000	0.00000000000000
29.350000381470	0.36475127935410	-0.61885017156601	65.000000000000	0.00000000000000
29.360000610352	0.36348995566368	-0.61858087778091	65.000000000000	0.00000000000000
29.370000839233	0.36222738027573	-0.61830794811249	65.000000000000	0.00000000000000
29.379999160767	0.36096391081810	-0.61803126335144	65.000000000000	0.00000000000000
29.389999389648	0.35969915986061	-0.61775082349777	65.000000000000	0.00000000000000
29.399999618530	0.35843348503113	-0.61746674776077	65.000000000000	0.00000000000000
29.409999847412	0.35716685652733	-0.61717879772186	65.000000000000	0.00000000000000
29.420000076294	0.35589924454689	-0.61688709259033	65.000000000000	0.00000000000000
29.430000305176	0.35463061928749	-0.61659169197083	65.000000000000	0.00000000000000
29.440000534058	0.35336101055145	-0.61629241704941	65.000000000000	0.00000000000000
29.450000762939	0.35209041833878	-0.61598944664001	65.000000000000	0.00000000000000
29.459999084473	0.35081887245178	-0.61568260192871	65.000000000000	0.00000000000000
29.469999313354	0.34954652190208	-0.61537188291550	65.000000000000	0.00000000000000
29.479999542236	0.34827306866646	-0.61505740880966	65.000000000000	0.00000000000000
29.489999771118	0.34699884057045	-0.61473900079727	65.000000000000	0.00000000000000
29.500000000000	0.34572356939316	-0.61441683769226	65.000000000000	0.00000000000000
29.510000228882	0.34444752335548	-0.61409068107605	65.000000000000	0.00000000000000
29.520000457764	0.34317061305046	-0.61376070976257	65.000000000000	0.00000000000000
29.530000686646	0.34189280867577	-0.61342686414719	65.000000000000	0.00000000000000
29.540000915527	0.34061431884766	-0.61308902502060	65.000000000000	0.00000000000000
29.549999237061	0.33933493494987	-0.61274737119675	65.000000000000	0.00000000000000
29.559999465942	0.33805462718010	-0.61240166425705	65.000000000000	0.00000000000000
29.569999694824	0.33677360415459	-0.61205214262009	65.000000000000	0.00000000000000
29.579999923706	0.33549180626869	-0.61169856786728	65.000000000000	0.00000000000000
29.590000152588	0.33420932292938	-0.61134105920792	65.000000000000	0.00000000000000
29.600000381470	0.33292579650879	-0.61097967624664	65.000000000000	0.00000000000000
29.610000610352	0.33164176344872	-0.61061406135559	65.000000000000	0.00000000000000
29.620000839233	0.33035701513290	-0.61024463176727	65.000000000000	0.00000000000000
29.629999160767	0.32907152175903	-0.60987108945847	65.000000000000	0.00000000000000
29.639999389648	0.32778531312943	-0.60949361324310	65.000000000000	0.00000000000000
29.649999618530	0.32649832963943	-0.60911196470261	65.000000000000	0.00000000000000
29.659999847412	0.32521086931229	-0.60872638225555	65.000000000000	0.00000000000000
29.670000076294	0.32392272353172	-0.60833680629730	65.000000000000	0.00000000000000
29.680000305176	0.32263386249542	-0.60794299840927	65.000000000000	0.00000000000000
29.690000534058	0.32134440541267	-0.60754519701004	65.000000000000	0.00000000000000
29.700000762939	0.32005444169044	-0.60714328289032	65.000000000000	0.00000000000000
29.709999084473	0.31876367330551	-0.60673719644547	65.000000000000	0.00000000000000
29.719999313354	0.31747245788574	-0.60632711648941	65.000000000000	0.00000000000000
29.729999542236	0.31618067622185	-0.60591286420822	65.000000000000	0.00000000000000
29.739999771118	0.31488841772079	-0.60549443960190	65.000000000000	0.00000000000000
29.750000000000	0.31359550356865	-0.60507190227509	65.000000000000	0.00000000000000
29.760000228882	0.31230217218399	-0.60464519262314	65.000000000000	0.00000000000000
29.770000457764	0.31100830435753	-0.60421431064606	65.000000000000	0.00000000000000
29.780000686646	0.30971404910088	-0.60377925634384	65.000000000000	0.00000000000000
29.790000915527	0.30841928720474	-0.60334002971649	65.000000000000	0.00000000000000
29.799999237061	0.30712404847145	-0.60289663076401	65.000000000000	0.00000000000000
29.809999465942	0.30582839250565	-0.60244899988174	65.000000000000	0.00000000000000
29.819999694824	0.30453220009804	-0.60199707746506	65.000000000000	0.00000000000000
29.829999923706	0.30323588848114	-0.60154098272324	65.000000000000	0.00000000000000
29.840000152588	0.30193901062012	-0.60108065605164	65.000000000000	0.00000000000000
29.850000381470	0.30064171552658	-0.60061609745026	65.000000000000	0.00000000000000
29.860000610352	0.29934418201447	-0.60014724731445	65.000000000000	0.00000000000000
29.870000839233	0.29804643988609	-0.59967410564423	65.000000000000	0.00000000000000
29.879999160767	0.29674828052521	-0.59919673204422	65.000000000000	0.00000000000000
29.889999389648	0.29544970393181	-0.59871506690979	65.000000000000	0.00000000000000
29.899999618530	0.29415103793144	-0.59822905063629	65.000000000000	0.00000000000000
29.909999847412	0.29285204410553	-0.59773874282837	65.000000000000	0.00000000000000
29.920000076294	0.29155278205872	-0.59724408388138	65.000000000000	0.00000000000000
29.930000305176	0.29025325179100	-0.59674519300461	65.000000000000	0.00000000000000
29.940000534058	0.28895375132561	-0.59624189138412	65.000000000000	0.00000000000000
29.950000762939	0.28765383362770	-0.59573423862457	65.000000000000	0.00000000000000
29.959999084473	0.28635370731354	-0.59522223472595	65.000000000000	0.00000000000000
29.969999313354	0.28505378961563	-0.59470587968826	65.000000000000	0.00000000000000
29.979999542236	0.28375342488289	-0.59418523311615	65.000000000000	0.00000000000000
29.989999771118	0.28245297074318	-0.59366005659103	65.000000000000	0.00000000000000
30.000000000000	0.28115239739418	-0.59313052892685	65.000000000000	0.00000000000000
30.010000228882	0.27985179424286	-0.59259665012360	65.000000000000	0.00000000000000
30.020000457764	0.27855136990547	-0.59205824136734	65.000000000000	0.00000000000000
30.030000686646	0.27725052833557	-0.59151554107666	65.000000000000	0.00000000000000
30.040000915527	0.27594989538193	-0.59096843004227	65.000000000000	0.00000000000000
30.049999237061	0.27464920282364	-0.59041678905487	65.000000000000	0.00000000000000
30.059999465942	0.27334845066071	-0.58986073732376	65.000000000000	0.00000000000000
30.069999694824	0.27204793691635	-0.58930021524429	65.000000000000	0.00000000000000
30.079999923706	0.27074739336967	-0.58873522281647	65.000000000000	0.00000000000000
30.090000152588	0.26944687962532	-0.58816581964493	65.000000000000	0.00000000000000
30.100000381470	0.26814633607864	-0.58759188652039	65.000000000000	0.00000000000000
30.110000610352	0.26684612035751	-0.58701348304749	65.000000000000	0.00000000000000
30.120000839233	0.26554596424103	-0.58643054962158	65.000000000000	0.00000000000000
30.129999160767	0.26424586772919	-0.58584314584732	65.000000000000	0.00000000000000
30.139999389648	0.26294615864754	-0.58525121212006	65.000000000000	0.00000000000000
30.149999618530	0.26164638996124	-0.58465486764908	65.000000000000	0.00000000000000
30.159999847412	0.26034703850746	-0.58405387401581	65.000000000000	0.00000000000000
30.170000076294	0.25904786586761	-0.58344841003418	65.000000000000	0.00000000000000
30.180000305176	0.25774881243706	-0.58283841609955	65.000000000000	0.00000000000000
30.190000534058	0.25645023584366	-0.58222383260727	65.000000000000	0.00000000000000
30.200000762939	0.25515183806419	-0.58160471916199	65.000000000000	0.00000000000000
30.209999084473	0.25385379791260	-0.58098101615906	65.000000000000	0.00000000000000
30.219999313354	0.25255599617958	-0.58035272359848	65.000000000000	0.00000000000000
30.229999542236	0.25125873088837	-0.57971990108490	65.000000000000	0.00000000000000
30.239999771118	0.24996171891689	-0.57908248901367	65.000000000000	0.00000000000000
30.250000000000	0.24866504967213	-0.57844048738480	65.000000000000	0.00000000000000
30.260000228882	0.24736891686916	-0.57779389619827	65.000000000000	0.00000000000000
30.270000457764	0.24607312679291	-0.57714271545410	65.000000000000	0.00000000000000
30.280000686646	0.24477797746658	-0.57648688554764	65.000000000000	0.00000000000000
30.290000915527	0.24348303675652	-0.57582646608353	65.000000000000	0.00000000000000
30.299999237061	0.24218879640102	-0.57516145706177	65.000000000000	0.00000000000000
30.309999465942	0.24089506268501	-0.57449173927307	65.000000000000	0.00000000000000
30.319999694824	0.23960179090500	-0.57381749153137	65.000000000000	0.00000000000000
30.329999923706	0.23830920457840	-0.57313853502274	65.000000000000	0.00000000000000
30.340000152588	0.23701712489128	-0.57245492935181	65.000000000000	0.00000000000000
30.350000381470	0.23572550714016	-0.57176679372787	65.000000000000	0.00000000000000
30.360000610352	0.23443467915058	-0.57107388973236	65.000000000000	0.00000000000000
30.370000839233	0.23314462602139	-0.57037627696991	65.000000000000	0.00000000000000
30.379999160767	0.23185500502586	-0.56967413425446	65.000000000000	0.00000000000000
30.389999389648	0.23056620359421	-0.56896728277206	65.000000000000	0.00000000000000
30.399999618530	0.22927814722061	-0.56825572252274	65.000000000000	0.00000000000000
30.409999847412	0.22799068689346	-0.56753951311111	65.000000000000	0.00000000000000
30.420000076294	0.22670410573483	-0.56681859493256	65.000000000000	0.00000000000000
30.430000305176	0.22541818022728	-0.56609302759171	65.000000000000	0.00000000000000
30.440000534058	0.22413320839405	-0.56536275148392	65.000000000000	0.00000000000000
30.450000762939	0.22284890711308	-0.56462770700455	65.000000000000	0.00000000000000
30.459999084473	0.22156558930874	-0.56388807296753	65.000000000000	0.00000000000000
30.469999313354	0.22028313577175	-0.56314367055893	65.000000000000	0.00000000000000
30.479999542236	0.21900166571140	-0.56239449977875	65.000000000000	0.00000000000000
30.489999771118	0.21772086620331	-0.56164073944092	65.000000000000	0.00000000000000
30.500000000000	0.21644112467766	-0.56088227033615	65.000000000000	0.00000000000000
30.510000228882	0.21516244113445	-0.56011897325516	65.000000000000	0.00000000000000
30.520000457764	0.21388460695744	-0.55935102701187	65.000000000000	0.00000000000000
30.530000686646	0.21260786056519	-0.55857831239700	65.000000000000	0.00000000000000
30.540000915527	0.21133214235306	-0.55780082941055	65.000000000000	0.00000000000000
30.549999237061	0.21005746722221	-0.55701869726181	65.000000000000	0.00000000000000
30.559999465942	0.20878379046917	-0.55623179674149	65.000000000000	0.00000000000000
30.569999694824	0.20751121640205	-0.55544018745422	65.000000000000	0.00000000000000
30.579999923706	0.20623999834061	-0.55464375019073	65.000000000000	0.00000000000000
30.590000152588	0.20496973395348	-0.55384266376495	65.000000000000	0.00000000000000
30.600000381470	0.20370061695576	-0.55303674936295	65.000000000000	0.00000000000000
30.610000610352	0.20243278145790	-0.55222612619400	65.000000000000	0.00000000000000
30.620000839233	0.20116612315178	-0.55141079425812	65.000000000000	0.00000000000000
30.629999160767	0.19990076124668	-0.55059057474136	65.000000000000	0.00000000000000
30.639999389648	0.19863665103912	-0.54976570606232	65.000000000000	0.00000000000000
30.649999618530	0.19737361371517	-0.54893606901169	65.000000000000	0.00000000000000
30.659999847412	0.19611224532127	-0.54810166358948	65.000000000000	0.00000000000000
30.670000076294	0.19485200941563	-0.54726248979568	65.000000000000	0.00000000000000
30.680000305176	0.19359308481216	-0.54641854763031	65.000000000000	0.00000000000000
30.690000534058	0.19233560562134	-0.54556983709335	65.000000000000	0.00000000000000
30.700000762939	0.19107946753502	-0.54471647739410	65.000000000000	0.00000000000000
30.709999084473	0.18982483446598	-0.54385823011398	65.000000000000	0.00000000000000
30.719999313354	0.18857172131538	-0.54299527406693	65.000000000000	0.00000000000000
30.729999542236	0.18732009828091	-0.54212743043900	65.000000000000	0.00000000000000
30.739999771118	0.18606981635094	-0.54125493764877	65.000000000000	0.00000000000000
30.750000000000	0.18482109904289	-0.54037767648697	65.000000000000	0.00000000000000
30.760000228882	0.18357399106026	-0.53949564695358	65.000000000000	0.00000000000000
30.770000457764	0.18232849240303	-0.53860884904861	65.000000000000	0.00000000000000
30.780000686646	0.18108449876308	-0.53771722316742	65.000000000000	0.00000000000000
30.790000915527	0.17984220385551	-0.53682088851929	65.000000000000	0.00000000000000
30.799999237061	0.17860142886639	-0.53591972589493	65.000000000000	0.00000000000000
30.809999465942	0.17736238241196	-0.53501385450363	65.000000000000	0.00000000000000
30.819999694824	0.17612507939339	-0.53410321474075	65.000000000000	0.00000000000000
30.829999923706	0.17488950490952	-0.53318774700165	65.000000000000	0.00000000000000
30.840000152588	0.17365571856499	-0.53226763010025	65.000000000000	0.00000000000000
30.850000381470	0.17242372035980	-0.53134268522263	65.000000000000	0.00000000000000
30.860000610352	0.17119352519512	-0.53041291236877	65.000000000000	0.00000000000000
30.870000839233	0.16996519267559	-0.52947843074799	65.000000000000	0.00000000000000
30.879999160767	0.16873845458031	-0.52853924036026	65.000000000000	0.00000000000000
30.889999389648	0.16751357913017	-0.52759528160095	65.000000000000	0.00000000000000
30.899999618530	0.16629064083099	-0.52664661407471	65.000000000000	0.00000000000000
30.909999847412	0.16506984829903	-0.52569305896759	65.000000000000	0.00000000000000
30.920000076294	0.16385102272034	-0.52473479509354	65.000000000000	0.00000000000000
30.930000305176	0.16263389587402	-0.52377182245255	65.000000000000	0.00000000000000
30.940000534058	0.16141901910305	-0.52280402183533	65.000000000000	0.00000000000000
30.950000762939	0.16020591557026	-0.52183157205582	65.000000000000	0.00000000000000
30.959999084473	0.15899483859539	-0.52085447311401	65.000000000000	0.00000000000000
30.969999313354	0.15778605639935	-0.51987242698669	65.000000000000	0.00000000000000
30.979999542236	0.15657936036587	-0.51888567209244	65.000000000000	0.00000000000000
30.989999771118	0.15537478029728	-0.51789426803589	65.000000000000	0.00000000000000
31.000000000000	0.15417206287384	-0.51689821481705	65.000000000000	0.00000000000000
31.010000228882	0.15297172963619	-0.51589727401733	65.000000000000	0.00000000000000
31.020000457764	0.15177355706692	-0.51489168405533	65.000000000000	0.00000000000000
31.030000686646	0.15057760477066	-0.51388138532639	65.000000000000	0.00000000000000
31.040000915527	0.14938384294510	-0.51286637783051	65.000000000000	0.00000000000000
31.049999237061	0.14819255471230	-0.51184660196304	65.000000000000	0.00000000000000
31.059999465942	0.14700327813625	-0.51082223653793	65.000000000000	0.00000000000000
31.069999694824	0.14581653475761	-0.50979316234589	65.000000000000	0.00000000000000
31.079999923706	0.14463207125664	-0.50875926017761	65.000000000000	0.00000000000000
31.090000152588	0.14344994723797	-0.50772076845169	65.000000000000	0.00000000000000
31.100000381470	0.14227040112019	-0.50667756795883	65.000000000000	0.00000000000000
31.110000610352	0.14109297096729	-0.50562971830368	65.000000000000	0.00000000000000
31.120000839233	0.13991819322109	-0.50457715988159	65.000000000000	0.00000000000000
31.129999160767	0.13874578475952	-0.50351995229721	65.000000000000	0.00000000000000
31.139999389648	0.13757608830929	-0.50245803594589	65.000000000000	0.00000000000000
31.149999618530	0.13640859723091	-0.50139153003693	65.000000000000	0.00000000000000
31.159999847412	0.13524356484413	-0.50032037496567	65.000000000000	0.00000000000000
31.170000076294	0.13408151268959	-0.49924451112747	65.000000000000	0.00000000000000
31.180000305176	0.13292175531387	-0.49816414713860	65.000000000000	0.00000000000000
31.190000534058	0.13176476955414	-0.49707904458046	65.000000000000	0.00000000000000
31.200000762939	0.13061058521271	-0.49598926305771	65.000000000000	0.00000000000000
31.209999084473	0.12945874035358	-0.49489495158195	65.000000000000	0.00000000000000
31.219999313354	0.12830975651741	-0.49379602074623	65.000000000000	0.00000000000000
31.229999542236	0.12716363370419	-0.49269247055054	65.000000000000	0.00000000000000
31.239999771118	0.12602016329765	-0.49158427119255	65.000000000000	0.00000000000000
31.250000000000	0.12487936019897	-0.49047157168388	65.000000000000	0.00000000000000
31.260000228882	0.12374149262905	-0.48935422301292	65.000000000000	0.00000000000000
31.270000457764	0.12260635942221	-0.48823243379593	65.000000000000	0.00000000000000
31.280000686646	0.12147394567728	-0.48710602521896	65.000000000000	0.00000000000000
31.290000915527	0.12034475803375	-0.48597493767738	65.000000000000	0.00000000000000
31.299999237061	0.11921837180853	-0.48483940958977	65.000000000000	0.00000000000000
31.309999465942	0.11809478700161	-0.48369935154915	65.000000000000	0.00000000000000
31.319999694824	0.11697424203157	-0.48255470395088	65.000000000000	0.00000000000000
31.329999923706	0.11585657298565	-0.48140558600426	65.000000000000	0.00000000000000
31.340000152588	0.11474198848009	-0.48025193810463	65.000000000000	0.00000000000000
31.350000381470	0.11363053321838	-0.47909376025200	65.000000000000	0.00000000000000
31.360000610352	0.11252176016569	-0.47793117165565	65.000000000000	0.00000000000000
31.370000839233	0.11141638457775	-0.47676402330399	65.000000000000	0.00000000000000
31.379999160767	0.11031397432089	-0.47559249401093	65.000000000000	0.00000000000000
31.389999389648	0.10921476781368	-0.47441643476486	65.000000000000	0.00000000000000
31.399999618530	0.10811855643988	-0.47323596477509	65.000000000000	0.00000000000000
31.409999847412	0.10702581703663	-0.47205090522766	65.000000000000	0.00000000000000
31.420000076294	0.10593613237143	-0.47086155414581	65.000000000000	0.00000000000000
31.430000305176	0.10484974086285	-0.46966773271561	65.000000000000	0.00000000000000
31.440000534058	0.10376643389463	-0.46846950054169	65.000000000000	0.00000000000000
31.450000762939	0.10268657654524	-0.46726691722870	65.000000000000	0.00000000000000
31.459999084473	0.10160996019840	-0.46605992317200	65.000000000000	0.00000000000000
31.469999313354	0.10053662210703	-0.46484854817390	65.000000000000	0.00000000000000
31.479999542236	0.099466778337955	-0.46363276243210	65.000000000000	0.00000000000000
31.489999771118	0.098400130867958	-0.46241271495819	65.000000000000	0.00000000000000
31.500000000000	0.097337037324905	-0.46118825674057	65.000000000000	0.00000000000000
31.510000228882	0.096277400851250	-0.45995947718620	65.000000000000	0.00000000000000
31.520000457764	0.095221132040024	-0.45872640609741	65.000000000000	0.00000000000000
31.530000686646	0.094168365001678	-0.45748901367188	65.000000000000	0.00000000000000
31.540000915527	0.093118891119957	-0.45624732971191	65.000000000000	0.00000000000000
31.549999237061	0.092073194682598	-0.45500138401985	65.000000000000	0.00000000000000
31.559999465942	0.091031052172184	-0.45375117659569	65.000000000000	0.00000000000000
31.569999694824	0.089992381632328	-0.45249670743942	65.000000000000	0.00000000000000
31.579999923706	0.088957309722900	-0.45123794674873	65.000000000000	0.00000000000000
31.590000152588	0.087925873696804	-0.44997507333755	65.000000000000	0.00000000000000
31.600000381470	0.086898058652878	-0.44870787858963	65.000000000000	0.00000000000000
31.610000610352	0.085874028503895	-0.44743654131889	65.000000000000	0.00000000000000
31.620000839233	0.084853686392307	-0.44616097211838	65.000000000000	0.00000000000000
31.629999160767	0.083837039768696	-0.44488129019737	65.000000000000	0.00000000000000
31.639999389648	0.082824118435383	-0.44359740614891	65.000000000000	0.00000000000000
31.649999618530	0.081814832985401	-0.44230940937996	65.000000000000	0.00000000000000
31.659999847412	0.080809518694878	-0.44101727008820	65.000000000000	0.00000000000000
31.670000076294	0.079807884991169	-0.43972104787827	65.000000000000	0.00000000000000
31.680000305176	0.078810259699821	-0.43842065334320	65.000000000000	0.00000000000000
31.690000534058	0.077816352248192	-0.43711626529694	65.000000000000	0.00000000000000
31.700000762939	0.076826296746731	-0.43580782413483	65.000000000000	0.00000000000000
31.709999084473	0.075840309262276	-0.43449527025223	65.000000000000	0.00000000000000
31.719999313354	0.074858196079731	-0.43317866325378	65.000000000000	0.00000000000000
31.729999542236	0.073880083858967	-0.43185806274414	65.000000000000	0.00000000000000
31.739999771118	0.072905890643597	-0.43053349852562	65.000000000000	0.00000000000000
31.750000000000	0.071935646235943	-0.42920491099358	65.000000000000	0.00000000000000
31.760000228882	0.070969559252262	-0.42787235975266	65.000000000000	0.00000000000000
31.770000457764	0.070007443428040	-0.42653587460518	65.000000000000	0.00000000000000
31.780000686646	0.069049328565598	-0.42519542574883	65.000000000000	0.00000000000000
31.790000915527	0.068095430731773	-0.42385104298592	65.000000000000	0.00000000000000
31.799999237061	0.067145667970181	-0.42250278592110	65.000000000000	0.00000000000000
31.809999465942	0.066199950873852	-0.42115062475204	65.000000000000	0.00000000000000
31.819999694824	0.065258413553238	-0.41979458928108	65.000000000000	0.00000000000000
31.829999923706	0.064321160316467	-0.41843476891518	65.000000000000	0.00000000000000
31.840000152588	0.063388019800186	-0.41707104444504	65.000000000000	0.00000000000000
31.850000381470	0.062459204345942	-0.41570356488228	65.000000000000	0.00000000000000
31.860000610352	0.061534523963928	-0.41433221101761	65.000000000000	0.00000000000000
31.870000839233	0.060614213347435	-0.41295713186264	65.000000000000	0.00000000000000
31.879999160767	0.059698276221752	-0.41157832741737	65.000000000000	0.00000000000000
31.889999389648	0.058786537498236	-0.41019570827484	65.000000000000	0.00000000000000
31.899999618530	0.057879120111465	-0.40880942344666	65.000000000000	0.00000000000000
31.909999847412	0.056976120918989	-0.40741941332817	65.000000000000	0.00000000000000
31.920000076294	0.056077480316162	-0.40602573752403	65.000000000000	0.00000000000000
31.930000305176	0.055183298885822	-0.40462836623192	65.000000000000	0.00000000000000
31.940000534058	0.054293397814035	-0.40322735905647	65.000000000000	0.00000000000000
31.950000762939	0.053408198058605	-0.40182271599770	65.000000000000	0.00000000000000
31.959999084473	0.052527312189341	-0.40041446685791	65.000000000000	0.00000000000000
31.969999313354	0.051650959998369	-0.39900267124176	65.000000000000	0.00000000000000
31.979999542236	0.050779152661562	-0.39758729934692	65.000000000000	0.00000000000000
31.989999771118	0.049911811947823	-0.39616838097572	65.000000000000	0.00000000000000
32.000000000000	0.049049053341150	-0.39474591612816	65.000000000000	0.00000000000000
32.009998321533	0.048190884292126	-0.39331996440887	65.000000000000	0.00000000000000
32.020000457764	0.047337330877781	-0.39189049601555	65.000000000000	0.00000000000000
32.029998779297	0.046488404273987	-0.39045760035515	65.000000000000	0.00000000000000
32.040000915527	0.045644115656614	-0.38902127742767	65.000000000000	0.00000000000000
32.049999237061	0.044804394245148	-0.38758149743080	65.000000000000	0.00000000000000
32.060001373291	0.043969534337521	-0.38613834977150	65.000000000000	0.00000000000000
32.069999694824	0.043139174580574	-0.38469180464745	65.000000000000	0.00000000000000
32.080001831055	0.042313702404499	-0.38324189186096	65.000000000000	0.00000000000000
32.090000152588	0.041492860764265	-0.38178867101669	65.000000000000	0.00000000000000
32.099998474121	0.040676843374968	-0.38033211231232	65.000000000000	0.00000000000000
32.110000610352	0.039865478873253	-0.37887227535248	65.000000000000	0.00000000000000
32.119998931885	0.039059154689312	-0.37740916013718	65.000000000000	0.00000000000000
32.130001068115	0.038257427513599	-0.37594282627106	65.000000000000	0.00000000000000
32.139999389648	0.037460677325726	-0.37447330355644	65.000000000000	0.00000000000000
32.150001525879	0.036668725311756	-0.37300050258636	65.000000000000	0.00000000000000
32.159999847412	0.035881601274014	-0.37152460217476	65.000000000000	0.00000000000000
32.169998168945	0.035099484026432	-0.37004551291466	65.000000000000	0.00000000000000
32.180000305176	0.034322217106819	-0.36856323480606	65.000000000000	0.00000000000000
32.189998626709	0.033549904823303	-0.36707794666290	65.000000000000	0.00000000000000
32.200000762939	0.032782554626465	-0.36558952927589	65.000000000000	0.00000000000000
32.209999084473	0.032020092010498	-0.36409804224968	65.000000000000	0.00000000000000
32.220001220703	0.031262706965208	-0.36260351538658	65.000000000000	0.00000000000000
32.229999542236	0.030510328710079	-0.36110603809357	65.000000000000	0.00000000000000
32.240001678467	0.029762875288725	-0.35960552096367	65.000000000000	0.00000000000000
32.250000000000	0.029020540416241	-0.35810205340385	65.000000000000	0.00000000000000
32.259998321533	0.028283243998885	-0.35659563541412	65.000000000000	0.00000000000000
32.270000457764	0.027551086619496	-0.35508629679680	65.000000000000	0.00000000000000
32.279998779297	0.026823908090591	-0.35357409715652	65.000000000000	0.00000000000000
32.290000915527	0.026101892814040	-0.35205900669098	65.000000000000	0.00000000000000
32.299999237061	0.025385048240423	-0.35054108500481	65.000000000000	0.00000000000000
32.310001373291	0.024673223495483	-0.34902036190033	65.000000000000	0.00000000000000
32.319999694824	0.023966763168573	-0.34749683737755	65.000000000000	0.00000000000000
32.330001831055	0.023265255615115	-0.34597051143646	65.000000000000	0.00000000000000
32.340000152588	0.022569047287107	-0.34444150328636	65.000000000000	0.00000000000000
32.349998474121	0.021878069266677	-0.34290972352028	65.000000000000	0.00000000000000
32.360000610352	0.021192252635956	-0.34137532114983	65.000000000000	0.00000000000000
32.369998931885	0.020511759445071	-0.33983820676804	65.000000000000	0.00000000000000
32.380001068115	0.019836446270347	-0.33829846978188	65.000000000000	0.00000000000000
32.389999389648	0.019166402518749	-0.33675616979599	65.000000000000	0.00000000000000
32.400001525879	0.018501715734601	-0.33521121740341	65.000000000000	0.00000000000000
32.409999847412	0.017842320725322	-0.33366373181343	65.000000000000	0.00000000000000
32.419998168945	0.017188223078847	-0.33211368322372	65.000000000000	0.00000000000000
32.430000305176	0.016539432108402	-0.33056119084358	65.000000000000	0.00000000000000
32.439998626709	0.015895957127213	-0.32900619506836	65.000000000000	0.00000000000000
32.450000762939	0.015257887542248	-0.32744869589806	65.000000000000	0.00000000000000
32.459999084473	0.014625152572989	-0.32588881254196	65.000000000000	0.00000000000000
32.470001220703	0.013997838832438	-0.32432657480240	65.000000000000	0.00000000000000
32.479999542236	0.013375952839851	-0.32276192307472	65.000000000000	0.00000000000000
32.490001678467	0.012759504839778	-0.32119494676590	65.000000000000	0.00000000000000
32.500000000000	0.012148424051702	-0.31962561607361	65.000000000000	0.00000000000000
32.509998321533	0.011542796157300	-0.31805405020714	65.000000000000	0.00000000000000
32.520000457764	0.010942628607154	-0.31648015975952	65.000000000000	0.00000000000000
32.529998779297	0.010348002426326	-0.31490409374237	65.000000000000	0.00000000000000
32.540000915527	0.0097587741911411	-0.31332579255104	65.000000000000	0.00000000000000
32.549999237061	0.0091750277206302	-0.31174531579018	65.000000000000	0.00000000000000
32.560001373291	0.0085968431085348	-0.31016269326210	65.000000000000	0.00000000000000
32.569999694824	0.0080241523683071	-0.30857795476913	65.000000000000	0.00000000000000
32.580001831055	0.0074570351280272	-0.30699113011360	65.000000000000	0.00000000000000
32.590000152588	0.0068953507579863	-0.30540221929550	65.000000000000	0.00000000000000
32.599998474121	0.0063393968157470	-0.30381125211716	65.000000000000	0.00000000000000
32.610000610352	0.0057888878509402	-0.30221831798553	65.000000000000	0.00000000000000
32.619998931885	0.0052439747378230	-0.30062335729599	65.000000000000	0.00000000000000
32.630001068115	0.0047046621330082	-0.29902648925781	65.000000000000	0.00000000000000
32.639999389648	0.0041708825156093	-0.29742768406868	65.000000000000	0.00000000000000
32.650001525879	0.0036427841987461	-0.29582697153091	65.000000000000	0.00000000000000
32.659999847412	0.0031202293466777	-0.29422441124916	65.000000000000	0.00000000000000
32.669998168945	0.0026034328620881	-0.29262003302574	65.000000000000	0.00000000000000
32.680000305176	0.0020922578405589	-0.29101377725601	65.000000000000	0.00000000000000
32.689998626709	0.0015866392059252	-0.28940582275391	65.000000000000	0.00000000000000
32.700000762939	0.0010867876699194	-0.28779605031013	65.000000000000	0.00000000000000
32.709999084473	0.00059250014601275	-0.28618460893631	65.000000000000	0.00000000000000
32.720001220703	0.00010398477752460	-0.28457146883011	65.000000000000	0.00000000000000
32.729999542236	-0.00037889229133725	-0.28295668959618	65.000000000000	0.00000000000000
32.740001678467	-0.00085606065113097	-0.28134024143219	65.000000000000	0.00000000000000
32.750000000000	-0.0013275183737278	-0.27972221374512	65.000000000000	0.00000000000000
32.759998321533	-0.0017932632472366	-0.27810260653496	65.000000000000	0.00000000000000
32.770000457764	-0.0022532937582582	-0.27648144960403	65.000000000000	0.00000000000000
32.779998779297	-0.0027076087426394	-0.27485880255699	65.000000000000	0.00000000000000
32.790000915527	-0.0031561409123242	-0.27323463559151	65.000000000000	0.00000000000000
32.799999237061	-0.0035989552270621	-0.27160903811455	65.000000000000	0.00000000000000
32.810001373291	-0.0040360502898693	-0.26998201012611	65.000000000000	0.00000000000000
32.819999694824	-0.0044672330841422	-0.26835358142853	65.000000000000	0.00000000000000
32.830001831055	-0.0048927618190646	-0.26672381162643	65.000000000000	0.00000000000000
32.840000152588	-0.0053125061094761	-0.26509270071983	65.000000000000	0.00000000000000
32.849998474121	-0.0057264682836831	-0.26346030831337	65.000000000000	0.00000000000000
32.860000610352	-0.0061347107402980	-0.26182660460472	65.000000000000	0.00000000000000
32.869998931885	-0.0065370458178222	-0.26019167900085	65.000000000000	0.00000000000000
32.880001068115	-0.0069336639717221	-0.25855556130409	65.000000000000	0.00000000000000
32.889999389648	-0.0073243798688054	-0.25691822171211	65.000000000000	0.00000000000000
32.900001525879	-0.0077093807049096	-0.25527977943420	65.000000000000	0.00000000000000
32.909999847412	-0.0080885449424386	-0.25364017486572	65.000000000000	0.00000000000000
32.919998168945	-0.0084618749096990	-0.25199952721596	65.000000000000	0.00000000000000
32.930000305176	-0.0088293738663197	-0.25035777688026	65.000000000000	0.00000000000000
32.939998626709	-0.0091909877955914	-0.24871499836445	65.000000000000	0.00000000000000
32.950000762939	-0.0095468349754810	-0.24707122147083	65.000000000000	0.00000000000000
32.959999084473	-0.0098968027159572	-0.24542650580406	65.000000000000	0.00000000000000
32.970001220703	-0.010240894742310	-0.24378083646297	65.000000000000	0.00000000000000
32.979999542236	-0.010579233057797	-0.24213425815105	65.000000000000	0.00000000000000
32.990001678467	-0.010911645367742	-0.24048680067062	65.000000000000	0.00000000000000
33.000000000000	-0.011238253675401	-0.23883852362633	65.000000000000	0.00000000000000
33.009998321533	-0.011558948084712	-0.23718942701817	65.000000000000	0.00000000000000
33.020000457764	-0.011873847804964	-0.23553954064846	65.000000000000	0.00000000000000
33.029998779297	-0.012182844802737	-0.23388890922070	65.000000000000	0.00000000000000
33.040000915527	-0.012485946528614	-0.23223754763603	65.000000000000	0.00000000000000
33.049999237061	-0.012783215381205	-0.23058548569679	65.000000000000	0.00000000000000
33.060001373291	-0.013074601069093	-0.22893276810646	65.000000000000	0.00000000000000
33.069999694824	-0.013360111974180	-0.22727943956852	65.000000000000	0.00000000000000
33.080001831055	-0.013639755547047	-0.22562550008297	65.000000000000	0.00000000000000
33.090000152588	-0.013913538306952	-0.22397100925446	65.000000000000	0.00000000000000
33.099998474121	-0.014181467704475	-0.22231595218182	65.000000000000	0.00000000000000
33.110000610352	-0.014443448744714	-0.22066043317318	65.000000000000	0.00000000000000
33.119998931885	-0.014699593186378	-0.21900440752506	65.000000000000	0.00000000000000
33.130001068115	-0.014949855394661	-0.21734793484211	65.000000000000	0.00000000000000
33.139999389648	-0.015194199047983	-0.21569107472897	65.000000000000	0.00000000000000
33.150001525879	-0.015432681888342	-0.21403382718563	65.000000000000	0.00000000000000
33.159999847412	-0.015665315091610	-0.21237622201443	65.000000000000	0.00000000000000
33.169998168945	-0.015892056748271	-0.21071830391884	65.000000000000	0.00000000000000
33.180000305176	-0.016112968325615	-0.20906008780003	65.000000000000	0.00000000000000
33.189998626709	-0.016327911987901	-0.20740158855915	65.000000000000	0.00000000000000
33.200000762939	-0.016537047922611	-0.20574292540550	65.000000000000	0.00000000000000
33.209999084473	-0.016740288585424	-0.20408402383327	65.000000000000	0.00000000000000
33.220001220703	-0.016937648877501	-0.20242498815060	65.000000000000	0.00000000000000
33.229999542236	-0.017129091545939	-0.20076577365398	65.000000000000	0.00000000000000
33.240001678467	-0.017314679920673	-0.19910649955273	65.000000000000	0.00000000000000
33.250000000000	-0.017494473606348	-0.19744712114334	65.000000000000	0.00000000000000
33.259998321533	-0.017668344080448	-0.19578771293163	65.000000000000	0.00000000000000
33.270000457764	-0.017836399376392	-0.19412828981876	65.000000000000	0.00000000000000
33.279998779297	-0.017998561263084	-0.19246888160706	65.000000000000	0.00000000000000
33.290000915527	-0.018154850229621	-0.19080953299999	65.000000000000	0.00000000000000
33.299999237061	-0.018305273726583	-0.18915024399757	65.000000000000	0.00000000000000
33.310001373291	-0.018449900671840	-0.18749110400677	65.000000000000	0.00000000000000
33.319999694824	-0.018588654696941	-0.18583206832409	65.000000000000	0.00000000000000
33.330001831055	-0.018721552565694	-0.18417322635651	65.000000000000	0.00000000000000
33.340000152588	-0.018848657608032	-0.18251456320286	65.000000000000	0.00000000000000
33.349998474121	-0.018969897180796	-0.18085612356663	65.000000000000	0.00000000000000
33.360000610352	-0.019085338339210	-0.17919799685478	65.000000000000	0.00000000000000
33.369998931885	-0.019194910302758	-0.17754012346268	65.000000000000	0.00000000000000
33.380001068115	-0.019298678264022	-0.17588259279728	65.000000000000	0.00000000000000
33.389999389648	-0.019396658986807	-0.17422538995743	65.000000000000	0.00000000000000
33.400001525879	-0.019488792866468	-0.17256857454777	65.000000000000	0.00000000000000
33.409999847412	-0.019575139507651	-0.17091219127178	65.000000000000	0.00000000000000
33.419998168945	-0.019655684009194	-0.16925622522831	65.000000000000	0.00000000000000
33.430000305176	-0.019730446860194	-0.16760078072548	65.000000000000	0.00000000000000
33.439998626709	-0.019799448549747	-0.16594578325748	65.000000000000	0.00000000000000
33.450000762939	-0.019862635061145	-0.16429135203362	65.000000000000	0.00000000000000
33.459999084473	-0.019920071586967	-0.16263745725155	65.000000000000	0.00000000000000
33.470001220703	-0.019971737638116	-0.16098415851593	65.000000000000	0.00000000000000
33.479999542236	-0.020017553120852	-0.15933150053024	65.000000000000	0.00000000000000
33.490001678467	-0.020057808607817	-0.15767948329449	65.000000000000	0.00000000000000
33.500000000000	-0.020092220976949	-0.15602813661098	65.000000000000	0.00000000000000
33.509998321533	-0.020120827481151	-0.15437750518322	65.000000000000	0.00000000000000
33.520000457764	-0.020143873989582	-0.15272761881351	65.000000000000	0.00000000000000
33.529998779297	-0.020161023363471	-0.15107849240303	65.000000000000	0.00000000000000
33.540000915527	-0.020172668620944	-0.14943015575409	65.000000000000	0.00000000000000
33.549999237061	-0.020178480073810	-0.14778265357018	65.000000000000	0.00000000000000
33.560001373291	-0.020178632810712	-0.14613600075245	65.000000000000	0.00000000000000
33.569999694824	-0.020173022523522	-0.14449024200439	65.000000000000	0.00000000000000
33.580001831055	-0.020161813125014	-0.14284537732601	65.000000000000	0.00000000000000
33.590000152588	-0.020144907757640	-0.14120146632195	65.000000000000	0.00000000000000
33.599998474121	-0.020122408866882	-0.13955850899220	65.000000000000	0.00000000000000
33.610000610352	-0.020094214007258	-0.13791656494141	65.000000000000	0.00000000000000
33.619998931885	-0.020060433074832	-0.13627563416958	65.000000000000	0.00000000000000
33.630001068115	-0.020021030679345	-0.13463576138020	65.000000000000	0.00000000000000
33.639999389648	-0.019975988194346	-0.13299694657326	65.000000000000	0.00000000000000
33.650001525879	-0.019925277680159	-0.13135929405689	65.000000000000	0.00000000000000
33.659999847412	-0.019869068637490	-0.12972272932529	65.000000000000	0.00000000000000
33.669998168945	-0.019807217642665	-0.12808734178543	65.000000000000	0.00000000000000
33.680000305176	-0.019739771261811	-0.12645316123962	65.000000000000	0.00000000000000
33.689998626709	-0.019666889682412	-0.12482018023729	65.000000000000	0.00000000000000
33.700000762939	-0.019588325172663	-0.12318845093250	65.000000000000	0.00000000000000
33.709999084473	-0.019504301249981	-0.12155801802874	65.000000000000	0.00000000000000
33.720001220703	-0.019414748996496	-0.11992885917425	65.000000000000	0.00000000000000
33.729999542236	-0.019319722428918	-0.11830103397369	65.000000000000	0.00000000000000
33.740001678467	-0.019219098612666	-0.11667456477880	65.000000000000	0.00000000000000
33.750000000000	-0.019113050773740	-0.11504948139191	65.000000000000	0.00000000000000
33.759998321533	-0.019001523032784	-0.11342579871416	65.000000000000	0.00000000000000
33.770000457764	-0.018884571269155	-0.11180355399847	65.000000000000	0.00000000000000
33.779998779297	-0.018762096762657	-0.11018277704716	65.000000000000	0.00000000000000
33.790000915527	-0.018634263426065	-0.10856347531080	65.000000000000	0.00000000000000
33.799999237061	-0.018500933423638	-0.10694570839405	65.000000000000	0.00000000000000
33.810001373291	-0.018362220376730	-0.10532946139574	65.000000000000	0.00000000000000
33.819999694824	-0.018218144774437	-0.10371477901936	65.000000000000	0.00000000000000
33.830001831055	-0.018068676814437	-0.10210169106722	65.000000000000	0.00000000000000
33.840000152588	-0.017913844436407	-0.10049021989107	65.000000000000	0.00000000000000
33.849998474121	-0.017753627151251	-0.098880395293236	65.000000000000	0.00000000000000
33.860000610352	-0.017588105052710	-0.097272232174873	65.000000000000	0.00000000000000
33.869998931885	-0.017417220398784	-0.095665775239468	65.000000000000	0.00000000000000
33.880001068115	-0.017241064459085	-0.094061009585857	65.000000000000	0.00000000000000
33.889999389648	-0.017059635370970	-0.092457994818687	65.000000000000	0.00000000000000
33.900001525879	-0.016872933134437	-0.090856745839119	65.000000000000	0.00000000000000
33.909999847412	-0.016680931672454	-0.089257284998894	65.000000000000	0.00000000000000
33.919998168945	-0.016483690589666	-0.087659649550915	65.000000000000	0.00000000000000
33.930000305176	-0.016281228512526	-0.086063839495182	65.000000000000	0.00000000000000
33.939998626709	-0.016073500737548	-0.084469914436340	65.000000000000	0.00000000000000
33.950000762939	-0.015860660001636	-0.082877837121487	65.000000000000	0.00000000000000
33.959999084473	-0.015642553567886	-0.081287711858749	65.000000000000	0.00000000000000
33.970001220703	-0.015419312752783	-0.079699493944645	65.000000000000	0.00000000000000
33.979999542236	-0.015190919861197	-0.078113250434399	65.000000000000	0.00000000000000
33.990001678467	-0.014957403764129	-0.076528973877430	65.000000000000	0.00000000000000
34.000000000000	-0.014718770980835	-0.074946701526642	65.000000000000	0.00000000000000
34.009998321533	-0.014474967494607	-0.073366463184357	65.000000000000	0.00000000000000
34.020000457764	-0.014226161874831	-0.071788281202316	65.000000000000	0.00000000000000
34.029998779297	-0.013972286134958	-0.070212140679359	65.000000000000	0.00000000000000
34.040000915527	-0.013713300228119	-0.068638123571873	65.000000000000	0.00000000000000
34.049999237061	-0.013449302874506	-0.067066207528114	65.000000000000	0.00000000000000
34.060001373291	-0.013180317357183	-0.065496437251568	65.000000000000	0.00000000000000
34.069999694824	-0.012906284071505	-0.063928820192814	65.000000000000	0.00000000000000
34.080001831055	-0.012627296149731	-0.062363393604755	65.000000000000	0.00000000000000
34.090000152588	-0.012343343347311	-0.060800161212683	65.000000000000	0.00000000000000
34.099998474121	-0.012054438702762	-0.059239152818918	65.000000000000	0.00000000000000
34.110000610352	-0.011760595254600	-0.057680394500494	65.000000000000	0.00000000000000
34.119998931885	-0.011461858637631	-0.056123897433281	65.000000000000	0.00000000000000
34.130001068115	-0.011158196255565	-0.054569698870182	65.000000000000	0.00000000000000
34.139999389648	-0.010849718935788	-0.053017787635326	65.000000000000	0.00000000000000
34.150001525879	-0.010536342859268	-0.051468215882778	65.000000000000	0.00000000000000
34.159999847412	-0.010218138806522	-0.049920991063118	65.000000000000	0.00000000000000
34.169998168945	-0.0098951030522585	-0.048376135528088	65.000000000000	0.00000000000000
34.180000305176	-0.0095672896131873	-0.046833664178848	65.000000000000	0.00000000000000
34.189998626709	-0.0092346630990505	-0.045293610543013	65.000000000000	0.00000000000000
34.200000762939	-0.0088972626253963	-0.043755978345871	65.000000000000	0.00000000000000
34.209999084473	-0.0085551654919982	-0.042220786213875	65.000000000000	0.00000000000000
34.220001220703	-0.0082083223387599	-0.040688071399927	65.000000000000	0.00000000000000
34.229999542236	-0.0078567685559392	-0.039157833904028	65.000000000000	0.00000000000000
34.240001678467	-0.0075005348771811	-0.037630099803209	65.000000000000	0.00000000000000
34.250000000000	-0.0071396203711629	-0.036104887723923	65.000000000000	0.00000000000000
34.259998321533	-0.0067740613594651	-0.034582216292620	65.000000000000	0.00000000000000
34.270000457764	-0.0064038727432489	-0.033062100410461	65.000000000000	0.00000000000000
34.279998779297	-0.0060290750116110	-0.031544562429190	65.000000000000	0.00000000000000
34.290000915527	-0.0056496826000512	-0.030029622837901	65.000000000000	0.00000000000000
34.299999237061	-0.0052657276391983	-0.028517289087176	65.000000000000	0.00000000000000
34.310001373291	-0.0048772124573588	-0.027007590979338	65.000000000000	0.00000000000000
34.319999694824	-0.0044841663911939	-0.025500532239676	65.000000000000	0.00000000000000
34.330001831055	-0.0040866187773645	-0.023996138945222	65.000000000000	0.00000000000000
34.340000152588	-0.0036845691502094	-0.022494427859783	65.000000000000	0.00000000000000
34.349998474121	-0.0032780505716801	-0.020995410159230	65.000000000000	0.00000000000000
34.360000610352	-0.0028670770116150	-0.019499108195305	65.000000000000	0.00000000000000
34.369998931885	-0.0024516752455384	-0.018005536869168	65.000000000000	0.00000000000000
34.380001068115	-0.0020318620372564	-0.016514709219337	65.000000000000	0.00000000000000
34.389999389648	-0.0016076548490673	-0.015026642009616	65.000000000000	0.00000000000000
34.400001525879	-0.0011790783610195	-0.013541354797781	65.000000000000	0.00000000000000
34.409999847412	-0.00074614549521357	-0.012058859691024	65.000000000000	0.00000000000000
34.419998168945	-0.00030888780020177	-0.010579171590507	65.000000000000	0.00000000000000
34.430000305176	0.00013268344628159	-0.0091023072600365	65.000000000000	0.00000000000000
34.439998626709	0.00057854416081682	-0.0076282811351120	65.000000000000	0.00000000000000
34.450000762939	0.0010286755859852	-0.0061571081168950	65.000000000000	0.00000000000000
34.459999084473	0.0014830568106845	-0.0046888021752238	65.000000000000	0.00000000000000
34.470001220703	0.0019416665891185	-0.0032233779784292	65.000000000000	0.00000000000000
34.479999542236	0.0024044851306826	-0.0017608497291803	65.000000000000	0.00000000000000
34.490001678467	0.0028714921791106	-0.00030123183387332	65.000000000000	0.00000000000000
34.500000000000	0.0033426668960601	0.0011554623488337	65.000000000000	0.00000000000000
34.509998321533	0.0038179890252650	0.0026092191692442	65.000000000000	0.00000000000000
34.520000457764	0.0042974371463060	0.0040600262582302	65.000000000000	0.00000000000000
34.529998779297	0.0047809928655624	0.0055078668519855	65.000000000000	0.00000000000000
34.540000915527	0.0052686328999698	0.0069527314044535	65.000000000000	0.00000000000000
34.549999237061	0.0057603400200605	0.0083946054801345	65.000000000000	0.00000000000000
34.560001373291	0.0062560872174799	0.0098334793001413	65.000000000000	0.00000000000000
34.569999694824	0.0067558609880507	0.011269334703684	65.000000000000	0.00000000000000
34.580001831055	0.0072596333920956	0.012702166102827	65.000000000000	0.00000000000000
34.590000152588	0.0077674007043242	0.014131950214505	65.000000000000	0.00000000000000
34.599998474121	0.0082791130989790	0.015558691695333	65.000000000000	0.00000000000000
34.610000610352	0.0087947761639953	0.016982363536954	65.000000000000	0.00000000000000
34.619998931885	0.0093143638223410	0.018402962014079	65.000000000000	0.00000000000000
34.630001068115	0.0098378490656614	0.019820474088192	65.000000000000	0.00000000000000
34.639999389648	0.010365207679570	0.021234888583422	65.000000000000	0.00000000000000
34.650001525879	0.010896435938776	0.022646190598607	65.000000000000	0.00000000000000
34.659999847412	0.011431504040956	0.024054374545813	65.000000000000	0.00000000000000
34.669998168945	0.011970376595855	0.025459432974458	65.000000000000	0.00000000000000
34.680000305176	0.012513041496277	0.026861350983381	65.000000000000	0.00000000000000
34.689998626709	0.013059500604868	0.028260109946132	65.000000000000	0.00000000000000
34.700000762939	0.013609716668725	0.029655709862709	65.000000000000	0.00000000000000
34.709999084473	0.014163656160235	0.031048139557242	65.000000000000	0.00000000000000
34.720001220703	0.014721312560141	0.032437391579151	65.000000000000	0.00000000000000
34.729999542236	0.015282679349184	0.033823441714048	65.000000000000	0.00000000000000
34.740001678467	0.015847705304623	0.035206295549870	65.000000000000	0.00000000000000
34.750000000000	0.016416396945715	0.036585938185453	65.000000000000	0.00000000000000
34.759998321533	0.016988711431623	0.037962365895510	65.000000000000	0.00000000000000
34.770000457764	0.017564652487636	0.039335560053587	65.000000000000	0.00000000000000
34.779998779297	0.018144184723496	0.040705520659685	65.000000000000	0.00000000000000
34.790000915527	0.018727280199528	0.042072232812643	65.000000000000	0.00000000000000
34.799999237061	0.019313938915730	0.043435692787170	65.000000000000	0.00000000000000
34.810001373291	0.019904147833586	0.044795878231525	65.000000000000	0.00000000000000
34.819999694824	0.020497847348452	0.046152804046869	65.000000000000	0.00000000000000
34.830001831055	0.021095052361488	0.047506447881460	65.000000000000	0.00000000000000
34.840000152588	0.021695706993341	0.048856806010008	65.000000000000	0.00000000000000
34.849998474121	0.022299852222204	0.050203863531351	65.000000000000	0.00000000000000
34.860000610352	0.022907411679626	0.051547620445490	65.000000000000	0.00000000000000
34.869998931885	0.023518381640315	0.052888065576553	65.000000000000	0.00000000000000
34.880001068115	0.024132767692208	0.054225191473961	65.000000000000	0.00000000000000
34.889999389648	0.024750500917435	0.055558994412422	65.000000000000	0.00000000000000
34.900001525879	0.025371616706252	0.056889459490776	65.000000000000	0.00000000000000
34.909999847412	0.025996049866080	0.058216586709023	65.000000000000	0.00000000000000
34.919998168945	0.026623805984855	0.059540379792452	65.000000000000	0.00000000000000
34.930000305176	0.027254868298769	0.060860797762871	65.000000000000	0.00000000000000
34.939998626709	0.027889188379049	0.062177866697311	65.000000000000	0.00000000000000
34.950000762939	0.028526782989502	0.063491575419903	65.000000000000	0.00000000000000
34.959999084473	0.029167627915740	0.064801894128323	65.000000000000	0.00000000000000
34.970001220703	0.029811678454280	0.066108852624893	65.000000000000	0.00000000000000
34.979999542236	0.030458915978670	0.067412413656712	65.000000000000	0.00000000000000
34.990001678467	0.031109360978007	0.068712584674358	65.000000000000	0.00000000000000
35.000000000000	0.031762968748808	0.070009365677834	65.000000000000	0.00000000000000
